,time,steering_angle,steering_rate,angle_error,rate_error,acceleration,reference_angle,reference_rate,measured_input,execution_time,repetition,condition,human_noise,setting,torque,estimated_human_gain_pos,estimated_human_gain_vel,robot_gain_pos,robot_gain_vel,state_estimate_pos,state_estimate_vel,input_estimation_error,state_estimate_derivative,estimated_human_input,robot_cost_pos,robot_cost_vel,estimated_human_cost_1,estimated_human_cost_2
0,0.0007891000000004311,-0.2739468793930299,0.9550270268411303,-0.05636616603362071,-0.08972189422143062,0.5715624818279536,-0.2138138487026272,1.0463359326850905,0,0.0036216000000000004,1,Shared Control,0.01,Good Visuals,0.37942772120212315,0.0,0.0,5.477225575051656,1.000136919889229,-0.2744574268213914,0.9540141699617565,0.01538792713682449,0.7236356594561961,0.0,30.0,1.0,0.0,0.0
1,0.004358700000000049,-0.27017696820872217,0.9607599977070214,-0.05636311950609496,-0.08557593497806915,0.5676780203064739,-0.21007634495677346,1.0477247551885864,0,0.0035696,1,Shared Control,0.01,Good Visuals,0.39846438510020415,-0.0004533888056181884,0.0,5.477225575051656,1.000136919889229,-0.2702167979048935,0.9582547988782544,0.03206998008587947,1.1703775333253912,0.0,30.0,1.0,-0.004966419961739072,4.969572474202172e-05
2,0.00828550000000039,-0.26624997739173495,0.9635892045434221,-0.056173632434961485,-0.08413555064516431,0.5561779009803505,-0.2059592932478212,1.0491576418534483,0,0.0039268,1,Shared Control,0.01,Good Visuals,0.39435391485561316,-0.0008878840384114659,0.0,5.478132333899344,1.000156030685213,-0.2655503043044069,0.9629212924787409,0.025390814747039404,1.0647288492485618,-2.555440743378361e-05,30.00496641996174,0.999950304275258,-0.009727104181084292,9.732053422794244e-05
3,0.012241700000000577,-0.26232298657474773,0.9694544002242277,-0.056363693326926534,-0.0797032416292206,0.5762891649329044,-0.2018059283684393,1.0504989655311312,0,0.0039562,1,Shared Control,0.01,Good Visuals,0.3919256314134489,-0.0011916286879913496,0.0,5.479001418141111,1.000174349545235,-0.2620930577653317,0.9663785390178161,0.021690783433823153,0.9609602076535548,-4.9875671618594905e-05,30.009727104181085,0.999902679465772,-0.013056450563874427,0.0001306138363790668
4,0.015886700000000253,-0.2593384735538374,0.9769935953943256,-0.057532545185398076,-0.07350537013680558,0.6040117004905886,-0.1979747486520987,1.0516423625846432,0,0.0036450000000000002,1,Shared Control,0.01,Good Visuals,0.38856916518029155,-0.0013833950993531001,0.0,5.479609089099599,1.0001871605384798,-0.259089851679777,0.9693817451033708,0.014379601615323125,0.8801119730254401,-6.716459392951226e-05,30.013056450563873,0.999869386163621,-0.015159014938461265,0.00015163325872851122
5,0.019361400000000195,-0.2555685623695297,0.9791069864041377,-0.057593813717431,-0.07253537618050543,0.605214295044829,-0.19431883503204028,1.0526485108077808,0,0.0034747000000000003,1,Shared Control,0.01,Good Visuals,0.3887976550759247,-0.0015257301614587915,0.0,5.47999279244832,1.000195250930696,-0.25590818953604805,0.9725634072470998,0.009951898709155343,0.888161835616482,-7.95902410627905e-05,30.01515901493846,0.9998483667412715,-0.016719652723504792,0.00016723453511622105
6,0.024208200000000346,-0.24865705853163209,0.9769568936016301,-0.0543382234995918,-0.0756916172061507,0.5982068748092707,-0.1892137279177061,1.053913019542792,0,0.0048468,1,Shared Control,0.01,Good Visuals,0.394505036210223,-0.0018356039058620237,0.0,5.480494207189751,1.000205823542179,-0.24996004184607254,0.9785115549370752,0.014592988179811818,0.874868051035639,-9.494769194005671e-05,30.017906688627377,0.9998208999475069,-0.020116663703844188,0.0002011996443465775
7,0.02971799999999991,-0.24551546587804232,0.9831000375223939,-0.05630173796033622,-0.07081298202039799,0.6212560329945832,-0.1834033707549642,1.0551502269717623,0,0.0055098000000000005,1,Shared Control,0.01,Good Visuals,0.3735300771329938,-0.0017355102761600532,0.0,5.480897570442241,1.0002143271128516,-0.2484514387673284,0.9800201580158193,-0.00768840171234218,0.4369722739961013,-9.974345529345432e-05,30.020116663703845,0.9997988003556534,-0.0190212961162477,0.00019022843065876556
8,0.033384000000000746,-0.24174555469373457,0.9885600792760079,-0.05834218393877036,-0.06659014769575444,0.6333284245571567,-0.17953387188637004,1.0558531784004919,0,0.0036660000000000004,1,Shared Control,0.01,Good Visuals,0.3794006542791787,-0.001654541416270187,0.0,5.480697483872254,1.0002101123481386,-0.24646334348340287,0.9820082532997448,-0.005801895796594894,0.5568894352732503,-9.771224479583406e-05,30.019021296116247,0.9998097715693413,-0.01813334444693075,0.00018135347361549292
9,0.03695150000000069,-0.23876104167282428,0.9865548991826003,-0.05922716978645423,-0.06929827921789156,0.6159105209689244,-0.17576603499739782,1.056443509287814,0,0.0035675000000000004,1,Shared Control,0.01,Good Visuals,0.3863503192787042,-0.001624247044324394,0.0,5.480535456526039,1.0002066956724245,-0.244121827578521,0.9843497692046267,-0.0021771298964707642,0.681882380058207,-9.652955964234887e-05,30.01813334444693,0.9998186465263845,-0.01780084885469393,0.0001780329223561873
10,0.041096000000000465,-0.2335774137944011,0.9844072051317623,-0.05781137879700329,-0.07203630415605167,0.5878000547534205,-0.1713863836617467,1.0570115936745936,0,0.004144500000000001,1,Shared Control,0.01,Good Visuals,0.39390552627291786,-0.0017411822206746415,0.0,5.480474809619767,1.0002054162881329,-0.240647504568979,0.9878240922141687,0.006212729368234526,0.7589835305710455,-9.619955546934734e-05,30.017800848854694,0.9998219670776438,-0.019081978883204766,0.00019085012971674004
11,0.04483250000000005,-0.23074998040617029,0.9853009033625347,-0.0593635967444236,-0.0717106903120589,0.5332702880917669,-0.1674360757218209,1.0574138032688722,0,0.0037365000000000002,1,Shared Control,0.01,Good Visuals,0.38889878315983617,-0.00177006567093113,0.0,5.480708695411335,1.0002103458458567,-0.2386708688552013,0.9898007279279464,0.002113341718489861,0.5803222787873779,-0.00010066014491402907,30.019081978883204,0.9998091498702832,-0.019399295495763278,0.00019401603054128557
12,0.04834760000000049,-0.22682298958918304,0.9821905128968531,-0.05938691386736214,-0.07522329037201914,0.4384515469334831,-0.16371863738249565,1.0576957419637165,0,0.0035151,1,Shared Control,0.01,Good Visuals,0.39708387698644204,-0.001951310369416035,0.0,5.480766545741732,1.0002115668190823,-0.23617621755670742,0.9922953792264403,0.012289890513284317,0.6968883701131032,-0.0001050774647003032,30.019399295495763,0.9998059839694587,-0.0213855455739509,0.00021388217309982433
13,0.051931900000000475,-0.22383847656827274,0.9783866401791962,-0.060119839185777096,-0.07930910178452033,0.34400370416209364,-0.1599271683984075,1.0578857768036913,0,0.0035843000000000003,1,Shared Control,0.01,Good Visuals,0.40074712234712445,-0.002250819525837807,0.0,5.481129109381416,1.0002192095067666,-0.23380921278669595,0.9946623839964518,0.021128550767055804,0.6878228489267082,-0.00011588230083700067,30.021385545573953,0.9997861178269002,-0.02466899865752947,0.000246711224922039
14,0.055538700000000496,-0.21975440611860603,0.9783594022531843,-0.05982723772019852,-0.07952637455050704,0.2613093313273115,-0.15611139188782777,1.057976501310705,0,0.0036068000000000003,1,Shared Control,0.01,Good Visuals,0.40888811626132404,-0.0027879623326190215,0.0,5.481728355281049,1.0002318434678859,-0.23099626197980522,0.9974753348033425,0.034871865911772326,0.7609974047426489,-0.00013531890792957603,30.02466899865753,0.999753288775078,-0.030557931610378276,0.0003055871846770659
15,0.05950010000000017,-0.21567033566893928,0.9858124940949627,-0.05955894378111151,-0.07216400721574223,0.2084724547363595,-0.15192031839495176,1.0579585869716714,0,0.0039614,1,Shared Control,0.01,Good Visuals,0.4075675775226676,-0.0034501788190557173,0.0,5.482803081321281,1.000254502396592,-0.22806629316714255,1.0004053036160052,0.0370317309430283,0.6794445684814745,-0.00016679608522855737,30.030557931610378,0.9996944128153229,-0.037821398386572745,0.00037817240915060676
16,0.06336269999999988,-0.21158626521927257,1.0024949123994822,-0.059665946824320804,-0.05546367457218926,0.20363578080677416,-0.14783407453096226,1.0578212132032203,0,0.0038626000000000003,1,Shared Control,0.01,Good Visuals,0.39881328246302655,-0.0038590861322938133,0.0,5.484128357851321,1.0002824495812317,-0.22621877114945327,1.0022528256336944,0.02776053410172875,0.5183844045143893,-0.00020548900631892116,30.037821398386573,0.9996218275908494,-0.042312554841230095,0.0004229925393167515
17,0.06697150000000018,-0.20875883183104174,1.012879044336514,-0.060924757300079485,-0.04494216886670621,0.18047472970025993,-0.14401700456753924,1.0575846568784326,0,0.0036088,1,Shared Control,0.01,Good Visuals,0.382744869560764,-0.003939845714905659,0.0,5.484947248841141,1.000299729600369,-0.22515273169747146,1.0033188650856764,0.005665021166250785,0.3102649820954664,-0.0002302560279599165,30.04231255484123,0.9995770074606832,-0.043204169445403444,0.00043184455758016365
18,0.07035970000000002,-0.20451768174869553,1.0124295006583417,-0.06050067718115629,-0.04515515622009092,0.13083671134662023,-0.14043420894958092,1.057266410417972,0,0.0033882,1,Shared Control,0.01,Good Visuals,0.37913475254879553,-0.00392999202004903,0.0,5.485109400821703,1.000303160105225,-0.22409242638424454,1.0043791703989033,-0.000651768382157285,0.2973958189288233,-0.00024003414398038542,30.043204169445403,0.9995681554424198,-0.04309742751137278,0.0004307644989170054
19,0.07471359999999994,-0.19949113350295186,1.0228699455507624,-0.05905692455337094,-0.03439646486720971,0.15558828120381252,-0.1358321111216793,1.0567192813954804,0,0.0043539,1,Shared Control,0.01,Good Visuals,0.3770204743915161,-0.003909521896771764,0.0,5.48508980289482,1.0003027494084367,-0.2229844709738076,1.0054871258093403,-0.0009721133499313659,0.2215689251948687,-0.00023776717852950666,30.043097427511373,0.999569235501083,-0.042872873018892296,0.000428520778738614
20,0.07877510000000054,-0.19666370011472104,1.0227183601354568,-0.060831588993041724,-0.03400092126002363,0.15554654675558097,-0.13154152328044197,1.0560672819921075,0,0.0040615,1,Shared Control,0.01,Good Visuals,0.35833696381277746,-0.003549522697390263,0.0,5.485048833881136,1.0003018854273071,-0.22324550654770106,1.0052260902354468,-0.02553919101703585,-0.07619919254268215,-0.0002308843396974017,30.042872873018894,0.9995714792212614,-0.03892601155293088,0.00038906144295854783
21,0.08244659999999993,-0.1925796296650543,1.002885228587556,-0.06103810638461232,-0.05318205340455151,0.10449342758382255,-0.1276654377636134,1.0553590028711395,0,0.0036715000000000003,1,Shared Control,0.01,Good Visuals,0.3676310888166379,-0.0032934681565681798,0.0,5.4843285376426385,1.000286699641261,-0.22294870092675878,1.005522895856389,-0.016893779905473257,0.08298309082178257,-0.00021592310584911729,30.03892601155293,0.9996109385570414,-0.03611407586527,0.0003609954302516639
22,0.08586900000000064,-0.18959511664414402,0.992610001197436,-0.061929678880530636,-0.06274900167370345,0.1004017639468516,-0.1240548541329475,1.0545961539063138,0,0.0034224000000000004,1,Shared Control,0.01,Good Visuals,0.38791845689143917,-0.0034589635300046476,0.0,5.483815790234793,1.0002758804517726,-0.2220011830051402,1.0064704137780076,0.011384833033839137,0.27668796075881286,-0.0002010270597149416,30.03611407586527,0.9996390045697483,-0.03792467321866963,0.00037913529701163594
23,0.09078910000000029,-0.1823694535408875,0.9925759320701726,-0.05831459940793998,-0.0620202218361412,0.07736616192304542,-0.11886917938010635,1.0533242643743082,0,0.0049201,1,Shared Control,0.01,Good Visuals,0.4025314400513403,-0.0043254958160982735,0.0,5.485060958795255,1.0003021268418766,-0.21917771469624003,1.0092938820869077,0.029376106700623718,0.36928894856344296,-0.00024065746951429498,30.042935612965998,0.9995707780390664,-0.04743250654257064,0.000474115476134206
24,0.09636610000000001,-0.1784424627239002,1.0036155849688173,-0.05957328334379386,-0.04970867940549084,0.08041975193153064,-0.1129993890778554,1.0516299500609052,0,0.005577,1,Shared Control,0.01,Good Visuals,0.38194698829314294,-0.004434849360328402,0.0,5.4858810429629665,1.0003194286704862,-0.21921697256927797,1.0092546242138698,0.007506594956556831,-0.010921346752887473,-0.00025223955575649125,30.04743250654257,0.9995258845238658,-0.04863844417959523,0.00048610166451443134
25,0.09991930000000071,-0.17530087007031045,1.0116096853790844,-0.062301480992455055,-0.04002026468182085,0.06443813418789489,-0.10926487387154858,1.0504090193198574,0,0.0035532000000000003,1,Shared Control,0.01,Good Visuals,0.3765498069095042,-0.004399057634306709,0.0,5.486100482365358,1.0003240684671248,-0.2193593455765521,1.0091122512065958,-0.0025255341855750695,-0.04164292821495774,-0.00026419853752988686,30.048638444179595,0.9995138983354855,-0.04824799271097615,0.0004821785509695553
26,0.1033615000000001,-0.1712167996206437,1.0158965867442222,-0.061951925749095124,-0.03451243257563519,0.04347936947755798,-0.10565134395486829,1.0491202949515688,0,0.0034422000000000003,1,Shared Control,0.01,Good Visuals,0.38182090828596815,-0.004403969648114055,0.0,5.486029047374501,1.0003225662096717,-0.218984424874767,1.0094871719083809,0.00031357273773586076,0.10381014004460365,-0.00027406780558847377,30.048247992710976,0.9995178214490305,-0.04830121587795722,0.0004827169543952112
27,0.10769170000000017,-0.16728980880365646,1.018286722962938,-0.06163846484878817,-0.030833571988630792,0.03583892200593895,-0.10111221610502458,1.0473499079498751,0,0.0043302,1,Shared Control,0.01,Good Visuals,0.3743942416978394,-0.004245650813117865,0.0,5.486038818014672,1.0003227709864049,-0.21908245839279925,1.0093891383903486,-0.008336567831672055,-0.02227427020636341,-0.00027283440064123054,30.048301215877956,0.9995172830456048,-0.04656558478617339,0.0004653637044958877
28,0.11123620000000045,-0.16320573835398974,1.0185274773186108,-0.062093522248965166,-0.02882243063126433,0.04924386517471593,-0.09740264026231636,1.045776101555681,0,0.0035445000000000003,1,Shared Control,0.01,Good Visuals,0.36897480455627935,-0.004015238502471138,0.0,5.485722058710622,1.0003160931725839,-0.21950688928021517,1.0089647075029327,-0.01506583095062978,-0.11917529269835381,-0.0002616953984045944,30.046565584786173,0.9995346362955041,-0.04403684270774852,0.0004401083240692352
29,0.1149621999999999,-0.16006414570039995,1.0204135504390794,-0.06266150543808359,-0.025362551116601573,0.08133171093512592,-0.09350934874864257,1.043999855795083,0,0.003726,1,Shared Control,0.01,Good Visuals,0.3694304246439768,-0.0037709991322313527,0.0,5.485260805419541,1.0003063638223506,-0.21992541210475727,1.0085461846783905,-0.01643951098466085,-0.12187263753009514,-0.00024932030128809314,30.044036842707747,0.9995598916759307,-0.041355607040144196,0.0004133373664183254
30,0.11831680000000055,-0.1559800752507332,1.0237238528419894,-0.06247072650209064,-0.020276002953093508,0.11054386398140018,-0.09000998092198659,1.0422931508229836,0,0.0033546,1,Shared Control,0.01,Good Visuals,0.3690541178896321,-0.0034597695228854785,0.0,5.484771804411736,1.0002960476729068,-0.22036389641359314,1.0081077003695547,-0.019944900926299868,-0.122694137566695,-0.0002362964826313234,30.041355607040146,0.9995866626335816,-0.037940122652619146,0.0003792236414962228
31,0.12219210000000036,-0.15315264186250238,1.0180841976627546,-0.0631426609405158,-0.024208953160228974,0.10054421528496943,-0.08597480552789165,1.0401939292173126,0,0.0038753000000000004,1,Shared Control,0.01,Good Visuals,0.3628804980548394,-0.002996284131226309,0.0,5.484148785755954,1.0002829063512435,-0.2211584106892478,1.0073131860939,-0.029766048812025242,-0.22217339438345451,-0.00021613431562444736,30.037940122652618,0.9996207763585038,-0.03285515824149415,0.0003284212349073862
32,0.12586170000000063,-0.1489114917801562,0.9994800346244677,-0.06293668625226455,-0.04071389459284491,0.04322526720832151,-0.08216155196199532,1.0380793033400828,0,0.0036696000000000003,1,Shared Control,0.01,Good Visuals,0.3704404997536006,-0.0026493275153371553,0.0,5.483221109442692,1.0002633413312298,-0.2216560220232746,1.006815574759873,-0.020582097204853936,-0.12988054551374884,-0.00018919335297947076,30.032855158241492,0.9996715787650926,-0.02904667817956457,0.0002903914903107123
33,0.12932960000000016,-0.14482742133048945,1.0015617628093332,-0.06266586936849414,-0.036517540530749626,0.06176557414610932,-0.07856522746698813,1.0359668860294078,0,0.0034679000000000003,1,Shared Control,0.01,Good Visuals,0.3857760690943224,-0.0026913598606456515,0.0,5.482526488284163,1.0002486875477912,-0.22168053870295015,1.0067910580801975,0.0026734857527075315,-0.0068316325342152595,-0.00016673989461226613,30.029046678179565,0.9997096085096893,-0.029503660033089622,0.00029499863507659275
34,0.1330208000000006,-0.14199998794225863,1.0163354431176865,-0.0634347604752705,-0.019631442911721253,0.08733219196135995,-0.07474560313983114,1.0335960845918928,0,0.0036912000000000004,1,Shared Control,0.01,Good Visuals,0.38009922312815725,-0.0026064820901882694,0.0,5.482610237312296,1.0002504458814498,-0.22206508910392464,1.006406507679223,-0.005706301436348045,-0.11281438700222868,-0.000168656405450829,30.02950366003309,0.9997050013649235,-0.028573857033188245,0.0002856952242620816
35,0.1363688000000005,-0.13775883785991241,1.0167718245717674,-0.06301323472008127,-0.01682426002012538,0.041182382308248784,-0.07128887754928526,1.0313360673377785,0,0.0033480000000000003,1,Shared Control,0.01,Good Visuals,0.3674135879964914,-0.002208629372727021,0.0,5.482440480559672,1.0002468682797439,-0.22291538429262417,1.0055562124905235,-0.02513203592312789,-0.23745955895317827,-0.00016534156707417527,30.028573857033187,0.999714304775738,-0.024212480115477397,0.00024208678292030362
36,0.1408081000000001,-0.13383184704292517,1.0240953273782483,-0.06254296949363991,-0.007240739959530229,0.05138999286778523,-0.06671740935631895,1.0281777607721676,0,0.0044393,1,Shared Control,0.01,Good Visuals,0.3622442820049145,-0.001696246709182999,0.0,5.481644490678078,1.0002300868891945,-0.2242691816491234,1.0042024151340243,-0.028954148399066452,-0.3360132431122427,-0.00013917288107331363,30.024212480115477,0.9997579132170797,-0.018593565603549196,0.00018592477032859675
37,0.14389880000000055,-0.13084733402201487,1.0210395053870638,-0.06412992466569592,-0.00713825538510382,0.0275993563793911,-0.06354316406527061,1.025869629448588,0,0.0030907,1,Shared Control,0.01,Good Visuals,0.35001644721518893,-0.00102513406414458,0.0,5.480619173969278,1.000208466517045,-0.22598465925017386,1.002486937532974,-0.0449906284074139,-0.50149899174159,-0.00010608830618611939,30.01859356560355,0.9998140752296714,-0.011235687915830204,0.00011236444227143344
38,0.14735690000000012,-0.12692034320502762,1.0021106506982997,-0.06337717913975702,-0.023758978750288318,-0.03886174258416705,-0.060000221635061024,1.023180358710938,0,0.0034581000000000004,1,Shared Control,0.01,Good Visuals,0.35852512299302186,-0.00046887076995571467,0.0,5.479276382301647,1.000180154437909,-0.22726647242024917,1.0012051243628985,-0.034936626449482304,-0.35989812726732406,-6.57417703058306e-05,30.011235687915832,0.9998876355577285,-0.005137925232540953,5.1392695264120194e-05
39,0.1510498,-0.12393583018411733,0.989267541739496,-0.0639356085490563,-0.033912816971441995,-0.07245269966942972,-0.056227212555947786,1.0201835563539319,0,0.0036929000000000003,1,Shared Control,0.01,Good Visuals,0.3709532492857169,-0.0002549742820650617,0.0,5.478163472066411,1.0001566906322623,-0.22824317411567163,1.000228422667476,-0.013895293654487013,-0.28020245443453984,-2.971570678087913e-05,30.005137925232543,0.9999486073047359,-0.0027935165847658436,2.7947606074047254e-05
40,0.15442520000000037,-0.1200088393671301,0.9811502860352271,-0.06378162681118231,-0.03903327031870474,-0.11081583929273639,-0.05278846849692076,1.017331160032966,0,0.0033754,1,Shared Control,0.01,Good Visuals,0.3841401814412536,-0.0003252627339418816,0.0,5.477735561340003,1.0001476693822349,-0.22874078436257728,0.9997308124205704,0.004423493725636847,-0.13942567859502653,-1.6301935888188455e-05,30.002793516584767,0.999972052393926,-0.003563300693138142,3.565188883032435e-05
41,0.15820670000000003,-0.11592476891746335,0.9826562852577643,-0.0631363004205426,-0.0346748747752017,-0.11794950541012332,-0.048947673418435596,1.0140067246852316,0,0.0037815,1,Shared Control,0.01,Good Visuals,0.3884270004358572,-0.0005639157981239362,0.0,5.4778761211458455,1.0001506315072568,-0.22932956270996646,0.9991420340731811,0.012368736108783345,-0.13548215458355095,-2.0745786311865973e-05,30.003563300693138,0.9999643481111696,-0.0061778037687326495,6.181053421253766e-05
42,0.1622332000000002,-0.11199777810047612,0.9921176016537081,-0.06305010468204053,-0.02188912303152346,-0.09224913067759591,-0.04487215210677491,1.0103167743094978,0,0.0040265000000000006,1,Shared Control,0.01,Good Visuals,0.3805634156396275,-0.0006177932941007782,0.0,5.478353444592543,1.0001606920501607,-0.23034045259020625,0.9981311441929414,0.003375756685098853,-0.27848206067211567,-3.5603557242242886e-05,30.006177803768733,0.9999381894657875,-0.006768598373012108,6.771602013692835e-05
43,0.1659657000000001,-0.10901326507956581,0.9968247401959172,-0.0641411129727909,-0.013492034113580686,-0.08621807162285113,-0.04110774552769825,1.0067575900795385,0,0.0037325,1,Shared Control,0.01,Good Visuals,0.3673102457627112,-0.0003896693179594923,0.0,5.47846125400394,1.0001629654020934,-0.23187748618500556,0.9965941105981421,-0.015255171479396252,-0.4516303572412985,-3.895193186491672e-05,30.00676859837301,0.9999322839798631,-0.004269424678453081,4.271146293372316e-05
44,0.16936130000000027,-0.10508627426257858,0.9950948886130904,-0.06397852873488033,-0.0116627014664481,-0.09902790591760223,-0.03769486266107501,1.003403514246605,0,0.0033956000000000004,1,Shared Control,0.01,Good Visuals,0.36485943988257324,-6.556429868488433e-05,0.0,5.4780049877316666,1.0001533486623482,-0.23349776563632887,0.9949738311468187,-0.02025419134704749,-0.45268053846375444,-2.4993823745270176e-05,30.00426942467845,0.9999572885370662,-0.0007183188117485882,7.18647064059095e-06
45,0.17419450000000047,-0.09833185005736052,0.9760476666018175,-0.06063698739628551,-0.02735584764478738,-0.16729992022926315,-0.03285712146336799,0.9984381793884582,0,0.0048332,1,Shared Control,0.01,Good Visuals,0.369951017608882,0.0004689332927756534,0.0,5.476640192251411,1.0001245816788058,-0.2367575890043181,0.9917140077788295,-0.011334443431751507,-0.4195771195383706,1.889684249248913e-05,29.996793645145825,1.0000320809482328,0.005136577735832957,-5.1399548359766287e-05
46,0.1797827999999999,-0.09534733703645021,0.9743752028399593,-0.062490215573082215,-0.024062976548498982,-0.16883488694441412,-0.02729423451346093,0.9924165365395974,0,0.0055883,1,Shared Control,0.01,Good Visuals,0.35942464307120336,0.0007195047363125952,0.0,5.476287738512411,1.0001171540303795,-0.2391321578869616,0.9893394388961859,-0.01735682260207318,-0.6950907097486958,2.8434702163735954e-05,29.994863422264167,1.0000513995483598,0.00788094761760612,-7.886456146092644e-05
47,0.18336250000000032,-0.09142034621946298,0.9790288376350127,-0.06412611170600205,-0.013387698904584688,-0.16534735197624864,-0.02374883148522849,0.9884009194076524,0,0.0035797000000000003,1,Shared Control,0.01,Good Visuals,0.366248629164451,0.0008862515053311118,0.0,5.47578664152788,1.000106593407751,-0.24116167809815806,0.9873099186849894,-0.010658736444855828,-0.5649482828183023,4.496200607802775e-05,29.992119052382392,1.000078864561461,0.009706633749582857,-9.714159307723868e-05
48,0.1869778000000002,-0.08859291283123216,0.9790650081451628,-0.06484408134600367,-0.00933591126248956,-0.19202688516602665,-0.020182985666018467,0.9842197661378642,0,0.0036153,1,Shared Control,0.01,Good Visuals,0.36450855756292033,0.001115650249890482,0.0,5.475453233195384,1.0000995679293276,-0.2430435042613801,0.9854280925217673,-0.015034620708690051,-0.551257041691434,5.6831863030475343e-05,29.990293366250416,1.0000971415930773,0.012218626211236237,-0.00012228587702188505
49,0.19121349999999993,-0.08372344421816798,0.964883802547913,-0.06354045855214951,-0.019335963589951266,-0.28086946283961955,-0.01602477963302899,0.9791604769132718,0,0.0042357,1,Shared Control,0.01,Good Visuals,0.36435774072649135,0.0014478581527591562,0.0,5.474994521985892,1.0000899013926485,-0.24579926374365826,0.9826723330394892,-0.014432611537449645,-0.5411089149933526,7.234331555758773e-05,29.987781373788764,1.0001222858770218,0.015856127203168504,-0.00015869902241389742
50,0.1953415999999999,-0.07995353303386023,0.9565501263924227,-0.06392875340083123,-0.022610350520849143,-0.3527636482793032,-0.011993172237891179,0.9740629258985967,0,0.0041281,1,Shared Control,0.01,Good Visuals,0.36717888607053384,0.0015015692492137043,0.0,5.474330257246916,1.0000759035979805,-0.24783391971626922,0.9806376770668782,-0.0034818607256494106,-0.5840838158779826,9.199757094478493e-05,29.98414387279683,1.0001586990224138,0.016442426658854415,-0.00016458626936821506
51,0.19896600000000042,-0.07696902001294992,0.9641554963146328,-0.06497584777505874,-0.009907429583963845,-0.38368527239329486,-0.008471096760151592,0.969451680999943,0,0.0036244000000000003,1,Shared Control,0.01,Good Visuals,0.3725722695171908,0.0013863165317608056,0.0,5.474223024633442,1.000073647394202,-0.24968705828415397,0.9787845384989935,0.007536599775163213,-0.5398015053552978,9.59934502472542e-05,29.983557573341145,1.0001645862693682,0.015179933628716197,-0.00015195347550269427
52,0.20239030000000025,-0.07319910882864218,0.9686593736323521,-0.06472801206849059,-0.0007923073675909498,-0.4441273252118449,-0.005159029773433485,0.964978541987206,0,0.0034243000000000003,1,Shared Control,0.01,Good Visuals,0.3656154663736316,0.0014006423427403412,0.0,5.474453526656204,1.0000785057329127,-0.2518183961672705,0.976653200615877,-0.000886005935003225,-0.5969632476588753,9.007709193573749e-05,29.984820066371284,1.0001519534755028,0.015337464624570018,-0.00015352372062194577
53,0.20745039999999992,-0.06644468462342412,0.9556292223854729,-0.061285654849990635,-0.00934931960173313,-0.6105378410052174,-0.0002932849739440812,0.9581616263294186,0,0.0050601000000000005,1,Shared Control,0.01,Good Visuals,0.354149489860903,0.00170335624571527,0.0,5.474091033702834,1.000070865119961,-0.2573622076391584,0.9711093891439891,-0.007732665389760101,-0.751258983345374,0.00010197846288849794,29.982834570781378,1.000171819415476,0.018651555726243177,-0.00018670404314295163
54,0.21320040000000073,-0.060632738214283007,0.9429880598728335,-0.060339453240338924,-0.015173566456585075,-0.7532787324742729,0.0051931660965881515,0.9501162206236776,0,0.005750000000000001,1,Shared Control,0.01,Good Visuals,0.3612432852047578,0.0016235480909984664,0.0,5.4735793788255345,1.000060085955094,-0.26258795131819707,0.9658836454649505,0.01543463434228963,-0.7525319805420505,0.00011547210428102061,29.980033507554566,1.0001998744155727,0.01777587461124532,-0.00017795631042474478
55,0.21934020000000043,-0.05513495107050087,0.9434501064105394,-0.060328117167089024,-0.00666611421313823,-0.8666775459686055,0.010999426355060193,0.9411751995765438,0,0.006139800000000001,1,Shared Control,0.01,Good Visuals,0.3491611366277323,0.0015213802688440617,0.0,5.474025885253662,1.0000694948432463,-0.26840813086844617,0.9600634659147014,0.006059436918513961,-0.9028122772691187,0.000101061659298392,29.98247849040475,1.000175397393261,0.016658464543855566,-0.00016675774551894764
56,0.22564900000000065,-0.051207960253513624,0.9420982048821833,-0.06220738660857382,0.0009230053056394905,-0.9097833612933347,0.01690714840983274,0.9316128341559082,0,0.006308800000000001,1,Shared Control,0.01,Good Visuals,0.3369137827229348,0.0015559865969175767,0.0,5.474183492170327,1.0000728160342063,-0.2728925025777071,0.9555790942054405,-0.0020694368295967555,-1.128285748964875,9.178200711452195e-05,29.983341535456145,1.0001667577455189,0.01703793338005875,-0.00017055092817578143
57,0.2291983000000002,-0.04759512870188536,0.9528344960799854,-0.0645022771117181,0.02122166192407715,-0.8997900632877461,0.020203914645515037,0.9260666343913968,0,0.0035493,1,Shared Control,0.01,Good Visuals,0.33960727002513874,0.0015179818699555094,0.0,5.474114245229893,1.0000713557534329,-0.276665366329102,0.9518062304540456,0.002431503721269833,-1.0470579056406395,9.679385979221081e-05,29.98296206661994,1.0001705509281758,0.016621516625605844,-0.00016638524868259807
58,0.23297580000000018,-0.04492477494633404,0.9540478878554067,-0.06512868959184907,0.027981253464009925,-0.9355520868649437,0.023690777305986264,0.9200327330736342,0,0.0037775,1,Shared Control,0.01,Good Visuals,0.3318745271153104,0.0016762159537464774,0.0,5.474190263429774,1.0000729582176158,-0.28037903958449373,0.9480925571986538,-0.010155669911821832,-1.0712416001937628,9.79132872264343e-05,29.983378483374395,1.0001663852486826,0.018354659806732836,-0.00018372920904386044
59,0.23641830000000041,-0.0409977841293468,0.9434588231153385,-0.06468856143533307,0.02342609004170426,-0.997335057151197,0.026848355306873628,0.914416636439503,0,0.0034425000000000002,1,Shared Control,0.01,Good Visuals,0.32852312030761893,0.0018785455588555245,0.0,5.473873815768462,1.0000662886853207,-0.2842227460244442,0.9442488507587034,-0.012591230909420152,-1.0850571476824893,0.00010916974854045957,29.981645340193268,1.0001837292090439,0.02056937162611147,-0.00020590645788208756
60,0.2408127000000002,-0.03738495257771854,0.9468217410227062,-0.06423330788459217,0.032405104583203226,-0.9818783819636836,0.030850626769290915,0.9070858052357866,0,0.0043944000000000006,1,Shared Control,0.01,Good Visuals,0.330643412558972,0.0019636290922918774,0.0,5.473469311637733,1.0000577659186418,-0.288608712253003,0.9398628845301445,-0.004708478615625152,-1.0938935599348563,0.00012152040979309769,29.979430628373887,1.000205906457882,0.021499582991409395,-0.000215232422275863
61,0.24398180000000025,-0.034714598822167216,0.9419781309758624,-0.06556522559145814,0.034892325740075725,-1.0040145129287525,0.033716742375111936,0.9016869457074481,0,0.0031691,1,Shared Control,0.01,Good Visuals,0.31916125935165407,0.00225313387311285,0.0,5.473299311885774,1.0000541862169758,-0.29281384332842747,0.93565775345472,-0.019006270317639695,-1.234914564614261,0.0001261303920563264,29.97850041700859,1.000215232422276,0.02466922876684035,-0.0002469648993924114
62,0.24737580000000037,-0.031101767270538948,0.9205168519593636,-0.06481850964565089,0.018829906251915496,-1.0745978047443412,0.036767110159353876,0.8958012868662377,0,0.0033940000000000003,1,Shared Control,0.01,Good Visuals,0.32392636070808717,0.0024514078112304527,0.0,5.472720459473736,1.0000419884943181,-0.2968934791040224,0.9315781176791251,-0.012143049736244917,-1.140423161489092,0.0001477272306783998,29.97533077123316,1.0002469648993924,0.02683774876632622,-0.00026869760855971014
63,0.25090380000000057,-0.028431413514987625,0.9048985527493514,-0.06519852367434151,0.009097265883113659,-1.112191940893721,0.03991653920192214,0.8895701637808249,0,0.0035280000000000003,1,Shared Control,0.01,Good Visuals,0.33587736099311494,0.002302606552029755,0.0,5.472324227832098,1.0000336433344363,-0.30049334392953575,0.9279782528536118,0.009595874849460145,-1.0485450383063455,0.00015889660085766503,29.973162251233674,1.0002686976085597,0.025206521240608168,-0.0002523875754780124
64,0.25446600000000075,-0.024818581963359364,0.8944674447316083,-0.0647351211652815,0.004897280950783456,-1.1540144032834636,0.043073987610764156,0.8831623107033368,0,0.0035622,1,Shared Control,0.01,Good Visuals,0.34770924200462844,0.0018441033437126646,0.0,5.4726219391158075,1.000039920831743,-0.30381981122940743,0.9246517855537401,0.027788066130404233,-0.9161297989181216,0.00015012654779520584,29.97479347875939,1.000252387575478,0.020187561550739783,-0.00020213126356313812
65,0.2582216000000006,-0.021048670779051613,0.8942055661393056,-0.06412265838981576,0.011043255435968735,-1.1660233690028678,0.046377910062656,0.8762807396787313,0,0.0037556000000000004,1,Shared Control,0.01,Good Visuals,0.3494326139699806,0.0011753783879550326,0.0,5.473538608318223,1.0000592352297786,-0.30787848703330056,0.9205931097498469,0.03420088569808193,-0.9366679291715281,0.0001193782533965401,29.97981243844926,1.0002021312635632,0.012868339486064284,-0.00012883264895764611
66,0.26217990000000047,-0.01743583922742335,0.9047843515677221,-0.06381374929007935,0.028503611888990754,-1.136542747404881,0.04983190937652607,0.8688888890619928,0,0.0039583000000000005,1,Shared Control,0.01,Good Visuals,0.34001934972590503,0.0007791867228319862,0.0,5.4748754835040625,1.0000874011871055,-0.31175716384376273,0.9167144329393847,0.024539786982607524,-1.0738010604529755,7.536838684961289e-05,29.987131660513935,1.0001288326489577,0.008532507703758472,-8.540627474844507e-05
67,0.26604260000000046,-0.014922565104551517,0.9081532097281033,-0.06475447448107759,0.03926432066611052,-1.13788848939142,0.05317401481086586,0.8615391709704963,0,0.0038627,1,Shared Control,0.01,Good Visuals,0.3209162930798362,0.0007866891204340345,0.0,5.475667480544923,1.0001040861248989,-0.3162305233500247,0.9122410734331228,-0.0004928409848311124,-1.3062810647574787,4.9722826180958915e-05,29.99146749229624,1.0000854062747484,0.008615914947890472,-8.62286088720859e-05
68,0.2693456000000003,-0.011309733552923255,0.8993291616746506,-0.06448374836378912,0.03778999070415434,-1.1737144386649536,0.05600915106176671,0.8551483485749205,0,0.0033030000000000004,1,Shared Control,0.01,Good Visuals,0.3153045963453803,0.0009110016416450016,0.0,5.47565236412684,1.0001037651624605,-0.32098781196297044,0.907483784820177,-0.007735018942189745,-1.334106007724766,5.094164057368706e-05,29.99138408505211,1.000086228608872,0.00997748650958485,-9.98544433866007e-05
69,0.2741245000000001,-0.0051836278784231585,0.8916834573263395,-0.06119277894018987,0.036535108751418965,-1.1685451591457678,0.060073395918707535,0.8457302485720759,0,0.0047789,1,Shared Control,0.01,Good Visuals,0.30755036362067856,0.0011678056048086006,0.0,5.475264119133541,1.0000955835696135,-0.33137174402465325,0.8970998527584942,-0.012365795742419252,-1.453563961876689,6.263997435520495e-05,29.989257969140894,1.0001075101798869,0.012789452022193771,-0.0001280025999089869
70,0.28034340000000046,-0.001727875959474386,0.8779743012878078,-0.06180127187818192,0.03224405271573194,-1.1983997147214236,0.06529403858745968,0.8331735940591433,0,0.0062189,1,Shared Control,0.01,Good Visuals,0.29848543620175455,0.001472760088412467,0.0,5.474890257614369,1.0000877047566372,-0.3371130929175548,0.8913585038655927,-0.02002757930114198,-1.606960617135465,7.146127022016742e-05,29.987210547977806,1.000128002599909,0.016128568741983405,-0.0001614285113744445
71,0.2839640000000001,0.0007853981633974482,0.8681255305643547,-0.06450864042406222,0.034951936505211445,-1.2107944103407375,0.06829714685442041,0.8257084337911833,0,0.0036206000000000003,1,Shared Control,0.01,Good Visuals,0.30607103023603033,0.0015802206617448532,0.0,5.474280484925495,1.000074855185391,-0.34231319445775743,0.8861584023253901,-0.007253311438201269,-1.5110863743941554,9.101844663531412e-05,29.983871431258017,1.0001614285113745,0.01730363935827161,-0.00017320721214246333
72,0.28733060000000066,0.0040840704496667305,0.8557083340370364,-0.06421307640475368,0.029999900245853084,-1.2492131397560917,0.0710651494360188,0.8186659467235948,0,0.0033666000000000004,1,Shared Control,0.01,Good Visuals,0.3181701446992266,0.0014502850548900256,0.0,5.474065755635391,1.0000703332565708,-0.34699330797812067,0.8814782888050269,0.008075505413129657,-1.3064184681674944,0.0001019378864591724,29.98269636064173,1.0001732072121425,0.015880014836507004,-0.00015896503396684491
73,0.2913693000000004,0.007696902001294992,0.848327322477803,-0.0633682474347238,0.02966137575420813,-1.2663105511606827,0.07435422488122109,0.810090331721582,0,0.0040387,1,Shared Control,0.01,Good Visuals,0.32152111662509686,0.001120119936352223,0.0,5.474325649777565,1.0000758116760755,-0.352701761088951,0.8757698356941965,0.016703699538187417,-1.2916513430999808,9.31272650383256e-05,29.984119985163492,1.0001589650339668,0.01226505726547219,-0.0001227757971640089
74,0.29526830000000004,0.010995574287564275,0.8508954165723366,-0.06335865059365682,0.040805084850754625,-1.2438661295579316,0.07749641469956996,0.8016811494245834,0,0.003899,1,Shared Control,0.01,Good Visuals,0.3172762186963851,0.0008851724415262078,0.0,5.4749858137909335,1.0000897227200554,-0.3575916307299508,0.8708799660531967,0.014857571712235857,-1.364970310685519,7.098003728333473e-05,29.987734942734527,1.000122775797164,0.009693396650480583,-9.702331742251785e-05
75,0.29894780000000054,0.013508848410436109,0.8513943802583483,-0.06398756628913385,0.049713230833765,-1.2373072779148377,0.0804314216369925,0.7936294176101784,0,0.0036795,1,Shared Control,0.01,Good Visuals,0.30610832336724153,0.0008732810555967944,0.0,5.4754555206563555,1.0000996188684341,-0.36270813031158017,0.8657634664715673,0.0007898366141424748,-1.4987256749258493,5.608333143779312e-05,29.99030660334952,1.0000970233174225,0.00956398577370622,-9.571990843970556e-05
76,0.3024237000000003,0.016807520696705394,0.8454126935681943,-0.06362390094028711,0.051783275958015906,-1.25291249772284,0.08317662985693677,0.7859209819366035,0,0.0034759,1,Shared Control,0.01,Good Visuals,0.3006443819447704,0.0009661146252633941,0.0,5.475479225571977,1.0001001168590993,-0.3682156176765083,0.8602559791066392,-0.005822626159864481,-1.5371591071277804,5.5879129434044664e-05,29.990436014226294,1.0000957199084397,0.010580814497771087,-0.00010589535050577134
77,0.3074641000000007,0.02261946710584651,0.8354422770799683,-0.060557162751090264,0.049521295143364785,-1.2612696837578103,0.08710946239695679,0.7745688858852526,0,0.0050404000000000004,1,Shared Control,0.01,Good Visuals,0.2952833339395144,0.0012043538691713777,0.0,5.475044520685922,1.0000909558354159,-0.37940828738376114,0.8490633093993865,-0.0074570902126925315,-1.6020261949716108,6.947402043296843e-05,29.988055385343085,1.0001195472859172,0.013189232572989474,-0.00013200863725058984
78,0.31289690000000014,0.025132741228718343,0.8315657777196503,-0.06197672116823844,0.05699689183439771,-1.262751187330742,0.09128379156740435,0.7621059417531263,0,0.005432800000000001,1,Shared Control,0.01,Good Visuals,0.2820138348829097,0.0014969193481836674,0.0,5.474817214559428,1.000086166330244,-0.385635757926564,0.8428358388565835,-0.020225410576431374,-1.8138439818259053,7.293225326531639e-05,29.98681076742701,1.0001320086372505,0.016392960400021007,-0.00016407659599559774
79,0.3163640000000001,0.028431413514987625,0.8280875849789691,-0.06285237805241672,0.06598164322584277,-1.2643295007157975,0.09391211825513109,0.7540312792222801,0,0.0034671000000000003,1,Shared Control,0.01,Good Visuals,0.2822738617011502,0.0017933592553016136,0.0,5.47423219012824,1.0000738377495648,-0.3919532595360004,0.8365183372471471,-0.019230982096223974,-1.765503621674096,9.277415305372039e-05,29.983607039599978,1.0001640765959956,0.019637746065091582,-0.0001965692289061024
80,0.3199544000000003,0.03078760800517997,0.8234758513825435,-0.06312451024995111,0.06944457216026345,-1.2746548135287596,0.09660423495298763,0.7455716168150321,0,0.0035904,1,Shared Control,0.01,Good Visuals,0.2780455706272059,0.002136938067497326,0.0,5.473639543271434,1.0000613510532206,-0.39809851354754366,0.8303730832356039,-0.023043074337954904,-1.7983828426277388,0.00011271689389801755,29.98036225393491,1.000196569228906,0.02339822391985513,-0.0002342287340956675
81,0.3242280000000006,0.03377212102609027,0.8048811583356785,-0.06283211392689736,0.05930954152064638,-1.3444070220227604,0.09976876948011806,0.7353743991355289,0,0.004273600000000001,1,Shared Control,0.01,Good Visuals,0.27602962994125163,0.002549968412768254,0.0,5.472952681526358,1.0000468797040818,-0.4052936888129998,0.8231779079701478,-0.02355578898649727,-1.7974008307202274,0.00013489316894524568,29.976601776080145,1.0002342287340957,0.027918215263841174,-0.00027950078778190613
82,0.3272903000000005,0.03691371367968006,0.7866703796722918,-0.062855055800438,0.051295980536762875,-1.4045270848557283,0.10200940743512678,0.7279833249066157,0,0.0030623,1,Shared Control,0.01,Good Visuals,0.2845140189770656,0.002641498062762408,0.0,5.472127034577916,1.0000294853289677,-0.4113383887860428,0.8171332079971049,-0.005890935715608587,-1.6984265167302497,0.00016021990582104457,29.972081784736158,1.0002795007877818,0.028916203434070312,-0.0002895333078518295
83,0.33092570000000077,0.039269908169872414,0.7823689000847132,-0.06273949926525436,0.0543855751780975,-1.422808404379666,0.10463983515994019,0.7191192917167699,0,0.0036354000000000004,1,Shared Control,0.01,Good Visuals,0.29264207469872355,0.0024796588887139306,0.0,5.471944401717967,1.0000256447264866,-0.4169206878259818,0.8115509089571659,0.010738408252857736,-1.619043197290822,0.00016603150813168004,29.971083796565928,1.0002895333078519,0.027143259856741157,-0.000271794195314582
84,0.3344543,0.04256858045614169,0.783330438644048,-0.0620712547037985,0.06421114692727814,-1.444445262245896,0.10716200461519708,0.7104239296976909,0,0.0035286000000000002,1,Shared Control,0.01,Good Visuals,0.28894001871902736,0.0023411884574006687,0.0,5.472268087706692,1.0000324676316883,-0.4228485277541138,0.8056230690290338,0.008859937853026547,-1.654342467105387,0.0001555725570265491,29.972856740143257,1.0002717941953145,0.025628702928874942,-0.0002566165192136685
85,0.33805270000000043,0.04492477494633404,0.7891130280497174,-0.06223722966886304,0.07868909835202653,-1.4523680646523978,0.1097023027611104,0.7014650644337772,0,0.0035984000000000003,1,Shared Control,0.01,Good Visuals,0.2754741172785098,0.0024085507560430218,0.0,5.472544817500576,1.0000382961426548,-0.4291039048935249,0.7993676918896228,-0.004567058326692405,-1.8281489141102658,0.00014532050504891,29.974371297071126,1.0002566165192137,0.026367605032085104,-0.0002640000677482553
86,0.3420133000000005,0.04790928796724434,0.7841500332137474,-0.061793014793866056,0.08268496877997022,-1.5051905798068819,0.11246082652902094,0.6914995534857116,0,0.0039606,1,Shared Control,0.01,Good Visuals,0.2618957501106892,0.0027553452393758488,0.0,5.472410002957379,1.000035452605057,-0.4369029259636959,0.7915686708194518,-0.020196737665416867,-1.959060806373015,0.00014990152657296327,29.973632394967915,1.0002640000677483,0.030164349626510926,-0.00030201204107490427
87,0.3455307000000003,0.05089380098815465,0.7741294651776869,-0.06156702554086629,0.08262991169197531,-1.5616669615864343,0.11487740761613213,0.6825587878074333,0,0.0035174000000000004,1,Shared Control,0.01,Good Visuals,0.2554271736814817,0.0031069053780607815,0.0,5.471716614895306,1.0000208414013076,-0.44417048278284893,0.7843011140002988,-0.022855947016562204,-2.0221922755649886,0.00017026108913896024,29.96983565037349,1.0003020120410748,0.03400986441711375,-0.0003405463755486722
88,0.34891059999999996,0.052935836212988016,0.7639597059886405,-0.061941571403144116,0.0814009181812072,-1.6150477494692563,0.11716975792560855,0.6738889286550693,0,0.0033799000000000004,1,Shared Control,0.01,Good Visuals,0.2542036482734629,0.003375442842974109,0.0,5.471014009293441,1.0000060423538892,-0.4511347292432714,0.7773368675398763,-0.018395043868178435,-2.0343663892800765,0.00019128292276412295,29.965990135582885,1.0003405463755486,0.036945583777347454,-0.00036998063544632696
89,0.35247650000000075,0.05592034923389831,0.7463524617865825,-0.061249408691710236,0.07246353313151321,-1.7031142856492192,0.11955634857755679,0.6646600527214747,0,0.0035659000000000003,1,Shared Control,0.01,Good Visuals,0.2574494809995659,0.003518987801285776,0.0,5.470477478987956,0.999994744448117,-0.4581728041360613,0.7702987926470864,-0.00934347923900062,-1.9657779774850952,0.00020908023387531256,29.963054416222654,1.0003699806354462,0.03851347030667996,-0.0003857145279641077
90,0.3575956000000007,0.061103977112321475,0.7217407198894651,-0.05845237146523531,0.05708066716799043,-1.843190593296546,0.12292460287358824,0.6512677261159467,0,0.0051191000000000006,1,Shared Control,0.01,Good Visuals,0.2682422906070734,0.0031152219284513965,0.0,5.4703629064708,0.9999923408961015,-0.4720362277460558,0.756435369037092,0.019309956270319437,-1.8386154731010116,0.00021091294857691618,29.962429862313705,1.0003762896686856,0.034092493573313405,-0.00034145794856038696
91,0.3632685000000002,0.06330309196983433,0.7100929279741728,-0.05962151090375391,0.05882520185822604,-1.9266126443972162,0.12657663240958622,0.6362344895282801,0,0.005672900000000001,1,Shared Control,0.01,Good Visuals,0.2627118222422631,0.0028146644499342298,0.0,5.4709981502108525,1.0000057243809979,-0.4790291550465946,0.7494424417365532,0.020482044448187155,-1.9369380108408722,0.00018209210935848772,29.965907506426685,1.0003414579485603,0.030805970334074558,-0.00030851399066716186
92,0.36698200000000014,0.06597344572538566,0.7004382960319409,-0.06060318668420056,0.06420380650366075,-1.9990085744265278,0.12892084594853204,0.6262876661904209,0,0.0037135000000000002,1,Shared Control,0.01,Good Visuals,0.267398700399949,0.0023429199487579318,0.0,5.471598724398404,1.0000183722193243,-0.48539749124137654,0.7430741055417712,0.033113044855207045,-1.8526068930274748,0.00016781454719216218,29.969194029665925,1.0003085139906671,0.025644524879869235,-0.00025680630713259696
93,0.3704092000000001,0.06880087911361647,0.7069420085491029,-0.060119966834915564,0.08065434235868207,-2.00383365953474,0.13105142393537386,0.6170354038544615,0,0.0034272,1,Shared Control,0.01,Good Visuals,0.2674472014017316,0.0017479672400575069,0.0,5.472541641792617,1.0000382352598804,-0.49197730859396754,0.7364942881891803,0.03971415306235024,-1.848834570398434,0.00014198841504071456,29.97435547512013,1.0002568063071327,0.01913470240888035,-0.00019159383236542015
94,0.3748414000000002,0.07225663103256524,0.721605845212602,-0.05879479290280862,0.10457044135814042,-1.972303085094785,0.13375955091148994,0.6049698442541362,0,0.0044322,1,Shared Control,0.01,Good Visuals,0.24842107085477896,0.0013425084133069027,0.0,5.47373085684287,1.000063286898597,-0.5031799040756267,0.7252916927075211,0.01801190928181516,-2.073364454046595,0.0001050877325007762,29.98086529759112,1.0001915938323653,0.014698861783818108,-0.0001471516891127929
95,0.3792087000000004,0.07524114405347554,0.7288501762082729,-0.058518406858014405,0.12388033195413661,-1.9353110540168392,0.13637547857679563,0.5929737821115282,0,0.0043673,1,Shared Control,0.01,Good Visuals,0.21729567473332329,0.0016439414050425137,0.0,5.474541250446537,1.0000803569949044,-0.5118022787080438,0.716669318075104,-0.020672529588594352,-2.3991693236921097,7.893250413065754e-05,29.985301138216183,1.0001471516891127,0.018002352613787773,-0.00018019161158073328
96,0.3829792000000003,0.07696902001294992,0.7243199869074481,-0.059406458563845715,0.13134620479591996,-1.910901951665703,0.13859162869070632,0.5825341903451422,0,0.0037705000000000004,1,Shared Control,0.01,Good Visuals,0.1964374339393155,0.002288581799126572,0.0,5.473938251378617,1.0000676444455507,-0.5208065673531362,0.7076650294300116,-0.04671361870718617,-2.6235507838036227,9.620083199101367e-05,29.981997647386212,1.0001801916115807,0.025060348509946966,-0.0002508503291869374
97,0.38639750000000017,0.07963937376850125,0.7013520640328754,-0.05895225492220507,0.11881787368773322,-1.9467638810809227,0.1405666364838817,0.5730054948869827,0,0.0034183000000000004,1,Shared Control,0.01,Good Visuals,0.19375919217762583,0.0030106280254957236,0.0,5.472649307263787,1.0000404833385754,-0.5300679828214023,0.6984036139617456,-0.04959335170860126,-2.5914030801830026,0.00013595653981978415,29.974939651490054,1.000250850329187,0.032961286637424134,-0.00032999346212717734
98,0.39079270000000044,0.08246680715673206,0.6852548880525627,-0.058099829327149646,0.11224939316558002,-1.9423001187432671,0.14305802986007976,0.5606667724553976,0,0.0043952,1,Shared Control,0.01,Good Visuals,0.20372086021222607,0.0035039003829914783,0.0,5.471206007918282,1.0000100776987673,-0.539886967500253,0.6885846292828949,-0.03052348559902337,-2.463986117653869,0.0001774833108349588,29.967038713362577,1.0003299934621273,0.038353398971034215,-0.00038406080344040923
99,0.3938890000000006,0.08419468311620645,0.6733302834776626,-0.05886334674387331,0.1126635110222649,-1.9421265268666752,0.14478048939517876,0.551917697632977,0,0.0030963,1,Shared Control,0.01,Good Visuals,0.2055706827124536,0.003839748722097182,0.0,5.470220506120021,0.9999893265295031,-0.5483329623239364,0.6801386344592115,-0.02410942131723716,-2.427079750476561,0.00020357601423113918,29.961646601028967,1.0003840608034404,0.042023288066177146,-0.00042087297526389604
100,0.39747850000000007,0.08686503687175777,0.6524884046124878,-0.05791545252342099,0.10057070697951076,-1.9902538113442203,0.14674331050769726,0.5417182861888867,0,0.0035895000000000002,1,Shared Control,0.01,Good Visuals,0.20929527997887948,0.0040795596346106635,0.0,5.469549645026904,0.9999752030353818,-0.556608087798254,0.6718635089848939,-0.016715411439513408,-2.338861387275001,0.00022602046043815086,29.957976711933824,1.000420872975264,0.04464335070951402,-0.0004471585318341638
101,0.40104249999999997,0.08859291283123216,0.6372182442620873,-0.0581503976764651,0.09549995807320055,-2.0156397544838285,0.14865586136851167,0.5315330807276073,0,0.0035640000000000003,1,Shared Control,0.01,Good Visuals,0.21617650293167628,0.0040885935094415425,0.0,5.469070656840119,0.9999651196870972,-0.5643505883859903,0.6641210083971576,-0.000660182818553659,-2.263359619894851,0.00023626954233475856,29.955356649290486,1.0004471585318342,0.044738330177352854,-0.0004481487304261584
102,0.40446450000000045,0.091106186954104,0.6245137390308084,-0.05754967441440767,0.09298065830320112,-2.0525532988152015,0.15045795936462025,0.5217010293576219,0,0.003422,1,Shared Control,0.01,Good Visuals,0.22253101202393605,0.003913116226025737,0.0,5.469052952843951,0.9999647541665667,-0.5722286142525383,0.6562429825306095,0.01196626818574633,-2.1597833826483304,0.00023775333851143977,29.955261669822647,1.0004481487304262,0.04281739218013365,-0.00042891475140627636
103,0.40827720000000056,0.09361946107697583,0.6168124886183943,-0.05683849828764442,0.09511145926077247,-2.0762838873850162,0.15242607338797912,0.5106880143788015,0,0.0038127,1,Shared Control,0.01,Good Visuals,0.22178433866021025,0.0036181820185781383,0.0,5.469403786740445,0.9999721469430567,-0.5816516877772314,0.6468199090059165,0.017052837527529455,-2.168916246534338,0.00022519856475351684,29.957182607819867,1.0004289147514063,0.039591688108174476,-0.0003965871574985758
104,0.41224790000000056,0.09613273519984768,0.6187832333708885,-0.05629333818813144,0.10809521899208696,-2.0593538037730963,0.15443098774200925,0.49915593084163856,0,0.003970700000000001,1,Shared Control,0.01,Good Visuals,0.21579620747112319,0.003413813365193205,0.0,5.469993185546073,0.9999845610421718,-0.5896398005693821,0.6388317962137657,0.014432608603562056,-2.217257277084047,0.00020565203246733935,29.960408311891825,1.0003965871574987,0.03735872581035825,-0.00037418640957832794
105,0.41598230000000047,0.09801769079200154,0.6230336374349464,-0.05641329695000771,0.12387770659330788,-2.037847055750468,0.15627469677733824,0.48825444140692276,0,0.0037344,1,Shared Control,0.01,Good Visuals,0.19985267669032739,0.0034636661928990936,0.0,5.470401394358877,0.9999931545081162,-0.5978232160879867,0.6306483806951612,-0.0037625144929446324,-2.3981407568293656,0.00019217495027798416,29.962641274189643,1.0003741864095783,0.03790728572595364,-0.00037965075358634836
106,0.41946360000000027,0.10005972601683491,0.6167337344767483,-0.05621497076050333,0.12847929306982553,-2.054898166796212,0.15795669937778603,0.47804547352050275,0,0.0034813,1,Shared Control,0.01,Good Visuals,0.18472114388068028,0.003769394414391762,0.0,5.470301464981205,0.999991043392942,-0.6069254962011209,0.621546100582027,-0.022024680874306046,-2.5423233005988886,0.00019539682947571925,29.962092714274046,1.0003796507535863,0.041253655908529696,-0.00041316147408252725
107,0.42412070000000046,0.10430087609918114,0.59370774695712,-0.053655823278604894,0.11566227343661728,-2.095736813259455,0.1601510783465276,0.4643222563596628,0,0.0046571,1,Shared Control,0.01,Good Visuals,0.1766119092850441,0.004445139515659355,0.0,5.46891680383102,0.9999618753706492,-0.6260003202367551,0.6024712765463928,-0.022330388704599344,-2.5803105959522097,0.00023020000706494746,29.954513650717846,1.0004555872988306,0.04863995565043913,-0.00048722956339623645
108,0.4302386,0.10571459279329654,0.5715893802812264,-0.05443648555323105,0.10726712392156362,-2.168554144331987,0.16293634075824245,0.44618715464756714,0,0.006117900000000001,1,Shared Control,0.01,Good Visuals,0.1777518374300786,0.0046351175822748805,0.0,5.468340239394681,0.9999497385424119,-0.6336478921943469,0.594823704588801,-0.01696034599403341,-2.5232849272772038,0.00023850762030096172,29.95136004434956,1.0004872295633962,0.05071428429396054,-0.0005080529661546565
109,0.4334478000000006,0.10807078728348887,0.5497774607700496,-0.05486555347475358,0.10359030612248249,-2.236372422338746,0.1643529155601164,0.4366290273842248,0,0.0032092,1,Shared Control,0.01,Good Visuals,0.190395698497552,0.004537411234077178,0.0,5.467960902591421,0.999941755317593,-0.6420735666088085,0.5863980301743393,0.007252752384014454,-2.349274895988177,0.0002523195113050338,29.94928571570604,1.0005080529661547,0.04964136255453333,-0.0004973434212223316
110,0.4369949000000002,0.10948450397760429,0.5404301154898854,-0.05486841158251213,0.10380108810566058,-2.2699728958787304,0.16588289627367545,0.42603095722962653,0,0.0035471,1,Shared Control,0.01,Good Visuals,0.19642873547524722,0.004222629896270661,0.0,5.468156552943547,0.9999458845707564,-0.6498871216631632,0.5785844751199847,0.0243110839258763,-2.286202725328324,0.000248947578700209,29.95035863744547,1.0004973434212223,0.046197833279136374,-0.0004628403930846416
111,0.4413102000000002,0.11199777810047612,0.5242127268256833,-0.053885118173199326,0.09818176959605679,-2.361493332129004,0.16769344969759445,0.41309337023053333,0,0.0043153,1,Shared Control,0.01,Good Visuals,0.19626673722737292,0.003663263548062331,0.0,5.4687856833921416,0.9999591372287032,-0.6613500491194841,0.5671215476636637,0.029035606416639183,-2.2542630199254603,0.00023168899510919914,29.953802166720862,1.0004628403930846,0.040080625992093714,-0.00040152852184730756
112,0.44535130000000045,0.11419689295798897,0.513187402489179,-0.053496556739605475,0.10009403225864572,-2.4367120271477205,0.1693382519163854,0.40093726818231334,0,0.004041100000000001,1,Shared Control,0.01,Good Visuals,0.19656632588336953,0.003148006885330956,0.0,5.469903470630645,0.9999826793863271,-0.6690794563431468,0.5593921404400011,0.039655762172867454,-2.2160633113514354,0.00019739538918691217,29.959919374007907,1.0004015285218473,0.034448497522632016,-0.0003450514916134497
113,0.44897330000000046,0.11576768928478387,0.5195438248772046,-0.05357056263160154,0.11860655669489129,-2.4548549569554177,0.1707706682605274,0.39001141285871743,0,0.0036220000000000002,1,Shared Control,0.01,Good Visuals,0.1925816024294817,0.0026003423253565154,0.0,5.4709328668709825,1.0000043543356054,-0.6768414083951568,0.551630188387991,0.0433046043574055,-2.269112185228188,0.0001684075289577762,29.965551502477368,1.0003450514916135,0.028459358366026397,-0.0002850222476484584
114,0.45245470000000054,0.11765264487693775,0.5217577168920569,-0.053118023383589646,0.13174630403333942,-2.5031113829365226,0.17211013731011235,0.37948497143043786,0,0.0034814000000000004,1,Shared Control,0.01,Good Visuals,0.17452977229656164,0.002288402342305188,0.0,5.47202726176007,1.0000274028399996,-0.6856998045029833,0.5427717922801646,0.02348014790429247,-2.458753221890326,0.00013930180140411558,29.971540641633975,1.0002850222476485,0.025049636791219444,-0.00025083065901271154
115,0.45745389999999997,0.12110839679588652,0.5039878206331262,-0.05100174051422583,0.12450284920268834,-2.62195123504494,0.17396939832921207,0.36433146122590476,0,0.0049992000000000005,1,Shared Control,0.01,Good Visuals,0.1554729682187866,0.0020174752569180492,0.0,5.472888151027447,1.0000455279698641,-0.7038938017187765,0.5245777950643714,0.012261811896134508,-2.619328764333552,0.00011473258476290323,29.976250519309627,1.0002377872565726,0.02208690306356797,-0.0002211344739862647
116,0.4628665000000005,0.12236503385732243,0.4931290106242852,-0.05160436447188964,0.12879754939838045,-2.6703350020305052,0.17589687896354977,0.34788158510954864,0,0.0054126,1,Shared Control,0.01,Good Visuals,0.15463299642925654,0.0018099048020646055,0.0,5.473191851074163,1.000051926049535,-0.712805566166172,0.5156660306169759,0.017176448460761634,-2.5859684427472374,0.00010289474954720544,29.977913096936433,1.0002211344739862,0.01981518818315253,-0.0001983827781765101
117,0.46638550000000034,0.12409290981679683,0.47468047662552826,-0.05180396914675295,0.12679889151597962,-2.745773033340138,0.17710222527539426,0.33716650504062534,0,0.0035190000000000004,1,Shared Control,0.01,Good Visuals,0.15365663694992657,0.001524252994404051,0.0,5.473606799666393,1.0000606682155633,-0.7219425515409185,0.5065290452422294,0.02259723177316592,-2.561675836813523,9.339898706516517e-05,29.980184811816848,1.0001983827781764,0.016688646456354695,-0.0001670726235594276
118,0.46994740000000057,0.1256637061435917,0.4599276642653761,-0.05143851913180256,0.12276115922475078,-2.7991741303056643,0.17828384282295684,0.32630743899736764,0,0.0035619000000000002,1,Shared Control,0.01,Good Visuals,0.1567760314025883,0.0010815686818092043,0.0,5.474177864258769,1.0000726998889427,-0.7305288930403782,0.4979427037427697,0.03637316748716096,-2.5112135878157815,7.896235509395326e-05,29.983311353543645,1.0001670726235594,0.011842568464084435,-0.00011855021305057394
119,0.47443400000000047,0.12786282100110458,0.4567183122840882,-0.05042102182185226,0.13041087328672057,-2.8154916650749944,0.17971714074030018,0.312613938067261,0,0.0044866,1,Shared Control,0.01,Good Visuals,0.15885675614174433,0.0003250392976355646,0.0,5.475062932819845,1.0000913485279244,-0.7418245316710271,0.48664706511212075,0.046591864494979575,-2.461245180339254,5.563429133160123e-05,29.988157431535914,1.0001185502130505,0.0035593268709335608,-3.562739808631279e-05
120,0.47789570000000037,0.1291194580625405,0.45239313709166756,-0.05059768267775969,0.13977919902440655,-2.849954839757164,0.18078101586739811,0.30203973678455054,0,0.0034617000000000003,1,Shared Control,0.01,Good Visuals,0.14570759564059763,-9.239895731248107e-05,0.0,5.476575615158278,1.0001232234183877,-0.7507167387961706,0.47775485798697725,0.034990512669257734,-2.5802934029201654,1.6388813519042336e-05,29.996440673129065,1.0000356273980864,-0.0010120512153998565,1.0127804418968797e-05
121,0.48141940000000005,0.13069025438933538,0.4398575046342761,-0.05009076147806274,0.13781776784972555,-2.9089568251353595,0.18182634138623013,0.2912708786689774,0,0.0035237000000000003,1,Shared Control,0.01,Good Visuals,0.13734538942028157,-0.00046020487722238054,0.0,5.477410361222518,1.000140814287528,-0.7601293173920531,0.46834227939109474,0.029849234371084585,-2.6470312989348783,-4.67517312185278e-06,30.0010120512154,0.999989872195581,-0.005041250137036988,5.0442831009460297e-05
122,0.48497440000000047,0.13178981181809182,0.4218215982600272,-0.05003652956813831,0.1305507195910498,-2.975741582246496,0.18284249295885974,0.2804034179138204,0,0.0035550000000000004,1,Shared Control,0.01,Good Visuals,0.1365651923418781,-0.0008926172309629773,0.0,5.478145980998888,1.0001563186297078,-0.7691225775647588,0.4593490192183891,0.036734701074662916,-2.622476940689248,-2.305201273598741e-05,30.005041250137037,0.9999495571689906,-0.00977897822721937,9.78393371434008e-05
123,0.48850320000000025,0.1333606081448867,0.4026202064538593,-0.04948188481397303,0.12221678854003892,-3.0435661572283483,0.18381294624320832,0.26961557139342285,0,0.0035288000000000003,1,Shared Control,0.01,Good Visuals,0.14357718313122703,-0.0015719940088043513,0.0,5.479010886764099,1.0001745491523761,-0.7782320269074283,0.45023956987571956,0.054134138479985335,-2.493621675472758,-4.466346847010876e-05,30.00977897822722,0.9999021606628566,-0.017223473411170243,0.00017230549274618954
124,0.49239500000000014,0.13477432483900212,0.3900928572022986,-0.0490386214042062,0.12047728580887573,-3.0874416772421767,0.18483908797243362,0.2577203856447272,0,0.0038918000000000004,1,Shared Control,0.01,Good Visuals,0.14893740730787736,-0.0025082321166077174,0.0,5.480369849795811,1.000203194650648,-0.7876196750770976,0.4408519217060502,0.07034963864436093,-2.4015472421768638,-7.778522647191262e-05,30.01722347341117,0.9998276945072538,-0.02748578810794215,0.00027492609281801634
125,0.4960987000000001,0.13603096190043804,0.3821537184029196,-0.04880812607199558,0.1244333327581924,-3.1194644120222996,0.1857726511892877,0.24640534926536628,0,0.0037037000000000003,1,Shared Control,0.01,Good Visuals,0.1483351107933277,-0.0033975291931237187,0.0,5.482242904464923,1.0002426817266958,-0.7957601058951087,0.4327114908880392,0.07673804313557046,-2.371160414206123,-0.00012300024516019662,30.027485788107942,0.999725073907182,-0.03724061741881175,0.0003724015094599549
126,0.4994204,0.13760175822723295,0.37913754879602973,-0.04817089296205476,0.13273219953066345,-3.1318916163840718,0.1865742906050266,0.23626405269278192,0,0.0033217000000000003,1,Shared Control,0.01,Good Visuals,0.14319667002627262,-0.004312966122657337,0.0,5.484022690670915,1.0002802149770686,-0.8043905696640631,0.4240810271190848,0.07617871746049909,-2.410676732201444,-0.0001658270331912679,30.03724061741881,0.9996275984905401,-0.0472862064847204,0.00047274210257794083
127,0.5030787999999999,0.13854423602330987,0.3781532712160883,-0.04803005458171672,0.1418892185233064,-3.13677150119728,0.18741822273504055,0.22510467660492292,0,0.0036584,1,Shared Control,0.01,Good Visuals,0.13148401836037038,-0.005054981448915289,0.0,5.4858551586230035,1.0003188658101083,-0.8130179533489474,0.41545364343420044,0.06593283003776224,-2.5344095898723182,-0.00020775942944349494,30.04728620648472,0.999527257897422,-0.055436239279102156,0.0005540740387685535
128,0.5075450000000004,0.14074335088082274,0.34195944878205997,-0.046674871854217814,0.11685477217713705,-3.2565386430935375,0.18839319459074533,0.21149914938009984,0,0.0044662,1,Shared Control,0.01,Good Visuals,0.12258822648305348,-0.006442881092438715,0.0,5.4888304462747275,1.0003816481448848,-0.8310944091632265,0.39737718761992136,0.06586486358804322,-2.5443583430278176,-0.0002761149062537039,30.06360438620124,0.9993644161266653,-0.07068625308703948,0.00070620103837554
129,0.5132935999999999,0.14278538610565608,0.3255365142889998,-0.045607808485089246,0.11403736490889999,-3.2756654087817734,0.18955876675191197,0.19402361131445034,0,0.0057486,1,Shared Control,0.01,Good Visuals,0.13865235005715804,-0.008325903298990772,0.0,5.491993695913742,1.000448404377479,-0.8447383049776914,0.38373329180545646,0.10076373328140283,-2.2774151333658414,-0.0003434418695743327,30.080956346386778,0.9991913155002187,-0.09138229619594535,0.0009125981794172848
130,0.5192458000000002,0.14467034169780998,0.3178638902353952,-0.04488842505410198,0.12384027892094485,-3.2898114021205895,0.19065991357545625,0.17598307984584732,0,0.0059522,1,Shared Control,0.01,Good Visuals,0.12091719812590729,-0.010232985563066628,0.0,5.495799565385811,1.0005287648390828,-0.8605050377533062,0.36796655902984166,0.08348136754955714,-2.4494197826310247,-0.00042516527376855934,30.10184571926539,0.998983171738883,-0.11237216122666778,0.001121632531570472
131,0.5257408000000003,0.1456128194938869,0.304067827729837,-0.045047094081569344,0.12808474788398966,-3.31633135724874,0.19173919530531305,0.1563737470260031,0,0.006495000000000001,1,Shared Control,0.01,Good Visuals,0.12287306550008602,-0.011149734709881877,0.0,5.497716641595235,1.0005692575511003,-0.8683045221160806,0.36016707466706727,0.089051398369441,-2.340009109469975,-0.0004593426055274239,30.112372161226666,0.9988783674684295,-0.12247184754367849,0.0012221169561814754
132,0.5292291000000002,0.14671237692264333,0.29249003741575524,-0.045026818382669725,0.13611629038975215,-3.3219621750019317,0.19226636316644635,0.1458801540289492,0,0.0034883,1,Shared Control,0.01,Good Visuals,0.11957634996145863,-0.012186080242586108,0.0,5.499555346918924,1.0006081073296622,-0.8769006774974472,0.35157091928570067,0.09270040787738248,-2.3807448365598294,-0.0005022631484605882,30.12247184754368,0.9987778830438185,-0.13388754496051622,0.001335710282026103
133,0.5331864,0.14781193435139975,0.29072767361003593,-0.044454428815046604,0.14484751958108674,-3.2913523142449277,0.19282015813105155,0.13401175676023586,0,0.0039573,1,Shared Control,0.01,Good Visuals,0.11151602436799127,-0.013127511117838773,0.0,5.50163377973952,1.0006520178466118,-0.8853629136583812,0.34310868312476667,0.0895080177748839,-2.4848003761257917,-0.0005487004218795645,30.133887544960515,0.9986642897179739,-0.14427318567146682,0.0014389000587926605
134,0.5364004000000007,0.1487544121474767,0.2935105822176118,-0.04406574598357485,0.15949882545737593,-3.250474031726793,0.19323542318747328,0.1244030925905577,0,0.0032140000000000003,1,Shared Control,0.01,Good Visuals,0.09970823418988448,-0.0139557569196686,0.0,5.5035232634493205,1.0006919647383639,-0.8946274620841681,0.3338441346989797,0.07646596307999343,-2.60188963568595,-0.0005835760085066966,30.144273185671466,0.9985610999412073,-0.15341690258167906,0.001529683675142316
135,0.5408935000000001,0.14969688994355365,0.2888133263660393,-0.043538533243919625,0.16441023377548158,-3.233538195933078,0.19376429044226975,0.1110199602387015,0,0.0044931,1,Shared Control,0.01,Good Visuals,0.08297533381658645,-0.014630386271138985,0.0,5.505186189685433,1.000727133586518,-0.905734701175302,0.32273689560784585,0.05605800758588975,-2.7710598236493955,-0.0006149708394306336,30.15341690258168,0.9984703163248577,-0.1608719526968327,0.0016036294676676707
136,0.5439434000000007,0.15048228810695108,0.27401059090226954,-0.043282002335318676,0.16299063066356803,-3.236718511985162,0.19408908314047338,0.1019707614406231,0,0.0030499000000000004,1,Shared Control,0.01,Good Visuals,0.07521223738238378,-0.015127889063274008,0.0,5.506541347029622,1.0007558065939588,-0.9152945049265093,0.31317709185663845,0.049101298921164035,-2.7946922417070734,-0.00063698555903737,30.160871952696834,0.9983963705323323,-0.1663758402128804,0.0016581605048480415
137,0.5474848000000003,0.15142476590302803,0.2585412874209279,-0.04266431723744535,0.1565705259803048,-3.228623270154282,0.19443165185833383,0.09150139070689892,0,0.0035414,1,Shared Control,0.01,Good Visuals,0.07526014363974534,-0.01571286390862871,0.0,5.50754126509757,1.0007769746885946,-0.925163083934702,0.30330851284844573,0.05540417095985635,-2.7535097679109146,-0.0006547653297650674,30.16637584021288,0.998341839495152,-0.17283159864705874,0.0017222793109048353
138,0.5509736000000007,0.1518960048010665,0.24261117041500888,-0.04253564705726734,0.15110977970810996,-3.227546723886889,0.1947329517006208,0.08122986707683587,0,0.0034888000000000002,1,Shared Control,0.01,Good Visuals,0.0783295229726578,-0.016356937772255692,0.0,5.508715548482822,1.0008018033890496,-0.934291634548717,0.29417996223443077,0.06441258415132868,-2.656505722438364,-0.0006703786105065408,30.172831598647058,0.9982777206890951,-0.1799438854498964,0.0017928759313853408
139,0.5544397000000005,0.15268140296446395,0.22153497494037838,-0.04205154873615685,0.1403051078635425,-3.2534652779392568,0.1949968804788703,0.07106912183061749,0,0.0034661,1,Shared Control,0.01,Good Visuals,0.08313671876635795,-0.01715067822148339,0.0,5.510008859296159,1.0008291564398528,-0.9434230709273842,0.2850485258557636,0.07590223283541155,-2.537426398051286,-0.0006957529320183528,30.179943885449898,0.9982071240686147,-0.18870663212316546,0.001879877432950085
140,0.5583138999999999,0.15346680112786137,0.2038862242440671,-0.041530079351008914,0.13281710241344963,-3.265200153255245,0.19525030345954342,0.059766709065603135,0,0.0038742000000000004,1,Shared Control,0.01,Good Visuals,0.09134524998775545,-0.01833995526374213,0.0,5.511602495999727,1.0008628561383244,-0.9538371759054214,0.2746344208777264,0.09450579736814771,-2.3848367175133345,-0.0007212125810888526,30.188706632123164,0.99812012256705,-0.20182873245725286,0.0020102335065931283
141,0.5623335000000003,0.15425219929125883,0.19538333919997342,-0.04099810416828459,0.13561663013437028,-3.2484378325327117,0.19546708028917095,0.048104390623764176,0,0.0040196,1,Shared Control,0.01,Good Visuals,0.09605801904883637,-0.01943570937728795,0.0,5.51398960625281,1.0009133193227933,-0.9619179760336897,0.26655362074945815,0.10739954458035039,-2.2587841029401123,-0.0007616597973971643,30.20182873245725,0.9979897664934069,-0.21395885219403366,0.0021303385778629483
142,0.5659694000000002,0.1548805178219768,0.19325529301863859,-0.040586562467194165,0.1451509023948744,-3.218207443840808,0.19562289568296876,0.03761462448937809,0,0.0036359,1,Shared Control,0.01,Good Visuals,0.09040662249912182,-0.020443400425750474,0.0,5.516192625868403,1.0009599652642525,-0.9698213836834981,0.2586502130996497,0.10436977501930296,-2.3029919138086274,-0.000796827237634557,30.213958852194033,0.9978696614221371,-0.2251215367314319,0.002240791099735676
143,0.5694891000000002,0.15566591598537424,0.19445139276771534,-0.039956979697594514,0.15683676827833726,-3.1788023444052573,0.19573749976993962,0.027516298746083433,0,0.0035197,1,Shared Control,0.01,Good Visuals,0.07866907828259093,-0.02136124559398404,0.0,5.518219266114752,1.0010028892137326,-0.9785572346286917,0.24991436215445614,0.0917353354764329,-2.425479897046822,-0.0008297273484215854,30.225121536731432,0.9977592089002644,-0.2352957711565367,0.0023413956587170948
144,0.5741995000000006,0.15660839378145117,0.17626681838053798,-0.039129105988488455,0.14875051963445454,-3.159828483928662,0.1958354548977137,0.014092382353045996,0,0.0047104,1,Shared Control,0.01,Good Visuals,0.05658227497646695,-0.02269618796335319,0.0,5.5214875713476586,1.001072162892568,-0.9966355356446887,0.23183606113845928,0.06730392294679788,-2.610301752378914,-0.0008773343664777665,30.243137646096283,0.9975812268772072,-0.250118322565182,0.002487718037462588
145,0.5798224000000003,0.15692255304681016,0.15966486078856415,-0.03891290185090354,0.14557247843551815,-3.1592961466458895,0.1958699703133174,-0.0017890080861554074,0,0.0056229,1,Shared Control,0.01,Good Visuals,0.06718642081695941,-0.023471082341813387,0.0,5.522753773072189,1.0010990031083857,-1.004802647085451,0.22366894969769696,0.08414950637031932,-2.3731255094471324,-0.0008880815443527029,30.250118322565182,0.9975122819625374,-0.2586991254163797,0.00257265383044846
146,0.5834149000000002,0.15755087157752812,0.14605556496848818,-0.038319098735789286,0.14784457305464357,-3.1497252065616124,0.19584545050502417,-0.011850146847980615,0,0.0035925,1,Shared Control,0.01,Good Visuals,0.06922974210245261,-0.02437078478185771,0.0,5.5243119287145435,1.0011319951384003,-1.0131665093419502,0.21530508744119775,0.09351344267473674,-2.3153841753174467,-0.0009133279235014596,30.25869912541638,0.9974273461695515,-0.26866969901421917,0.002671269773886244
147,0.5870789000000007,0.1578650308428871,0.13689298041620712,-0.037980419662137055,0.14874312726418773,-3.133386538043324,0.19578334160713667,-0.02203980683898569,0,0.003664,1,Shared Control,0.01,Good Visuals,0.06373840489642646,-0.0252027762416509,0.0,5.526121745536551,1.0011703293435963,-1.0212396229494534,0.2072319738336946,0.0934684015134658,-2.377311937189888,-0.0009338665083246765,30.268669699014218,0.9973287302261138,-0.2779120397434713,0.00276246394996922
148,0.5913026000000006,0.15849334937360507,0.12890218394190095,-0.037289992233531605,0.15094199078088663,-3.123887636287136,0.1956656069259067,-0.03369280824677128,0,0.0042237,1,Shared Control,0.01,Good Visuals,0.061025572795925465,-0.026417048455580055,0.0,5.527797366039605,1.0012058621640265,-1.0330249498141575,0.19544664696899053,0.09391357620051614,-2.3675298548994714,-0.0009572120183088385,30.27791203974347,0.9972375360500307,-0.29135832129348765,0.002895559732126943
149,0.5954750000000004,0.1589645882716435,0.12294528316248418,-0.0367010186542632,0.15663809140925547,-3.111927009409122,0.19550118809632522,-0.04510263286590932,0,0.004172400000000001,1,Shared Control,0.01,Good Visuals,0.055090760920712245,-0.027248976928935915,0.0,5.530239009760532,1.001257556104586,-1.0415046256711804,0.18696697111196756,0.09091059140867731,-2.3616977738540488,-0.0009850915317414083,30.291358321293487,0.997104440267873,-0.30064420363325867,0.002986747004297398
150,0.5989867000000002,0.1592787475370025,0.11970640112225153,-0.03622244055932272,0.16480903398816085,-3.091117638334823,0.19532605987069662,-0.05462467039473246,0,0.0035117000000000004,1,Shared Control,0.01,Good Visuals,0.046186380517178105,-0.027970621703870848,0.0,5.531918513820044,1.0012932527542777,-1.0498919899853631,0.17857960679778473,0.08393552518646097,-2.4430165193355564,-0.0010000652105784647,30.300644203633258,0.9970132529957026,-0.3086800444148988,0.0030658461343427163
151,0.6024839000000002,0.159435827169682,0.11023052040513512,-0.03589023270101463,0.16485519079986757,-3.093514065358396,0.19511855536920764,-0.06403145525612863,0,0.0034972000000000002,1,Shared Control,0.01,Good Visuals,0.03540503300087436,-0.028617965763213852,0.0,5.533373640565737,1.001324143425876,-1.0589960800486125,0.16947551673453545,0.07340227973099343,-2.5450324452782276,-0.0010131641820757637,30.3086800444149,0.9969341538656573,-0.31588880683713605,0.0031368011993726727
152,0.6074768000000006,0.15990706606772045,0.07438934546396156,-0.03521148930148718,0.1384208007200902,-3.1316099852857286,0.19476559667947593,-0.07732579206857867,0,0.004992900000000001,1,Shared Control,0.01,Good Visuals,0.0407740706466882,-0.030047415706093653,0.0,5.536010207001172,1.0013800995992932,-1.0759160058727641,0.15255559091038368,0.09310710798445487,-2.349601448711824,-0.001040137534865568,30.323236914283555,0.9967907984810398,-0.3317827528952688,0.0032934825069250166
153,0.6129218000000005,0.16006414570039995,0.0656841311398409,-0.03470145097907598,0.14300992320841957,-3.1164097385310807,0.19430550852682715,-0.09163555935297657,0,0.005445,1,Shared Control,0.01,Good Visuals,0.056369322894631174,-0.0310245708503588,0.0,5.537559158778998,1.0014129484872232,-1.082979859609786,0.14549173717336197,0.11719416390603028,-2.0464261362250715,-0.0010580142566724545,30.33178275289527,0.9967065174930749,-0.3426382689227357,0.003400588003306737
154,0.6164805000000007,0.16006414570039995,0.056729562678659334,-0.0342413628264272,0.1483651220316359,-3.115031393309413,0.19396293303601198,-0.10087816581774489,0,0.0035587,1,Shared Control,0.01,Good Visuals,0.04901167420290742,-0.03198134994858976,0.0,5.539527161656614,1.0014546741337433,-1.090569016375612,0.13790258040753578,0.11296721120400667,-2.130469026395538,-0.0010765976245105955,30.342638268922737,0.9965994119966932,-0.3533003066687825,0.0035054600912705646
155,0.6199987,0.16022122533307945,0.0438771030699109,-0.03374170770293253,0.14475526888765577,-3.126380157624456,0.19359207850553992,-0.10992770236499096,0,0.0035182000000000004,1,Shared Control,0.01,Good Visuals,0.04116001847355952,-0.0328607575599931,0.0,5.541457106625741,1.0014956538762039,-1.098192718503071,0.13027887828007675,0.10916303976124582,-2.216901371793023,-0.001095085007268601,30.353300306668782,0.9964945399087294,-0.363113127632442,0.003601851528489115
156,0.6244366000000001,0.16037830496575894,0.030893620260245738,-0.03321377353978097,0.1408213226252367,-3.0927122091666623,0.19307913092980256,-0.12121502666991162,0,0.004437900000000001,1,Shared Control,0.01,Good Visuals,0.03848206803992554,-0.034727780860799376,0.0,5.54540414139644,1.0015794518286518,-1.1132865556345357,0.11518504114861208,0.11610798832627059,-2.154737544517637,-0.001127218964059027,30.375103928189,0.9962800397261946,-0.383953140850454,0.0038064950373143964
157,0.6302902000000001,0.16037830496575894,0.02328737144940358,-0.03270082596404361,0.1445023981193152,-3.088397347052236,0.19232654349443185,-0.13587832827355711,0,0.0058536000000000005,1,Shared Control,0.01,Good Visuals,0.043188312380426,-0.03556416439291447,0.0,5.547001282748559,1.001613458957683,-1.1193343175428019,0.10913727924034589,0.12181059775445069,-2.005824652006962,-0.0011534406490497303,30.383953140850455,0.9961935049626855,-0.3932841212257881,0.0038981706262916733
158,0.6336454000000007,0.16037830496575894,0.013864075707666413,-0.0319482385286729,0.14974240398122352,-3.0851891587624953,0.19185671894672401,-0.14416461362006017,0,0.0033552,1,Shared Control,0.01,Good Visuals,0.03670599519926915,-0.03662256276629025,0.0,5.548689315431537,1.001649317360767,-1.1276237512686516,0.10084784551449621,0.11861388911189276,-2.0808378456835768,-0.0011629775503693327,30.39328412122579,0.9961018293737083,-0.4050732333465003,0.004014181153192464
159,0.6373757000000007,0.16022122533307945,0.003293442340513342,-0.031635493613644566,0.14745805596057351,-3.0820188501643266,0.19130191825684384,-0.15327329456130312,0,0.0037303,1,Shared Control,0.01,Good Visuals,0.027342879759068406,-0.037516026221399365,0.0,5.550823723900158,1.001694620994054,-1.135506911426306,0.09296468535684166,0.11344538032251646,-2.1872149596733133,-0.0011700263707887359,30.4050732333465,0.9959858188468076,-0.4150822445289633,0.004112113244549722
160,0.6414532,0.16022122533307945,-0.0078384956854313,-0.03108069292376439,0.14543479887587182,-3.082058010822231,0.19065686252796635,-0.16310186161342766,0,0.0040775,1,Shared Control,0.01,Good Visuals,0.027946599841882358,-0.03879820562643659,0.0,5.552630684753205,1.001733081060348,-1.146085352390997,0.0823862443921507,0.11880860892401064,-2.122394961015,-0.0011868380079364017,30.415082244528964,0.9958878867554503,-0.42935891338960125,0.004252652300638104
161,0.6458808000000005,0.16006414570039995,-0.016341345751444938,-0.030592716827566396,0.14676051586198272,-3.0779101163712377,0.18991136840043893,-0.1736196295828185,0,0.0044276,1,Shared Control,0.01,Good Visuals,0.02696513209456053,-0.039697994137050205,0.0,5.555215903204221,1.001787939642234,-1.1531443654058047,0.075327231377343,0.1229837248640252,-2.0537102917513383,-0.0012058751150683437,30.429358913389603,0.9957473476993619,-0.43948592597239317,0.004351277678228798
162,0.6494298000000001,0.16006414570039995,-0.021607492079627033,-0.029847222700038978,0.15201213750319148,-3.0672407306303024,0.18928041130474532,-0.1819315162375248,0,0.003549,1,Shared Control,0.01,Good Visuals,0.022976323396558973,-0.04061499187285971,0.0,5.557039913640586,1.0018268484365433,-1.1605396949817768,0.06793190180137088,0.12274781082238878,-2.073321252620518,-0.0012144694932571679,30.43948592597239,0.9956487223217712,-0.4497486842945064,0.004451789350557609
163,0.6530985000000005,0.15990706606772045,-0.024138826435855913,-0.029373345237024867,0.15779268980166888,-3.046983286850829,0.18859737028646087,-0.19041045585630115,0,0.0036687000000000004,1,Shared Control,0.01,Good Visuals,0.013621699259389636,-0.04141751068017331,0.0,5.55889355151982,1.0018662788386592,-1.167947240066223,0.060524356716924584,0.11525697229127986,-2.1706455735938266,-0.0012122447073895169,30.449748684294505,0.9955482106494424,-0.4587556558890951,0.00453975304364918
164,0.6575481000000005,0.1592787475370025,-0.04534313538101692,-0.029318622749458373,0.14506732047528423,-3.054918693783545,0.1877275264792876,-0.20053668180145312,0,0.004449600000000001,1,Shared Control,0.01,Good Visuals,0.0007882111136711945,-0.04289337698406474,0.0,5.562251830107517,1.0019377645233691,-1.183521469458625,0.04495012732452278,0.10490062929797563,-2.225564716461921,-0.001226166836859028,30.468355823791924,0.9953662460944934,-0.4753276874691144,0.0047015220257796714
165,0.6634831999999999,0.1589645882716435,-0.0628932396232698,-0.028762938207644084,0.1376434421781833,-3.0132057318110808,0.18649789694332192,-0.21376889594130305,0,0.0059351000000000004,1,Shared Control,0.01,Good Visuals,0.016390967497199566,-0.04446336258708827,0.0,5.565114494340924,1.0019987271209363,-1.194974216617704,0.03349738016544385,0.1345804163667289,-1.9162504855509717,-0.0012429133732847497,30.484225021353417,0.9952112136035163,-0.4929104165885311,0.004873607378152705
166,0.6692774000000004,0.15849334937360507,-0.06254347730578336,-0.028004547569716848,0.1512254186355197,-2.935592495988853,0.18522260104622795,-0.2263767808574265,0,0.0057942,1,Shared Control,0.01,Good Visuals,0.0011874580415293379,-0.04596883582627997,0.0,5.568384766365879,1.002068354943385,-1.2065434571549738,0.021928139628173915,0.11642235027019386,-2.0597821705370287,-0.0012474128637650534,30.50235096371135,0.9950340762103169,-0.5098311964180394,0.005038621561948752
167,0.6755671000000003,0.15817919010824608,-0.07224404825795872,-0.027043410937981877,0.15413273259946778,-2.9390368328420267,0.18375664076260279,-0.23970707336738412,0,0.0062897000000000005,1,Shared Control,0.01,Good Visuals,0.004435234905808494,-0.046869231868414504,0.0,5.569730627421326,1.002097086373856,-1.214177520573561,0.01429407620958668,0.11813749072832483,-1.9181545814184358,-0.0012873364496215614,30.50983119641804,0.9949613784380512,-0.5199012675465047,0.005137313530771656
168,0.6792443000000006,0.15770795121020761,-0.08686018098588791,-0.02604868955239517,0.1528468923814962,-2.957543942180809,0.182861143042162,-0.2473252847466575,0,0.0036772000000000003,1,Shared Control,0.01,Good Visuals,-0.0037882069592403145,-0.047621749981245666,0.0,5.571550036443682,1.0021357666946864,-1.2213243909796947,0.007147205803452976,0.11468042610722795,-2.012522641961507,-0.0012675038977650896,30.519901267546505,0.9948626864692284,-0.5283860946157661,0.00521979667225031
169,0.6832383000000002,0.15755087157752812,-0.09575700683463935,-0.025310271464633882,0.15156827791201816,-2.9498048632341405,0.18185704725565197,-0.2554507613036114,0,0.003994,1,Shared Control,0.01,Good Visuals,-0.008006970246865225,-0.04834843023800467,0.0,5.5730768376357585,1.002168354589506,-1.2284436615452767,2.793523787084952e-05,0.11835434716678817,-2.064633885964308,-0.0012404841812032488,30.528386094615765,0.9947802033277497,-0.536561462684465,0.005299447738990075
170,0.6864291000000007,0.15723671231216912,-0.09462170604973436,-0.02462033494348284,0.16082905525387703,-2.9093403562083595,0.18103175197319765,-0.26182917766931013,0,0.0031908,1,Shared Control,0.01,Good Visuals,-0.010808327863378875,-0.049085895739951056,0.0,5.574549569663806,1.002199753518366,-1.2358168905568527,-0.007345293773705079,0.11927436885917822,-2.0640582866513433,-0.0012237118942128116,30.536561462684464,0.99470055226101,-0.5448540927868198,0.005380280971168127
171,0.6910152000000007,0.15645131414877167,-0.09893905259795885,-0.024580437824425982,0.16289012507135128,-2.8489064632226473,0.17981028324693552,-0.2708185536528649,0,0.0045861,1,Shared Control,0.01,Good Visuals,-0.03178368501165274,-0.05031032399228479,0.0,5.577447365127923,1.0022615442326837,-1.252133170003137,-0.02366157321998957,0.0938008272909271,-2.21741664598572,-0.0012157459186132795,30.552650763381337,0.9945438578446266,-0.5586752392787931,0.005514489951717097
172,0.6972411000000003,0.1559800752507332,-0.09986117890550596,-0.023830207996202307,0.17095737474735895,-2.7898260615619836,0.1780870626422738,-0.2826804512895511,0,0.0062259,1,Shared Control,0.01,Good Visuals,-0.026139581176726157,-0.05091532537354766,0.0,5.578529419503888,1.002284679031699,-1.2594778062430116,-0.031006209459864233,0.10012697801602213,-2.0362174216453184,-0.0012366497908190832,30.55867523927879,0.9944855100482829,-0.5654729106420026,0.005580803856558193
173,0.7010119000000001,0.15566591598537424,-0.10022823907662817,-0.022421146656899565,0.18245221221292293,-2.7279342029189713,0.1770079058363857,-0.2896704300089838,0,0.0037708000000000004,1,Shared Control,0.01,Good Visuals,-0.03838570427864735,-0.05138687328518377,0.0,5.57975474074816,1.002310784028456,-1.2668675940897225,-0.03839599730657499,0.08520327751023339,-2.1629069386848783,-0.0012133227938459577,30.565472910642004,0.9944191961434418,-0.5708116889044308,0.005632489992009621
174,0.7044798000000005,0.15503759745465628,-0.10626692144507041,-0.02197030838172942,0.18340350856391338,-2.683093985764082,0.17599240203053754,-0.29596772730396614,0,0.0034679000000000003,1,Shared Control,0.01,Good Visuals,-0.05775156571654652,-0.05173159731644958,0.0,5.580713441652296,1.0023312845806662,-1.2756101435150802,-0.04713854673193271,0.06275091860908089,-2.416070036025349,-0.0011521526221666197,30.57081168890443,0.9943675100079904,-0.5747222828431967,0.005670275024100097
175,0.7083674000000002,0.15472343818929732,-0.11458625591682498,-0.021268963841240218,0.18138147138714117,-2.6418575632750376,0.17482831741470228,-0.30287609596235987,0,0.0038876,1,Shared Control,0.01,Good Visuals,-0.06120841972783578,-0.05211832405904064,0.0,5.581414991598989,1.002346300455915,-1.2860041125438504,-0.05753251576070281,0.05977252249440583,-2.389143553331824,-0.0011365591461218435,30.574722282843197,0.9943297249758999,-0.5790716707775644,0.005712663952790076
176,0.7122490000000008,0.15409511965857933,-0.12023952613370976,-0.02073319775612295,0.18263656982865012,-2.5977103110176065,0.17363954659671454,-0.309612835122009,0,0.0038816000000000002,1,Shared Control,0.01,Good Visuals,-0.06308249577968379,-0.05242961327380609,0.0,5.582198611946397,1.002363002248102,-1.2944361463982488,-0.0659645496151013,0.05954929183841704,-2.3240267500133642,-0.0011085027498777755,30.579071670777566,0.99428733604721,-0.5825961645358125,0.0057467842110330005
177,0.7160251000000004,0.15362388076054087,-0.12769589900939868,-0.020015665836173674,0.1819169361126103,-2.5683906524691564,0.17245828974650343,-0.3160105426477381,0,0.0037761,1,Shared Control,0.01,Good Visuals,-0.06732066257022172,-0.05269573578029918,0.0,5.5828315000161925,1.0023765353835055,-1.3023175857597529,-0.07384598897660538,0.055646713610238346,-2.3136472512855093,-0.0010870335402828706,30.58259616453581,0.994253215788967,-0.5856059866921421,0.0057759537685219756
178,0.7194927,0.15315264186250238,-0.1355364007572916,-0.019305647884001048,0.1804741418904465,-2.537030610801279,0.17135250453187612,-0.32174883835768175,0,0.0034676000000000004,1,Shared Control,0.01,Good Visuals,-0.07059645712704256,-0.05295950038731651,0.0,5.583372261058342,1.0023880922800312,-1.3105681271700995,-0.08209653038695211,0.05430881990781767,-2.303012256900691,-0.001054740238369769,30.58560598669214,0.994224046231478,-0.588580502162829,0.005804864877805207
179,0.7241445000000004,0.1518960048010665,-0.14642598749912644,-0.019456499730809623,0.1753228508585553,-2.4583847243282095,0.16983827882376218,-0.32923920194890566,0,0.0046518,1,Shared Control,0.01,Good Visuals,-0.07718499924852447,-0.053454982541962924,0.0,5.584479268729193,1.0024117092334446,-1.3273066492412913,-0.09883505245814386,0.04934791549247884,-2.2464290757207124,-0.0010024406409722454,30.59175657814428,0.9941642250988734,-0.5941790484731843,0.005859174433900926
180,0.7302671000000007,0.15142476590302803,-0.15564843002422213,-0.01841351292073415,0.17359077192468353,-2.431219994059221,0.16779320686831467,-0.3387313388746631,0,0.006122600000000001,1,Shared Control,0.01,Good Visuals,-0.06708443572207871,-0.053698900354609995,0.0,5.584913785030847,1.002421010247623,-1.3333630678127983,-0.10489147102965095,0.0607256464977276,-1.9915878235800994,-0.0010400468534381348,30.594179048473183,0.9941408255660991,-0.596923885763624,0.005885910145781719
181,0.7335024000000008,0.15095352700498954,-0.15978804743224534,-0.01683967986332513,0.17894329144241777,-2.380294618849022,0.16668943853659857,-0.3435772478360186,0,0.0032353000000000004,1,Shared Control,0.01,Good Visuals,-0.07116588098522497,-0.053963790302133746,0.0,5.585408171245745,1.0024315496997283,-1.3405887818505362,-0.11211718506738885,0.05948635066768039,-2.02969495442076,-0.0009887853955088267,30.596923885763623,0.9941140898542182,-0.5999074999460868,0.005914944603086239
182,0.7370441000000003,0.1501681288415921,-0.1621885004718362,-0.016521309695006453,0.18138874736418242,-2.33020374060292,0.16546339550713202,-0.34874619644618554,0,0.0035417,1,Shared Control,0.01,Good Visuals,-0.08531492009507258,-0.05413794621040042,0.0,5.585945315091418,1.0024430057663032,-1.3481408038854243,-0.11966920710227699,0.04460561824892525,-2.2087102348175436,-0.0009087329528995416,30.599907499946088,0.9940850553969137,-0.6018922967854345,0.005934033746823736
183,0.7411963000000004,0.14969688994355365,-0.16625193465787064,-0.015766505563578365,0.1824942617883149,-2.2972161699372387,0.16400306037840365,-0.3546240015369585,0,0.0041522,1,Shared Control,0.01,Good Visuals,-0.08954026166324457,-0.05433817945243175,0.0,5.586300562584348,1.0024506257933103,-1.3582200745113593,-0.12974847772821188,0.03891961778455985,-2.19295736171944,-0.0008944297755936263,30.601892296785433,0.9940659662531762,-0.6041461671436528,0.005955981214332608
184,0.7449697000000004,0.1489114917801562,-0.16797441452605835,-0.015091568598247451,0.18664958701090015,-2.268626960490296,0.16265511655834475,-0.3597938868046835,0,0.0037734,1,Shared Control,0.01,Good Visuals,-0.09486022773546647,-0.054460827985408265,0.0,5.586706461200305,1.0024592797896625,-1.3656104670288294,-0.1371388702456819,0.03376986628511368,-2.172877959975889,-0.0008567232086514848,30.604146167143654,0.9940440187856674,-0.6055473373919413,0.0059694246599123965
185,0.7484172000000004,0.14812609361675874,-0.17621471604461908,-0.014529022941586006,0.18357917076006441,-2.2759766753626285,0.16140679359688223,-0.3643734117578913,0,0.0034475,1,Shared Control,0.01,Good Visuals,-0.10279367054807084,-0.05455325007767327,0.0,5.586956948108472,1.0024646589492752,-1.3735774443727298,-0.14510584758958234,0.025267808555352166,-2.2230530006977114,-0.0008218993214591433,30.60554733739194,0.9940305753400877,-0.6065972620326744,0.005979555000142171
186,0.7520781000000003,0.14734069545336131,-0.19046159266956703,-0.014066098143520916,0.17391181908832426,-2.2981868293313936,0.1600641867054381,-0.36908515447527834,0,0.0036609000000000004,1,Shared Control,0.01,Good Visuals,-0.10285661048719819,-0.0546693614975852,0.0,5.587145166993888,1.0024686898545352,-1.3822006851076751,-0.15372908832452764,0.029519256153915024,-2.1565110498275204,-0.0007926054219165935,30.606597262032675,0.9940204449998579,-0.6079025786611961,0.005992281915963309
187,0.7574778000000002,0.14592697875924587,-0.20685234263324648,-0.01413720794619222,0.16223281184203187,-2.295694661834711,0.158053093193559,-0.37574865972169197,0,0.0053997,1,Shared Control,0.01,Good Visuals,-0.09282943679058923,-0.054985404760504446,0.0,5.587684860959338,1.0024801875296252,-1.3957003422844976,-0.16722874550135003,0.05255688038817879,-1.8885695015607111,-0.0007405531775613523,30.609591762258066,0.9939912402646724,-0.611458832771308,0.006026923263094035
188,0.7628757000000004,0.14498450096316892,-0.21141853080264522,-0.013068592230390086,0.16433012891904675,-2.2904279740419233,0.15600763236011966,-0.3820667666134442,0,0.005397900000000001,1,Shared Control,0.01,Good Visuals,-0.08363732858653274,-0.05519893299871048,0.0,5.588020939393189,1.0024873560890488,-1.4014542901741087,-0.17298269339096112,0.06398214497852754,-1.6621260296987335,-0.000777340101104799,30.61145883277131,0.9939730767369059,-0.6138586646537156,0.006050327988616685
189,0.7664211000000005,0.1445132620651305,-0.21425898946765323,-0.011494370294989176,0.16780777714579095,-2.2778210797032172,0.15464598532973997,-0.38602874134809995,0,0.0035454,1,Shared Control,0.01,Good Visuals,-0.09170717126091936,-0.05538295581514656,0.0,5.588453453338242,1.0024965703171054,-1.4077024026430194,-0.1792308058598717,0.057921197823571836,-1.7514471236504416,-0.0007213723469127707,30.613858664653716,0.9939496720113833,-0.6159428695676477,0.006070498639322077
190,0.7699807000000005,0.14357078426905354,-0.21235976809012744,-0.011075201060686435,0.1736689732579725,-2.247153056823694,0.1532650207533865,-0.3898560472629018,0,0.0035596000000000004,1,Shared Control,0.01,Good Visuals,-0.10398800932896539,-0.05550735643835626,0.0,5.588827646183204,1.0025045720193992,-1.4142236274250009,-0.18575203064185317,0.04639859946307414,-1.9031737288724524,-0.0006365922021703186,30.615942869567647,0.9939295013606779,-0.6173610298396868,0.006084134130653487
191,0.7742893000000004,0.14247122684029712,-0.21651404382939093,-0.010793793913089378,0.17334200343351086,-2.2451640841073544,0.15157566352451712,-0.39428609437098466,0,0.0043086,1,Shared Control,0.01,Good Visuals,-0.11220468455294545,-0.05563094781860422,0.0,5.589081436222459,1.0025100162539642,-1.423142661392303,-0.19467106460915526,0.035915721901106416,-1.9503255925525578,-0.0006147551329019833,30.617361029839685,0.9939158658693465,-0.6187569931096462,0.006097680921260535
192,0.7779011000000002,0.1415287490442202,-0.22941609164925164,-0.010046914480296931,0.16487000272173302,-2.2697999384307277,0.15014513726938045,-0.39782812692073294,0,0.0036118,1,Shared Control,0.01,Good Visuals,-0.11344792163099501,-0.055722804256920104,0.0,5.589332403035075,1.0025153757252183,-1.4295302724480023,-0.20105867566485452,0.03667141338370032,-1.8703475801415022,-0.000600468985943843,30.618756993109645,0.9939023190787395,-0.6198015199281137,0.006107749260438219
193,0.7815341,0.1410575101461817,-0.23517135462315253,-0.009087627123198744,0.1626567722975804,-2.2581792999647834,0.14869359535416063,-0.40123257032555126,0,0.0036330000000000004,1,Shared Control,0.01,Good Visuals,-0.10912794882121243,-0.055841065571404815,0.0,5.5895195615332725,1.0025193856571475,-1.435870189212672,-0.2073985924295242,0.048261851812214325,-1.7712728088368306,-0.0005598422489716021,30.619801519928114,0.9938922507395618,-0.6211312320923088,0.006120711825149644
194,0.7849866000000008,0.13980087308474579,-0.23521020018640038,-0.008892722269414843,0.1660223701391509,-2.2374876304839915,0.14730296832985146,-0.40432026859033665,0,0.0034525000000000003,1,Shared Control,0.01,Good Visuals,-0.11226975090862579,-0.05594119550972872,0.0,5.589759158269966,1.0025244909516393,-1.4419412344331008,-0.213469637649953,0.047159133831677066,-1.7718954033297774,-0.000507462782075018,30.62113123209231,0.9938792881748504,-0.6222662024950959,0.0061316870186077085
195,0.7885382000000005,0.13901547492134833,-0.24460965988868494,-0.008287493408503127,0.1597106087016517,-2.262393685599135,0.1458615659056126,-0.40734614509023626,0,0.0035516000000000002,1,Shared Control,0.01,Good Visuals,-0.11673222843009887,-0.05603400071818589,0.0,5.589962845255079,1.0025288481895391,-1.4483994533429372,-0.2199278565597893,0.041894468164691286,-1.7659882170730918,-0.0004974695150870542,30.622266202495094,0.9938683129813923,-0.6233161549348255,0.006141859352015511
196,0.7923814,0.1380729971252714,-0.2522944181977665,-0.007788568780341204,0.15505172689246977,-2.2686135241901613,0.14429003487521305,-0.4104482113445267,0,0.0038432,1,Shared Control,0.01,Good Visuals,-0.1137867930528728,-0.05614688542008019,0.0,5.5901514519629,1.0025328790941714,-1.4550105047327433,-0.22653890794959536,0.050510972976733425,-1.6733026373246709,-0.0004643814116040251,30.623316154934827,0.9938581406479845,-0.6245867133661361,0.006154232588856406
197,0.7960366000000008,0.13713051932919446,-0.252830122311662,-0.007159515546018597,0.15761808903286467,-2.24890740046124,0.142784627250268,-0.4132321151151035,0,0.0036552000000000004,1,Shared Control,0.01,Good Visuals,-0.11190414925939801,-0.056248437971500004,0.0,5.590380272810647,1.0025377571592575,-1.4603900857357894,-0.23191848895264147,0.0563133992456485,-1.5881150744069514,-0.00043730387889623134,30.624586713366135,0.9938457674111436,-0.6257364292503401,0.006165363714238577
198,0.7994479000000005,0.13603096190043804,-0.2589700530214228,-0.006753665349829963,0.1542620620936807,-2.256945366538962,0.1413707467745671,-0.415683676266271,0,0.0034113000000000004,1,Shared Control,0.01,Good Visuals,-0.11799288857212564,-0.05633621732376346,0.0,5.590586728682011,1.0025421709975275,-1.4662662931080612,-0.23779469632491318,0.04963928301956886,-1.6249225374752418,-0.00040271156609621704,30.625736429250342,0.9938346362857614,-0.6267312484464049,0.006174985166012557
199,0.8030663000000002,0.13508848410436108,-0.2701364331289904,-0.0062822626702060125,0.14554724313728062,-2.2729449654644034,0.13986216438097013,-0.4181292276175765,0,0.0036184000000000003,1,Shared Control,0.01,Good Visuals,-0.11689665404879801,-0.05642107444904681,0.0,5.59076527711203,1.0025459901212965,-1.4715473288621665,-0.2430757320790186,0.05411003337719072,-1.554937948386604,-0.00038047595887999176,30.626731248446404,0.9938250148339874,-0.6276906302121825,0.006184286313919663
200,0.8075174,0.13304644887952774,-0.28848345995802754,-0.006815715501442388,0.12964576765954894,-2.2708273102798198,0.13799473161368533,-0.42091873333757734,0,0.0044511,1,Shared Control,0.01,Good Visuals,-0.10379239042475417,-0.056631828356427445,0.0,5.591168695698626,1.0025545948315402,-1.4810925627256308,-0.25262096594248296,0.07843074856377699,-1.2818103519420398,-0.00034092475577126864,30.62897252063739,0.9938032124561524,-0.6300690477902781,0.00620738694640046
201,0.8132523000000003,0.1321039710834508,-0.2881030610861767,-0.005890760530234546,0.13281567225140062,-2.230357991526787,0.1355713284196833,-0.4241566952686465,0,0.0057349,1,Shared Control,0.01,Good Visuals,-0.09186834967148619,-0.056789924210103045,0.0,5.591365445412736,1.0025588043362688,-1.4849001587197919,-0.2564285619366441,0.09320978158102093,-1.0532769001828826,-0.0003859864304039271,30.63006904779028,0.9937926130535996,-0.6318413442601674,0.006224715755426534
202,0.8170693,0.13084733402201487,-0.2879804962993612,-0.004723994397668435,0.13617619896928534,-2.1969316242055137,0.13394857700297375,-0.42608953046973613,0,0.003817,1,Shared Control,0.01,Good Visuals,-0.1002171464513934,-0.05690456951423907,0.0,5.591685265564981,1.0025656088178514,-1.488821412997891,-0.26034981621474307,0.0827627380374321,-1.147001573141544,-0.0003345358440518863,30.631841344260167,0.9937752842445735,-0.6331467557605768,0.006237281971016135
203,0.8204717000000006,0.13006193585861742,-0.29218085799646687,-0.0038866411443563287,0.13390867247326926,-2.177135800271348,0.1324961336503809,-0.42766273965761453,0,0.0034024000000000003,1,Shared Control,0.01,Good Visuals,-0.11011006213541238,-0.056987623141611196,0.0,5.591919012656388,1.0025706199525395,-1.4933644404401105,-0.26489284365696253,0.07135743142407236,-1.267196854263331,-0.0002688168675869994,30.633146755760578,0.9937627180289839,-0.6340927574720153,0.006246385438401228
204,0.8247519000000008,0.12833405989914304,-0.29102543092175504,-0.004162073751237866,0.1366373087358595,-2.1197588606322553,0.13066176511230354,-0.4294416004036784,0,0.0042802000000000005,1,Shared Control,0.01,Good Visuals,-0.11251894629202588,-0.05708841453394585,0.0,5.592088376214067,1.0025742513778992,-1.5002171942153955,-0.27174559743224735,0.06987786855603094,-1.269780939683674,-0.00022149044082125894,30.634092757472015,0.9937536145615987,-0.635227831589538,0.006257433133509179
205,0.8294157000000002,0.12739158210306611,-0.28766079959677787,-0.0032701830092374262,0.14178080080690053,-2.0402122321583462,0.1286549043079733,-0.43112620442346594,0,0.0046638,1,Shared Control,0.01,Good Visuals,-0.11371410811963722,-0.057155784269008796,0.0,5.592292739458508,1.0025786090722644,-1.5044825340568726,-0.27601093727372455,0.0654545909031678,-1.1852116931969536,-0.0002376061916315223,30.63522783158954,0.9937425668664909,-0.635996971095864,0.006264817497146182
206,0.8330377000000002,0.1261349450416302,-0.29033979261934745,-0.0025199592663431025,0.1407864118041185,-1.975821808532264,0.1270912778227939,-0.4322522882256486,0,0.0036220000000000002,1,Shared Control,0.01,Good Visuals,-0.12385854617586811,-0.05719405376873529,0.0,5.592430281055162,1.002581561483191,-1.5088938799766975,-0.28042228319354956,0.049807758319047726,-1.2883603737806733,-0.00018690987459615233,30.635996971095864,0.9937351825028539,-0.6364363565986437,0.006269012198252289
207,0.8364650000000005,0.12519246724555325,-0.29815505924189717,-0.001898810577240645,0.13409722898375143,-1.925039276561285,0.12560820384180704,-0.43317143387045853,0,0.0034273000000000003,1,Shared Control,0.01,Good Visuals,-0.12705720406398327,-0.057221475210547885,0.0,5.592508635288484,1.002583248005282,-1.5135057352669585,-0.28503413848381054,0.04456236018059276,-1.2963389055152312,-0.00014412668577425014,30.636436356598644,0.9937309878017477,-0.6367488912525985,0.006272017849047944
208,0.8409388,0.12236503385732243,-0.32450772222571206,-0.003243169984484609,0.10866371164474647,-1.8506856650872716,0.12366798558931623,-0.43415751852791373,0,0.0044738,1,Shared Control,0.01,Good Visuals,-0.11454802598519737,-0.05727453410028803,0.0,5.5926163066390835,1.0025855537673845,-1.5218684742361663,-0.2933968774530183,0.05959735788018724,-1.02997353789133,-0.00011372289608558421,30.637037009876504,0.9937251928972785,-0.6373486144724491,0.006277833607943995
209,0.8473434000000006,0.12142255606124551,-0.3379507369196014,-0.0022454295280707193,0.09620678160831231,-1.810341723966159,0.12088394089298504,-0.43514934781265485,0,0.006404600000000001,1,Shared Control,0.01,Good Visuals,-0.0908068104025422,-0.05734671158255625,0.0,5.5926723505836575,1.0025867500199568,-1.524190712016099,-0.2957191152329508,0.08913528004904826,-0.6434574064650862,-0.00018575104986939434,30.637348614472447,0.993722166392056,-0.6381540911999829,0.00628574494639551
210,0.8520378000000006,0.11922344120373264,-0.3308988902462706,-0.001660499689252401,0.10425045756638424,-1.6570799302476902,0.11884010003822244,-0.4355637022979253,0,0.0046944000000000005,1,Shared Control,0.01,Good Visuals,-0.09400029177731549,-0.057415173619234795,0.0,5.592926233096038,1.0025921621174458,-1.528670951764943,-0.30019935498179495,0.08547341243887727,-0.708672129487441,-4.1214300759113796e-05,30.638758346157516,0.9937084379365753,-0.638941159263837,0.006293249036677175
211,0.8582227000000007,0.11749556524425825,-0.3255356733390248,-0.0013445347939641944,0.11002802895890051,-1.5842250798697044,0.11614550090665228,-0.4357080950512554,0,0.0061849,1,Shared Control,0.01,Good Visuals,-0.09523365926836007,-0.057454197127956776,0.0,5.592958296152518,1.0025928635811177,-1.5315347534323531,-0.3030631566492051,0.07759898616058854,-0.6548077437773212,-9.533787795311202e-05,30.638941159263837,0.9937067509633228,-0.639376872183558,0.006297526384339677
212,0.8623275000000001,0.11639600781550183,-0.3269829692646302,0.00025050690884954874,0.10872512578662519,-1.5182645013192064,0.1143572559223739,-0.43555325340547146,0,0.0041048000000000005,1,Shared Control,0.01,Good Visuals,-0.102793467732608,-0.05747569478446959,0.0,5.5930370803436995,1.0025945364545987,-1.5341043264075005,-0.3056327296243525,0.0642680864987666,-0.7143457160344258,-7.724916709781557e-05,30.639376872183558,0.9937024736156603,-0.6396239288051533,0.006299882731932341
213,0.8660414000000003,0.11498229112138642,-0.33516595045906517,0.0006250351990125108,0.1003873029464063,-1.4642179694773376,0.1127401828095794,-0.4352417902925425,0,0.0037139000000000004,1,Shared Control,0.01,Good Visuals,-0.11040842565138177,-0.057472498797528346,0.0,5.593081116443066,1.0025954847261842,-1.536907058106288,-0.3084354613231401,0.053997653502255376,-0.8206640017532099,1.4398058634437607e-05,30.639623928805154,0.9937001172680676,-0.6395936073604733,0.006299532421370318
214,0.8694660000000001,0.11403981332530949,-0.342394346650438,0.0012996305157300936,0.09284744364210451,-1.4059928593180562,0.11125035215526162,-0.4348110294695189,0,0.0034246000000000003,1,Shared Control,0.01,Good Visuals,-0.10414371378871821,-0.05746306484558055,0.0,5.59307514850772,1.002595368100601,-1.5394419132533732,-0.31097031647022527,0.06104607256624618,-0.7105012044412848,3.592233472365942e-05,30.639593607360474,0.9937004675786297,-0.639488476068361,0.006298498370521648
215,0.8741995000000005,0.11121237993707868,-0.3458876961592923,-3.7972218182941164e-05,0.08892333331022656,-1.2643539327569335,0.10919401408285695,-0.4339901312187386,0,0.004733500000000001,1,Shared Control,0.01,Good Visuals,-0.09900935420001272,-0.057421512006424584,0.0,5.593008525682769,1.0025939539029953,-1.5440206456662369,-0.3155490488830891,0.06249752971872971,-0.581739042018345,6.999948524765004e-05,30.639225270593325,0.9937040858213168,-0.6390207823779523,0.0062939437841901015
216,0.8803217999999999,0.10901326507956581,-0.3539873838773214,-0.00018074900329113908,0.08000274734141716,-1.1350060041871912,0.10654120506988271,-0.4325431102626124,0,0.006122300000000001,1,Shared Control,0.01,Good Visuals,-0.08931400130997025,-0.05740690548205219,0.0,5.592972648452047,1.002593176976653,-1.5463677976379717,-0.317896200854824,0.06911357883670594,-0.4011491112008636,6.177972710135927e-05,30.6390228322714,0.9937059942684782,-0.6388549515897544,0.006292342770213459
217,0.8862956000000004,0.10807078728348887,-0.35945198772739606,0.001529582213606162,0.07309112253521632,-1.0907767398375336,0.10396253282749054,-0.4307162197917275,0,0.0059738000000000005,1,Shared Control,0.01,Good Visuals,-0.07919923833246233,-0.05740983826387775,0.0,5.5929421555176555,1.0025925323568556,-1.5470185853565768,-0.318546988573429,0.07707134032815766,-0.21500849696213686,-1.0376240947909562e-05,30.638854951589753,0.9937076572297865,-0.6388839196055003,0.00629266423099177
218,0.8908126000000003,0.10571459279329654,-0.34488689905542264,0.001752059965805991,0.08582932073630484,-0.9081686900528779,0.10202062908999097,-0.42906543509642747,0,0.004517,1,Shared Control,0.01,Good Visuals,-0.09214735752781011,-0.05734024447969136,0.0,5.592888530151805,1.0025913930218247,-1.5494579365677867,-0.32098633978463886,0.05846155394721306,-0.42565484726316627,0.0001726401175802243,30.638558199724173,0.9937105669025403,-0.6381072876961416,0.006285036090420529
219,0.8963184000000002,0.10461503536454012,-0.339642744111058,0.002594406274549141,0.08942269098536948,-0.8397426119970007,0.09966451882772631,-0.4267428188552792,0,0.0055058,1,Shared Control,0.01,Good Visuals,-0.09585052337294235,-0.05732034809741178,0.0,5.592807270064166,1.0025896619055426,-1.5509249151082993,-0.32245331832515145,0.04518970974576728,-0.4056460957063903,0.00010046354678239522,30.63810728769614,0.9937149639095795,-0.6378776968176182,0.006282855257711658
220,0.9000503000000002,0.10304423903774522,-0.3437030176407444,0.0033797202100189078,0.0830398012145348,-0.8004737391891368,0.09807520529097684,-0.42497642757645016,0,0.0037319000000000002,1,Shared Control,0.01,Good Visuals,-0.10416409503870303,-0.057301063742022824,0.0,5.59276642941043,1.0025887807024416,-1.5526364292596269,-0.3241648324764791,0.031292581668462376,-0.5003695808588284,0.00014871227076326604,30.63787769681762,0.9937171447422883,-0.6376595194258176,0.0062807415089702655
221,0.9034789000000005,0.10210176124166827,-0.35292899162134883,0.0040265559506914295,0.07204743595510132,-0.7748283034818071,0.09662110852923783,-0.42321807530893163,0,0.0034286000000000004,1,Shared Control,0.01,Good Visuals,-0.1021565567741045,-0.057273202984134346,0.0,5.592727238060655,1.0025879431408762,-1.5542670093376971,-0.32579541255454925,0.033243946687490734,-0.4571420780145665,0.0001936615631844962,30.637659519425817,0.9937192584910297,-0.6373465849006281,0.006277687704954875
222,0.9078777000000002,0.10037388528219389,-0.3545874951140072,0.003752776752956058,0.0686305801949244,-0.715430779986108,0.0947647555377859,-0.42077380445838447,0,0.0043988000000000005,1,Shared Control,0.01,Good Visuals,-0.09475300604409088,-0.057219731024599346,0.0,5.592670822368013,1.0025867417272343,-1.55581222001244,-0.32734062322929214,0.0432808215587804,-0.3506980492369407,0.0002306137562909243,30.637346584900627,0.9937223122950452,-0.6367481427115176,0.0062718266696810895
223,0.9113823000000005,0.09927432785343746,-0.35103477898272256,0.00450957231565155,0.06973902547566191,-0.6391283868554178,0.09329374845886268,-0.41867628784157673,0,0.0035046,1,Shared Control,0.01,Good Visuals,-0.08979559153825607,-0.057176591242545906,0.0,5.59256274120293,1.0025844441092195,-1.556678986408148,-0.3282073896250001,0.04606646108760503,-0.24199860281654062,0.00021473287639951495,30.636748142711518,0.9937281733303189,-0.6362581851179868,0.006267098139316438
224,0.9150242000000004,0.09786061115932204,-0.3505496739317827,0.004566862700459362,0.06812661390979402,-0.5785014920375158,0.09177315174083064,-0.41635691673571135,0,0.0036419000000000004,1,Shared Control,0.01,Good Visuals,-0.09513880089876678,-0.057138477184060496,0.0,5.592474898263053,1.002582563273478,-1.5577092957486862,-0.3292376989655383,0.03540616723887144,-0.30066223314408136,0.0002578419729707099,30.63625818511799,0.9937329018606835,-0.6358261931787557,0.006262920476048573
225,0.9184497,0.09691813336324512,-0.3497833546900674,0.005144981622414474,0.06657356204564396,-0.5170118034093929,0.0903508425825864,-0.4140466546628989,0,0.0034255,1,Shared Control,0.01,Good Visuals,-0.09384215317301453,-0.05710005402430562,0.0,5.592397368939144,1.0025809049176886,-1.558623292310822,-0.3301516955276742,0.033532189782749404,-0.2538103807547505,0.00026094358021293415,30.635826193178755,0.9937370795239514,-0.6353919676140409,0.006258708932342077
226,0.9222866000000005,0.09534733703645021,-0.3484749387262219,0.004996494453863812,0.06557171593667704,-0.45911873855703556,0.08876738343667706,-0.41131228151529176,0,0.0038369000000000003,1,Shared Control,0.01,Good Visuals,-0.09551765125898166,-0.05706433782393578,0.0,5.592319325542248,1.002579237935801,-1.559543234666859,-0.33107163788371113,0.028438065121880244,-0.26263056869844736,0.00029377872859392604,30.63539196761404,0.993741291067658,-0.6349876597728509,0.00625479409712688
227,0.9260025000000001,0.0940906999750143,-0.3537287894366195,0.005323316538337244,0.05758349207867225,-0.4348364280244714,0.08724413549914174,-0.4085179925917558,0,0.0037159000000000003,1,Shared Control,0.01,Good Visuals,-0.09368236893836304,-0.05702762827959104,0.0,5.592246719500631,1.0025776858306747,-1.5603335081203347,-0.3318619113371868,0.026943027901634296,-0.20199198790401507,0.00028512164745070605,30.63498765977285,0.9937452059028731,-0.6345729839476937,0.00625077038196551
228,0.9294902,0.09283406291357839,-0.35781563575244646,0.005589927414436646,0.05070235683930935,-0.40818579931251225,0.08582411029045277,-0.40576591887942914,0,0.0034877000000000003,1,Shared Control,0.01,Good Visuals,-0.08750073517602758,-0.0569822653479751,0.0,5.592172173305937,1.00257609388753,-1.5607051462573078,-0.33223354947416006,0.03426476352599839,-0.10425509495140028,0.00030357611676289575,30.634572983947695,0.9937492296180345,-0.6340622987375759,0.006245798173267054
229,0.9332086000000004,0.09157742585214247,-0.35682892471942707,0.005753315561689704,0.04893699416000208,-0.37167230497705134,0.08432097567341446,-0.4026953750076051,0,0.0037184,1,Shared Control,0.01,Good Visuals,-0.08209219394402033,-0.05692830777097146,0.0,5.592080211843755,1.0025741332934586,-1.5607717861671413,-0.3323001893839936,0.04019937998750153,-0.01937657299183404,0.00031852672720534934,30.634062298737575,0.9937542018267329,-0.6334544945339348,0.00623988390970057
230,0.9365569000000002,0.09063494805606552,-0.3510572616255603,0.006313972382651065,0.051638113382044826,-0.32548067238758494,0.08297742774539858,-0.3998113436465236,0,0.0033483000000000002,1,Shared Control,0.01,Good Visuals,-0.08123522290534595,-0.05687251634819886,0.0,5.591970794216722,1.0025717998545431,-1.5607399549759426,-0.33226835819279493,0.03897193525687486,0.00893306519200654,0.00032752651899939096,30.633454494533936,0.9937601160902995,-0.632824417709706,0.0062337686391982635
231,0.9408793000000006,0.0892212313619501,-0.33815665300990616,0.006243803616551524,0.06165469063661744,-0.2531746443367049,0.08125761912587667,-0.39592350461271986,0,0.0043224000000000005,1,Shared Control,0.01,Good Visuals,-0.0870776252653736,-0.05682231930677354,0.0,5.591857511885723,1.0025693809644207,-1.5609733426612715,-0.3325017458781239,0.028510157725575042,-0.05842872154240397,0.00035909149755439875,30.632824417709706,0.9937662313608018,-0.6322558501453006,0.006228266566093183
232,0.9440082000000007,0.08765043503515522,-0.33815856740019035,0.006392815909278551,0.05776493721252951,-0.2307053494950329,0.0800233710698662,-0.39299475867735223,0,0.0031289,1,Shared Control,0.01,Good Visuals,-0.09672679327709582,-0.05680749119027461,0.0,5.591755437793094,1.0025671982695865,-1.5614784627378495,-0.3330068659547019,0.009957243662902428,-0.14768297417711884,0.00035478740278847815,30.6322558501453,0.9937717334339068,-0.6320801044858695,0.00622664126351217
233,0.9474663000000003,0.08670795723907829,-0.3505359552624878,0.006684586169212081,0.04245880341486441,-0.236919585217509,0.07867011020807818,-0.38964754795954815,0,0.0034581000000000004,1,Shared Control,0.01,Good Visuals,-0.09366005816814782,-0.05678806155089597,0.0,5.591724581404121,1.0025665238892,-1.5617562940273026,-0.3332846972441551,0.012188093457989999,-0.07772809127494962,0.0003631598334473887,30.63208010448587,0.9937733587364879,-0.6318615154741621,0.006224511590263884
234,0.9510598000000003,0.08545132017764237,-0.3522187269016117,0.006781209969564189,0.037428821057936434,-0.19513240327037829,0.07727634231273255,-0.38604810172189835,0,0.0035935000000000003,1,Shared Control,0.01,Good Visuals,-0.07994584090685104,-0.05673727334065507,0.0,5.591685205979957,1.0025656846812379,-1.561389242856194,-0.3329176460730465,0.03156202711169184,0.1065367808633737,0.00037960469081948356,30.631861515474164,0.9937754884097361,-0.6312948257470317,0.006218944719434706
235,0.9545231000000003,0.08419468311620645,-0.3484491977891915,0.0069183408034739075,0.03759890393270687,-0.15589951097201482,0.07594551628934193,-0.38246377479251314,0,0.0034633000000000003,1,Shared Control,0.01,Good Visuals,-0.07544246655197333,-0.05667801212708546,0.0,5.591582704238722,1.002563508860246,-1.5607444523367153,-0.33227285555356784,0.03477621091008855,0.17935259644479729,0.0003847473636235387,30.63129482574703,0.9937810552805653,-0.6306271875822091,0.006212449126863959
236,0.9583075000000001,0.08262388678941156,-0.348876998307749,0.0066783705000696275,0.03358677648476416,-0.14126520430504905,0.07450573108391598,-0.37841959402336484,0,0.0037844000000000003,1,Shared Control,0.01,Good Visuals,-0.07637883600930218,-0.05661361524330271,0.0,5.591462523256748,1.0025609456867492,-1.5599486580476285,-0.33147706126448107,0.030467596928976964,0.18207062530584084,0.00039211780395860427,30.63062718758221,0.9937875508731361,-0.6299007144470914,0.006205390615998548
237,0.9623385000000004,0.08168140899333462,-0.3445610537852385,0.007175677909418643,0.033858540238126345,-0.10179846011866381,0.0729892449888657,-0.37396767040926493,0,0.004031,1,Shared Control,0.01,Good Visuals,-0.0710136823302871,-0.0565535330662571,0.0,5.591331838954244,1.0025581566659079,-1.5589596199514455,-0.330488023168298,0.03557833502921169,0.2734717956597543,0.000378086697943165,30.629900714447093,0.9937946093840014,-0.6292208379751536,0.0061988050380236154
238,0.9660834000000005,0.08011061266653972,-0.3403607623463397,0.007121367677674018,0.03360690806292521,-0.07170559934626683,0.07159672424534969,-0.3697006106555704,0,0.0037449000000000002,1,Shared Control,0.01,Good Visuals,-0.07406578741157624,-0.05650428864613352,0.0,5.5912097229372675,1.0025555466075524,-1.5581598408050266,-0.3296882440218792,0.02885747114066474,0.23513234151197215,0.00040580993792311784,30.629220837975154,0.9938011949619764,-0.6286619214964256,0.006193407381272464
239,0.9694936000000007,0.07916813487046279,-0.3442574263718773,0.007571410625113101,0.025443184283693132,-0.07731126508478314,0.07034275192649844,-0.3657068670617283,0,0.0034102000000000004,1,Shared Control,0.01,Good Visuals,-0.07350906632852554,-0.05645672107417196,0.0,5.591109482888247,1.002553400975258,-1.5571957560882501,-0.3287241593051028,0.026425878371470223,0.2666753476367567,0.00040238781481453825,30.628661921496427,0.9938065926187275,-0.6281240557867124,0.006188193523026395
240,0.9741754,0.07696902001294992,-0.3333189687897619,0.006626268086451476,0.032387898271966364,-0.011000128285291441,0.06864373245535614,-0.36005919319374274,0,0.004681800000000001,1,Shared Control,0.01,Good Visuals,-0.06522244413063485,-0.05632811076433869,0.0,5.590880615832347,1.0025485196826782,-1.554682944069196,-0.3262113472860487,0.03545277953654819,0.3838613549937069,0.0004268124477981648,30.627390489454186,0.9938189623598619,-0.6266746291353176,0.006174096610007675
241,0.9799216,0.07539822368615502,-0.3315667207365761,0.006754491230798881,0.02849247245716663,-0.0028139887500794603,0.06659527506046276,-0.35287268200281857,0,0.005746200000000001,1,Shared Control,0.01,Good Visuals,-0.06951617183492412,-0.05628844965493056,0.0,5.590751972847687,1.0025457714273136,-1.553487501478734,-0.3250159046955865,0.02493945446220701,0.3482919880145148,0.0003732451627278413,30.626674629135316,0.9938259033899923,-0.6262211323491258,0.0061697493752465036
242,0.9835945000000006,0.0744557458900781,-0.33964320126454123,0.007860470829615343,0.013229480738277344,-0.02249907371475125,0.0653078748335118,-0.3481354410386215,0,0.0036729,1,Shared Control,0.01,Good Visuals,-0.06632709600071571,-0.0562419739479808,0.0,5.590670937513326,1.0025440306011395,-1.5520200027411666,-0.32354840595801904,0.027351376154396957,0.4079898628172691,0.0003801998395894928,30.626221132349126,0.9938302506247535,-0.6256975788051504,0.006164655195789168
243,0.9870942000000005,0.07319910882864218,-0.342436860608082,0.007891233995130378,0.005698580430539502,-0.016354907898779584,0.0640975534668433,-0.34351963177039485,0,0.0034997,1,Shared Control,0.01,Good Visuals,-0.057207675334962384,-0.05616481764484835,0.0,5.590576689018868,1.0025420205516755,-1.5502762238439423,-0.32180462706079477,0.04117001290845062,0.5118524413597116,0.00044208839561808916,30.625697578805152,0.9938353448042109,-0.6248329537954904,0.006156198131223239
244,0.9912971000000006,0.07194247176720626,-0.33723351945109825,0.007844918300362963,0.0062861123192965995,0.0007571126337674351,0.06266564568955513,-0.33784754258222066,0,0.0042029,1,Shared Control,0.01,Good Visuals,-0.049828364775473505,-0.05603980015300654,0.0,5.590420633970703,1.0025387008646114,-1.5474875553503502,-0.3190159585672027,0.049670607004258856,0.6119661378551379,0.0004432097183293258,30.62483295379549,0.9938438018687767,-0.6234316509967358,0.006142495025223439
245,0.9949587000000006,0.07052875507309085,-0.333941881653843,0.007863109383535724,0.0039056609283776855,-0.011970079771051658,0.06143780401968878,-0.33279379648109486,0,0.0036616,1,Shared Control,0.01,Good Visuals,-0.05015644630228256,-0.055951961272617916,0.0,5.590167745023632,1.0025333206189189,-1.5454091257440379,-0.3169375289608903,0.04657391636244797,0.605109353182844,0.00043962765376900415,30.623431650996736,0.9938575049747765,-0.6224310763837477,0.00613286704860084
246,0.9984913000000004,0.0697433569096934,-0.33147491050216016,0.00830555289000462,0.001318885978934703,-0.02829746505847289,0.06027093195451112,-0.32782125664630024,0,0.0035326000000000003,1,Shared Control,0.01,Good Visuals,-0.047870232159893895,-0.055856738987653295,0.0,5.589988616224765,1.0025294795432953,-1.5431113322035062,-0.3146397354203586,0.04855153371990815,0.6448136777133968,0.0004399563917099494,30.622431076383748,0.9938671329513992,-0.6213570948705052,0.006122429780621857
247,1.0022439000000007,0.068329640215578,-0.3262938998144765,0.008058708261066874,0.0015273568318237563,-0.03178749484842266,0.05905081967315198,-0.3224371308077994,0,0.0037526,1,Shared Control,0.01,Good Visuals,-0.04774855794961225,-0.05575940880106851,0.0,5.58979539695639,1.002525356251468,-1.5409323330637337,-0.31246073628058624,0.04876832923544034,0.6347215670761421,0.0004639210999251375,30.621357094870504,0.9938775702193782,-0.6202582616366001,0.006111761466579537
248,1.0056311000000004,0.06754424205218054,-0.3209590610475653,0.008493422379028559,0.0014780697602341242,-0.03859751461134189,0.05796701727811797,-0.317489091625188,0,0.0033872000000000004,1,Shared Control,0.01,Good Visuals,-0.04657614549973586,-0.055659268960985345,0.0,5.589597803017729,1.002521137570248,-1.53849451935123,-0.3100229225680826,0.04832467565604912,0.6635854077642753,0.00044934880833737574,30.6202582616366,0.9938882385334205,-0.6191279007825219,0.0061007851877944936
249,1.0093933000000002,0.06628760499074463,-0.3104194849190556,0.008320587712626656,0.007069606706132436,-0.021340119613606736,0.05678304701863031,-0.3118974430976085,0,0.0037622000000000003,1,Shared Control,0.01,Good Visuals,-0.04895487828464261,-0.05555606707857675,0.0,5.58939452238645,1.0025167978209455,-1.5360552645128147,-0.3075836677296673,0.04432420988758898,0.6228149721474109,0.00047273768059360256,30.619127900782523,0.9938992148122056,-0.6179630774394229,0.00608947328005111
250,1.0131055,0.06503096792930871,-0.3047867522160145,0.0082479209106784,0.007110690881593995,-0.018984919880965283,0.05563561185943215,-0.3062836300133557,0,0.0037122,1,Shared Control,0.01,Good Visuals,-0.05359267218638748,-0.055487004586086915,0.0,5.589185034946647,1.0025123257374107,-1.5340952409223567,-0.30562364413920934,0.0346496233434691,0.5726876816531647,0.000462259129095868,30.617963077439423,0.9939105267199488,-0.6171754636552095,0.0060819033741023
251,1.0165233000000002,0.06408849013323177,-0.30914670869379823,0.008452878273799619,-0.0028630786804425545,-0.04069844118040748,0.054597747240778774,-0.3010323857437406,0,0.0034178000000000004,1,Shared Control,0.01,Good Visuals,-0.053226527563337254,-0.05541909192924149,0.0,5.58904411293268,1.0025093021590887,-1.5319763073024881,-0.3035047105193407,0.03283500809058656,0.5914183375763828,0.0004576524253964945,30.617175463655208,0.9939180966258977,-0.6164082232321428,0.006074459501074849
252,1.0200194000000007,0.06283185307179585,-0.3125758307554994,0.00823410583101708,-0.011543445011758802,-0.047131862284666676,0.05355481411178377,-0.2955809112326697,0,0.0034961000000000002,1,Shared Control,0.01,Good Visuals,-0.04437208915773632,-0.05532814488992792,0.0,5.5889061931143855,1.0025063565143586,-1.5295706592297402,-0.30109906244659274,0.04494897494608385,0.703447006476388,0.00046845083812238923,30.616408223232142,0.9939255404989251,-0.6153864196407356,0.006064490840676041
253,1.0243840000000004,0.061732295643039434,-0.3155183165609863,0.008177481531255665,-0.01993740532831656,-0.061218554498228626,0.05227977066643269,-0.2886648458182609,0,0.004364600000000001,1,Shared Control,0.01,Good Visuals,-0.03444579674530655,-0.055196886801643905,0.0,5.5887220060982346,1.0025024333075756,-1.5262214666299094,-0.2977498698467619,0.056958474992853995,0.837528470287039,0.00045557780045751335,30.615386419640735,0.9939355091593239,-0.6139134155603275,0.006050103705959222
254,1.0273978000000001,0.06094689747964198,-0.30828337269720923,0.008667126813209289,-0.019618526878948328,-0.04435615778544073,0.05141707968434056,-0.2838196785019738,0,0.0030138,1,Shared Control,0.01,Good Visuals,-0.025712313864947437,-0.05505770815788145,0.0,5.588456334168357,1.0024967776301252,-1.5228590204086796,-0.2943874236255321,0.06795890639748019,0.9393882274207361,0.0004513715224032526,30.613913415560326,0.9939498962940407,-0.6123438445718123,0.006034848403038903
255,1.031155,0.05984734005088556,-0.2920382830071021,0.008430260366544998,-0.00821860450512829,-0.006251235263972595,0.050362178348258214,-0.2777021172559932,0,0.0037572,1,Shared Control,0.01,Good Visuals,-0.028766020408636368,-0.05493132003717185,0.0,5.588173936450891,1.0024907514314219,-1.5198450574880251,-0.29137346070487763,0.061180307459158575,0.8847422417232703,0.0004771921386490261,30.61234384457181,0.9939651515969611,-0.6109140919321066,0.006020995063080759
256,1.0344707,0.058904862254808614,-0.28265707044507304,0.0085426839065504,-0.004954953189079847,0.0016252587928944073,0.04945044884456361,-0.27223414336487717,0,0.0033157000000000004,1,Shared Control,0.01,Good Visuals,-0.03886856609183453,-0.05484180805146814,0.0,5.587917091015903,1.0024852621823102,-1.517131336145893,-0.2886597393627454,0.04241859433498061,0.7587857460385354,0.0004630853301913689,30.610914091932106,0.9939790049369193,-0.6098953291156708,0.006011183698204694
257,1.0381624,0.057962384458731676,-0.27841422623670603,0.008511935614168069,-0.0061800828718288625,0.008212112026319579,0.048456792797389,-0.26607199517284363,0,0.0036917,1,Shared Control,0.01,Good Visuals,-0.04276700251019076,-0.054771486988554455,0.0,5.587734627637447,1.0024813510547979,-1.5147029585193792,-0.28623136173623176,0.034355038821987954,0.7093674602032043,0.000468496231047403,30.60989532911567,0.9939888163017953,-0.609097153119342,0.006003475840968652
258,1.0421425000000006,0.05686282702997525,-0.2749165173536656,0.008406034232586249,-0.00884452218082199,0.023751272752546224,0.04741116049310654,-0.2593437809719339,0,0.0039801,1,Shared Control,0.01,Good Visuals,-0.0413658200223407,-0.05469050937059847,0.0,5.587591479443242,1.0024782866901722,-1.5117665909002282,-0.2832949941170808,0.033822982279560675,0.7306941768653064,0.00046621137073881965,30.609097153119343,0.9939965241590314,-0.6081853965159181,0.005994599923958044
259,1.0455082000000004,0.05576326960121883,-0.275515014244143,0.008352109108112286,-0.016171233272209096,0.026503088503381438,0.04654795665098944,-0.25358792042745526,0,0.0033657,1,Shared Control,0.01,Good Visuals,-0.03810169471652371,-0.05461682855668742,0.0,5.587427304875253,1.0024747859833807,-1.5089926862187466,-0.28052108943559917,0.03501151761381727,0.7754835564667639,0.0004597302939668297,30.608185396515918,0.994005400076042,-0.6073521204050608,0.0059865238060620605
260,1.0490399000000004,0.05497787143782138,-0.2767862041171898,0.008429914786831944,-0.023198283689734533,0.033101265514895936,0.045663118135589306,-0.2474851214837679,0,0.0035317,1,Shared Control,0.01,Good Visuals,-0.03045435018418213,-0.05453050799740537,0.0,5.5872775915500865,1.0024715867289242,-1.5059752958516568,-0.27750369906850936,0.04303197736368755,0.8791417653661893,0.0004561657112445162,30.60735212040506,0.994013476193938,-0.6063805944770365,0.005977062251871703
261,1.0525693,0.054035393641744436,-0.27201685775752943,0.00837227550615513,-0.02453173627376154,0.06415428751220525,0.044800498698844046,-0.24132399593324977,0,0.0035294000000000002,1,Shared Control,0.01,Good Visuals,-0.02384326526418958,-0.05442503650682637,0.0,5.587102619662961,1.0024678564968796,-1.5025590569229164,-0.27408746013976903,0.05002115613020828,0.9554844013929414,0.0004596875357007851,30.606380594477038,0.9940229377481283,-0.6051944434863145,0.005965501573489276
262,1.0574760000000003,0.05230751768227006,-0.2660150173331648,0.0075070189834260115,-0.024691021399915025,0.10446434841181093,0.04363760551883254,-0.23265932491958805,0,0.0049067,1,Shared Control,0.01,Good Visuals,-0.018390358413752066,-0.05422826616279917,0.0,5.586683287363197,1.002458910826961,-1.4956211882876453,-0.267149591504498,0.04953988733049963,1.0190461823634007,0.00044194223796522773,30.604050710710343,0.994045597740938,-0.6029715916977632,0.005943933672533195
263,1.0629215000000007,0.051207960253513624,-0.26050731039444824,0.007570354734681081,-0.0278479854748602,0.14198436163244882,0.04239713166930757,-0.222914742894516,0,0.005445500000000001,1,Shared Control,0.01,Good Visuals,-0.017186249208706962,-0.05414004149858448,0.0,5.586489313560035,1.002454767585271,-1.4921432579999974,-0.26367166121685015,0.04877530840368491,1.0097347252490652,0.0004070926235224118,30.602971591697763,0.9940560663274668,-0.6019743824416097,0.005934263410334524
264,1.0665492000000008,0.050422562090116176,-0.2584009557638501,0.008025430420808603,-0.035486212869334094,0.1622800279442484,0.04160035095236884,-0.21635203504169845,0,0.0036277,1,Shared Control,0.01,Good Visuals,-0.014374109910802652,-0.054050604770766446,0.0,5.586310097320721,1.0024509388317306,-1.4884038654719867,-0.2599322686888394,0.04744348420719522,1.0503026509032318,0.00040985931949463923,30.60197438244161,0.9940657365896655,-0.6009654105183627,0.0059244602944384175
265,1.0701115000000003,0.04963716392671873,-0.25446952481588886,0.00803681297434989,-0.03811748977419041,0.19391805964093706,0.04084119691180501,-0.20985516782158742,0,0.0035623,1,Shared Control,0.01,Good Visuals,-0.00925803641966122,-0.053952411000041216,0.0,5.586128593952985,1.0024470648300372,-1.4845796311168684,-0.2561080343337211,0.05076037161739184,1.1091166923196885,0.00043377936779041165,30.600965410518363,0.9940755397055616,-0.5998593489473503,0.005913697323361775
266,1.0744356000000002,0.04869468613064179,-0.24377658801668006,0.00785348921883678,-0.033921420195092644,0.24863251015927826,0.03995093067689175,-0.2019024922811108,0,0.0043241,1,Shared Control,0.01,Good Visuals,-0.006682466597197449,-0.05382442393729463,0.0,5.585929472738471,1.0024428179681226,-1.4794399668769684,-0.25096837009382117,0.05010372550789057,1.1302175348872776,0.00043360543672258897,30.59985934894735,0.9940863026766382,-0.5984218034368266,0.005899668724150725
267,1.0779741000000005,0.04759512870188536,-0.23861667934682051,0.007644198024993616,-0.036714187065709725,0.2726617393926438,0.03924809045503534,-0.19534321121404236,0,0.0035385000000000004,1,Shared Control,0.01,Good Visuals,-0.009862904724668588,-0.05375025984663205,0.0,5.585670306827464,1.0024372981558405,-1.475794603347912,-0.24732300656476466,0.039525381583135163,1.0667379302538533,0.0004227095331016437,30.59842180343683,0.9941003312758493,-0.597573370385606,0.005891539634526898
268,1.0814411000000002,0.046966810171167404,-0.24130471224421807,0.007718719716132062,-0.04596150103017571,0.27318210698958983,0.038582038148456246,-0.1888739629370607,0,0.003467,1,Shared Control,0.01,Good Visuals,-0.005893260381450376,-0.05367318855959918,0.0,5.585518734829948,1.0024340409344186,-1.4717635775282807,-0.24329198074513353,0.04019949113561592,1.1234743087043333,0.0004108776301625184,30.597573370385607,0.9941084603654731,-0.596704389345249,0.005883091888533972
269,1.0850270000000002,0.046338491640449446,-0.23497391299963025,0.0077564534919932,-0.046099950062569534,0.3160447562603713,0.037916814603112727,-0.1821409354435046,0,0.0035859000000000004,1,Shared Control,0.01,Good Visuals,0.002961373203802263,-0.05357994150903985,0.0,5.585362370040729,1.0024307043612148,-1.467577403782278,-0.23910580699913073,0.0503523768567517,1.2187177926585344,0.00041428829876265206,30.59670438934525,0.994116908111466,-0.5956559680550367,0.0058728711250299334
270,1.0886132000000002,0.04571017310973149,-0.21696749712250124,0.007793358506618761,-0.03482656167899664,0.3915135625908655,0.03727575526166835,-0.17536711199191035,0,0.0035862000000000003,1,Shared Control,0.01,Good Visuals,0.002890681694399322,-0.05348955136419617,0.0,5.585173453164356,1.0024266786810472,-1.4631651667066452,-0.23469356992349788,0.04533776306732605,1.1989774662045767,0.00041559032441858355,30.595655968055038,0.99412712887497,-0.5946357124968165,0.005862963505560992
271,1.0924199000000003,0.04461061568097505,-0.2053729861142197,0.007334860419306706,-0.030005874122309345,0.43631274500212736,0.03662193654359858,-0.16813548327948996,0,0.0038067,1,Shared Control,0.01,Good Visuals,-0.008614890942093223,-0.05344282400619683,0.0,5.58498996667666,1.0024227612782401,-1.4591405109652928,-0.23066891418214552,0.021978182918916272,1.0313812058203964,0.0004168632501393794,30.594635712496817,0.994137036494439,-0.5940991362931943,0.0058578417427554656
272,1.0962072000000003,0.0439822971502571,-0.2070728101346932,0.007360360606658525,-0.038937326855203236,0.4521519824175576,0.035998844069271424,-0.16090131046053735,0,0.0037873000000000004,1,Shared Control,0.01,Good Visuals,-0.010885910659053078,-0.05342103929958248,0.0,5.5848942855785575,1.0024207013481383,-1.4557023756981027,-0.2272307789149554,0.012392946528238023,1.003278551224171,0.00039199565449902737,30.594099136293195,0.9941421582572445,-0.593847906787964,0.005855453931741878
273,1.0994995000000003,0.043353978619539144,-0.20748698022133932,0.0073551345502677196,-0.04658566976080197,0.49438018376015286,0.0354795023726832,-0.15458294111294218,0,0.0032923,1,Shared Control,0.01,Good Visuals,-0.002074961909544086,-0.05338192679863906,0.0,5.584849581206988,1.0024197369077832,-1.4517246303005615,-0.22325303351741435,0.02124349922179094,1.1113814639269797,0.00039319811322740384,30.593847906787964,0.9941445460682581,-0.5934104329420675,0.005851166829685606
274,1.1030691000000008,0.042725660088821185,-0.20011807683123312,0.007246157716137985,-0.04553513571829093,0.5601439778097448,0.034939972972126504,-0.14770346961545144,0,0.0035696,1,Shared Control,0.01,Good Visuals,0.005621577763958864,-0.05333455352496924,0.0,5.584770546580363,1.0024180570163754,-1.447624693646392,-0.21915309686324472,0.026963953374060743,1.198811887184106,0.0003926312541565324,30.59341043294207,0.9941488331703144,-0.5928779126828164,0.005845974268380054
275,1.1075233000000004,0.04146902302738527,-0.18761985365647318,0.006529050055258764,-0.03991638404102174,0.662040727721677,0.034301261204047064,-0.13908050235432312,0,0.0044542,1,Shared Control,0.01,Good Visuals,0.006303065203600813,-0.0532726265006338,0.0,5.584593290577756,1.0024142743566213,-1.4394244933522307,-0.21095289656908336,0.015079627426818636,1.1769698470228196,0.00037307735047585605,30.59242528756403,0.9941584089194463,-0.5921739323195127,0.0058391864775979895
276,1.1133436000000003,0.040369465598628834,-0.1812146176426628,0.006068204394581771,-0.042134115288339685,0.7519839908381744,0.033524699145606074,-0.12775543780569337,0,0.0058203000000000005,1,Shared Control,0.01,Good Visuals,0.0078016555899819776,-0.053252833420066654,0.0,5.584527461241341,1.0024128572382627,-1.4325774486239784,-0.20410585184083105,0.007090280244718202,1.1678427043611204,0.0003483065250748505,30.592056156715902,0.9941619330923928,-0.5919479569792804,0.005837016967739182
277,1.1193845000000007,0.039269908169872414,-0.18124664203507562,0.00574520902426634,-0.05349120422938225,0.8146542303490188,0.03278859441994197,-0.11594252266507352,0,0.0060409,1,Shared Control,0.01,Good Visuals,0.018488154107951044,-0.05323022905573188,0.0,5.584496006591774,1.002412184123324,-1.4252548799769966,-0.19678328319384922,0.012852020130102362,1.287470729318479,0.0003310069164573293,30.591880843875746,0.9941636274744643,-0.5916945458980745,0.0058345393144446376
278,1.1255507000000007,0.038641589639154456,-0.17840201587805474,0.005852995219212488,-0.06245949321298122,0.8542577524870896,0.032110976132213614,-0.10383482950769697,0,0.0061662,1,Shared Control,0.01,Good Visuals,0.021536293506964087,-0.05320698628402859,0.0,5.584462280161835,1.0024114687096863,-1.4201340706066654,-0.19166247382351795,0.014607219288058321,1.2905265550229994,0.00030581879233475517,30.591694545898076,0.9941654606855553,-0.5914338324990628,0.005831991685631364
279,1.1292969000000008,0.03817035074111599,-0.16985670368124484,0.006059374608902372,-0.06602187417354786,0.9098891074536984,0.03173580078035733,-0.09645953864358191,0,0.0037462000000000003,1,Shared Control,0.01,Good Visuals,0.029924494058514564,-0.05317793452525865,0.0,5.5844152463198515,1.0024104675942116,-1.415105653563988,-0.18663405678084072,0.01971617345476297,1.3926818375553158,0.0003114202363491238,30.591433832499064,0.9941680083143687,-0.5911074439409338,0.005828807336593161
280,1.1331571,0.03754203221039803,-0.1611690507628999,0.0058062314300406995,-0.06470951211931798,0.9569885179981915,0.03137813538284917,-0.08884795573061599,0,0.0038602000000000003,1,Shared Control,0.01,Good Visuals,0.03234322757473777,-0.053155689599176374,0.0,5.584356410823172,1.0024092143094105,-1.4102560429724376,-0.18178444618929018,0.015388289245999057,1.4167306218195632,0.0003222250262162251,30.591107443940935,0.9941711926634068,-0.5908551046330104,0.005826369081149284
281,1.1364714000000005,0.03738495257771854,-0.15064463777836742,0.006006817194869368,-0.06179668204775143,1.0115184065041332,0.031094506981459324,-0.08230541470632358,0,0.0033143,1,Shared Control,0.01,Good Visuals,0.03244154564308454,-0.053142535948845625,0.0,5.584311141398533,1.002408245449198,-1.405274939210477,-0.17680334242732978,0.009145137521369907,1.4016274866228855,0.0003086342356362254,30.59085510463301,0.9941736309188507,-0.5907047820355471,0.005824927315984177
282,1.1408953000000004,0.03675663404700058,-0.1345679521830891,0.005662127065541256,-0.052262537476765514,1.0905344513580926,0.030749726453995437,-0.0735652728624271,0,0.004423900000000001,1,Shared Control,0.01,Good Visuals,0.02840169317174357,-0.053146867161018276,0.0,5.584284272621544,1.0024076683226915,-1.3999944651017062,-0.171522868318559,-0.0025788499376636557,1.3169249841062338,0.00031921749871648944,30.590704782035548,0.9941750726840158,-0.5907498393637306,0.005825402058027351
283,1.1440420000000007,0.03612831551628262,-0.12815513825322275,0.005378589062287185,-0.05458986539079565,1.1351959972493153,0.030528023923354342,-0.06734563834516522,0,0.0031467,1,Shared Control,0.01,Good Visuals,0.02076940243827874,-0.05317614021384647,0.0,5.584292718506183,1.0024078414663273,-1.3959212185965486,-0.16744962181340148,-0.021686933385541306,1.1927515388455436,0.00030092431500112734,30.59074983936373,0.9941745979419726,-0.5910745633008507,0.005828610662998807
284,1.1474448000000006,0.03597123588360313,-0.12928031659016803,0.00544321196024879,-0.06193467824500282,1.1671363729894986,0.030310304567866025,-0.060619249301745254,0,0.0034028,1,Shared Control,0.01,Good Visuals,0.02468544462756367,-0.05320704464264997,0.0,5.584351626960664,1.002409088510529,-1.3914630218868258,-0.16299142510367878,-0.022993407269952627,1.2450976679111592,0.00028601260612884437,30.59107456330085,0.9941713893370012,-0.5914227030322972,0.005831998082291247
285,1.1510741000000007,0.03549999698556466,-0.12248572520823053,0.005189692417698632,-0.06186647590648528,1.2323992371212809,0.03010331565763574,-0.05344668246476296,0,0.0036293000000000002,1,Shared Control,0.01,Good Visuals,0.031686816455084046,-0.05322935715372948,0.0,5.584414299178672,1.0024104252833022,-1.3869902857560679,-0.15851868897292082,-0.01718775694062489,1.3077411060049036,0.00028961722176836364,30.591422703032297,0.9941680019177087,-0.5916762019877515,0.005834443745693542
286,1.1544679000000002,0.03502875808752619,-0.11679564943534043,0.004925442429890448,-0.06334896697057747,1.275117764571364,0.02993330493368525,-0.046743062563357446,0,0.0033938,1,Shared Control,0.01,Good Visuals,0.03303403226041292,-0.05325927314474643,0.0,5.584459741656877,1.002411398579953,-1.382161155523235,-0.153689558740088,-0.02240856425759104,1.3090266549653935,0.0002762439912196823,30.591676201987752,0.9941655562543065,-0.5920119833175808,0.0058377228228047124
287,1.1586136000000007,0.034714598822167216,-0.11436074348076522,0.004781293888481964,-0.06761768091740777,1.3006247710250511,0.029756484184241167,-0.03856178365743085,0,0.0041457,1,Shared Control,0.01,Good Visuals,0.03599557502912965,-0.05329533020318088,0.0,5.584520298760281,1.0024126879404607,-1.376413446497093,-0.14794184971394603,-0.02428181020738039,1.3291651888495197,0.00026232548373225894,30.59201198331758,0.9941622771771953,-0.592417314476125,0.00584167501930529
288,1.1624241,0.034400439556808236,-0.10681159716749963,0.004643955372567069,-0.06824981351006879,1.3418150755832998,0.029623855775781527,-0.03105215471694163,0,0.0038105,1,Shared Control,0.01,Good Visuals,0.04107934450012631,-0.053321244667251674,0.0,5.584593343029618,1.0024142443394726,-1.3715307088237059,-0.14305911204055896,-0.021637896395107558,1.3582779774638543,0.000254820636585097,30.592417314476126,0.9941583249806947,-0.5927117808887095,0.005844515491009357
289,1.1662239000000003,0.03408628029144925,-0.09775217306761184,0.004462424515667723,-0.06670001835067021,1.3775291415930122,0.02952007194838969,-0.023576087997591547,0,0.0037998000000000003,1,Shared Control,0.01,Good Visuals,0.04247981502022905,-0.05334992877894332,0.0,5.584646125382677,1.0024153749224927,-1.3668785231141651,-0.13840692633101814,-0.02587817140331381,1.3580248444232723,0.0002476214806444466,30.59271178088871,0.9941554845089906,-0.5930347311888168,0.005847659542431521
290,1.1695085,0.03377212102609027,-0.09183501460061194,0.004252049077700579,-0.0682589266030204,1.3997479004332727,0.029453230611924293,-0.017125774369668403,0,0.0032846000000000004,1,Shared Control,0.01,Good Visuals,0.04193988532697411,-0.0533859985435182,0.0,5.584704278853574,1.002416614972534,-1.3621155714945914,-0.1336439747114445,-0.032461282033689476,1.333002608259954,0.00023807003009228368,30.593034731188816,0.9941523404575685,-0.5934399641532251,0.0058516131316459245
291,1.1742176000000004,0.03314380249537231,-0.08539922363585584,0.0036905718834480197,-0.06827344926618743,1.430537046867209,0.02939431488802485,-0.007901182176895713,0,0.0047091,1,Shared Control,0.01,Good Visuals,0.0486434941990551,-0.053456438149123764,0.0,5.5848579658034465,1.0024198905115422,-1.3520590628447289,-0.12358746606158198,-0.032331770946036356,1.3706474210133077,0.00021395585946574905,30.593887784271466,0.9941440271499118,-0.594235638061635,0.005859333982288316
292,1.1803426000000004,0.03282964323001333,-0.08339663402534725,0.003435328341988484,-0.07549545184845154,1.4417186650996163,0.029382546858465492,0.004048685282383974,0,0.006125,1,Shared Control,0.01,Good Visuals,0.05918189762840598,-0.05349997179314919,0.0,5.5849755579633085,1.0024224054256499,-1.3437800378807907,-0.11530844109764365,-0.023076750276226313,1.4587980630435486,0.0001837337248744306,30.59454279216755,0.9941376888855495,-0.5947298226510616,0.0058641056836706545
293,1.1865043000000002,0.032515483964654354,-0.05627377325925768,0.003132937106188862,-0.06032245854164165,1.5408608673609858,0.029444365337904208,0.016004892808688928,0,0.0061617,1,Shared Control,0.01,Good Visuals,0.056129352592573165,-0.05354649150535565,0.0,5.585050021291763,1.0024239975810623,-1.3353855862046895,-0.10691398942154264,-0.03711268820293709,1.3692069892785077,0.00017608243777908597,30.594957467139846,0.9941336743169138,-0.5952524402916385,0.005869204686522606
294,1.1923773000000004,0.032358404331974865,-0.04838788281241597,0.0029140389940706564,-0.0643927756211049,1.5632842234519149,0.02957165451408747,0.027330014698526972,0,0.005873000000000001,1,Shared Control,0.01,Good Visuals,0.0429709712882901,-0.053596394007697376,0.0,5.585103204316333,1.0024251302231724,-1.330974543481209,-0.10250294669806222,-0.05918828985136649,1.1432014315097614,0.0001677577901433554,30.595252440291638,0.9941307953134774,-0.5958102103737544,0.005874674475343111
295,1.1962572000000007,0.032201324699295375,-0.04450786820588038,0.002629670185207905,-0.07183788290440735,1.5795091071656318,0.02969213543855002,0.034769216356867916,0,0.0038799000000000004,1,Shared Control,0.01,Good Visuals,0.04827357213938857,-0.053632412479852384,0.0,5.585204006973789,1.0024272720493468,-1.327289914744143,-0.0988183179609962,-0.05873906661149529,1.2206416010952144,0.00015618198208000502,30.595810210373756,0.9941253255246569,-0.5962194945038762,0.005878622442420514
296,1.1995849000000005,0.032044245066615885,-0.04361023898996481,0.0023521096280658647,-0.07837945534683272,1.5859690358839158,0.029818411999479936,0.04112031476080413,0,0.0033277000000000003,1,Shared Control,0.01,Good Visuals,0.05732492850080634,-0.05366688577460092,0.0,5.585277369467991,1.0024288434451443,-1.3224138071874758,-0.09394221040432886,-0.0523511735880156,1.3560563870814115,0.0001410355560590402,30.596219494503877,0.9941213775575795,-0.5966087505846603,0.005882401043359807
297,1.2031302000000004,0.032044245066615885,-0.040876379315273506,0.0022258330671359496,-0.08199669407607764,1.598792927912214,0.029976143994000195,0.04785497093630754,0,0.0035453000000000004,1,Shared Control,0.01,Good Visuals,0.06543259461307974,-0.05369207382582368,0.0,5.585347361472142,1.0024303380320136,-1.317476057214311,-0.08900446043116392,-0.04498938486762019,1.4432379426431303,0.00012623039873874983,30.59660875058466,0.9941175989566402,-0.5968949269583458,0.005885161893307673
298,1.2075394000000008,0.031730085801256906,-0.02643430497613496,0.0017539418072567113,-0.0742892759124425,1.632534332523231,0.030205524515967787,0.05618210273101891,0,0.0044092,1,Shared Control,0.01,Good Visuals,0.06816238821165704,-0.0537399083744433,0.0,5.585452004269616,1.0024325749249687,-1.3074297885852038,-0.07895819180205685,-0.05027304433600079,1.4071856912317635,0.00011109501645633523,30.597191348900555,0.9941119559104019,-0.5974353801265061,0.005890405014734366
299,1.213368,0.031730085801256906,-0.03206215603845391,0.0015245612852891194,-0.08824425876947281,1.5839334714676685,0.030564860019285364,0.0671012847076155,0,0.005828600000000001,1,Shared Control,0.01,Good Visuals,0.07925291490630053,-0.053772568254856754,0.0,5.585538350395906,1.0024344201273274,-1.2989615078354915,-0.0704899110523444,-0.03723433964426043,1.5013789764646117,8.196173176328035e-05,30.597671929632813,0.9941072980605508,-0.5978059952768445,0.0058939848482172895
300,1.2193893000000005,0.031730085801256906,-0.0138482173145704,0.001165225781971542,-0.0809495020221859,1.6118610148821872,0.031002574440086174,0.07826731081503513,0,0.0060213,1,Shared Control,0.01,Good Visuals,0.08450947405519978,-0.05379273683386865,0.0,5.585585766324725,1.0024354360793286,-1.2900463091001841,-0.061574712317036914,-0.03600019022685149,1.5154855307313124,6.26706616128084e-05,30.597936547002334,0.9941047472465818,-0.5980342318457391,0.005896195516276564
301,1.2255857000000008,0.031730085801256906,-0.00604669053614626,0.0007275113611707323,-0.08431400135118139,1.6150875861160172,0.03152281690198398,0.0896274690768965,0,0.0061964,1,Shared Control,0.01,Good Visuals,0.07463819076970422,-0.05380915346632263,0.0,5.585603280442702,1.0024358111270524,-1.2847862754659312,-0.05631467868278398,-0.05100395646974171,1.3242783570626713,6.268068384163397e-05,30.598034231845737,0.9941038044837235,-0.5982177432419107,0.005897994935312752
302,1.2292484000000004,0.032044245066615885,0.005793050318918015,0.0005214281646319027,-0.0838344187579785,1.6442054557678152,0.031863287232356124,0.09627631130986342,0,0.0036627,1,Shared Control,0.01,Good Visuals,0.08045581977548955,-0.053816669570366,0.0,5.58563644363354,1.0024365157996142,-1.280546269949886,-0.05207467316673873,-0.04901196933309467,1.398095926417137,3.9146770481729207e-05,30.59821774324191,0.9941020050646873,-0.598304467730795,0.005898818771792708
303,1.2326657,0.032044245066615885,0.02309289401804564,0.00018095783425976092,-0.07318341729181778,1.7019010985445122,0.03220282529103717,0.10243322835806148,0,0.0034173000000000003,1,Shared Control,0.01,Good Visuals,0.08112619435013037,-0.05382389201779689,0.0,5.585651871531324,1.002436848717076,-1.2754839839093084,-0.04701238712616126,-0.05552910415440425,1.4106969598934018,2.8061527240677513e-05,30.598304467730795,0.9941011812282073,-0.5983860350126707,0.005899610420715313
304,1.2360902000000005,0.032044245066615885,0.03099108064873325,-0.00015858022442128555,-0.07144214770932823,1.7259872346823237,0.032564106040601254,0.10855653456832848,0,0.0034245,1,Shared Control,0.01,Good Visuals,0.0723510070087412,-0.05382712566376408,0.0,5.58566653677593,1.0024371618997292,-1.271173329615976,-0.042701732832828763,-0.07552228678714362,1.2684737349064217,9.739854930971758e-06,30.59838603501267,0.9941003895792847,-0.5984233897246172,0.0058999648590647115
305,1.2408974000000006,0.032358404331974865,0.029117230276554436,-0.0002057017086263893,-0.07943930429177404,1.7419680919798175,0.033106462329505384,0.1170706184125114,0,0.0048072,1,Shared Control,0.01,Good Visuals,0.08197033613796637,-0.0538179662580316,0.0,5.585666763572127,1.002437171035017,-1.2620768845859778,-0.03360528780283065,-0.06991698366645498,1.3519604092268231,-1.9526307257934704e-05,30.598388435900684,0.9941003885165448,-0.598322077328916,0.0058989609010921245
306,1.2463408000000005,0.032672563597333844,0.04062305924035743,-0.0004338987321715407,-0.07644755917215397,1.7841823698008097,0.03376969690573156,0.1265916526699107,0,0.0054434,1,Shared Control,0.01,Good Visuals,0.08649205029015654,-0.05380630661319196,0.0,5.585648328670534,1.0024367775502883,-1.2542292158226587,-0.025757619039511515,-0.07010813082765681,1.3457737173581867,-3.18033931408776e-05,30.598285955245455,0.994101384178951,-0.5981910945804672,0.005897682893136568
307,1.2525450000000005,0.032672563597333844,0.04301027609049642,-0.0010971333083977172,-0.08358137657941428,1.7834512141297802,0.034588347721856046,0.13728099536017885,0,0.0062042,1,Shared Control,0.01,Good Visuals,0.07905741529950165,-0.05379742515464195,0.0,5.585631160421542,1.0024364132809458,-1.2499471226039514,-0.02147552582080428,-0.0816508781973906,1.18874388393405,-2.3346488222297178e-05,30.598191094580468,0.9941023171068635,-0.5980909856351583,0.005896709400818408
308,1.2575884000000004,0.03314380249537231,0.038965199918964716,-0.001444545226483733,-0.09831579544121413,1.755964277657083,0.03530233839240489,0.14583731603392555,0,0.0050434,1,Shared Control,0.01,Good Visuals,0.1083426675808917,-0.053756825762586925,0.0,5.585574362187023,1.0024352053355035,-1.2397145301409078,-0.011242933357760602,-0.05044060432091633,1.5919883062559883,-9.457998867061345e-05,30.597876515167474,0.9941053961907067,-0.5976356992280516,0.005892259321356236
309,1.2629634000000003,0.03314380249537231,0.04364815022089365,-0.0021585358970325763,-0.1021891658130319,1.756922638012537,0.03611041801454105,0.15481955916850795,0,0.0053750000000000004,1,Shared Control,0.01,Good Visuals,0.10662367582337771,-0.053738937072218274,0.0,5.5855309982631445,1.0024342806786193,-1.2346087080579322,-0.006137111274784884,-0.051940777220414534,1.4847253723503788,-7.76541660462627e-05,30.59763569922805,0.9941077406786437,-0.5974331243035235,0.005890298550773594
310,1.2665292000000008,0.03345796176073129,0.04582890694594945,-0.0026524562538097554,-0.10899065222255849,1.7371383783122691,0.03667297388039459,0.1606981654894726,0,0.0035658,1,Shared Control,0.01,Good Visuals,0.11449433409614361,-0.05371418344806225,0.0,5.585494625609186,1.0024335028970364,-1.2289554074715074,-0.0004838106883602207,-0.04633257448904525,1.5823165546419231,-0.00011599742473875784,30.597433124303524,0.9941097014492264,-0.5971553524327831,0.005887585318163565
311,1.2700958,0.03377212102609027,0.052447642198194144,-0.002900852854304317,-0.10825052329127846,1.7353488993539359,0.03725650814553577,0.16651234916711807,0,0.0035666,1,Shared Control,0.01,Good Visuals,0.12407091230129262,-0.05369119049108321,0.0,5.585444524483884,1.002432436305804,-1.2231990565675,0.005272540215647249,-0.03678724363148316,1.6899130740121158,-0.00014247452180509717,30.597155352432782,0.9941124146818364,-0.596895587946534,0.0058850650714197626
312,1.2744996000000004,0.03408628029144925,0.0636442526694204,-0.0031702278540865214,-0.10286809649769767,1.747239055452866,0.03800543628153409,0.17359849867830945,0,0.0044038,1,Shared Control,0.01,Good Visuals,0.12471614506094462,-0.05365188253429249,0.0,5.5853978287613,1.0024314389221989,-1.2149274165198165,0.01354418026333063,-0.039201813473111524,1.655685671787542,-0.00015575024318705553,30.596895587946534,0.9941149349285803,-0.5964556919325137,0.0058807565455438774
313,1.2785809000000006,0.03408628029144925,0.06579863066467087,-0.003919155990084841,-0.10779986801363858,1.7251000199313322,0.03872718505693763,0.18007202828603153,0,0.0040813,1,Shared Control,0.01,Good Visuals,0.12082477212592427,-0.0536131517866122,0.0,5.585318377943431,1.0024297497575896,-1.2094298341394354,0.01904176264371164,-0.04901825823248604,1.5278701518484268,-0.0001700886924343922,30.596455691932512,0.9941192434544561,-0.5960186739019773,0.0058765112872756495
314,1.2822724,0.034400439556808236,0.05936147233715289,-0.004326745500129396,-0.12071055594887864,1.6850411491330655,0.039402605258969735,0.18584793924066179,0,0.0036915000000000003,1,Shared Control,0.01,Good Visuals,0.12995103973106914,-0.053576253756974,0.0,5.585239770056003,1.002428071772058,-1.203843926351537,0.02462767043161007,-0.03971454363696995,1.6304459392581525,-0.00021011830497182898,30.596018673901977,0.9941234887127244,-0.5956020314614955,0.0058724669123336555
315,1.2855963000000008,0.034714598822167216,0.059002037286788794,-0.004688006436802519,-0.126845901953873,1.675131431797349,0.040028896795820265,0.1909829740275508,0,0.0033239000000000003,1,Shared Control,0.01,Good Visuals,0.14516904363767663,-0.053555579747016274,0.0,5.58516485436965,1.0024264720294827,-1.1974311459553504,0.031040450827796807,-0.01942439695331148,1.7986145723303797,-0.0002318108148567779,30.595602031461496,0.9941275330876663,-0.5953652833948138,0.00587020084423616
316,1.2893039000000002,0.03502875808752619,0.06698724824345242,-0.005000138708294077,-0.12399572578409837,1.6832654460026328,0.040747489452271864,0.19663602462100943,0,0.0037076,1,Shared Control,0.01,Good Visuals,0.15333666530421836,-0.053543398220719164,0.0,5.585122580472661,1.002425563128325,-1.1908487340225586,0.03762286276058849,-0.010644782876527984,1.8576542114329955,-0.00025106890258070296,30.595365283394813,0.9941297991557638,-0.595225989382534,0.005868865633109865
317,1.2930844000000006,0.035185837720205684,0.07284353820600964,-0.005561651732066179,-0.12379248641499979,1.6719600819021705,0.04150163817402148,0.2023176807542101,0,0.0037805000000000004,1,Shared Control,0.01,Good Visuals,0.152222682085421,-0.05352200063844062,0.0,5.585097690178407,1.0024250283560685,-1.1839114506406656,0.04456014614248151,-0.01599147749022966,1.7871305533239779,-0.00026772441801702215,30.595225989382534,0.9941311343668902,-0.5949865997266226,0.005866520254604965
318,1.2964891000000005,0.03549999698556466,0.07293388591949732,-0.006001641188456822,-0.1293837948347128,1.644274134393938,0.04219907612927212,0.2073620621282405,0,0.0034047,1,Shared Control,0.01,Good Visuals,0.15515470064764292,-0.053501004929113784,0.0,5.585054446921203,1.0024241091113875,-1.1775210534477378,0.050950543335409264,-0.015213488331830555,1.7754555588385945,-0.0002976707275544304,30.594986599726624,0.994133479745395,-0.5947496934597752,0.005864218925197311
319,1.3001366,0.03597123588360313,0.07715001449591505,-0.0062278402456689905,-0.13021204763232544,1.6398544764557887,0.04296516836400779,0.21268878207310227,0,0.0036475,1,Shared Control,0.01,Good Visuals,0.16321655463879414,-0.05349289156936622,0.0,5.585011833896924,1.0024231994752304,-1.171284247800817,0.05718734898233002,-0.00577756979062598,1.835056241186558,-0.0003210938348064007,30.594749693459775,0.9941357810748027,-0.5946553754400986,0.0058633296238123815
320,1.3035107000000004,0.03612831551628262,0.08561850176111667,-0.006836852847725165,-0.12707028031198558,1.645487685851832,0.04369101216734538,0.2175439526393251,0,0.0033741,1,Shared Control,0.01,Good Visuals,0.16530998761346266,-0.05348440181612386,0.0,5.584995116543031,1.0024228374271218,-1.1647925391281355,0.06367905765501146,-0.0055164450476492865,1.8081746623256194,-0.0003331451829729064,30.594655375440098,0.9941366703761876,-0.5945596646709255,0.005862399066120987
321,1.3079041,0.03659955441432109,0.08849142932684878,-0.007091457753024291,-0.12905252331247632,1.6223551019875162,0.04466046906972358,0.22376020834760463,0,0.0043934,1,Shared Control,0.01,Good Visuals,0.16556177625884708,-0.05346461480331621,0.0,5.584977893262041,1.0024224699282558,-1.1570169707146263,0.07145462606852077,-0.009547301857562463,1.7668935427339518,-0.0003656649848654434,30.594559664670925,0.994137600933879,-0.594338918460516,0.005860230221346324
322,1.3114129000000005,0.03675663404700058,0.08614943424880678,-0.007903835022723002,-0.13761077409879785,1.580614134140805,0.045454178942510984,0.2286378296694404,0,0.0035088000000000003,1,Shared Control,0.01,Good Visuals,0.16897039138031564,-0.053453528514972475,0.0,5.584937961344605,1.002421622248685,-1.150781821338953,0.07768977544419416,-0.006323834208876927,1.7365201848363494,-0.00037914205715943404,30.594338918460515,0.9941397697786537,-0.5942120014314712,0.005859015058715236
323,1.3152340000000002,0.03738495257771854,0.0873988244566991,-0.008069226364792445,-0.1412390052127413,1.554970838000919,0.04633783489400612,0.23386051048400042,0,0.0038211000000000005,1,Shared Control,0.01,Good Visuals,0.1820861974725178,-0.053472323232068235,0.0,5.584915295637856,1.0024211349968637,-1.1443278973250817,0.08414369945806532,0.010075018498596433,1.8784341387365866,-0.0004224878707647621,30.594212001431472,0.9941409849412848,-0.5944175024723041,0.005861075138443322
324,1.3185379000000008,0.03754203221039803,0.0949184520606284,-0.008795802683608092,-0.138942058423372,1.5487668177890923,0.04711784081342127,0.238300555530751,0,0.0033039000000000002,1,Shared Control,0.01,Good Visuals,0.18664732415392937,-0.05350262108038986,0.0,5.584952847632757,1.002421924286651,-1.1376126402449869,0.09085895653816013,0.015301243373089427,1.8780258634938072,-0.00043148028041090856,30.594417502472304,0.9941389248615566,-0.5947567014550077,0.005864396070746478
325,1.3223566,0.03785619147575701,0.09670753734910091,-0.009261649337664261,-0.1415930181816501,1.514316152325347,0.048037499098009986,0.24334395075765392,0,0.0038187000000000004,1,Shared Control,0.01,Good Visuals,0.18840342854260064,-0.05353202719528244,0.0,5.585014099141109,1.0024232267884525,-1.1310924446780264,0.09737915210512064,0.013861479912004749,1.8563891373061847,-0.00047059849807896004,30.594756701455008,0.9941356039292535,-0.595088575346879,0.005867619260585586
326,1.3259115000000001,0.03848451000647496,0.09725253762428704,-0.009552989091535027,-0.14609141313336688,1.4822181637348169,0.048910779228500685,0.247952791049829,0,0.0035549,1,Shared Control,0.01,Good Visuals,0.19366330555581238,-0.05358179659610766,0.0,5.585073788158717,1.002424501064139,-1.1237941643677463,0.10467743241540073,0.02008435562687691,1.8717378719429856,-0.0004957948642170129,30.595088575346878,0.9941323807394145,-0.5956455664562791,0.005873074460214111
327,1.3295221000000002,0.038641589639154456,0.10197685928347117,-0.01026918958934623,-0.14597593176635784,1.46323963005447,0.04981435939820029,0.25254795958480325,0,0.0036106000000000003,1,Shared Control,0.01,Good Visuals,0.19980103436578878,-0.053646228329631174,0.0,5.585174386021214,1.0024266398745612,-1.1170623540847762,0.11140924269837073,0.027558692851568298,1.8850275209929448,-0.0005118663183874651,30.59564556645628,0.9941269255397859,-0.5963691629326084,0.005880136790942524
328,1.3331113000000006,0.03911282853719292,0.10243745109128141,-0.01070153086100737,-0.15011050849352184,1.4211474625018843,0.05072887270856183,0.2570293151313794,0,0.0035892000000000003,1,Shared Control,0.01,Good Visuals,0.20368712276717668,-0.053719582749337254,0.0,5.585304847654086,1.002429418340909,-1.1105549377822612,0.11791665900088574,0.030238857506843148,1.887904001425924,-0.0005509032894703392,30.596369162932607,0.9941198632090574,-0.5971946983168935,0.005888177132929692
329,1.3365281000000007,0.039741147067910876,0.10830140422459623,-0.010987725640650953,-0.14872791090678317,1.4076427915894403,0.05161426305085849,0.261214530496536,0,0.0034168000000000002,1,Shared Control,0.01,Good Visuals,0.21024856889099322,-0.05382067166200985,0.0,5.585453532596143,1.0024325881601213,-1.1037189906766158,0.12475260610653112,0.03875483033857179,1.9197245375173067,-0.0005748817726324717,30.597194698316894,0.9941118228670703,-0.5983290566243903,0.0058992574390960475
330,1.3409917,0.04021238596594935,0.12241394513862636,-0.01140187708490914,-0.13880058535790962,1.4225117701181067,0.05279220561273111,0.2665620807602762,0,0.0044636,1,Shared Control,0.01,Good Visuals,0.21046403158864993,-0.05393242181294371,0.0,5.585658135048165,1.002436943874742,-1.0962289688198716,0.13224262796327524,0.036850832106679964,1.858381762788832,-0.0005913667740177217,30.59832905662439,0.994100742560904,-0.599587435162027,0.005911506318362301
331,1.3441347000000006,0.04084070449666731,0.13536390895517017,-0.0119515011160638,-0.13119817180510604,1.4323053383231807,0.05363581640321836,0.270245393816708,0,0.0031430000000000004,1,Shared Control,0.01,Good Visuals,0.20282907614051054,-0.053990428205489535,0.0,5.585884712034239,1.002441775621043,-1.0904951108662118,0.13797648591693504,0.021811575063133845,1.6880672280919131,-0.0006149308444026567,30.59958743516203,0.9940884936816377,-0.6002536486806402,0.00591786437061572
332,1.3474942000000008,0.0409977841293468,0.13997191592907843,-0.012638032273871558,-0.13027347788762955,1.4226628331359834,0.054550214027151205,0.2741068606167768,0,0.0033595,1,Shared Control,0.01,Good Visuals,0.19827999090051537,-0.054021939769182674,0.0,5.586003498961773,1.0024443331703417,-1.0847670324041654,0.14370456437898135,0.010645845157950518,1.591353927502793,-0.0006452666629546707,30.600253648680642,0.9940821356293843,-0.6006151191662878,0.0059213183376658094
333,1.3511401000000003,0.04162610266006476,0.13465879183360488,-0.012924111367086447,-0.13944806878317192,1.3904241755688875,0.055557085747195166,0.2782086310838943,0,0.0036459,1,Shared Control,0.01,Good Visuals,0.20118899797506756,-0.05405798307239947,0.0,5.586067988849282,1.0024457208442292,-1.0792380607008945,0.14923353608225237,0.011915693671893508,1.5897900118669883,-0.0006827310183000761,30.60061511916629,0.9940786816623342,-0.6010208720311183,0.005925269026463723
334,1.3546198,0.042254421190782716,0.13532888115407282,-0.01330266455641245,-0.1428797499298215,1.3918144988777952,0.05653185310448316,0.28203662305862814,0,0.0034797,1,Shared Control,0.01,Good Visuals,0.21198524621801546,-0.05414256122353542,0.0,5.586141057065864,1.0024472787902206,-1.0732387605069102,0.15523283627623652,0.026718151286933767,1.6815596025406128,-0.0006986513935077647,30.601020872031118,0.9940747309735363,-0.6019645514351425,0.005934539596151279
335,1.3583686000000004,0.042882739721500675,0.14481924632641188,-0.013649113382982483,-0.13721737673221626,1.4158569619400931,0.057596734266541334,0.2860652623710702,0,0.0037488,1,Shared Control,0.01,Good Visuals,0.21754276562352037,-0.05426794797402479,0.0,5.586311753174466,1.0024509024816086,-1.0658627556894222,0.16260884109372456,0.03171745317879367,1.7023644796639696,-0.0007202403301817157,30.60196455143514,0.9940654604038487,-0.6033703409985989,0.005948283176410434
336,1.3624041,0.043353978619539144,0.14988908701325088,-0.01424275564700219,-0.13617617535781934,1.4138755392907105,0.058759715662283364,0.2902908479755751,0,0.0040355,1,Shared Control,0.01,Good Visuals,0.21380608870612583,-0.05434321872503369,0.0,5.586565422909357,1.0024563003840834,-1.0601415228751165,0.16833007390803034,0.0221833801867484,1.5809314472093148,-0.0007407093749592589,30.603370340998598,0.9940517168235896,-0.6042307079763501,0.00595653356653236
337,1.3661564000000004,0.0439822971502571,0.15130060097041298,-0.014777418512026262,-0.1389902470051621,1.407095918208487,0.059856181941037145,0.2941159963630682,0,0.0037523,1,Shared Control,0.01,Good Visuals,0.21608139103691626,-0.05441714993301032,0.0,5.586719190529349,1.00245960337107,-1.054783713918608,0.17368788286453873,0.022123924274285316,1.5690883138605975,-0.0007739971853722488,30.60423070797635,0.9940434664334676,-0.6050654454424915,0.005964637129999133
338,1.3696430000000008,0.04461061568097505,0.1565491717152215,-0.015245566260062092,-0.13756682464784667,1.4193931892374103,0.060887711146538376,0.2975801764134578,0,0.0034866000000000003,1,Shared Control,0.01,Good Visuals,0.22189205899920594,-0.05451661586666991,0.0,5.586869289052634,1.0024628083272182,-1.0490515496704216,0.1794200471127251,0.027482303914446227,1.6069085692381604,-0.0008041449987917753,30.60506544544249,0.9940353628700008,-0.6061823524516013,0.005975539542231423
339,1.3741738000000003,0.04586725274241098,0.17208547295703808,-0.015020458404127399,-0.12549470345641972,1.4479296065274467,0.06224594621926633,0.30195166184185984,0,0.004530800000000001,1,Shared Control,0.01,Good Visuals,0.2204934586361904,-0.05467741654787107,0.0,5.58725876354569,1.0024711149670715,-1.0383027944070213,0.19016880237612527,0.01796412056699916,1.4949502350675254,-0.0008545673816451762,30.607228890991824,0.9940143110096771,-0.6080041296699121,0.005993164826076724
340,1.3798984,0.046809730538487915,0.18348340746895653,-0.015436215680778416,-0.11846825437290331,1.47910955936265,0.06398981629675629,0.307263800170293,0,0.005724600000000001,1,Shared Control,0.01,Good Visuals,0.2097304635647568,-0.05468889094323727,0.0,5.587397701321929,1.0024740912545511,-1.0339881272965687,0.19448346948657777,0.0032468792138503305,1.2635197113893901,-0.0008212798609024444,30.60800412966991,0.9940068351739233,-0.6081462922955779,0.005994422528928303
341,1.3835110000000004,0.047280969436526384,0.196790990846738,-0.016708846860229908,-0.11047280932355497,1.5173966254395121,0.06510570134800546,0.3104944145468994,0,0.0036126,1,Shared Control,0.01,Good Visuals,0.20501007345206612,-0.054656276755967154,0.0,5.587422136554141,1.0024746366130672,-1.0297725452035897,0.19869905157955686,-0.008534281386355227,1.1751734202104924,-0.0008441895159423798,30.60814629229558,0.9940055774710717,-0.6077880727070161,0.005990847703848424
342,1.3870833000000005,0.04806636759992384,0.20096494596791348,-0.01703933374808162,-0.10952946857898593,1.524442645172943,0.06622044827771933,0.3135961939773562,0,0.0035723,1,Shared Control,0.01,Good Visuals,0.20410432698159703,-0.054586340635471076,0.0,5.587356827237245,1.002473260886076,-1.0257583256232956,0.202713271159851,-0.017642018891318334,1.169780737933944,-0.0009132433582657986,30.607788072707017,0.9940091522961516,-0.6070070574630226,0.005983182039962084
343,1.3913304000000002,0.04900884539600077,0.2020870146731399,-0.017211602881718566,-0.11150917930421633,1.5359731300249382,0.06755994462678876,0.317163667072537,0,0.0042471,1,Shared Control,0.01,Good Visuals,0.20500246669917443,-0.05448280715411939,0.0,5.587215618478609,1.00247026191168,-1.020489523040747,0.20798207374239966,-0.0191907371518263,1.1507202006134176,-0.0009301148761742615,30.607007057463022,0.9940168179600379,-0.605846005864715,0.005971833785821091
344,1.3949717000000001,0.04979424355939822,0.20671158875444157,-0.01776570106739054,-0.11045207831809545,1.5645848762655974,0.06872024103697207,0.32011820912743993,0,0.0036413,1,Shared Control,0.01,Good Visuals,0.20794546997206076,-0.05441107700144312,0.0,5.587006135811671,1.0024658038221124,-1.0166048150742215,0.21186678170892498,-0.017617550945492454,1.1350829729211405,-0.0009377364406179582,30.605846005864716,0.9940281662141789,-0.605029476825911,0.005963971478946877
345,1.3985328000000008,0.050422562090116176,0.2095316525158767,-0.01829767894685589,-0.11058655661156325,1.5789159527162662,0.06986522059472777,0.3229147180433526,0,0.0035611,1,Shared Control,0.01,Good Visuals,0.20997856822086197,-0.05432570194526581,0.0,5.586859905696227,1.0024626690318519,-1.0125215034552,0.21595009332794643,-0.01941967534355841,1.140781030066897,-0.0009666509287624068,30.605029476825912,0.9940360285210531,-0.6040688902017722,0.005954613560888364
346,1.4021235,0.051207960253513624,0.20887365239151737,-0.01865726034121415,-0.11404106565183522,1.5793684250323254,0.07102963379904385,0.32564141283363995,0,0.0035907,1,Shared Control,0.01,Good Visuals,0.21308188967972322,-0.05424585783576998,0.0,5.586686877075981,1.002458980758085,-1.0085891142928103,0.21988248249033615,-0.018528926611747515,1.154344261841636,-0.0009940342527570583,30.604068890201773,0.9940453864391117,-0.6031666311213123,0.005945861887184453
347,1.4057630000000003,0.05199335841691107,0.20960248021608396,-0.019036275382132782,-0.11603893261755599,1.585752712238987,0.07221969072226166,0.32830986452533695,0,0.0036395000000000004,1,Shared Control,0.01,Good Visuals,0.21855034120442535,-0.05418423933302265,0.0,5.586524705129505,1.0024555165699633,-1.0042017271014683,0.22426986968167825,-0.013007976880613514,1.1936844487395217,-0.0010120790920744522,30.60316663112131,0.9940541381128155,-0.6024672515330636,0.00593910791330243
348,1.4094538000000005,0.05277875658030852,0.21129442193286746,-0.019440934141953137,-0.11701544259246949,1.5891460185664292,0.07343626021013025,0.3309180498153208,0,0.0036908,1,Shared Control,0.01,Good Visuals,0.22266779152224908,-0.054134059954957896,0.0,5.586399273415229,1.0024528314333292,-0.9994772961145587,0.22899430066858784,-0.00977585799493909,1.2097485434946333,-0.00103146610131481,30.602467251533064,0.9940608920866976,-0.6018984499515795,0.005933607776269642
349,1.4130964000000006,0.05387831400906495,0.2182471009387913,-0.019557946201065303,-0.11267094887652951,1.6092665744230743,0.07464620387379596,0.3333956771342609,0,0.0036426,1,Shared Control,0.01,Good Visuals,0.22590504205951695,-0.05409883819897639,0.0,5.586297194425847,1.0024506475938881,-0.9953438342894975,0.23312776249364908,-0.007685745873387015,1.2104195803863218,-0.0010524166944208791,30.60189844995158,0.9940663922237304,-0.6014976918108002,0.005929747136861483
350,1.4164974000000008,0.054506632539782905,0.23105653146021027,-0.020139571334013055,-0.10233914567405061,1.646767837297785,0.07578389307076225,0.33562260179238,0,0.0034010000000000004,1,Shared Control,0.01,Good Visuals,0.22220198829220236,-0.05402215461716422,0.0,5.586225407259494,1.002449108987002,-0.991328383072293,0.2371432137108535,-0.01582698414177236,1.119976352663495,-0.0010580621670357167,30.6014976918108,0.9940702528631385,-0.6006414721651263,0.005921341887047753
351,1.4201321,0.05529203070318035,0.23478819156915479,-0.020491862367581895,-0.10083441022322523,1.645662479982722,0.07700796731679155,0.3379105616764341,0,0.0036347000000000003,1,Shared Control,0.01,Good Visuals,0.2150905159983924,-0.053874696726360284,0.0,5.586070587643995,1.0024458211567502,-0.98788337598251,0.24058822080063658,-0.030785252675116753,1.0030300733078266,-0.0010879830365294616,30.600641472165126,0.9940786581129523,-0.5989932346553655,0.0059051790999175326
352,1.4243840000000008,0.05639158813193679,0.23416084094080736,-0.02061637918485476,-0.10374972073562672,1.6399433576757725,0.07845020946896808,0.3404667653589274,0,0.0042519,1,Shared Control,0.01,Good Visuals,0.21554328072030138,-0.05369208447274576,0.0,5.585772717984762,1.0024394920642072,-0.9839501676663748,0.24452142911677183,-0.03210899411619769,0.9816333024196986,-0.0011039928704117898,30.598993234655367,0.9940948209000825,-0.5969407213041645,0.0058851630603115835
353,1.4274440000000004,0.057019906662654746,0.2350185524268363,-0.021430302806313334,-0.10544821293209108,1.6386993410970407,0.07949474708908415,0.3422264248206077,0,0.0030600000000000002,1,Shared Control,0.01,Good Visuals,0.21915278194281002,-0.05354820354377029,0.0,5.585402810933334,1.0024316109483409,-0.9804237138487897,0.24804788293435687,-0.028188172730159652,0.9860069390703328,-0.0011069363727153792,30.596940721304165,0.9941148369396884,-0.5953091630848447,0.005869392342214029
354,1.4311215000000006,0.058119464091411166,0.23549955573039674,-0.02137528299767298,-0.10672686909021098,1.6281559477587282,0.08075704048243025,0.3442529362919982,0,0.0036775,1,Shared Control,0.01,Good Visuals,0.22539456119903456,-0.053432433484979225,0.0,5.585110060125292,1.0024253466679072,-0.9767598067982499,0.25171178998489663,-0.022447987768769825,1.0535431608648727,-0.001147554216677098,30.595309163084845,0.9941306076577859,-0.5939970186397393,0.005856702842818022
355,1.4347521000000008,0.058904862254808614,0.24176993209413888,-0.021852178227621637,-0.10248300419785933,1.637765933895689,0.08201037437545372,0.34615948178204,0,0.0036306000000000003,1,Shared Control,0.01,Good Visuals,0.226363455373368,-0.053321585818088914,0.0,5.584874564031759,1.0024203087064636,-0.9731844206051267,0.2552871761780198,-0.021377547237690177,1.0196452853623863,-0.001142133386995769,30.59399701863974,0.994143297157182,-0.5927455451844069,0.005844552884385402
356,1.4381399000000004,0.06000441968356505,0.2522009528463811,-0.022005954691888673,-0.09395852893565887,1.6549734175291784,0.08318598758951437,0.3478545588929327,0,0.0033878000000000003,1,Shared Control,0.01,Good Visuals,0.22476730894406605,-0.05318376572860963,0.0,5.584649521919741,1.0024155034910633,-0.9698322455394571,0.2586393512436894,-0.026443018847360753,0.9731399151361741,-0.001165192796676301,30.592745545184407,0.9941554471156145,-0.591196870763267,0.005829446491934127
357,1.4421142000000007,0.061103977112321475,0.26519080217623403,-0.022082010477192895,-0.08266375671669868,1.6814399666647344,0.08457224985202248,0.3497402877422516,0,0.0039743,1,Shared Control,0.01,Good Visuals,0.217074328959581,-0.052940595547896444,0.0,5.584370381971129,1.0024095568343292,-0.9664725449226036,0.26199905186054295,-0.039870390141619624,0.8407238418631506,-0.0011703595389678052,30.591196870763266,0.9941705535080658,-0.5884770809062051,0.005802792727623133
358,1.4455331000000005,0.061732295643039434,0.26956876713833544,-0.02283995420898305,-0.08017152060391614,1.6784288260531128,0.08577062220772977,0.3512741618577376,0,0.0034189000000000003,1,Shared Control,0.01,Good Visuals,0.2061653512773809,-0.0526235844889676,0.0,5.583879013896375,1.002399112746891,-0.9641090858152618,0.26436251096788477,-0.05808751506717074,0.6645463538146501,-0.0011690347855574808,30.588477080906205,0.9941972072723768,-0.5849182164834306,0.005768045300846188
359,1.4491019000000005,0.06283185307179585,0.2626746820965356,-0.022938769135933915,-0.08859947976120197,1.6463220366568463,0.08702697814938154,0.352788663199723,0,0.0035688,1,Shared Control,0.01,Good Visuals,0.20788364851534055,-0.05230648417503647,0.0,5.583237244665205,1.0023854469011169,-0.9617597807585451,0.2667118160246015,-0.058266751062986094,0.6854081738583055,-0.0012019202600405704,30.58491821648343,0.9942319546991538,-0.5813430528803561,0.005733288090872193
360,1.452528,0.06361725123519331,0.25896176247105557,-0.02340972691418823,-0.09382690072866745,1.6372800468301199,0.08823803939482461,0.35415986672937777,0,0.0034261,1,Shared Control,0.01,Good Visuals,0.216867445715114,-0.052051100323603376,0.0,5.582593910807332,1.0023717188272272,-0.9589923120296088,0.2694792847535378,-0.044839967724017375,0.7737491902972824,-0.0011998463648035423,30.581343052880356,0.9942667119091279,-0.5784509943898417,0.005705295592100478
361,1.4575566000000002,0.06565928646002667,0.2651170221176622,-0.02257875293479794,-0.08904284461171558,1.6351215729594482,0.09002373394424346,0.3560267532237321,0,0.0050286,1,Shared Control,0.01,Good Visuals,0.22588862870486126,-0.051655371081966286,0.0,5.581664491018738,1.0023518415014272,-0.9530747991392293,0.2753967976439172,-0.03435445405450084,0.8351236910219935,-0.0012195622293567983,30.576166329654047,0.9943168102177484,-0.5739776237155991,0.005661919903902903
362,1.4630152,0.06644468462342412,0.26891464389346165,-0.023579049320819334,-0.08711210933027047,1.6219148038700724,0.09197223378789275,0.3578589867304489,0,0.0054586,1,Shared Control,0.01,Good Visuals,0.21526964354322653,-0.0513999253557788,0.0,5.581270719465365,1.0023434369756545,-0.9509174520875728,0.2775541446955737,-0.04753715818340134,0.6292209798916459,-0.001166313861415023,30.5739776237156,0.9943380800960971,-0.5711118444152476,0.0056339206230696885
363,1.4665341000000005,0.06754424205218054,0.2678708334994764,-0.02442799173571221,-0.08998815323097253,1.5898756031813663,0.093233419499756,0.35893401766686295,0,0.0035189,1,Shared Control,0.01,Good Visuals,0.21890416047738565,-0.05113549004769843,0.0,5.580753757110611,1.002332431879085,-0.9484662903623727,0.28000530642077387,-0.04504472522372218,0.683593642859174,-0.0012119613750503407,30.57111184441525,0.9943660793769303,-0.5681343180683522,0.005604935998571701
364,1.4701076000000004,0.06864379948093698,0.2737382362819649,-0.024589620018819022,-0.08519578138489803,1.5879469508148225,0.09451789538694552,0.35994142610274316,0,0.0035735000000000003,1,Shared Control,0.01,Good Visuals,0.22651052535547908,-0.05093003430228566,0.0,5.580217616080079,1.0023209979083647,-0.9458142099416473,0.28265738684149927,-0.03554479468418222,0.7778046223202677,-0.001249137328286771,30.568134318068353,0.9943950640014283,-0.5658074808083222,0.005582416095027153
365,1.4744264000000005,0.07005751617505238,0.2852802038294747,-0.024460379211893146,-0.07466122227326843,1.6012135822433833,0.09607484104172105,0.36104664561265604,0,0.0043188,1,Shared Control,0.01,Good Visuals,0.22259791729301448,-0.05056481894902372,0.0,5.579799841885245,1.0023120630140352,-0.9422666439171338,0.2862049528660128,-0.04213377607057122,0.6989726966374092,-0.001252350191038623,30.56580748080832,0.9944175839049728,-0.5617263366380896,0.005542385019177102
366,1.4785404,0.07068583470577035,0.284400241458442,-0.025389006335950703,-0.07664640415421403,1.5684089985750178,0.09756215755584821,0.36198636665821093,0,0.0041140000000000005,1,Shared Control,0.01,Good Visuals,0.21129865024643885,-0.05020775233447555,0.0,5.57906218600578,1.0022963896319288,-0.940483309866218,0.28798828691692857,-0.059402254612882205,0.5048648333708388,-0.0012368346462738405,30.56172633663809,0.9944576149808229,-0.557703526592752,0.005503247122583125
367,1.4821218000000007,0.07194247176720626,0.27488165461845254,-0.025619685788641947,-0.08710471203975839,1.5228643863951223,0.09885990589675389,0.36271559553495086,0,0.0035814,1,Shared Control,0.01,Good Visuals,0.21844968963080014,-0.049904279189708724,0.0,5.5783380280232935,1.0022809411733942,-0.9384226991206801,0.2900488976624664,-0.05027332669180657,0.602746876162821,-0.0012747249421338435,30.557703526592753,0.9944967528774169,-0.5542754396486429,0.005469983579941474
368,1.4855221000000007,0.0727278699306037,0.2732033705797457,-0.026132035966150186,-0.08951222495520517,1.5142911793484417,0.10009431693684899,0.3633322595221186,0,0.0034003,1,Shared Control,0.01,Good Visuals,0.23020172446359033,-0.049699100175001815,0.0,5.577721739700688,1.0022677766976926,-0.9358175366810219,0.29265406010212464,-0.0322916925060705,0.7292879569056103,-0.0012785319523490007,30.55427543964864,0.9945300164200586,-0.5519455024211349,0.005447494008713947
369,1.4907976000000005,0.07492698478811656,0.2822411860225218,-0.02516733214873243,-0.08109107349959682,1.5021231436873936,0.10201329639788821,0.3641449172916565,0,0.005275500000000001,1,Shared Control,0.01,Good Visuals,0.23232219756086975,-0.04931630379351726,0.0,5.576958687336592,1.0022514530182056,-0.9303645092011974,0.29810708758194904,-0.030756932944860284,0.6968062383729923,-0.001293195566060318,30.550024635038948,0.9945711388785344,-0.5476378799173187,0.00540553588497827
370,1.4963480000000002,0.0758694625841935,0.2828704231311816,-0.026143833813694714,-0.08127449416047489,1.4773467090270076,0.1040363898308482,0.3648136835050098,0,0.0055504000000000005,1,Shared Control,0.01,Good Visuals,0.22161923726061006,-0.049042010919952486,0.0,5.576528076264085,1.002242286617947,-0.9285886495850729,0.29988294719807346,-0.04356812364986362,0.4933765672402184,-0.0012411597979192419,30.547637879917318,0.9945944641150217,-0.544563182788057,0.005375470777559513
371,1.5002361000000004,0.07696902001294992,0.28047715613729973,-0.027067369817898285,-0.08433652736771008,1.448045463190107,0.10545554484891814,0.3651703373201279,0,0.0038881000000000002,1,Shared Control,0.01,Good Visuals,0.22723309166155933,-0.048811265002405915,0.0,5.575973193920445,1.0022304779806301,-0.9266376112579581,0.3018339855251883,-0.03713705104969293,0.5704957241775606,-0.0012821461833806393,30.544563182788057,0.9946245292224405,-0.54195807083839,0.005350178830644095
372,1.5036190000000005,0.07791149780902687,0.28261817303712505,-0.027544047039891273,-0.08255216428300283,1.437300437547565,0.10669129887330246,0.3654068621791511,0,0.0033829000000000003,1,Shared Control,0.01,Good Visuals,0.2354380427146276,-0.04863221034630356,0.0,5.575504725872978,1.0022204733360376,-0.92422410052286,0.30424749626028635,-0.026619947554440585,0.6745607018357265,-0.0013211925610995567,30.54195807083839,0.9946498211693559,-0.5399331453477614,0.0053305527375575945
373,1.507981,0.07948229413582175,0.2857012625677453,-0.02720900473748071,-0.07970559961140578,1.417552232200025,0.10828569158794384,0.36561199619740187,0,0.004362,1,Shared Control,0.01,Good Visuals,0.23629677025405735,-0.048380715062380425,0.0,5.575140894609007,1.0022126968748672,-0.9209031501419027,0.30756844664124355,-0.02633256929587006,0.6653877741849727,-0.0013395278894324722,30.53993314534776,0.9946694472624424,-0.5371179125194588,0.005302986462764551
374,1.5120491000000005,0.0804247719318987,0.2887166598580062,-0.027860919656045133,-0.07689533633939566,1.3874417176064944,0.10977325630729749,0.36570353740929723,0,0.0040681,1,Shared Control,0.01,Good Visuals,0.231561303767713,-0.04817609870077196,0.0,5.574632483314473,1.0022018842960283,-0.9190396327652797,0.30943196401786666,-0.03165761132797116,0.5452707679725806,-0.0013163911053350134,30.53711791251946,0.9946970135372355,-0.5348071529873486,0.005280558563667343
375,1.5155553000000008,0.08152432936065512,0.2912969973257253,-0.02824892694664237,-0.07440654008357195,1.3514693145140533,0.11105551153644143,0.365706447793378,0,0.0035062,1,Shared Control,0.01,Good Visuals,0.23236678066937905,-0.047963790451162246,0.0,5.5742170042201415,1.002193009850443,-0.9170876477838397,0.3113839489993067,-0.03073693071713652,0.547479940943524,-0.0013422304152439079,30.534807152987348,0.9947194414363326,-0.5324206274449975,0.005257287560496722
376,1.5190620000000008,0.08262388678941156,0.2955750845243871,-0.02843162474702987,-0.07013136326899094,1.3232318298158283,0.11233783811294032,0.36564011672713853,0,0.0035067,1,Shared Control,0.01,Good Visuals,0.23202253160565364,-0.04775812652668861,0.0,5.573786910370898,1.0021838439830721,-0.9152865415201201,0.3131850552630262,-0.030484284845319426,0.5245838712994408,-0.0013549256125389452,30.532420627445,0.9947427124395033,-0.5301064023472492,0.005234744838547357
377,1.5241467000000002,0.08466592201424493,0.2923400151330815,-0.02767191609869539,-0.07330010159405703,1.2334251623774117,0.11419651686256395,0.365423169757595,0,0.0050847,1,Shared Control,0.01,Good Visuals,0.23110385300405878,-0.04730990899862959,0.0,5.572861592385693,1.0021641341301992,-0.9120184460708276,0.3164531507123187,-0.02991101121971291,0.4783572018569935,-0.0013743025047141546,30.52728887238426,0.9947928047748084,-0.5250649221059918,0.005185615935003743
378,1.5294713,0.0863937979737193,0.30645240839614485,-0.027802718888844655,-0.05897076136145013,1.220255582073029,0.1161413123869867,0.36504610209184446,0,0.0053246000000000005,1,Shared Control,0.01,Good Visuals,0.22590867824726915,-0.046933293447431405,0.0,5.572109056610576,1.0021480667416165,-0.9098373974047442,0.3186341993784022,-0.03442346544283412,0.3555601867449134,-0.001347529691151413,30.52310539356083,0.9948334453561215,-0.520832124916166,0.005144335289046041
379,1.5354216000000003,0.08812167393319369,0.30651492400637853,-0.028019638453793017,-0.05853117808546593,1.141607463342994,0.11831175837750392,0.36444817851784467,0,0.0059503,1,Shared Control,0.01,Good Visuals,0.21678758722919128,-0.0463769375839184,0.0,5.571120050659197,1.0021270294500166,-0.9086983266027004,0.31977327018044605,-0.044904003882001595,0.21249372044920656,-0.0013363366171310683,30.517628346531836,0.9948870629190611,-0.5145921533842132,0.005083353395560484
380,1.5418993000000007,0.0893783109946296,0.2944744113116744,-0.028933447382874317,-0.06997376720617027,1.0476271768681993,0.12066988473107114,0.3635919464824708,0,0.0064777,1,Shared Control,0.01,Good Visuals,0.2147404366154654,-0.04598314325272241,0.0,5.570573075821942,1.002115367725115,-0.9079881093625194,0.32048348742062704,-0.044235309896199,0.15582115451875245,-0.0012994650236955185,30.514592153384214,0.9949166466044396,-0.5101904700271574,0.005040189791947904
381,1.5460034,0.09063494805606552,0.2859138893269441,-0.03003493667500562,-0.07767805715552667,0.9612516498338495,0.12216079688484024,0.3629420720970002,0,0.0041041,1,Shared Control,0.01,Good Visuals,0.23127347075757926,-0.04585934111686113,0.0,5.56977757457352,1.0020984601663663,-0.9067061829429036,0.3217654138402428,-0.017831314110519143,0.37182075575478923,-0.001330450855801816,30.51019047002716,0.9949598102080521,-0.5087495803071483,0.005026619900521389
382,1.5496115000000001,0.09157742585214247,0.2908378490390946,-0.030583371032697773,-0.07210422305790559,0.914581109699829,0.12346919534340133,0.3623038231954276,0,0.0036081000000000004,1,Shared Control,0.01,Good Visuals,0.24512088174423713,-0.04588921209506177,0.0,5.569522315943872,1.0020929272082604,-0.9047403505492333,0.3237312462339131,0.004012867560291127,0.5514101690472268,-0.0013773824064024056,30.50874958030715,0.9949733800994787,-0.5090561618623504,0.005029894043799827
383,1.5532202000000002,0.09283406291357839,0.2994837315330944,-0.030635132429822937,-0.06282009166233321,0.8684223058503425,0.12477539712246143,0.3616042796310691,0,0.0036087000000000003,1,Shared Control,0.01,Good Visuals,0.24259175426551316,-0.04590155854520811,0.0,5.56958018658387,1.0020941057062591,-0.9030256206570259,0.32544597612612053,0.001700065609150975,0.5023966166263669,-0.0014034467999014364,30.50905616186235,0.9949701059562002,-0.5091978689365422,0.005031247332148394
384,1.5574575000000008,0.09393362034233481,0.30835206876016563,-0.030841776780126617,-0.05325221087090348,0.8319515477389021,0.12630574989714927,0.3607066564513728,0,0.0042373,1,Shared Control,0.01,Good Visuals,0.23357727869721323,-0.04582718260127328,0.0,5.5696054628121106,1.0020946499166703,-0.9015937634622514,0.326877833320895,-0.008741037380778086,0.35911346177128656,-0.0014062003247677212,30.509197868936543,0.9949687526678516,-0.5083785224575091,0.005023095021391242
385,1.5604683000000001,0.09487609813841175,0.3085696314188504,-0.03142965175873752,-0.05213702503252238,0.7769267322015444,0.12739074186484656,0.3600200061232279,0,0.0030108,1,Shared Control,0.01,Good Visuals,0.22513551605558083,-0.045679139679698874,0.0,5.569456302403102,1.0020915022582162,-0.9007600048735722,0.3277115919095741,-0.019181335406845954,0.23234181097370632,-0.0014133917362505728,30.50837852245751,0.9949769049786088,-0.5067293609530237,0.005006868109325041
386,1.5641526000000008,0.09613273519984768,0.3042359125116136,-0.03125800666499888,-0.055784093611614294,0.7238597583745268,0.12871553450340084,0.3591259105639382,0,0.0036843,1,Shared Control,0.01,Good Visuals,0.2272824280834719,-0.045571526187631016,0.0,5.569157748740744,1.0020851672776783,-0.8998818473667591,0.3285897494163872,-0.014363610419260374,0.25692144728293087,-0.0014356794527716646,30.506729360953024,0.994993131890675,-0.505513272380504,0.004995072647209384
387,1.5676647000000008,0.09691813336324512,0.30241077074962497,-0.03179740114015572,-0.05671513981431325,0.687958526134691,0.12997524454100673,0.3582197558663048,0,0.0035121,1,Shared Control,0.01,Good Visuals,0.22997408964861318,-0.04551476115845002,0.0,5.568939161641528,1.00208049639101,-0.8989345146320795,0.32953708215106675,-0.00724574005030065,0.26350664367599874,-0.0014244750693071413,30.505513272380504,0.9950049273527907,-0.5048662782127953,0.004988850660185894
388,1.5711306,0.09801769079200154,0.2956251568002658,-0.03195755374900519,-0.06259459906603898,0.6294813511795626,0.13121517596134977,0.3572753304087538,0,0.0034659,1,Shared Control,0.01,Good Visuals,0.23390710476569226,-0.04550862346911423,0.0,5.5688233594259815,1.0020780115049939,-0.8978617233730359,0.3306098734101104,-0.0007949121653402936,0.30795477639327773,-0.0014472511183536141,30.504866278212795,0.9950111493398142,-0.504787936050196,0.004988177911066367
389,1.5748282000000007,0.09927432785343746,0.2891658034060712,-0.03194084810791231,-0.06810952700268263,0.5793286291373768,0.132534292330782,0.35621427910246445,0,0.0036976,1,Shared Control,0.01,Good Visuals,0.24069019996914925,-0.045626835291124185,0.0,5.568810079198314,1.002077710873922,-0.8961794609280793,0.332292135855067,0.011770339492596415,0.37286664560068283,-0.001454344280557457,30.504787936050196,0.9950118220889337,-0.506092552403584,0.005001135050931895
390,1.5789778000000005,0.10053096491487337,0.2920712856252893,-0.03200332741590864,-0.06414299347717517,0.566324184300024,0.1340098590988956,0.35495971177999064,0,0.004149600000000001,1,Shared Control,0.01,Good Visuals,0.24613147629233734,-0.045797377615004915,0.0,5.569047366130893,1.0020827227634859,-0.8947858233093461,0.33368577347380024,0.022376131709487095,0.4065335371585448,-0.0014573598156785307,30.506092552403583,0.9949988649490681,-0.5079981305686788,0.005019828111456152
391,1.5826645000000008,0.10131636307827083,0.2973955210537864,-0.03269349602062477,-0.05756419072620422,0.5540620940979817,0.13531634893747638,0.35379025662679514,0,0.0036867000000000002,1,Shared Control,0.01,Good Visuals,0.24251612488940638,-0.045941496199612734,0.0,5.569391816960203,1.0020900425643406,-0.893585713924547,0.3348858828585993,0.017928946000495393,0.3327536696054747,-0.0014656684706030073,30.50799813056868,0.9949801718885438,-0.5096217649130039,0.005035624878871075
392,1.5861600000000005,0.10257300013970674,0.298295978943662,-0.032743348797769634,-0.05549427768313314,0.5287149952250664,0.13655101711926168,0.3526353261811182,0,0.0034955000000000003,1,Shared Control,0.01,Good Visuals,0.23977730638116912,-0.04604559714085396,0.0,5.569684102982276,1.0020962788923897,-0.8925851465306779,0.3358864502524684,0.01338818577627866,0.29320656230595565,-0.001501988123183587,30.509621764913003,0.9949643751211289,-0.5107986637994232,0.005047035332012404
393,1.5907826000000007,0.10477211499721958,0.3128788421173499,-0.031778902122042096,-0.039756484063768305,0.5562056699727151,0.138177453923165,0.35104144862746617,0,0.0046226,1,Shared Control,0.01,Good Visuals,0.23115591305479577,-0.04617404876714136,0.0,5.57012173589001,1.00210561479725,-0.8911999743400328,0.33727162244311343,0.0024557846744020406,0.135234028553465,-0.0015103311459284494,30.512052389505754,0.9949407189737574,-0.5122581025642484,0.005061114851805442
394,1.5964303000000006,0.10555751316061704,0.3108931720880398,-0.032619940762547955,-0.040148276539426375,0.5353375727571619,0.14015430334295348,0.3489956142373453,0,0.0056477,1,Shared Control,0.01,Good Visuals,0.2168537085942363,-0.04603947691649143,0.0,5.570157226270832,1.0021064043864496,-0.8914927299878292,0.336978866795317,-0.0169554683016154,-0.08184161689536262,-0.0014673605763493838,30.51225810256425,0.9949388851481945,-0.5107746166455036,0.005046364497220033
395,1.6001261000000007,0.10681415022205296,0.3017905860615461,-0.03334015312090052,-0.047205028175799246,0.5036794785624292,0.14144155724237067,0.3476008498236424,0,0.0036958000000000004,1,Shared Control,0.01,Good Visuals,0.2219220084784427,-0.045960156071318585,0.0,5.569887252704695,1.0021007054097422,-0.8914967943074927,0.3369748024756536,-0.01014122819568911,-0.0011833458520480455,-0.0015018050097546443,30.510774616645502,0.9949536355027799,-0.5098734389218115,0.005037670178262071
396,1.6035734000000001,0.1077566280181299,0.29849799146913547,-0.03368492922424078,-0.04910285835450695,0.5007251076885058,0.1426375437794003,0.34626168296812915,0,0.0034473000000000004,1,Shared Control,0.01,Good Visuals,0.23299953630172815,-0.046011436423826026,0.0,5.5697256991467965,1.0020972442721843,-0.8909883192246077,0.33748327755853863,0.006145963301317985,0.14175101973321924,-0.0015323186408782474,30.50987343892181,0.9949623298217379,-0.5104251075271017,0.005043290992563846
397,1.6080567000000006,0.10901326507956581,0.2937425445738208,-0.03362427869983449,-0.05251913839430833,0.48006772749252663,0.1441859380827546,0.3444672269965244,0,0.0044833,1,Shared Control,0.01,Good Visuals,0.23682518293814173,-0.04614332588014854,0.0,5.569827342100714,1.0020993640123115,-0.8900864364398547,0.3383851603432917,0.011269302576068042,0.18106460243987832,-0.001549891979442234,30.5104251075271,0.9949567090074362,-0.5118915097621481,0.005057747331221882
398,1.6121510000000008,0.11026990214100174,0.2889654322074314,-0.03391603594175285,-0.05550179478909295,0.4594916169395517,0.14559284927033952,0.3427786391524424,0,0.0040943,1,Shared Control,0.01,Good Visuals,0.2399200526108864,-0.04628173312881958,0.0,5.570093064634605,1.0021049969719398,-0.889426333999707,0.3390452627834394,0.017190684094085248,0.19222552130102422,-0.0015515360495314003,30.511891509762147,0.9949422526687781,-0.5134451226188078,0.005072918081904351
399,1.6155430000000006,0.11121237993707868,0.29323774817181936,-0.034380469333260846,-0.04954089098062303,0.472545893667744,0.1467531321691833,0.3413453685542308,0,0.003392,1,Shared Control,0.01,Good Visuals,0.24454393656662865,-0.046489438664079945,0.0,5.570373253138263,1.0021109644393449,-0.8885910203891445,0.33988057639400193,0.024634764026988443,0.2342175893232752,-0.0015696929242436585,30.51344512261881,0.9949270819180956,-0.5157657834683044,0.005095684583811295
400,1.6191143000000006,0.1124690169985146,0.3008809094948601,-0.03428411517066869,-0.04046445905937068,0.48797225579907805,0.14796943657766132,0.33980426236149797,0,0.0035713000000000003,1,Shared Control,0.01,Good Visuals,0.24117238087490162,-0.046641763178269215,0.0,5.570792747804109,1.0021198784351408,-0.8879677887062918,0.34050380807685465,0.018483408794765434,0.18134068984307916,-0.0015983287203109116,30.515765783468304,0.9949043154161887,-0.51748773804422,0.0051123807991452636
401,1.6242420000000006,0.11451105222334797,0.3087455267776965,-0.03345838435431335,-0.031058735583801456,0.5044711957768608,0.1497060647400025,0.3375370355754917,0,0.005127700000000001,1,Shared Control,0.01,Good Visuals,0.22509334022206906,-0.04663638777970406,0.0,5.571184115128718,1.002128277727421,-0.8880028703974648,0.34046872638568154,-0.005621189770146497,-0.05063982067475181,-0.0016132077283803378,30.5179528294521,0.994883291677011,-0.5174648529054017,0.005111791604343446
402,1.6294280000000008,0.11623892818282233,0.3006783796657325,-0.03346713655718017,-0.036858655909759175,0.4851260336545267,0.1514504530301622,0.335182872746078,0,0.0051860000000000005,1,Shared Control,0.01,Good Visuals,0.22364105725345373,-0.04648804615731648,0.0,5.570891650608399,1.0021220957897974,-0.8888083947805842,0.3396632020025622,-0.006677443251487768,-0.08526444764833485,-0.001601274070905555,30.516343557361978,0.9948992492563634,-0.5157985979462596,0.0050955319518275295
403,1.6354635000000002,0.11718140597889928,0.2955369469177054,-0.03426904705126291,-0.03964592582837262,0.4714399847834605,0.15346500323000586,0.3323718868791265,0,0.0060355,1,Shared Control,0.01,Good Visuals,0.2233753303937201,-0.04645182597108572,0.0,5.570794313588716,1.0021200029462787,-0.889235176581396,0.3392364202017504,-0.004322743545710156,-0.11902992631762,-0.0015558217890234054,30.515798597946258,0.9949044680481725,-0.5153893638150259,0.00509156187496916
404,1.6409259,0.11938052083641214,0.28318889054594826,-0.034084482393593726,-0.04918299633317824,0.4257996594606742,0.15527346353619859,0.32976770280726186,0,0.0054624,1,Shared Control,0.01,Good Visuals,0.24087070313011635,-0.046688285070237694,0.0,5.570815347503436,1.0021204173057976,-0.8888022811949742,0.33966931558817215,0.019821882580707002,0.1261575510732995,-0.0016433350257006431,30.515906329803354,0.9949032416229059,-0.5180038340729917,0.005117480040919863
405,1.6464283000000002,0.12110839679588652,0.2859618683192713,-0.03416506674031207,-0.04380583448799058,0.3921613027812362,0.15708063989328572,0.32709247441998235,0,0.0055024,1,Shared Control,0.01,Good Visuals,0.24149599502801855,-0.04701544751464069,0.0,5.571504918683199,1.002135073734671,-0.8883582243116713,0.34011337247147494,0.02370928517816255,0.09384771907782641,-0.0016444576963174885,30.519722031733025,0.9948658271492761,-0.5216831418588229,0.005153340156082631
406,1.6526327000000007,0.12299335238804039,0.2909506486523432,-0.034087287505245326,-0.036141825767639135,0.3579603995826161,0.15910055068167395,0.3240203643934552,0,0.0062044000000000005,1,Shared Control,0.01,Good Visuals,0.23614325758643215,-0.04727721991103364,0.0,5.572101224594779,1.00214779342248,-0.8884491412421286,0.3400224555410177,0.01916688105141757,0.003758878372966068,-0.0016585202954454285,30.52303376141523,0.9948335920156383,-0.5246317744008983,0.005182032900135863
407,1.6589370000000008,0.12409290981679683,0.297068323852805,-0.03500764086487712,-0.0269520405406502,0.3706700038154614,0.1611332929799125,0.32084638410000854,0,0.0063043000000000005,1,Shared Control,0.01,Good Visuals,0.22616731946195548,-0.04736142328700175,0.0,5.572389608806253,1.0021539312428922,-0.8891730139923215,0.33929858279082475,0.007833670459252264,-0.16029423817908062,-0.0016115521875561126,30.5246317744009,0.9948179670998641,-0.5255895015497555,0.005191262390900979
408,1.6629815000000008,0.12519246724555325,0.2982559789230289,-0.03594082573435925,-0.022590405176979633,0.3831167300927728,0.16242679570197632,0.318786161650487,0,0.0040445,1,Shared Control,0.01,Good Visuals,0.2220924138074837,-0.047362834315854564,0.0,5.572561203020361,1.0021576093231757,-0.8898475320169579,0.3386240647661884,0.0001670367931552082,-0.19529170637144855,-0.0016580116972807852,30.525589501549756,0.994808737609099,-0.525621347872794,0.005191417053081879
409,1.6665931,0.1261349450416302,0.29532436583626637,-0.036291850660346126,-0.023461795814220643,0.3942082417662966,0.16357478055199756,0.3169327504151388,0,0.0036116000000000004,1,Shared Control,0.01,Good Visuals,0.22292175501584094,-0.0473583376448339,0.0,5.572565508059798,1.002157731125277,-0.8904584151548379,0.33801318162830835,-0.0004979565176015043,-0.16988796314590493,-0.0017022593744314592,30.525621347872793,0.9948085829469181,-0.5255720656128204,0.0051909241751754796
410,1.6701571000000008,0.12707742283770712,0.2900578264664998,-0.03649735771429044,-0.026874923948638996,0.3983959616091138,0.16470105289708564,0.31509266619726917,0,0.0035640000000000003,1,Shared Control,0.01,Good Visuals,0.22575080438822687,-0.04738159981337914,0.0,5.572556513073234,1.0021575418017474,-0.8909032599161634,0.3375683368669829,0.0027118408284083017,-0.13149805235904743,-0.00171872171732856,30.52557206561282,0.9948090758248245,-0.5258282692788757,0.005193473930067091
411,1.6744017000000007,0.12864821916450203,0.2860406443212046,-0.03605283373258361,-0.029052021876064593,0.40175887074639943,0.1660338224482318,0.31288886569474056,0,0.0042446,1,Shared Control,0.01,Good Visuals,0.2303182250881476,-0.04749695470493523,0.0,5.572603159649665,1.0021585259962218,-0.8912886477563052,0.33718294902684104,0.009032863633745841,-0.07694061373592431,-0.0017293031974642556,30.525828269278875,0.9948065260699329,-0.5271073990186755,0.005206117923185979
412,1.6784722000000007,0.12943361732789946,0.2831123118233442,-0.03660020512033235,-0.029776553871396383,0.3962868934754547,0.16730311715323976,0.3107650479739555,0,0.0040705,1,Shared Control,0.01,Good Visuals,0.23003137712110533,-0.04758611600726201,0.0,5.572835257444862,1.002163439418071,-0.8916705774058976,0.33680101937724866,0.009896399788241285,-0.1067558278154066,-0.0017123998107810847,30.527107399018675,0.9947938820768141,-0.5281147316636056,0.005215890849828996
413,1.6822969000000008,0.13069025438933538,0.2809344557942589,-0.03661286276390438,-0.02983059217969658,0.3867807236839255,0.16848787196945839,0.30876215869638546,0,0.0038247000000000003,1,Shared Control,0.01,Good Visuals,0.23381463005595354,-0.04771798824943765,0.0,5.573016340894756,1.0021673081822617,-0.8918542070621187,0.3366173897210275,0.015000925133638574,-0.05339778889212643,-0.0017416616067457203,30.528114731663607,0.994784109150171,-0.5295892501349065,0.00523034530165283
414,1.6857022000000006,0.13131857292005333,0.2802432166901509,-0.03716929904940505,-0.02851894200623456,0.3818010615654661,0.16953625684579066,0.3069744104179768,0,0.0034053000000000004,1,Shared Control,0.01,Good Visuals,0.23394925074308393,-0.04786614317178667,0.0,5.573282778977847,1.0021729716879004,-0.8920914153311529,0.3363801814519934,0.016270171727190457,-0.06661469545174947,-0.0017470921551462624,30.529589250134908,0.9947696546983472,-0.5312519352086714,0.005246584490069036
415,1.6908962,0.1335176877775662,0.2770576935104001,-0.036018569068224454,-0.02991671690757669,0.364701016559684,0.17112358888800677,0.3042423972496038,0,0.005194000000000001,1,Shared Control,0.01,Good Visuals,0.23621170812982786,-0.048246676987699515,0.0,5.573924373397218,1.0021866337418102,-0.8924300353978568,0.33604156138528946,0.021039838768626543,-0.052565973026365675,-0.0017754226876584378,30.533146367270135,0.9947349107498678,-0.5355189157539665,0.00528829461510146
416,1.6964086000000007,0.13430308594096366,0.2737877381868393,-0.036820502947043116,-0.030454659062764455,0.35056976474442053,0.17279269613149595,0.3013403557303649,0,0.005512400000000001,1,Shared Control,0.01,Good Visuals,0.23076261050920618,-0.04838480080523615,0.0,5.574352598664765,1.002195746150526,-0.8929750353939439,0.3354965613892024,0.015264369500456848,-0.15152357542454742,-0.0017377762673937702,30.535518915753965,0.9947117053848985,-0.5370867912601279,0.00530343429903622
417,1.7001526,0.13555972300239957,0.2690881726304125,-0.037232973129096375,-0.03225218309995237,0.33720498689957185,0.17391722602608353,0.2993703793740424,0,0.0037440000000000004,1,Shared Control,0.01,Good Visuals,0.23578253299395968,-0.048580440633465775,0.0,5.574633789062012,1.0022017672965282,-0.8932335439538728,0.3352380528292735,0.022217790116662008,-0.07549458557587685,-0.0017815527006412918,30.537086791260126,0.9946965657009638,-0.5392762724735373,0.005324878284709884
418,1.7036382000000003,0.136345121165797,0.2736076696209351,-0.03757210486028653,-0.025762709753107293,0.36064304454310997,0.1749575184371836,0.29753877960519903,0,0.0034856,1,Shared Control,0.01,Good Visuals,0.239898380004872,-0.0488474826270517,0.0,5.57502923996977,1.0022101765631717,-0.8933395851510887,0.3351320116320575,0.02874090261971344,-0.029673493736272816,-0.001808794240705493,30.539276272473536,0.9946751217152902,-0.542266211330457,0.005354148626728392
419,1.7079353000000008,0.13775883785991241,0.27764808095323174,-0.03719868057727119,-0.019890698651967298,0.36536618650286007,0.1762312294821512,0.29528589078206446,0,0.0042971,1,Shared Control,0.01,Good Visuals,0.2353058141531088,-0.04908758991906341,0.0,5.575569140887897,1.0022216600401233,-0.8937385375984148,0.33473305918473134,0.02071587476854601,-0.09034044684816078,-0.001835302739424611,30.542266211330457,0.9946458513732717,-0.5449729116225174,0.005380466669310181
420,1.7114487,0.13854423602330987,0.27719579361056446,-0.03768699345884133,-0.018090097171500008,0.34570497386253585,0.17726545943809735,0.29344962686187337,0,0.0035134000000000003,1,Shared Control,0.01,Good Visuals,0.22735703088573106,-0.049184966806506816,0.0,5.576056243992158,1.0022320549608525,-0.8945022497022654,0.3339693470808807,0.010452259083234529,-0.21307742420920706,-0.001825993577707317,30.544972911622516,0.9946195333306899,-0.5460971215841817,0.0053911401022107225
421,1.7152117000000002,0.1394867138193868,0.27193107158086366,-0.03777874561871056,-0.02151855528100971,0.3100752587035138,0.17836602110914482,0.2914901887663555,0,0.0037630000000000003,1,Shared Control,0.01,Good Visuals,0.2282828838259469,-0.04929710335926977,0.0,5.576256187855131,1.0022363715099771,-0.8951615524626857,0.3333100443204605,0.012429871385103122,-0.19245782188171878,-0.0018536335223101501,30.546097121584182,0.9946088598977892,-0.5473563509013095,0.005403431334792057
422,1.7185885,0.14042919161546374,0.2660861003828493,-0.037936829493681073,-0.025404088383506218,0.27760246120935805,0.17934736710213,0.289739492604281,0,0.0033768,1,Shared Control,0.01,Good Visuals,0.232239324486346,-0.04948888393025075,0.0,5.576483236944873,1.0022412076072242,-0.8956818102864801,0.33278978649666613,0.02034648288108242,-0.14568967342323313,-0.0018623827275491343,30.54735635090131,0.994596568665208,-0.5494987136716458,0.005424452309170425
423,1.7225415000000002,0.1413716694115407,0.26397093041910824,-0.03797569769058931,-0.02576856218517276,0.25685520980444604,0.18048867372590435,0.28770077384589876,0,0.003953,1,Shared Control,0.01,Good Visuals,0.2370300196591882,-0.049763025922877895,0.0,5.57687053018052,1.0022494357217688,-0.8959968809078385,0.3324747158753078,0.02917307016317534,-0.08885240309033926,-0.0018774513514944959,30.549498713671646,0.9945755476908296,-0.552567546774813,0.005454500878603568
424,1.7261947000000006,0.14247122684029712,0.26451604224851094,-0.03801744688560724,-0.02318473159738782,0.23870913135034227,0.18153627841488204,0.28582836468024525,0,0.0036532,1,Shared Control,0.01,Good Visuals,0.23763342602608692,-0.050090342342952475,0.0,5.577424729168098,1.002261221778335,-0.8963483452241974,0.33212325155894884,0.03157918888136196,-0.08995068624342628,-0.0018897856286161701,30.552567546774814,0.9945454991213964,-0.5562411857561238,0.005490377870964223
425,1.7296131000000008,0.14325662500369457,0.2641544887899931,-0.03827965341118747,-0.02167387589025216,0.21315012277591314,0.1825103756402805,0.28408769252936794,0,0.0034184000000000003,1,Shared Control,0.01,Good Visuals,0.23530212170018702,-0.050371239428788024,0.0,5.578087287724903,1.0022753301333334,-0.8968101517458997,0.33166144503724654,0.029727419630918,-0.1298047957113624,-0.001904306929505079,30.556241185756125,0.9945096221290358,-0.5594130788877475,0.005521166862852733
426,1.7332212,0.1445132620651305,0.26625730675179055,-0.03799711357515001,-0.017830385777577396,0.20090187643091495,0.18353209742741466,0.28226359250032773,0,0.0036081000000000004,1,Shared Control,0.01,Good Visuals,0.23527253542906545,-0.050655421104662396,0.0,5.578657623169177,1.0022875107557763,-0.8972554524813589,0.3312161443017874,0.031039303971460597,-0.1300755785064922,-0.0019281935872259462,30.559413078887747,0.9944788331371472,-0.5626125305134488,0.00555231587704536
427,1.7366523000000003,0.14529866022852791,0.27458335237651915,-0.03823343719888675,-0.007680240123808579,0.2147236064017547,0.18449761569391834,0.2805426399256322,0,0.0034311000000000003,1,Shared Control,0.01,Good Visuals,0.2298661710748862,-0.05089261543440233,0.0,5.579233764784047,1.0022997973801078,-0.8980253505405236,0.33044624624262264,0.02510176708538441,-0.21633034341081725,-0.0019247597889109078,30.562612530513448,0.9944476841229546,-0.5652935385138205,0.005578314631260414
428,1.7410352000000007,0.14639821765728436,0.2752279702844908,-0.03809939803663398,-0.005314669641141412,0.19515526136966888,0.18572242566443842,0.27836536339788365,0,0.0043829,1,Shared Control,0.01,Good Visuals,0.2210296881772723,-0.051031411476099395,0.0,5.579715600195228,1.0023100925836708,-0.8994581075637198,0.32901348921942636,0.011737948582975541,-0.3237942152808573,-0.0019457996160983158,30.56529353851382,0.9944216853687395,-0.5668773204691041,0.005593527997355888
429,1.7445028000000002,0.14718361582068182,0.2644263241495759,-0.0385388098437566,-0.01393903924830775,0.14179756534946356,0.18668472529988533,0.2766608356074347,0,0.0034676000000000004,1,Shared Control,0.01,Good Visuals,0.2179215785998752,-0.05111885197994291,0.0,5.579998903280176,1.0023161738193487,-0.9007566724072688,0.3277149243758774,0.009162609286859368,-0.3623632223319946,-0.0019442660581991621,30.566877320469104,0.9944064720026441,-0.5678731389422988,0.005603112308120655
430,1.7481514000000002,0.1482831732494382,0.25651633879463365,-0.038401552050447124,-0.02014449681280106,0.11053695976108685,0.18769090589981247,0.2748858035091501,0,0.0036486,1,Shared Control,0.01,Good Visuals,0.22902476599947127,-0.05137441410077349,0.0,5.580177205440331,1.002319997501795,-0.901470253110514,0.3270013436726322,0.02759206105836318,-0.20749053625808722,-0.0019700597158861604,30.5678731389423,0.9943968876918794,-0.5707173385917794,0.005631124346913644
431,1.7516765000000003,0.14906857141283567,0.25675603970185695,-0.0386223344869768,-0.018129763807293142,0.1025571945947519,0.1886569111275063,0.2731899364902318,0,0.0035251,1,Shared Control,0.01,Good Visuals,0.2344986992121623,-0.0517384933982571,0.0,5.580692334876884,1.0023309206723603,-0.9019981067447617,0.3264734900383846,0.03790903380000746,-0.14746574500562382,-0.0019728572371520777,30.57071733859178,0.9943688756530864,-0.574796355352342,0.005671030900246703
432,1.7552389000000002,0.1501681288415921,0.25967619616809046,-0.03848878228591418,-0.013513740322141365,0.09377268581064112,0.18962710001112099,0.2714962573942683,0,0.0035624000000000003,1,Shared Control,0.01,Good Visuals,0.23374011107159884,-0.05209489514393834,0.0,5.58142864991259,1.002346585021101,-0.9025536753843886,0.32591792139875775,0.03726905905474494,-0.15678085552174958,-0.0019982613978797264,30.57479635535234,0.9943289690997533,-0.5788140024410816,0.005710095920890081
433,1.7590637000000005,0.15126768627034853,0.26671039585931317,-0.03835941374077245,-0.004785861534955138,0.10119391792176924,0.19066207867624546,0.2697015526591547,0,0.0038248,1,Shared Control,0.01,Good Visuals,0.22839588007756392,-0.052415191106967,0.0,5.582151665245051,1.002362012595447,-0.9034613829006406,0.3250102138825057,0.03087711573461637,-0.23536470369030704,-0.002005069077402571,30.57881400244108,0.9942899040791099,-0.582431740385007,0.005745203404395215
434,1.7625858,0.1518960048010665,0.2688711412483741,-0.03876607387517897,-0.0008304114107806071,0.09055024004180234,0.19160911766679978,0.2680716841585221,0,0.0035221000000000002,1,Shared Control,0.01,Good Visuals,0.2189502469353292,-0.052585612279145905,0.0,5.582802075642607,1.00237590408185,-0.9047542431155589,0.3237173536675875,0.017735116643496984,-0.36073108675173127,-0.0020106160019738037,30.582431740385008,0.9942547965956048,-0.5843848841431336,0.0057638831855408214
435,1.7661666,0.15315264186250238,0.26476339311331887,-0.038456475804297396,-0.003308291045203249,0.06873039113863562,0.1925660967658361,0.266438089049819,0,0.0035808000000000003,1,Shared Control,0.01,Good Visuals,0.21726922290214495,-0.05273026025566359,0.0,5.583150694688168,1.002383402733069,-0.9060088038089879,0.32246279297415853,0.015532740191079086,-0.3650268245887205,-0.0020385377303848884,30.584384884143134,0.9942361168144592,-0.5860214980083622,0.0057797379793434875
436,1.7695860000000003,0.15393804002589984,0.2676911909106636,-0.03862805673993627,0.0012531018608445965,0.0857453199968536,0.1934745208403595,0.2649010880428278,0,0.0034194000000000004,1,Shared Control,0.01,Good Visuals,0.2180358020156922,-0.05291136963838961,0.0,5.583444678697019,1.002389686831048,-0.9072977807532898,0.32117381602985656,0.01896110565436795,-0.3627344714512295,-0.0020278199776762314,30.586021498008364,0.9942202620206565,-0.5880557974630647,0.005799589290008024
437,1.7742123000000003,0.15582299561805374,0.2599172428741764,-0.03765152522230575,-0.004983845168651413,0.05367096540600594,0.1946952918184059,0.26285880667362915,0,0.0046263,1,Shared Control,0.01,Good Visuals,0.2134613443152382,-0.05316559659588211,0.0,5.584098147816406,1.0024036331784683,-0.9102626402538407,0.31820895652930564,0.012423679132475638,-0.4028605592007637,-0.0020475007878565207,30.589653577370512,0.9941849629433971,-0.590937238295843,0.005827454982201995
438,1.7804318000000006,0.15660839378145117,0.25496269730498666,-0.038086898036954725,-0.00789610936864249,0.04183824569784855,0.19632178078207776,0.2601838774621562,0,0.0062195,1,Shared Control,0.01,Good Visuals,0.2152543370051161,-0.05334109308095469,0.0,5.5843285682463515,1.002408561881122,-0.9116883298698095,0.31678326691333686,0.01846606252333334,-0.39480756998387423,-0.002001765801188788,30.590937238295844,0.9941725450177981,-0.592903107695855,0.005846691065906064
439,1.7842070000000003,0.15755087157752812,0.2507983722651292,-0.03877090920454965,-0.009385505197027022,0.026989268580493463,0.19730103005192515,0.2586015189939577,0,0.0037752000000000003,1,Shared Control,0.01,Good Visuals,0.22061845675232106,-0.053582182481296085,0.0,5.584683459984937,1.0024161107292289,-0.912750668965229,0.3157209278179174,0.026391519044334007,-0.30957544452135366,-0.0020315967733540324,30.592903107695854,0.9941533089340939,-0.5956080062269189,0.005873116756900461
440,1.7875425000000007,0.15833626974092557,0.24776048398451211,-0.038964760310999574,-0.01084103500944561,0.013655442918015702,0.19816130160856996,0.2572304000388044,0,0.0033355000000000004,1,Shared Control,0.01,Good Visuals,0.22595045158709712,-0.05391644600133198,0.0,5.58517138057857,1.0024264971710142,-0.9135702378963504,0.31490135888679605,0.034060500332854765,-0.2262877384508637,-0.0020774299319639413,30.595608006226918,0.9941268832430995,-0.5993581991488841,0.005909755217482552
441,1.7914661,0.159435827169682,0.2444562726479439,-0.038725474438887963,-0.012774127390860479,-0.005329534203660752,0.19916746005451866,0.2556508125932965,0,0.0039236,1,Shared Control,0.01,Good Visuals,0.22851871990657427,-0.05437287407085761,0.0,5.58584786118521,1.0024408972311478,-0.9143949934223182,0.31407660336082815,0.03845961828971369,-0.18924223899038006,-0.002100841395262852,30.599358199148885,0.9940902447825174,-0.6044807952356602,0.0059597840744516845
442,1.7954126000000006,0.16022122533307945,0.24052849996085376,-0.03894623472143921,-0.015122312632442708,-0.031299848541539915,0.20017331197304994,0.25409928568588364,0,0.0039465,1,Shared Control,0.01,Good Visuals,0.22915594517163893,-0.054774842382498974,0.0,5.58677173936161,1.0024605666803716,-0.91507780436626,0.31339379241688636,0.04129775594129966,-0.18984900849184716,-0.0021056153449998706,30.60448079523566,0.9940402159255484,-0.609028799543036,0.006003843624054166
443,1.7991552000000004,0.16132078276183587,0.24218826824187084,-0.03885252921121407,-0.011911017444012795,-0.036517826348822925,0.20112160603132445,0.25266336862812255,0,0.0037426000000000004,1,Shared Control,0.01,Good Visuals,0.23277532683377256,-0.055219704903532014,0.0,5.587588690950062,1.0024780281720325,-0.9155576825790532,0.31291391420409315,0.04782699047685431,-0.14040558628158983,-0.0021332738682586414,30.609028799543037,0.9939961563759458,-0.6140407814635171,0.006052604786922217
444,1.8027010000000008,0.16194910129255383,0.24749202083254862,-0.039172504738770625,-0.005171347795573933,-0.03152121576289863,0.2020151362336096,0.2513355453565717,0,0.0035458000000000004,1,Shared Control,0.01,Good Visuals,0.22906776800141598,-0.05564185733562601,0.0,5.588490889047066,1.0024972714747662,-0.9162648380037294,0.312206758779417,0.04340774513638808,-0.19743018166177562,-0.0021454251977990986,30.614040781463515,0.9939473952130777,-0.6188120092518471,0.006098876708073674
445,1.8074736000000007,0.16367697725202823,0.2484412837891659,-0.038338158981581355,-0.002894261567405798,-0.05005537631651437,0.20321049402053096,0.24959955426481673,0,0.0047726,1,Shared Control,0.01,Good Visuals,0.2200653872861485,-0.05628014129806521,0.0,5.590056855952114,1.0025307488824604,-0.9182207957717667,0.31025080101137975,0.031152644670503972,-0.309828567310211,-0.0021817343599279727,30.622760717643192,0.9938629599333094,-0.6260509251298761,0.006168838700323077
446,1.8130920000000001,0.16477653468078463,0.24838286449044256,-0.03843395933974633,-0.001216689774374169,-0.05503146237471103,0.20460728052625274,0.24763314915130943,0,0.0056184,1,Shared Control,0.01,Good Visuals,0.21723674268763962,-0.05654693058470488,0.0,5.590647167384647,1.0025433800443782,-0.9194320043363581,0.30903959244678847,0.02903018348868156,-0.3531735135125502,-0.0021576770045910864,30.626050925129878,0.993831161299677,-0.6290703192368017,0.006198081343257076
447,1.8166538,0.16524777357882312,0.24585170312245086,-0.03935950694742962,-0.0017814460288585743,-0.06836542346885086,0.20548714869112503,0.24643079147608524,0,0.0035618000000000004,1,Shared Control,0.01,Good Visuals,0.21611134656184317,-0.05681599307447943,0.0,5.591189455138156,1.0025549716420188,-0.9207334865708394,0.3077381102123071,0.02792224340515821,-0.3628330734545213,-0.0021733224308800054,30.629070319236803,0.9938019186567429,-0.6321099056534245,0.006227573150872414
448,1.8201758000000003,0.16619025137490004,0.23641659418481625,-0.03929689731622499,-0.010014197291268984,-0.102421027625754,0.20635303471714567,0.24527627368463947,0,0.0035220000000000004,1,Shared Control,0.01,Good Visuals,0.221873984895494,-0.05714832509899225,0.0,5.5917358626590925,1.0025666408296592,-0.9216138350573718,0.3068577617257747,0.035334508510354384,-0.25748712680093533,-0.0022362494741400866,30.632109905653426,0.9937724268491276,-0.6358507468322514,0.0062639999011769995
449,1.8243647000000003,0.16728980880365646,0.23099391741536204,-0.03906322591348921,-0.01428235626927743,-0.11059624495012083,0.20737767399626547,0.24394837005497794,0,0.004188900000000001,1,Shared Control,0.01,Good Visuals,0.22980438726381378,-0.0577638866568858,0.0,5.592409536450612,1.002581002512328,-0.9223350830729246,0.30613651371022194,0.0489902026645617,-0.15763950244853397,-0.002245751863209342,30.63585074683225,0.993736000098823,-0.6427419546031313,0.006331471301802204
450,1.8280443000000002,0.1682322865997334,0.23604437357429303,-0.03914538739653206,-0.007903996480684905,-0.08259981259545376,0.20827322414743865,0.24282303204069788,0,0.0036796000000000003,1,Shared Control,0.01,Good Visuals,0.23282576426349816,-0.05827284549042063,0.0,5.593653934445486,1.0026074598894479,-0.9227718325099832,0.3056997642731633,0.05454685146918085,-0.1277717620556491,-0.002256443754119115,30.64274195460313,0.9936685286981978,-0.6485205383761001,0.006387258030064894
451,1.8315789000000002,0.16901768476313087,0.24260730618231702,-0.039255539384307786,-0.00021572585838086633,-0.05938338063196198,0.20912965017569418,0.2417787202026258,0,0.0035346,1,Shared Control,0.01,Good Visuals,0.22693109336153666,-0.05871149696147772,0.0,5.5946901222947725,1.0026296418681777,-0.9235118018211945,0.30495979496195197,0.044665775201564874,-0.20613681121301308,-0.002281113111420772,30.6485205383761,0.9936127419699351,-0.6534982243555802,0.006435338402789609
452,1.8352021,0.16996016255920782,0.2465035251786987,-0.039169487616486365,0.004724804976072888,-0.042698023825880824,0.21000378028581487,0.24074595437864116,0,0.0036232,1,Shared Control,0.01,Good Visuals,0.21987392334257938,-0.05902467910171604,0.0,5.595582929840433,1.002648749163923,-0.9245149785700081,0.30395661821313846,0.033272390752956196,-0.2924116794862659,-0.0023047514812829556,30.65349822435558,0.9935646615972104,-0.6570710608986827,0.006469666143665742
453,1.8387606000000005,0.17043140145724625,0.2421324917782645,-0.03957237882856862,0.0013865373996233554,-0.04914052387654843,0.21085872574570666,0.23976917554354754,0,0.0035585,1,Shared Control,0.01,Good Visuals,0.21446376657483818,-0.05927467398916012,0.0,5.596222072516707,1.0026624628325296,-0.925829294951606,0.3026423018315405,0.02502573368049901,-0.3601853608106147,-0.002311966437141748,30.657071060898684,0.9935303338563343,-0.6599149908622185,0.00649706796073618
454,1.8426624,0.1713738792533232,0.22705343918918933,-0.03948484649238346,-0.012715736354358215,-0.0886011956312206,0.21179223713571793,0.23874132281792612,0,0.0039018000000000004,1,Shared Control,0.01,Good Visuals,0.22008573633064477,-0.0596322342983954,0.0,5.5967315341225925,1.0026733788992306,-0.9268830004216925,0.301588596361454,0.03274796810296194,-0.26690953697919895,-0.0023456398540389473,30.65991499086222,0.9935029320392639,-0.6639352089286141,0.006536259970962812
455,1.8462636000000003,0.17247343668207965,0.22222367575939286,-0.03931880045363828,-0.016517647058533258,-0.08647719034537431,0.21265034526448418,0.23783304605600997,0,0.0036012,1,Shared Control,0.01,Good Visuals,0.23376461446052896,-0.06014924775994091,0.0,5.59745592346511,1.0026888116673387,-0.9271926885455856,0.3012789082375609,0.054920749982664586,-0.09076971800605893,-0.002354569617269986,30.663935208928613,0.9934637400290371,-0.6697475943256168,0.006592929563053541
456,1.8496405000000005,0.17294467558011808,0.22880705161060477,-0.03970566968436609,-0.009025994445405194,-0.06215465142275611,0.21345209581581687,0.23701681147056838,0,0.0033769000000000004,1,Shared Control,0.01,Good Visuals,0.23668886224655858,-0.060730177536707695,0.0,5.598503292630278,1.0027111237998885,-0.9274225686549272,0.30104902812821926,0.05956767240755895,-0.06475860875026207,-0.002364996270109566,30.669747594325617,0.9934070704369464,-0.6763080433389188,0.006656604991125222
457,1.8532103000000006,0.17388715337619504,0.2279280795357106,-0.03956494243962183,-0.009088731934857791,-0.07856344186983741,0.21429671381513943,0.23619149591914032,0,0.0035698,1,Shared Control,0.01,Good Visuals,0.23138984807725743,-0.061206188372989793,0.0,5.599682803963707,1.00273630574379,-0.9278526966713505,0.30061890011179604,0.04989617308258615,-0.1251063134938637,-0.002411332369145425,30.67630804333892,0.9933433950088748,-0.6817242835616387,0.006708780305559464
458,1.8574732000000003,0.1746725515395925,0.22523874848763004,-0.03962416227554694,-0.010952747431510285,-0.08441429412435028,0.21530156249274052,0.23525675334003027,0,0.0042629,1,Shared Control,0.01,Good Visuals,0.23070330221058147,-0.061762395317773645,0.0,5.600652955068811,1.002757093542625,-0.9284170493401547,0.30005454744299187,0.05025623055594217,-0.14099299692811873,-0.0024216193199259922,30.68172428356164,0.9932912196944406,-0.6880048902218452,0.006769745876136116
459,1.8605278000000007,0.17545794970298995,0.22314394493479017,-0.03984361278975057,-0.012112808405240094,-0.08114450386421491,0.21601919968579722,0.234621112372244,0,0.0030546,1,Shared Control,0.01,Good Visuals,0.23294913630979586,-0.062294564833450056,0.0,5.601782204280298,1.0027812002241923,-0.9288140430905956,0.299657553692551,0.05378432647062397,-0.11110003370578303,-0.002447283174597943,30.688004890221844,0.9932302541238639,-0.6940405566070226,0.006828076715890949
460,1.8641585000000003,0.17640042749906687,0.22361309925162545,-0.03961877218673035,-0.011008013120618554,-0.06803755929560222,0.21686972231402513,0.23390279058180416,0,0.0036307,1,Shared Control,0.01,Good Visuals,0.23538516223424344,-0.06283291695315295,0.0,5.602865038116394,1.0028043650924048,-0.9290760224091975,0.2993955743739491,0.05673484372780563,-0.076869610223262,-0.002482040520129997,30.69404055660702,0.9931719232841091,-0.7001407318265412,0.006887085227842541
461,1.8676285000000004,0.17718582566246432,0.23033462273405148,-0.0396838966515608,-0.0035681678477526846,-0.033379546942429394,0.21768022881943913,0.2332541014287478,0,0.0034700000000000004,1,Shared Control,0.01,Good Visuals,0.23306115361337082,-0.06336325704174661,0.0,5.603959941961633,1.0028277772083503,-0.9294984286038168,0.29897316817932984,0.053253561987935336,-0.11743291482325935,-0.002489363022594714,30.70014073182654,0.9931129147721575,-0.7061554061653943,0.006945215544991582
462,1.8713916000000008,0.17797122382586178,0.23424375969042624,-0.03970900499357735,0.0009896582616784333,-0.014601812849680484,0.21855672877512514,0.2325924693422023,0,0.0037631,1,Shared Control,0.01,Good Visuals,0.2260081295611759,-0.06376177451464363,0.0,5.605039024217992,1.0028508603925765,-0.9302225782397215,0.29824901854342517,0.04114926993239551,-0.20737983215575406,-0.002514500943950955,30.706155406165394,0.9930547844550084,-0.7107089049266753,0.006988896849850825
463,1.8749846000000003,0.1789137016219387,0.23186484452554298,-0.03964302715318643,-0.0007276248166593058,-0.012311865679063085,0.21939135975987956,0.23200139188251673,0,0.0035930000000000003,1,Shared Control,0.01,Good Visuals,0.2216103453920225,-0.06418372381730134,0.0,5.605852938399981,1.0028683340442897,-0.9313919168124086,0.29707967997073814,0.03381221762346709,-0.2600494979956065,-0.0025319166226013367,30.710708904926676,0.9930111031501492,-0.7154894831142876,0.007035146506084341
464,1.8790241000000005,0.17969909978533616,0.2272169985733234,-0.0396922599745434,-0.0047843933091933355,-0.009486253639730768,0.2203272660215758,0.23138424097144988,0,0.0040395000000000006,1,Shared Control,0.01,Good Visuals,0.22299672317458719,-0.06452459234667111,0.0,5.6067110384561145,1.0028866804621357,-0.932202987968239,0.2962686088149078,0.035871384683321676,-0.23648457761039365,-0.0025444371060818955,30.715489483114286,0.9929648534939156,-0.7193780653064197,0.007072508938501879
465,1.8827003000000007,0.1804844979487336,0.22380050343375,-0.03984276807284218,-0.007583737537699892,-0.0020133018203072964,0.22117691569655948,0.23086610474610839,0,0.0036762,1,Shared Control,0.01,Good Visuals,0.2273689181905029,-0.064941434957142,0.0,5.607406648490736,1.0029016022586443,-0.9328308181571031,0.2956407786260436,0.04191297220293684,-0.17511720095508632,-0.002561126894175503,30.71937806530642,0.9929274910614981,-0.7240886783081208,0.007118198852707992
466,1.8862069000000004,0.18142697574481054,0.22561884161484608,-0.03974993995174894,-0.005247263131262309,0.020669780003975742,0.22198566081952056,0.2304104009249108,0,0.0035066000000000003,1,Shared Control,0.01,Good Visuals,0.23105421383950792,-0.06538337338280435,0.0,5.608253267091649,1.002919680066191,-0.9332478327582395,0.29522376402490724,0.04646875380460813,-0.12209117025892491,-0.002587446531314974,30.72408867830812,0.992881801147292,-0.7290980492602561,0.007166639506915794
467,1.8909408,0.18299777207160545,0.22967702701800896,-0.03898788874791512,-0.0007333739069018408,0.056571991361620326,0.22307505825977222,0.22985462805676235,0,0.0047339,1,Shared Control,0.01,Good Visuals,0.22526204405796896,-0.06613270357479284,0.0,5.610002747526601,1.0029571170353484,-0.9344835298356002,0.2939880669475465,0.03542706336399249,-0.1923420462205998,-0.0026274533351957757,30.73384457019349,0.9927875975836487,-0.7376357630297888,0.007248773221953535
468,1.8964642000000005,0.1836260906023234,0.23133406842601972,-0.03944896765744882,0.0014794403692573732,0.07909702695818646,0.22434304096792232,0.22929193240523724,0,0.0055234,1,Shared Control,0.01,Good Visuals,0.21948413697361022,-0.06637029490852149,0.0,5.610680412586948,1.0029716637604,-0.9353682469085401,0.2931033498746066,0.028525832049727185,-0.28945430163254104,-0.0025783744895728714,30.73763576302979,0.9927512267780465,-0.7403600111954775,0.0072748154915811885
469,1.8998030000000004,0.18456856839840033,0.23240549229437943,-0.03977447256952199,0.0031135598891421923,0.09130712540083176,0.22510809797250214,0.2289962433465905,0,0.0033388000000000003,1,Shared Control,0.01,Good Visuals,0.21987087380034112,-0.06666113103640776,0.0,5.611166506424479,1.0029821160707366,-0.9364119405768953,0.29205965620625146,0.026764706119872302,-0.26481621545599254,-0.0026182396172616043,30.740360011195477,0.9927251845084188,-0.7436497051126759,0.007306693896996966
470,1.9035813000000008,0.1850398072964388,0.22513835123821535,-0.04006829067606335,-0.003857892108375144,0.0665959511716529,0.225972744675158,0.2287016843445569,0,0.0037783,1,Shared Control,0.01,Good Visuals,0.22008180937799005,-0.06691596217238457,0.0,5.611757470281001,1.0029947396875392,-0.9372925084494429,0.2911790883337038,0.025580503731334192,-0.2457147285061947,-0.002651411327860912,30.743649705112677,0.992693306103003,-0.746554555210384,0.007334625812898447
471,1.9080162000000005,0.18629644435787474,0.21433550764361659,-0.03967630031728325,-0.014366176700940314,0.027182339598620667,0.226986344962064,0.2284096979647936,0,0.0044349,1,Shared Control,0.01,Good Visuals,0.2287438464630096,-0.06739669543734274,0.0,5.612277294060852,1.0030058853923862,-0.9378187200117563,0.29065287677139046,0.03862825520702296,-0.11840144956762244,-0.0026812082231915647,30.746554555210384,0.9926653741871015,-0.7519555724395925,0.007387318750425037
472,1.9115448000000006,0.18708184252127216,0.21393362521278533,-0.03990450244079183,-0.014476072752008268,0.010433864132305515,0.22779196332571994,0.22821842381013804,0,0.0035286000000000002,1,Shared Control,0.01,Good Visuals,0.23712268253251761,-0.06792613790785894,0.0,5.613250812432801,1.0030266118929498,-0.9379001679767867,0.29057142880636,0.053612772621691944,-0.02286579590972937,-0.0026740515285644845,30.75195557243959,0.9926126812495749,-0.7579589373823458,0.0074453506800966004
473,1.9152022000000004,0.18786724068466962,0.22030487553322006,-0.03992472264105032,-0.007913548276917981,-0.0034861004593506467,0.22862634452316788,0.22805811276977064,0,0.0036574000000000003,1,Shared Control,0.01,Good Visuals,0.23855718245805238,-0.06846109658314212,0.0,5.6143279352530016,1.003049646896038,-0.9379066045393731,0.2905649922437735,0.05591763322516028,-0.0018759472432907653,-0.0027105587359377192,30.757958937382345,0.9925546493199034,-0.7640391723042109,0.007503987238268744
474,1.9186135000000002,0.18833847958270808,0.21816959639765593,-0.0402878649404598,-0.009888516372114714,-0.053713111978626535,0.22940411343480183,0.227942997278173,0,0.0034113000000000004,1,Shared Control,0.01,Good Visuals,0.23213185532770897,-0.06893073889933769,0.0,5.615417567842814,1.0030729756279075,-0.938220432854671,0.2902511639284756,0.04724619956186604,-0.08808721343304193,-0.0027332902927841066,30.764039172304212,0.9924960127617313,-0.7693983175942453,0.00755546450233802
475,1.9224966000000006,0.18928095737878503,0.20973218467532456,-0.040123156056016795,-0.01821081260284843,-0.11225341474401207,0.23028904826496086,0.2278518456472713,0,0.0038831000000000004,1,Shared Control,0.01,Good Visuals,0.23619090764666623,-0.06947526205615319,0.0,5.616376075661065,1.003093536212891,-0.9383062212774568,0.2901653755056898,0.05483847060557178,-0.024323340738807042,-0.0027770722990226155,30.769398317594245,0.992444535497662,-0.7755715872871524,0.007615149418642609
476,1.9261321000000002,0.19038051480754145,0.2135602860493016,-0.039908533457419404,-0.014291559597969683,-0.11549801961846823,0.23111730645688763,0.2278044428460455,0,0.0036355000000000003,1,Shared Control,0.01,Good Visuals,0.2436587576677189,-0.07023307174857493,0.0,5.617483769559089,1.0031172215072262,-0.938060007014739,0.29041158976840764,0.06899053986564127,0.0628338044450174,-0.0027875667815116965,30.775571587287153,0.9923848505813574,-0.784133596900557,0.007698212567566365
477,1.9296239000000002,0.1908517537055799,0.22233916344401564,-0.04026555275130772,-0.005465279402029871,-0.11477078717188292,0.23191272426412032,0.22779291205038205,0,0.0034918,1,Shared Control,0.01,Good Visuals,0.2385835342574169,-0.07084912492167364,0.0,5.619022694834662,1.0031500722038464,-0.9381216716374327,0.290349925145714,0.06212934357158121,-0.017341982871255546,-0.0028028988936953402,30.784133596900556,0.9923017874324336,-0.7911860831859535,0.007765737853893227
478,1.9332838000000008,0.19179423150165686,0.22126386612633162,-0.04011849276246346,-0.006529045924050431,-0.15025852480986085,0.23274645488870924,0.2278159872022252,0,0.0036599000000000002,1,Shared Control,0.01,Good Visuals,0.2317864062518738,-0.07134536842498404,0.0,5.620282040246269,1.0031771259624775,-0.9384502755760126,0.29002132120713403,0.051275461494515784,-0.09554384281102402,-0.0028527791769176404,30.791186083185952,0.9922342621461068,-0.7968720240316853,0.007820130861042808
479,1.9366944000000004,0.1925796296650543,0.22183675975148495,-0.040166825223654945,-0.005979227450740254,-0.15815634928597755,0.23352352639034035,0.2278693148246742,0,0.0034106,1,Shared Control,0.01,Good Visuals,0.2320678915878957,-0.07188437211105685,0.0,5.621296916468201,1.0031989367360186,-0.938794247194275,0.28967734958887165,0.05373860145637929,-0.09614860049263041,-0.0028622686467930114,30.796872024031686,0.9921798691389572,-0.8029994356264724,0.007879210790864823
480,1.9410576000000006,0.19352210746113124,0.2246826461458985,-0.04000141892920911,-0.003186668678775706,-0.15610879568656993,0.23451799256375544,0.22798138144443195,0,0.0043632,1,Shared Control,0.01,Good Visuals,0.2318322472912551,-0.07254876996959553,0.0,5.622394871027369,1.0032224426555507,-0.9392216358444629,0.2892499609386836,0.053472148730732375,-0.09655445738930646,-0.002887367010896996,30.80299943562647,0.9921207892091352,-0.8105323403286955,0.007952035114465199
481,1.9445594000000002,0.1943075056245287,0.22363327431518226,-0.04021048693922674,-0.004348107129249684,-0.16888353774196538,0.235316547283753,0.22810614872456303,0,0.0035018000000000002,1,Shared Control,0.01,Good Visuals,0.22815486725535308,-0.0730289644852199,0.0,5.623746448340708,1.0032513404728582,-0.9397443260031624,0.28872727077998417,0.04819666825580919,-0.14666240879358572,-0.002902053740352616,30.810532340328695,0.9920479648855348,-0.8160595296457268,0.008004668999941395
482,1.9481755000000005,0.19509290378792615,0.22233772238577687,-0.040223643495826855,-0.005768426338786159,-0.17528226964148408,0.23614168270397673,0.22826675798087592,0,0.0036161,1,Shared Control,0.01,Good Visuals,0.23053549899984244,-0.0735274742569509,0.0,5.624730753963786,1.0032725393468889,-0.9401092993186839,0.2883622974644627,0.05151496843793166,-0.10598597848806368,-0.002936530222618188,30.816059529645727,0.9919953310000587,-0.821738201958098,0.00805931041166168
483,1.9516060000000008,0.19587830195132358,0.22225697846802944,-0.04026338075265315,-0.00600977951284648,-0.17652423336478995,0.23692505512771841,0.22844825826463908,0,0.0034305000000000004,1,Shared Control,0.01,Good Visuals,0.2320754813645463,-0.07406810916600211,0.0,5.625747254797772,1.0032943215414223,-0.940409325393291,0.28806227138985563,0.05376478811697998,-0.08387176411916442,-0.0029575429116601797,30.821738201958098,0.9919406895883384,-0.8278908388219693,0.008118569139034765
484,1.9552971000000001,0.19666370011472104,0.22203041049973687,-0.04026135501299738,-0.0064178477649022014,-0.1795337349389962,0.23776868816679933,0.22867441584164677,0,0.0036911,1,Shared Control,0.01,Good Visuals,0.23258568793447842,-0.07461476640899228,0.0,5.626849117239115,1.0033179214745822,-0.9406777143004571,0.2877938824826896,0.05416651790155091,-0.07482892552095821,-0.0029822324809798215,30.82789083882197,0.9918814308609653,-0.8341247016366136,0.008178487971478876
485,1.9590241000000006,0.197606177910798,0.2230199186958677,-0.040162510256001344,-0.005654497145779064,-0.1773171707911164,0.23862143238120476,0.2289343414184546,0,0.0037270000000000003,1,Shared Control,0.01,Good Visuals,0.23302876752245982,-0.07520242758967693,0.0,5.627964392085633,1.0033418317285856,-0.9409382297921971,0.28753336699094967,0.054664772002032375,-0.06818349344115027,-0.00300409159960431,30.834124701636615,0.9918215120285211,-0.8408177642308193,0.0082429012254344
486,1.9626785,0.19823449644151592,0.22315586800920087,-0.04038693593968884,-0.0057784734092537204,-0.17982135411271896,0.23945856143729452,0.22921907274648043,0,0.0036544000000000004,1,Shared Control,0.01,Good Visuals,0.23175483779177072,-0.0757302638196145,0.0,5.629162561525303,1.0033675029877922,-0.9412489092919296,0.28722268749121715,0.05259509039839743,-0.08688877383726257,-0.003020318269346598,30.84081776423082,0.9917570987745656,-0.8468608588774279,0.008300757095863486
487,1.9662002000000003,0.19917697423759287,0.2218627111051611,-0.04028158719970165,-0.007356361641319337,-0.1848955165687532,0.24026632544011386,0.22952055633245352,0,0.0035217,1,Shared Control,0.01,Good Visuals,0.23318627226622266,-0.07625273427096857,0.0,5.630241577313867,1.0033906791004286,-0.9414523938433882,0.2870192029397586,0.053916372548927935,-0.05926619428512869,-0.003058513313578506,30.846860858877427,0.9916992429041365,-0.8528281502687474,0.008358024825932227
488,1.9695741,0.19980529276831083,0.22226662968618643,-0.04046103267180304,-0.007253926646267089,-0.17921909365114264,0.24104122625104826,0.22983350396270133,0,0.0033739000000000004,1,Shared Control,0.01,Good Visuals,0.2342195104486538,-0.07680908224842262,0.0,5.631308326229757,1.0034135646300366,-0.9416270315967324,0.2868445651864143,0.05555674329366887,-0.04909140196330175,-0.003071581164751699,30.85282815026875,0.9916419751740678,-0.8591716136753721,0.008419005855030727
489,1.9742035000000007,0.2015331687277852,0.21965120231955063,-0.03950805752326306,-0.010182301643150704,-0.1880658054187695,0.2421062807318908,0.23029982894224726,0,0.0046294000000000005,1,Shared Control,0.01,Good Visuals,0.2361861361942204,-0.07799542386575128,0.0,5.633732141672888,1.0034655013958627,-0.9418291360359492,0.28664246074719757,0.05758587439723567,-0.02338687106907722,-0.0031203784162823307,30.86637053121776,0.9915116948190382,-0.8727273665277692,0.008549040178186071
490,1.9804171000000004,0.20278980578922115,0.21197724196336423,-0.039316474942669655,-0.018322586978883032,-0.2289332955774335,0.24353937749906665,0.23098941148383909,0,0.0062136000000000005,1,Shared Control,0.01,Good Visuals,0.23908247115381362,-0.07897459895422228,0.0,5.635809924903347,1.0035101907230475,-0.9420799391239184,0.2863916576592283,0.06269674774156402,0.009726073220781783,-0.0031462407115301237,30.878025010505013,0.991400454007304,-0.8839346699229546,0.008656367079662058
491,1.9864993000000002,0.2035752039526186,0.21627292968717057,-0.039964173546448045,-0.014716481796668512,-0.2062057425772156,0.24494652277454,0.23173032101814692,0,0.0060822,1,Shared Control,0.01,Good Visuals,0.24000907128448906,-0.07953873249009585,0.0,5.636867334263436,1.0035328528094385,-0.9420959852562677,0.28637561152687896,0.06720926750176355,-0.00525138511236567,-0.0031050028408910655,30.883934669922954,0.9913436329203379,-0.8903721559981475,0.008718201480002604
492,1.9909176000000004,0.2051460002794135,0.23540612759255242,-0.0398005224951265,0.003675806574405499,-0.136025822780779,0.24597163820765416,0.23230637877714225,0,0.0044183,1,Shared Control,0.01,Good Visuals,0.2313525715014481,-0.08064164628080786,0.0,5.639457363774511,1.0035883396687901,-0.9422876881530948,0.2861839086300519,0.04697710482942154,-0.0840446953017826,-0.003244206026977766,30.89840460900231,0.9912044020221303,-0.9030471767755236,0.008839091319977083
493,1.9964279000000005,0.2062455577081699,0.2222002682993982,-0.039726080499484256,-0.01010611047774404,-0.16448505074096817,0.24725378840750226,0.23306584189179896,0,0.0055103,1,Shared Control,0.01,Good Visuals,0.22587998092268005,-0.08122646786899546,0.0,5.640833221938522,1.003618149695008,-0.9434491726357354,0.28502242414741136,0.037933466185774437,-0.15006922548085933,-0.0032524306780567403,30.906181404293704,0.9911313157769989,-0.9097721778298301,0.008903193327590915
494,2.0025077000000007,0.2078163540349648,0.2118906786176083,-0.03943743437253747,-0.021175163274190667,-0.16647034363288488,0.24867345132179178,0.23395184298565805,0,0.006079800000000001,1,Shared Control,0.01,Good Visuals,0.2496513122503095,-0.08229400374946064,0.0,5.642386700955692,1.0036514041923805,-0.9431327693863681,0.2853388273967785,0.07421723618052559,0.16135840355548958,-0.0032851632035365745,30.914854096183554,0.991047743141931,-0.9218968815955929,0.009020205412164759
495,2.0088512000000005,0.20860175219836227,0.22158958487250546,-0.040071699123429505,-0.012362258113152585,-0.12477654143621006,0.25016058368696437,0.23492377167112827,0,0.0063435,1,Shared Control,0.01,Good Visuals,0.24382409049228626,-0.08301690663887762,0.0,5.643648981149192,1.0036784085854646,-0.9429201681654958,0.2855514286176508,0.06630459342370987,0.0537238068562671,-0.003245464372122706,30.921896881595593,0.9909797945878352,-0.9301447543534305,0.009099442443521753
496,2.0124404,0.20923007072908023,0.22426024220234875,-0.040930512957884135,-0.01066352946877952,-0.11266813127941758,0.25100478908499696,0.2354925822516743,0,0.0035892000000000003,1,Shared Control,0.01,Good Visuals,0.23861783739153747,-0.08348171602074775,0.0,5.645124111749298,1.0037100307670326,-0.9429081902341344,0.2855634065490123,0.054284878937511924,0.003917044822091986,-0.0033266285049909413,30.93014475435343,0.9909005575564782,-0.935560099088093,0.009150389972028621
497,2.0156470000000004,0.20985838925979816,0.21784261952685854,-0.0411463998251988,-0.017649962724815754,-0.1202910145630612,0.2517607482807226,0.23601096228991247,0,0.0032066,1,Shared Control,0.01,Good Visuals,0.24180037242002478,-0.08404685084459021,0.0,5.646082663059627,1.003730786294982,-0.9426510095147282,0.2858205872684184,0.055394650156065366,0.07209798419055735,-0.003416949459333619,30.935560099088093,0.9908496100279713,-0.9420070617399056,0.009212334123052624
498,2.0191708000000004,0.21064378742319562,0.20955555046195484,-0.041116960857526974,-0.02645541182795763,-0.1252722943315397,0.2525934220128637,0.23659055358936498,0,0.0035238,1,Shared Control,0.01,Good Visuals,0.2500796680469477,-0.0847016152906029,0.0,5.647235768621582,1.0037555025071698,-0.942032693440234,0.28643890334291267,0.06671495870701104,0.18109600049622276,-0.0034582253289003563,30.942007061739904,0.9907876658769473,-0.9494856194253976,0.009284102533028126
499,2.0241363000000003,0.2122145837499905,0.20958125176904274,-0.04037883826287322,-0.02700930182032224,-0.08672431393832822,0.2537702711985097,0.23742252076038528,0,0.0049655,1,Shared Control,0.01,Good Visuals,0.26274645713478145,-0.08633427039700592,0.0,5.650320779485804,1.003821615462716,-0.939930861031249,0.2885407357518977,0.08350548103493437,0.320104474016359,-0.0035219731467632863,30.959252704357393,0.9906219139784123,-0.9681790377669139,0.009463057058947294
500,2.0294707,0.21299998191338795,0.21858911388312918,-0.04077028928512175,-0.018833406877256098,-0.04268888109172564,0.2550391982457185,0.23833238263770085,0,0.0053344,1,Shared Control,0.01,Good Visuals,0.2553310028044814,-0.08696037748193214,0.0,5.651909949876342,1.0038558287241648,-0.9393708223170483,0.28910077446609844,0.07317486813091179,0.184569328741633,-0.0034860775409038657,30.968179037766912,0.9905369429410527,-0.9754223382184695,0.00953168434962135
501,2.0327606000000005,0.2136283004441059,0.22655404569450693,-0.04141089780161261,-0.011778336943193912,-0.004090743413496176,0.25582422032627716,0.23889987028363785,0,0.0032899,1,Shared Control,0.01,Good Visuals,0.24938900430343355,-0.08757500302701267,0.0,5.653196488667862,1.0038835882445984,-0.9389678052787657,0.289503791504381,0.06061180697431302,0.11319749411076696,-0.00354539974628176,30.97542233821847,0.9904683156503786,-0.9824880180595895,0.009599053154340934
502,2.0362400000000003,0.21457077824018286,0.22874506060924454,-0.0412534420860943,-0.010154809674393306,0.020767347624718206,0.25665649830968407,0.23950383629115535,0,0.0034794,1,Shared Control,0.01,Good Visuals,0.24598047297757694,-0.08807860573443374,0.0,5.654455404042906,1.0039106687139467,-0.9386797056821102,0.2897918911010365,0.0513686052124623,0.08502777105199155,-0.003626559500327537,30.98248801805959,0.990400946845659,-0.9883152555631449,0.009654252800245757
503,2.0408061,0.21614157456697775,0.22820866698889075,-0.04051492374270632,-0.011295169302264596,0.0843531773168325,0.25775191368760925,0.24030015266206164,0,0.0045661,1,Shared Control,0.01,Good Visuals,0.2452041176219524,-0.08901132869230353,0.0,5.656500310334285,1.003954732388141,-0.9382886014119843,0.2901829953711624,0.04617306641003015,0.06979336089579813,-0.003671945564228545,30.993985965086612,0.9902917178008124,-0.9990622001069946,0.009756488106456419
504,2.0464349000000004,0.2173982116284137,0.2233475687241413,-0.040353702059195556,-0.016952583937920346,0.12650044314828177,0.2591072828024627,0.24128340180345825,0,0.005628800000000001,1,Shared Control,0.01,Good Visuals,0.24617113839487373,-0.08972949867068675,0.0,5.658109704605906,1.0039894556455595,-0.938160817007949,0.29031077977519776,0.04420238809131267,0.0687609088686183,-0.0036759741850288814,31.00304742649922,0.9902058692009642,-1.007347311504378,0.009835206365754976
505,2.0525160000000007,0.21818360979181112,0.22525686557201624,-0.040923673010651584,-0.016026536231442012,0.1658564748419447,0.26057777202673504,0.2423413190628005,0,0.006081100000000001,1,Shared Control,0.01,Good Visuals,0.24537711249338784,-0.0901102604046559,0.0,5.658876533400155,1.0040059342642342,-0.9380709361913262,0.2904006605918205,0.04412475830189305,0.029366098154915754,-0.0036209174552778766,31.00734731150438,0.990164793634245,-1.011725817014774,0.00987694147277383
506,2.055924,0.21881192832252908,0.2294660171574913,-0.04176584370420597,-0.012875301905309194,0.20919655909396276,0.26140467477486207,0.24292951658190243,0,0.003408,1,Shared Control,0.01,Good Visuals,0.24770493967695018,-0.09056089533311967,0.0,5.659656532413259,1.004022713298663,-0.9377918784691874,0.2906797183139593,0.04320751191917938,0.07650028020690702,-0.0036876428317048028,31.011725817014774,0.9901230585272262,-1.016885849943032,0.00992633534639085
507,2.059617200000001,0.21975440611860603,0.22605506072381917,-0.04165026865625604,-0.016874455858083254,0.21781518496834174,0.26230303060259924,0.24356118874405813,0,0.0036932,1,Shared Control,0.01,Good Visuals,0.24934615335974808,-0.09102288740422461,0.0,5.660577692947518,1.0040424881420915,-0.9373160344945339,0.2911555622886128,0.040390580486196336,0.12139496266479921,-0.0037823522001960317,31.016885849943034,0.9900736646536091,-1.0221990859446528,0.009976974070845732
508,2.0632068000000006,0.22053980428200348,0.22327140370692167,-0.04176322632059576,-0.020289785037136465,0.23319816908754779,0.26317840902255757,0.24416781533249932,0,0.0035896,1,Shared Control,0.01,Good Visuals,0.2527470158215714,-0.09146445967851413,0.0,5.661524144201147,1.004062848260522,-0.9367915837596134,0.2916800130235334,0.04457809832285168,0.15405085622154524,-0.003791127714254099,31.022199085944653,0.9900230259291543,-1.0272907462281575,0.010025374591381038
509,2.0666374000000003,0.2213252024454009,0.22396499844408285,-0.04185320657715666,-0.020202816888416464,0.25423053360758635,0.26401703396529635,0.24473933447878776,0,0.0034306000000000002,1,Shared Control,0.01,Good Visuals,0.2568539587283043,-0.09197649865917462,0.0,5.6624299499335375,1.0040823580645224,-0.9360630583773755,0.29240853840577136,0.04884594950113421,0.20273420961122435,-0.003819850929844791,31.027290746228157,0.9899746254086189,-1.0331612850898635,0.010081498933060347
510,2.0702155000000007,0.22226768024147786,0.22743647510125925,-0.041749353723818494,-0.017302859377528512,0.27907083806779853,0.2648937874183149,0.24532530160063368,0,0.0035781000000000003,1,Shared Control,0.01,Good Visuals,0.2573204310610525,-0.092453372411332,0.0,5.663477280441001,1.0041048537817017,-0.9353737807300437,0.29309781605310314,0.04764089184687753,0.20130772410390674,-0.003849511398626008,31.033161285089864,0.9899185010669397,-1.0386675222332309,0.010133768831280695
511,2.0744655000000005,0.22336723767023425,0.2342855496491505,-0.04152654974808062,-0.011039751951483184,0.3185309191156609,0.26593787217414294,0.24600566900601487,0,0.00425,1,Shared Control,0.01,Good Visuals,0.25386163431033004,-0.09304941524159142,0.0,5.664456167484529,1.004125950622786,-0.9346585651046138,0.29381303167853307,0.04106936062132684,0.14372726687631898,-0.003859868547760622,31.03866752223323,0.9898662311687193,-1.0454904744153208,0.010199100793737599
512,2.078538600000001,0.22399555620095224,0.23401794962983868,-0.0419423159731907,-0.011987719376176181,0.33618931878514924,0.2669411749871434,0.2466393943202555,0,0.0040731000000000005,1,Shared Control,0.01,Good Visuals,0.2463614978220238,-0.09334427016494673,0.0,5.6656743504128215,1.00415209525537,-0.9345496120650447,0.2939219847181021,0.028154679802187537,0.030185914437034,-0.0038640211710597575,31.04549047441532,0.9898008992062624,-1.0490033216904604,0.010231419697354806
513,2.0822836000000002,0.2249380339970292,0.2279393999326082,-0.042003140990114235,-0.0186999943876473,0.34536731777405644,0.2678659026682384,0.24720413292919063,0,0.003745,1,Shared Control,0.01,Good Visuals,0.24969495163936625,-0.09364613844087906,0.0,5.666289315153556,1.0041655472520115,-0.9342638777774901,0.29420771900565673,0.030437638731856904,0.08442686666901866,-0.003915074873545073,31.04900332169046,0.9897685803026451,-1.0524826280609991,0.010264507331110182
514,2.0855954000000008,0.22572343216042665,0.22795126816935513,-0.04214247050781175,-0.01925286475983551,0.3826314471942656,0.26868539829991345,0.2476876590219073,0,0.0033118,1,Shared Control,0.01,Good Visuals,0.2568060918434108,-0.09406302970058503,0.0,5.666908399209329,1.0041788774954437,-0.9336429521456415,0.29482864463750535,0.039457077034423846,0.17242665625742548,-0.003933431956112,31.052482628061,0.9897354926688898,-1.0572452925741906,0.010310202577735105
515,2.0894172000000006,0.22666590995650354,0.232705530535972,-0.042019488343409905,-0.014982128485935303,0.4260013734632894,0.2696330456314225,0.24822531204244636,0,0.0038218,1,Shared Control,0.01,Good Visuals,0.25818706208725445,-0.09446304678048976,0.0,5.667759572043974,1.0041971269312895,-0.9329898743453217,0.2954817224378252,0.03857481035339213,0.18538599986370663,-0.003964048455032326,31.05724529257419,0.9896897974222649,-1.0618644079820645,0.01035404825378339
516,2.0931380000000006,0.2276083877525805,0.23896597158324862,-0.04202465787884199,-0.00925934045919774,0.46841755010148894,0.27055758105675604,0.24872596380190054,0,0.0037208000000000002,1,Shared Control,0.01,Good Visuals,0.2532361363899316,-0.09479482977861504,0.0,5.668580705674056,1.0042148229009162,-0.9325669860309099,0.29590461075223695,0.02894476074233454,0.10829960930438287,-0.003969288893075774,31.061864407982064,0.9896459517462166,-1.0657182264086706,0.010390414825574757
517,2.0966135,0.22823670628329845,0.23954199322801456,-0.042320874773457584,-0.00918397057388598,0.4887253192457138,0.2714228089459234,0.24917160343584882,0,0.0034755000000000003,1,Shared Control,0.01,Good Visuals,0.24754737519748352,-0.09498338827730411,0.0,5.669263798762244,1.0042295853112804,-0.9324629149270245,0.29600868185612245,0.017970227887721835,0.02912301773764847,-0.00398372029012936,31.06571822640867,0.9896095851744252,-1.0679499252399596,0.010411082630188601
518,2.1002131000000004,0.22917918407937538,0.2337170847061532,-0.042243624866548035,-0.01545451872969561,0.4919159099954803,0.27232052197677564,0.24960904932781264,0,0.0035996,1,Shared Control,0.01,Good Visuals,0.24916768380186166,-0.09516605615982883,0.0,5.669655734638894,1.0042381313609667,-0.9322673395900221,0.2962042571931248,0.018043253247246253,0.05712230182907252,-0.004019780080842486,31.067949925239958,0.9895889173698114,-1.0700609738540656,0.010431104767252128
519,2.1036345,0.22996458224277283,0.2321435823842079,-0.04235593973400281,-0.017465466943604735,0.5160650277687477,0.2731752110693788,0.2500005367026353,0,0.0034214000000000002,1,Shared Control,0.01,Good Visuals,0.25504279851304035,-0.09543954329227647,0.0,5.670030857399327,1.0042462183885263,-0.9318213681512895,0.29665022863185736,0.02605530034900578,0.12538558218976403,-0.004020159176444652,31.070060973854066,0.9895688952327478,-1.073181604542775,0.010461081557781995
520,2.1080374000000006,0.23106413967152928,0.23393412825750304,-0.04211107139784953,-0.01606640844513224,0.5404773047089166,0.2742769812873605,0.25046702487067135,0,0.0044029,1,Shared Control,0.01,Good Visuals,0.25772295952116553,-0.09580564413155045,0.0,5.670588896535345,1.0042581752806468,-0.9311301032704139,0.29734149351273287,0.027890643543337416,0.15581311413851684,-0.0040424315439284144,31.073181604542775,0.989538918442218,-1.077370122228112,0.010501209691319778
521,2.1115329000000003,0.2316924582022472,0.2317512501483608,-0.04258452308511329,-0.018715774722310563,0.5387937478803184,0.2751530888659918,0.2508055206778335,0,0.0034955000000000003,1,Shared Control,0.01,Good Visuals,0.254961153194142,-0.09604478609712955,0.0,5.671336905246983,1.0042742228998807,-0.930767875363774,0.29770372141937274,0.022759769102158878,0.10141610623508579,-0.004034478320340685,31.07737012222811,0.9894987903086803,-1.0801800789619629,0.010527421924944472
522,2.1151972000000008,0.23279201563100366,0.2303866453876453,-0.04236107323498817,-0.02041887529018821,0.5427197909483727,0.27607271704385317,0.25112818951454663,0,0.0036643,1,Shared Control,0.01,Good Visuals,0.26032823846153064,-0.09634042686195346,0.0,5.671832145735089,1.00428498394891,-0.9301547025765494,0.29831689420659735,0.028967241051999538,0.1787050557311196,-0.0040900214107579816,31.080180078961963,0.9894725780750555,-1.0835719821709926,0.01055982696425985
523,2.1187447000000006,0.23342033416172162,0.2346462650344279,-0.04265238288213155,-0.01648192448011873,0.5666124635209469,0.27696409956005763,0.2514074749983422,0,0.0035475000000000003,1,Shared Control,0.01,Good Visuals,0.26079715612886406,-0.0966523540475315,0.0,5.672437041880276,1.0042979784869948,-0.9295595140049067,0.2989120827782401,0.029566693935416683,0.16692054060710215,-0.004081083877789232,31.083571982170994,0.9894401730357402,-1.08716710902536,0.010594017150170824
524,2.1224981000000005,0.23436281195779857,0.23667761239806195,-0.042601287602259064,-0.014729862600280252,0.5749866150316059,0.2779082291560262,0.25166562296423717,0,0.0037534,1,Shared Control,0.01,Good Visuals,0.2585232311006112,-0.09690153795268001,0.0,5.673076726938129,1.0043117503361612,-0.9290792056623746,0.2993923911207722,0.02393730686537275,0.1374705465331214,-0.004122453211294651,31.08716710902536,0.9894059828498292,-1.090069811470127,0.01062133007586937
525,2.1260653000000005,0.2353052897538755,0.2380420250984907,-0.04260293940215071,-0.013623597865746462,0.5854324550825362,0.27880635277507626,0.25187358080334493,0,0.0035672000000000004,1,Shared Control,0.01,Good Visuals,0.2564957982453593,-0.09714044395761622,0.0,5.673590494630087,1.004322867607619,-0.928680193160831,0.2997914036223158,0.020339613768265794,0.10109772513014081,-0.004128130287423344,31.090069811470126,0.9893786699241306,-1.0928339331118733,0.01064751644596366
526,2.1297551000000006,0.23609068791727295,0.23965198637459972,-0.042715664857803315,-0.012221594428745208,0.5983608533505627,0.27973605145579516,0.25204848813234987,0,0.0036898,1,Shared Control,0.01,Good Visuals,0.25541518029158367,-0.09732992769792373,0.0,5.674081379539076,1.0043334551595,-0.9283974197180429,0.30007417706510386,0.01786141645777005,0.07933269071598814,-0.004138468447424341,31.092833933111873,0.9893524835540364,-1.0950427460196643,0.010668285665857768
527,2.1333054000000002,0.2370331657133499,0.23998772937758384,-0.04270288574244527,-0.012060758754766032,0.605557146166682,0.2806311382954272,0.2521764363906377,0,0.0035503,1,Shared Control,0.01,Good Visuals,0.2546635120398571,-0.09748886891333615,0.0,5.674472194203719,1.0043419145424444,-0.9281670942200275,0.3003045025631192,0.015498111596899134,0.06702132864323107,-0.004157512572178738,31.095042746019665,0.9893317143341422,-1.096891672224193,0.010685707134569436
528,2.1366629,0.23766148424406783,0.2390691583457774,-0.04296965405135936,-0.013107278044860282,0.6085345036517643,0.2814779706170091,0.25225947621183464,0,0.0033575000000000002,1,Shared Control,0.01,Good Visuals,0.25444353278606163,-0.09764391289918073,0.0,5.674799668195202,1.0043489957933882,-0.9279607021047208,0.30051089467842595,0.014511126071852325,0.0576288924182593,-0.004163056030366418,31.096891672224192,0.9893142928654306,-1.0986849553168414,0.010702701429858514
529,2.1410290000000005,0.23876104167282428,0.23310935807152303,-0.0427169289441848,-0.019150118140311617,0.5872263401659729,0.28257949489107337,0.252309862204401,0,0.0043661,1,Shared Control,0.01,Good Visuals,0.25702223680987,-0.097871720020711,0.0,5.67511818796698,1.0043558645277695,-0.9275467719503915,0.30092482483275534,0.01714557174186583,0.09351817684003705,-0.004195725157498861,31.09868495531684,0.9892972985701415,-1.101288283174486,0.010727671256783122
530,2.1445748,0.23954643983622173,0.2279827816430251,-0.04303305505485164,-0.02432708056137589,0.5632255656184054,0.283474132757638,0.252300864874734,0,0.0035458000000000004,1,Shared Control,0.01,Good Visuals,0.2616772156257869,-0.09814063597237037,0.0,5.67558336161301,1.0043658378523943,-0.9270645451077688,0.30140705167537796,0.02531882823768503,0.1354645886349306,-0.004180779309769861,31.101288283174487,0.9892723287432169,-1.104379136816748,0.010757147002427483
531,2.1485284,0.24048891763229863,0.2293868510811913,-0.04298521512533937,-0.022914013793542715,0.5547656544148173,0.2844715204036688,0.25223585574012963,0,0.0039536,1,Shared Control,0.01,Good Visuals,0.2686949664987625,-0.0985086596471469,0.0,5.676134067417576,1.0043776775934314,-0.9262931382952286,0.3021784584879182,0.03566234720292181,0.2246248944558289,-0.004223291390917167,31.104379136816746,0.9892428529975725,-1.1085927618921496,0.010797485897022167
532,2.151923,0.24127431579569608,0.23479063681041423,-0.04319720460797272,-0.0174452189297154,0.5526640358411378,0.2853275968586987,0.25213207399821597,0,0.0033946000000000002,1,Shared Control,0.01,Good Visuals,0.26703687120415476,-0.09886970517862628,0.0,5.676886265897692,1.0043938189887789,-0.9256225190545987,0.3028490777285482,0.03362256737829467,0.18747043515319128,-0.004234415926641448,31.10859276189215,0.9892025141029779,-1.1127689242816863,0.010837059920750592
533,2.1557640000000005,0.24315927138784996,0.2453398347905384,-0.04216832547084873,-0.006792239207677575,0.5499886844193926,0.2862957233864425,0.2519592501772104,0,0.0038410000000000002,1,Shared Control,0.01,Good Visuals,0.2567882625102081,-0.09937027133082249,0.0,5.67820749502751,1.0044223679320354,-0.9250387263506796,0.3034328704324673,0.018544176640671692,0.03713743800406921,-0.004274453186265412,31.116047320960774,0.9891321737709835,-1.118615588082826,0.010891926731325675
534,2.162939700000001,0.2439446695512474,0.24644877914335095,-0.04235105383519508,-0.005510471033859432,0.5410970370933071,0.288102089219329,0.2514716848075769,0,0.0071757,1,Shared Control,0.01,Good Visuals,0.2462819879840144,-0.09943068105127129,0.0,5.678661448434519,1.0044322025577008,-0.9255152013964938,0.3029563953866531,0.005610452774142327,-0.13038393328978715,-0.004190277943604671,31.118615588082825,0.9891080732686743,-1.119379890220566,0.010898548211172475
535,2.1666361000000007,0.24567254551072182,0.24432530464190172,-0.04242954370860719,-0.0071463801656752035,0.5275459418205488,0.2890310221905744,0.25113311487636436,0,0.0036964000000000003,1,Shared Control,0.01,Good Visuals,0.2525645777060384,-0.0996241822796216,0.0,5.67889811735569,1.004437434740944,-0.9260078440993718,0.3024637526837752,0.013006458767109878,-0.0184545160503633,-0.004299126413990737,31.11998292539124,0.9890957821882389,-1.1215861846868032,0.010919757785961664
536,2.1737408,0.2470862622048372,0.2457665956512403,-0.04194475998573721,-0.005366519225124072,0.5237035547674329,0.29081245199238337,0.25030691129929683,0,0.0071047,1,Shared Control,0.01,Good Visuals,0.24814341039904375,-0.09974939920570484,0.0,5.679186097195682,1.0044435773571954,-0.9265058413365636,0.3019657554465834,0.008516517130426886,-0.10041279104582568,-0.004227008596467454,31.1215861846868,0.9890802422140383,-1.1230408597034232,0.01093348275185091
537,2.1782883,0.24802874000091416,0.2516854595039532,-0.042783711991469214,0.0013785482046563824,0.5249820153073053,0.29194927164011114,0.24965193977461886,0,0.0045475,1,Shared Control,0.01,Good Visuals,0.2436133072031409,-0.09978247664374175,0.0,5.679443907182399,1.0044491480961675,-0.9271021578740848,0.30136943890906215,0.0032851461490717372,-0.1735799433897678,-0.004183964608404775,31.123040859703423,0.9890665172481491,-1.1234614153905795,0.01093710835362026
538,2.182004600000001,0.24897121779699108,0.2603229618263221,-0.04297805384312006,0.010671022051703227,0.5286120733897555,0.2928759388656575,0.2490407001190352,0,0.0037163,1,Shared Control,0.01,Good Visuals,0.2416060614417124,-0.09976485288973123,0.0,5.679515262184256,1.004450756277839,-0.9277238297585947,0.3007477670245522,-0.0016565837167318923,-0.17468581671066996,-0.00426906474252135,31.12346141539058,0.9890628916463797,-1.1232789833614816,0.010935176622581966
539,2.1853904,0.24975661596038853,0.2633605154912241,-0.04311932290526896,0.014319815372188877,0.5121787347820292,0.2937181112119067,0.24842263226785344,0,0.0033858,1,Shared Control,0.01,Good Visuals,0.23337453046760342,-0.09962049791203571,0.0,5.679480975528376,1.0044500562081007,-0.9286560793173027,0.2998155174658442,-0.014046116478389332,-0.2723646017027037,-0.004287699219145821,31.12327898336148,0.9890648233774181,-1.1216612017239005,0.010919353944236576
540,2.1890944,0.25148449191986294,0.24481411069186762,-0.04223361929204378,-0.003608521575985818,0.4146258314970356,0.2946369118653989,0.2476779558853803,0,0.0037040000000000003,1,Shared Control,0.01,Good Visuals,0.23682519739975116,-0.09935146595024992,0.0,5.678791436723322,1.0044353214503745,-0.93059492814516,0.2978766686379869,-0.006160675670131085,-0.20890349096125282,-0.0042928277252101245,31.11943285868791,0.989101962093868,-1.1185217943419121,0.010889865482779123
541,2.1964833000000006,0.2532123678793373,0.24421725384390985,-0.0414245439860616,-0.003460702041470448,0.38044334361793875,0.2964608593633986,0.24597153458786333,0,0.0073889,1,Shared Control,0.01,Good Visuals,0.24836288974619472,-0.09958631982688114,0.0,5.6787986011470375,1.004435267285391,-0.9313319774390494,0.2971396193440976,0.017374809923956843,-0.08561173004396672,-0.004197123607046898,31.119416791673693,0.9891010354954638,-1.1211438723558864,0.010915607701076172
542,2.2027599,0.2539977660427348,0.24995492586164722,-0.042463093320663836,0.003983391273783887,0.36548360957671044,0.29799954011107294,0.24428209523183,0,0.0062766,1,Shared Control,0.01,Good Visuals,0.23873052998760438,-0.09964471202878222,0.0,5.679107921850884,1.0044418836544973,-0.9321721576376818,0.2962994391454652,0.00555335208623693,-0.2313016734479767,-0.0041253178860786366,31.121143872355887,0.9890843922989239,-1.1218570782711155,0.010922008041703903
543,2.2076085,0.2558827216348886,0.24871043656388583,-0.042116818476184315,0.00442834133205583,0.30572339546693605,0.29918047878049464,0.2428203938465175,0,0.004848600000000001,1,Shared Control,0.01,Good Visuals,0.2392372859641317,-0.09973358134718413,0.0,5.679277226756633,1.0044456325053381,-0.9336560202468106,0.29481557653633633,0.005895138656667257,-0.18049789227091573,-0.004291564868838327,31.122123633501378,0.9890756152013492,-1.1228825273275505,0.01093174896413204
544,2.2136556,0.2566681197982861,0.24720242019417765,-0.042512358982208565,0.004382026347660162,0.2792146332187416,0.3006428404108845,0.24079965804742937,0,0.0060471000000000006,1,Shared Control,0.01,Good Visuals,0.23475079142626956,-0.09976556822712034,0.0,5.679413618282632,1.0044485401138223,-0.9345908311480248,0.29388076563512217,0.0030262757819121662,-0.26027700779991436,-0.004200461141579116,31.12288252732755,0.9890682510358679,-1.1232666850459443,0.010935255030362542
545,2.2173465000000006,0.257610597594363,0.2446522941343611,-0.043032242816521515,0.003852636086931732,0.2501246651775448,0.3015291534949912,0.23945550533286103,0,0.0036909000000000004,1,Shared Control,0.01,Good Visuals,0.23704659175704446,-0.09983914535957394,0.0,5.679480601600204,1.0044500104440388,-0.9353414429935798,0.29313015378956714,0.007203448759988315,-0.21828995682981533,-0.004241269650535361,31.123266685045945,0.9890647449696375,-1.1241011237539562,0.010943319783784797
546,2.220815300000001,0.258238916125081,0.2411965257875771,-0.04329023736991022,0.0017410204547160801,0.2191474066901659,0.3023574720068996,0.23811389207823053,0,0.0034688,1,Shared Control,0.01,Good Visuals,0.24053743615142817,-0.09997984714916486,0.0,5.679630268573794,1.0044532072549204,-0.935925411750214,0.29254618503293295,0.01311830944780335,-0.1637004896235783,-0.004296302345707173,31.124101123753956,0.9890566802162152,-1.1257011623955857,0.010958742037972759
547,2.2249919,0.2598097124518759,0.2365189724872337,-0.04254775955502371,-0.001594919590996835,0.1732355407495452,0.3033484300959872,0.23639584379372305,0,0.0041766,1,Shared Control,0.01,Good Visuals,0.24413616511095657,-0.1003029069500066,0.0,5.679916865810897,1.0044593368312145,-0.936535003329667,0.29193659345348005,0.019735291287645354,-0.11263494382086359,-0.0043281513152946885,31.125701162395586,0.9890412579620272,-1.1293636726077856,0.01099415246438581
548,2.229758500000001,0.26028095134991436,0.2307185620683738,-0.04306747874607286,-0.005677281725349259,0.10258843317915578,0.304470287940097,0.23429521109236523,0,0.0047666,1,Shared Control,0.01,Good Visuals,0.24329774664658224,-0.1005483185007947,0.0,5.680573899092812,1.0044733681128504,-0.9370744299627843,0.2913971668203627,0.023140855186353317,-0.1512184999768278,-0.004267663967578797,31.129363672607784,0.9890058475356142,-1.1322343429932331,0.011021051904172042
549,2.2334478000000004,0.26138050877867075,0.2251419148162487,-0.043089779161426256,-0.009153296276116524,0.025928111551755118,0.3053315097720571,0.23256491502595766,0,0.0036893000000000004,1,Shared Control,0.01,Good Visuals,0.25037257321272505,-0.10092364188216278,0.0,5.68108093710868,1.0044843597622306,-0.9372457103013613,0.29122588648178577,0.03644249105516144,-0.05004246313638738,-0.00433036256998634,31.132234342993232,0.988978948095828,-1.1365251745099174,0.01106219091602806
550,2.2368813000000003,0.2624800662074272,0.23504487154316886,-0.04285144356462989,0.002479956517211196,0.014436476375903895,0.30612713696075633,0.23087123501318207,0,0.0034335000000000004,1,Shared Control,0.01,Good Visuals,0.2540240460259278,-0.10142474330335456,0.0,5.68184746827512,1.0045007953074756,-0.9373058512224918,0.2911657455606553,0.0464580071092202,-0.016785542753219085,-0.004348777440869264,31.136525174509917,0.9889378090839719,-1.1422728633630868,0.011117116397175369
551,2.2412646,0.2634225440035041,0.2531611870079896,-0.04270459295725221,0.022289951994807544,0.028467372693365366,0.30713416482047684,0.22859027344295002,0,0.0043833000000000006,1,Shared Control,0.01,Good Visuals,0.24102812032951626,-0.10181558375952882,0.0,5.682872569980347,1.0045228094487715,-0.9382043087058931,0.29026728807725394,0.029516684924589025,-0.2031560165972479,-0.004346196663720771,31.142272863363086,0.9888828836028246,-1.146843563190832,0.011159956227994745
552,2.2447641000000003,0.2640508625342221,0.2535789720812946,-0.04308330228625473,0.024988698638344575,-0.012710042962141435,0.3079307854619075,0.2266720617554022,0,0.0034995,1,Shared Control,0.01,Good Visuals,0.22032808415382305,-0.10181532326164115,0.0,5.683679965512912,1.0045403093694933,-0.93990009410424,0.288571502678907,-2.4308424488989022e-05,-0.4719429473302048,-0.0043479930611556965,31.14684356319083,0.9888400437720053,-1.1470050659579487,0.011159927674948968
553,2.2487626,0.26499334033029903,0.23917305745236572,-0.042937445131608465,0.01250099569696353,-0.07620958992484671,0.30883257574622236,0.22437301351355238,0,0.0039985,1,Shared Control,0.01,Good Visuals,0.21977014365584688,-0.10183110303891246,0.0,5.683694166985213,1.0045409169279889,-0.9417433103050007,0.28672828647814635,0.0013098825953779085,-0.4602977226952054,-0.004386540349454029,31.14700506595795,0.988840072325051,-1.1471841191737524,0.011161657288600758
554,2.2525157,0.26593581812637596,0.23085574078478918,-0.042896757619846404,0.0064827272712368045,-0.1043013954596719,0.30967045453041836,0.22210937973619027,0,0.0037531,1,Shared Control,0.01,Good Visuals,0.2314869147522064,-0.10206199183284605,0.0,5.683726273383831,1.0045416028215715,-0.9427874102585726,0.28568418652457445,0.022538247915775623,-0.3057214668458421,-0.004372367399424472,31.14718411917375,0.9888383427113993,-1.1497681988115782,0.01118696489612692
555,2.2560578000000007,0.2667212162897734,0.2325517140752406,-0.04294923824064495,0.010442334339050341,-0.1091549676249915,0.3104532633802075,0.21987778527337143,0,0.0035421000000000003,1,Shared Control,0.01,Good Visuals,0.23732120925690994,-0.10243153901233712,0.0,5.684192843845225,1.004551503944678,-0.9436583507297337,0.2848132460534133,0.033309093096504885,-0.23528121435046834,-0.00437812852585234,31.14976819881158,0.9888130351038731,-1.1539890218915234,0.011227470781326574
556,2.2600874000000006,0.26782077371852986,0.2350523003108503,-0.04263248966167765,0.01517451503747888,-0.1247207461958086,0.311333979204682,0.21722505828359767,0,0.0040296,1,Shared Control,0.01,Good Visuals,0.23367412072497093,-0.10280424013222388,0.0,5.684947212261808,1.0045676703458084,-0.944877295074178,0.283594301708969,0.02898502009514974,-0.28444784366189113,-0.004399356572396785,31.153989021891523,0.9887725292186734,-1.1583046449075953,0.011268322368387004
557,2.2638415000000007,0.2684490922492478,0.2334293489016644,-0.04288488695543419,0.01620429061806672,-0.15658608858898182,0.31214465086319804,0.2146430563167281,0,0.0037541000000000002,1,Shared Control,0.01,Good Visuals,0.22715203468216374,-0.10303868970046391,0.0,5.6857132808292645,1.0045841955675363,-0.9462290456450712,0.28224255113807584,0.02198830995841412,-0.3775628654525369,-0.004382800704613661,31.158304644907595,0.988731677631613,-1.161079921363158,0.01129402027063948
558,2.2674222000000004,0.26939157004532477,0.22916197231795965,-0.04275308081787327,0.014518916001231563,-0.19154550162222078,0.31290866327303124,0.2120795867324366,0,0.0035807,1,Shared Control,0.01,Good Visuals,0.22757332345640044,-0.10329412541787754,0.0,5.686200597879227,1.0045948183268691,-0.9474864004012846,0.28098519638186237,0.024681309576807794,-0.36394429669257167,-0.0044188025598404556,31.161079921363157,0.9887059797293605,-1.1640325590712501,0.011322018454415897
559,2.2709821000000003,0.27017696820872217,0.2290474903816574,-0.04273169506430907,0.016967903649220795,-0.2049713241693074,0.31365896279888533,0.20943235354009093,0,0.0035599000000000004,1,Shared Control,0.01,Good Visuals,0.22853922886898295,-0.10360561185559089,0.0,5.686725170520615,1.0046061244573516,-0.948760552724739,0.2797110440584079,0.029209017428328266,-0.35684543870902585,-0.004416142092002056,31.16403255907125,0.9886779815455841,-1.1676191586847844,0.011356160330169467
560,2.275106600000001,0.2712765256374786,0.23017057374621347,-0.042382437161406716,0.020738220206122537,-0.21767290502846473,0.3145162309581895,0.2062408061973846,0,0.0041245000000000006,1,Shared Control,0.01,Good Visuals,0.22598439414904656,-0.10401060243595693,0.0,5.6873636010142175,1.0046198588666866,-0.9507048137298312,0.2777667830533158,0.02724704397358572,-0.3904452175058486,-0.004427243412764275,31.167619158684783,0.9886438396698305,-1.1722740234085536,0.011400551149165406
561,2.279211,0.27206192380087607,0.22859685477170766,-0.04245430715731341,0.02235604857432305,-0.23990513771908975,0.3153559785917975,0.2029306026728099,0,0.0041044,1,Shared Control,0.01,Good Visuals,0.22024508174663399,-0.1042287611289742,0.0,5.688192926539253,1.0046376842995985,-0.9523075094437418,0.2761640873394052,0.021478091121685892,-0.46708119777070567,-0.004408222821862001,31.172274023408555,0.9885994488508346,-1.1748829689450802,0.011424463416570163
562,2.282992,0.2728473219642735,0.22675959866755327,-0.042508656627523955,0.023828995994743363,-0.25754041899185565,0.31611730419028433,0.19976137442485092,0,0.003781,1,Shared Control,0.01,Good Visuals,0.2190476892450825,-0.10446343786084898,0.0,5.688648749237992,1.0046476679662546,-0.9540340040231916,0.2744375927599554,0.02198784124047256,-0.47962179610795697,-0.0044249598395957185,31.17488296894508,0.9885755365834299,-1.1775990004067314,0.011450186218117293
563,2.2863928000000007,0.27378979976035045,0.22834667963704092,-0.04232750442993388,0.028585305212189993,-0.2599203917771582,0.31679166368114625,0.19681162929073964,0,0.0034008000000000003,1,Shared Control,0.01,Good Visuals,0.217897322483841,-0.10469015203756775,0.0,5.6891309848377,1.004658067209928,-0.955707516359075,0.27276408042407196,0.022409585012332124,-0.49105408916766224,-0.004440600410157515,31.17759900040673,0.9885498137818827,-1.1802319475949439,0.01147503624789685
564,2.2908990000000005,0.27551767571982483,0.23470312741979749,-0.04127398796132142,0.03789149812905784,-0.24461317551241324,0.31766946338957697,0.19275688901018312,0,0.0045062,1,Shared Control,0.01,Good Visuals,0.20416908886226126,-0.10493307002831602,0.0,5.689983897689201,1.0046765169383456,-0.9603452721114442,0.26812632467170283,0.005319848079567631,-0.6627819301205522,-0.004427542249804954,31.182418264046838,0.9885044679367386,-1.1831240084068555,0.011501662369789407
565,2.2972660000000005,0.2761459942505428,0.2334369227210834,-0.04152346913903415,0.04068003371090029,-0.24390274610024154,0.3188777724636287,0.18674031564142252,0,0.006367,1,Shared Control,0.01,Good Visuals,0.19678448576423507,-0.10489955030438099,0.0,5.690104057347548,1.004679215050618,-0.9629468910218705,0.2655247057612765,-0.0033851766462288557,-0.7567245231024835,-0.004331006269093213,31.183124008406857,0.9884983376302106,-1.1827747979477217,0.011497988289279561
566,2.3008157000000002,0.2766172331485813,0.2212436305565286,-0.04226053931504742,0.03450331491510608,-0.2827733498902887,0.31953446025709,0.18323815987554293,0,0.0035497000000000003,1,Shared Control,0.01,Good Visuals,0.19539981426056952,-0.10485345612669682,0.0,5.690038645582305,1.0046778753830712,-0.9656678150970046,0.2628037816861424,-0.0044270782310171595,-0.7570319056074005,-0.004355793239762524,31.182774797947722,0.9885020117107204,-1.1822461877058341,0.011492935929058009
567,2.3046493000000003,0.27865926837341465,0.21252583587171353,-0.04087519188367533,0.029287675996170603,-0.27622366114257,0.320229482079854,0.1793358360708063,0,0.0038336000000000004,1,Shared Control,0.01,Good Visuals,0.21296159870068618,-0.10535595475316258,0.0,5.6902136116753566,1.0046815219554308,-0.9700889303578861,0.2583826664252608,0.027731030187265762,-0.5179596977506313,-0.004390341220340318,31.183725996186364,0.9884923489808829,-1.187895898413047,0.011548014557190518
568,2.3118738000000008,0.2791305072714531,0.21587047545296761,-0.04109897480840091,0.03653463938216131,-0.2538647495909624,0.32149756341850044,0.17163952654154466,0,0.0072245,1,Shared Control,0.01,Good Visuals,0.20319391232185086,-0.10548992439167067,0.0,5.690962079035019,1.0046974934191717,-0.9722810354616128,0.2561905613215341,0.013766676922767998,-0.6429026318229394,-0.004306444866623337,31.187895898413046,0.9884519854428094,-1.1895501947183778,0.011562698903598252
569,2.3156898000000004,0.2802300647002095,0.2122262884673778,-0.04126749871829094,0.04058676192583313,-0.2502882278667774,0.32214447600727264,0.1673920811198646,0,0.0038160000000000004,1,Shared Control,0.01,Good Visuals,0.197197911393869,-0.1055409162692564,0.0,5.69124666084793,1.0047038199763505,-0.9748274553329959,0.2536441414501511,0.004936417672542891,-0.7070638838737813,-0.00433552774511339,31.18955019471838,0.9884373010964017,-1.1901798895935187,0.011568288098305263
570,2.3194086,0.2805442239655685,0.21018342031450507,-0.041600252041704144,0.04279133919464048,-0.23657969547089053,0.32275908732886655,0.1631305616338098,0,0.0037188000000000004,1,Shared Control,0.01,Good Visuals,0.1940902119307261,-0.10557001281769016,0.0,5.691354981792782,1.0047062281110823,-0.9774007426076057,0.25107085417554126,0.0029623917747617716,-0.7542978967052087,-0.00435540962686879,31.19017988959352,0.9884317119016948,-1.1905278091494502,0.011571477356716563
571,2.324277500000001,0.2824291795577224,0.19376241299646418,-0.04032990777114415,0.030631851362654394,-0.2865161922926689,0.3235394084129132,0.157367418107553,0,0.004868900000000001,1,Shared Control,0.01,Good Visuals,0.20013532572240383,-0.10576313136294102,0.0,5.691481104670855,1.0047089683089778,-0.9826659780705304,0.24580561871261652,0.016052661579132994,-0.6473409317144363,-0.004375026293532523,31.190895812503545,0.988425037948882,-1.1927118874903058,0.011592644985798805
572,2.330304000000001,0.28290041845576086,0.20440139121067913,-0.040638989957152316,0.047033973103126125,-0.2553995634101032,0.32446557508738544,0.14994350943461082,0,0.006026500000000001,1,Shared Control,0.01,Good Visuals,0.1987737844573469,-0.10593092202659157,0.0,5.69180804054923,1.0047159247639186,-0.9849654904060535,0.24350610637709333,0.017378521552047756,-0.6706463881017215,-0.004265417333454815,31.192711887490304,0.9884073550142012,-1.1946555872260913,0.01161103643819404
573,2.3339288000000007,0.28368581661915826,0.2082649875588602,-0.04077975846822718,0.05832147812424937,-0.26953209234193215,0.3250007504382689,0.14532236718969763,0,0.0036248,1,Shared Control,0.01,Good Visuals,0.18406721625104866,-0.10589126960988189,0.0,5.69215298595025,1.0047233661495045,-0.988032146407686,0.24043945037546086,-0.0038936925513566073,-0.8533422382593079,-0.00430492567639054,31.19465558722609,0.9883889635618059,-1.1942856520123117,0.011606690156235283
574,2.3374085000000004,0.28431413514987625,0.2045539785255703,-0.04068661528839268,0.05923161133587268,-0.2985553006464803,0.3254985493112974,0.14077549096844286,0,0.0034797,1,Shared Control,0.01,Good Visuals,0.17352475711688736,-0.10573687975975375,0.0,5.692079470251876,1.004721943725476,-0.9914799039806984,0.23699169280244847,-0.015561321953903733,-0.9869911751438171,-0.004318220398584908,31.19428565201231,0.9883933098437647,-1.1925451573166423,0.01158976756044144
575,2.3416445,0.2850995333132737,0.19765297930306247,-0.0403990159980237,0.056877488334619614,-0.3273482256209437,0.326082896654276,0.13509337440574362,0,0.004236,1,Shared Control,0.01,Good Visuals,0.17206780374081718,-0.10554370648249813,0.0,5.691766368140391,1.0047152770108942,-0.9963273277578328,0.23214426902531404,-0.013917818407455108,-0.9895730891363512,-0.004302075748580135,31.192545157316644,0.9884102324395586,-1.190320763873864,0.011568593932210984
576,2.3456819000000007,0.28588493147667116,0.1898792398978608,-0.04019796517760482,0.05478586549211717,-0.3556400755604165,0.32661713509719453,0.129526837199021,0,0.0040374,1,Shared Control,0.01,Good Visuals,0.17278056822039572,-0.10545495788180999,0.0,5.691370434716368,1.0047067600136512,-0.9997687395316024,0.22870285725154454,-0.008715589257010548,-0.9511128910730204,-0.0042638618866771595,31.190320763873864,0.988431406067789,-1.189245710823732,0.01155886624159228
577,2.3493991000000003,0.2863561703747097,0.18484202167482502,-0.04026096472248486,0.055315184475804025,-0.3762057348053145,0.32708888290120003,0.12427115664762997,0,0.0037172000000000004,1,Shared Control,0.01,Good Visuals,0.17373050325485867,-0.10542702506768403,0.0,5.691183778632567,1.0047026473622576,-1.0029524249625896,0.2255191718205574,-0.0029194975511818723,-0.9320195061293243,-0.004239074724738781,31.189245710823734,0.9884411337584077,-1.1888942921747627,0.01155580453952802
578,2.3530396000000007,0.2871415685381071,0.18084123129081203,-0.039947314363092956,0.05657007464318206,-0.40158855952998346,0.32753173779642875,0.11900218521342093,0,0.0036405,1,Shared Control,0.01,Good Visuals,0.17355489905828514,-0.10542865141190523,0.0,5.691123861612738,1.0047013038473516,-1.0062731675647512,0.2221984292183959,0.00016086050854519782,-0.9213535880809886,-0.004244593737046554,31.188894292174762,0.988444195460472,-1.1888998269573576,0.011555982802320905
579,2.3576164000000004,0.28824112596686347,0.17609056912581744,-0.03929061182956528,0.05708838391239651,-0.44329116179834926,0.3280609091232921,0.11220670666517557,0,0.004576800000000001,1,Shared Control,0.01,Good Visuals,0.16530167255328254,-0.10539475481951885,0.0,5.69112927590042,1.0047013959409423,-1.0134918154591714,0.21497978132397566,-0.003803693239045944,-1.0080765133937852,-0.0041921017411150115,31.18891810512733,0.9884438423123171,-1.1885222950159549,0.01155226741344484
580,2.3636606000000002,0.289026524130261,0.1713041205383108,-0.039034384993031135,0.05909741387313522,-0.46849127156178494,0.3287112698810668,0.10293919455555368,0,0.0060442000000000004,1,Shared Control,0.01,Good Visuals,0.16624844589143462,-0.10539583000614675,0.0,5.691057683188845,1.0046998795134683,-1.0169593240078196,0.21151227277532753,0.0001093496421865485,-0.9652882770024346,-0.00414102440048592,31.188522295015954,0.9884477325865552,-1.1885192152824091,0.01155238526412409
581,2.3673633,0.28934068339561997,0.16728951683188545,-0.039370586485446835,0.06435032227633176,-0.4861679739478165,0.32908164504696474,0.0970966724076648,0,0.0037027,1,Shared Control,0.01,Good Visuals,0.16277180465932675,-0.1053958707031887,0.0,5.69105850298105,1.0046998687854598,-1.021034116524323,0.20743748025882414,3.710965565586608e-06,-1.01018730111396,-0.004114061405119995,31.18851921528241,0.988447614735876,-1.1885198427276635,0.01155238972490691
582,2.3715486000000006,0.28981192229365843,0.15511200045386028,-0.03926972275330631,0.05801532804619548,-0.5287621442892694,0.3294739432036067,0.09034132616154145,0,0.0041853,1,Shared Control,0.01,Good Visuals,0.15940755432790046,-0.10538937176595803,0.0,5.691058600611699,1.0046998711769926,-1.0245647727234697,0.20390682405967753,-0.0006984878100789189,-1.0398657553519868,-0.004149497242728863,31.188519842727665,0.9884476102750931,-1.188447261522215,0.0115516773795827
583,2.375710700000001,0.29059732045705583,0.14379670522996776,-0.03887662274655085,0.05345537906842632,-0.5579976780558393,0.3298356960624727,0.08346407695072017,0,0.0041621,1,Shared Control,0.01,Good Visuals,0.1651978017702996,-0.10554958629251378,0.0,5.691045481947055,1.004699593111068,-1.0289203167418461,0.19955128004130115,0.012808538020901608,-0.9525103370823303,-0.0041386114103943,31.188447261522214,0.9884483226204173,-1.1902342772162617,0.011569238415304639
584,2.379386200000001,0.29106855935509435,0.1421037996631893,-0.03876713670737836,0.058639722712469144,-0.5616112223602987,0.330131102332835,0.07725871466299783,0,0.0036755000000000004,1,Shared Control,0.01,Good Visuals,0.16755422966419334,-0.10575212504596108,0.0,5.691368684006187,1.0047064394904088,-1.032058826905202,0.19641276987794523,0.02173615036761009,-0.9126229029822392,-0.004103411447348573,31.190234277216263,0.9884307615846953,-1.1925651535556419,0.011591438588789702
585,2.3831008000000002,0.2916968778858123,0.14498273161178765,-0.03843422444702271,0.06772401694878982,-0.5648685965097459,0.33040624507556693,0.07086144735845455,0,0.0037146,1,Shared Control,0.01,Good Visuals,0.16173792612293747,-0.10591422329558525,0.0,5.691783691865771,1.0047153643160327,-1.035590280904463,0.19288131587868415,0.016780387348438112,-0.987184188986407,-0.0040997070887525446,31.19256515355564,0.9884085614112103,-1.1944638750845766,0.011609206098473808
586,2.3865902000000006,0.29201103715117127,0.14621153788543428,-0.03839520792439566,0.07535009052697973,-0.5779946003533489,0.33064285579717617,0.06473681218298087,0,0.0034894,1,Shared Control,0.01,Good Visuals,0.15072831940510686,-0.1059554943238941,0.0,5.692118811187164,1.0047226320705804,-1.0394315265164442,0.189040070266703,0.004530367979636922,-1.127589271408779,-0.004070731030274605,31.194463875084576,0.9883907939015262,-1.1949959580019243,0.011613729795656539
587,2.391020900000001,0.2927964353145687,0.14311595004116417,-0.037846420482607446,0.0783791378581833,-0.6075804824944778,0.33091216725834144,0.056799353243250125,0,0.0044307,1,Shared Control,0.01,Good Visuals,0.14284743400562844,-0.1059156597820237,0.0,5.692208489380541,1.0047246654075401,-1.044998139631764,0.18347345715138322,-0.00325673538350672,-1.2144896073567772,-0.004068183235298038,31.194995958001925,0.9883862702043434,-1.1945699085520916,0.01160936355104819
588,2.3944512000000007,0.2929535149472482,0.13563295637084488,-0.037958652311093244,0.07883360312759476,-0.6573302777459735,0.33109628533094815,0.05053082352885091,0,0.0034303000000000003,1,Shared Control,0.01,Good Visuals,0.13667741152467336,-0.10585649971519938,0.0,5.692129765555205,1.0047230318682652,-1.049379372451483,0.17909222433166427,-0.006524211750197102,-1.2704012583637159,-0.004008528595803263,31.19456990855209,0.9883906364489519,-1.193892267280791,0.011602879045122614
589,2.3979897,0.2935818334779661,0.1255536313685254,-0.03751445185298202,0.0750228078396745,-0.7182496808255532,0.33126348285238916,0.04395207542445742,0,0.0035385000000000004,1,Shared Control,0.01,Good Visuals,0.13685525197245013,-0.10585394916857449,0.0,5.692008830775717,1.004720437025321,-1.0538227378481357,0.17464885893501153,-0.0002716370354732501,-1.247855930311375,-0.004018170067558594,31.19389226728079,0.9883971209548774,-1.1938381683254367,0.011602599480957284
590,2.4014438,0.29373891311064565,0.11748867195643421,-0.03752456974174351,0.07353659653197679,-0.7723059474721565,0.33140404823376163,0.03742029582629161,0,0.0034541000000000003,1,Shared Control,0.01,Good Visuals,0.13815537921167942,-0.10593300485348578,0.0,5.692001389657423,1.0047202315969437,-1.0579934384835332,0.17047815829961402,0.008854940524734706,-1.2181851901152325,-0.003971052879532494,31.193838168325435,0.9883974005190427,-1.1947198201559666,0.011611264735828955
591,2.404942,0.29436723164136364,0.11238894887669366,-0.03703681659239799,0.07496865305040205,-0.8219761983748743,0.33152322051411093,0.030694694297430547,0,0.0034982000000000004,1,Shared Control,0.01,Good Visuals,0.13971193239490087,-0.10609191686485382,0.0,5.69216085749907,1.0047236093040788,-1.0622033739656807,0.1662682228174665,0.017012711387859137,-1.175861096038744,-0.003975090428577081,31.194719820155967,0.988388735264171,-1.1965290181262738,0.011628683003499634
592,2.4091742000000007,0.29483847053940204,0.11395044395374823,-0.036684749974708886,0.08325574965631768,-0.846635592740339,0.33163565207880824,0.02240982602618599,0,0.0042322,1,Shared Control,0.01,Good Visuals,0.13550821730123308,-0.10629324716301923,0.0,5.692484716601582,1.0047305378679794,-1.067590861758989,0.16088073502415806,0.017763711342058796,-1.2238171353660539,-0.0039293068668595265,31.196529018126274,0.9883713169965004,-1.1988471155144242,0.01165075071879361
593,2.412994500000001,0.29515262980476104,0.11601760973939204,-0.036483022274047205,0.09360778371320605,-0.8663590444181705,0.3317067560202867,0.014792551908259233,0,0.0038203000000000004,1,Shared Control,0.01,Good Visuals,0.12519218273712407,-0.10636663015715445,0.0,5.692897347142433,1.0047394134313934,-1.0723870561336393,0.15608454064950786,0.008007231261645214,-1.3328686012256015,-0.003899341196175295,31.198847115514425,0.9883492492812064,-1.199754753281301,0.011658794192809949
594,2.416436300000001,0.29546678907012003,0.11076293984083288,-0.03623996695016668,0.09597038793257365,-0.9049258714368061,0.3317456964722824,0.007817708570551196,0,0.0034418,1,Shared Control,0.01,Good Visuals,0.11364803793273885,-0.10633676747756889,0.0,5.693053359632182,1.0047428842265456,-1.0774115650418141,0.15106003174133292,-0.0034538284585507984,-1.469240572014424,-0.003880576137238807,31.1997547532813,0.9883412058071901,-1.1994542745636207,0.01165552095913864
595,2.4197961,0.2956238687027995,0.09996204555768501,-0.03612182776948292,0.09214433698713381,-0.9521248613170474,0.3317603810422449,0.0009068346166351549,0,0.0033598,1,Shared Control,0.01,Good Visuals,0.10988853452035742,-0.1063122225755013,0.0,5.692996036010172,1.004741730749564,-1.0827525580801438,0.14571903870300323,-0.0027421381562169624,-1.4979226605142753,-0.0038536409389746556,31.19945427456362,0.9883444790408613,-1.199167834734577,0.011652830604454415
596,2.4243144,0.2962521872335175,0.08850263193773347,-0.03550819380872744,0.08759579732109832,-1.0032142088624343,0.33174319259821305,-0.008545409461400894,0,0.0045183,1,Shared Control,0.01,Good Visuals,0.11305843320953651,-0.10641984347581372,0.0,5.692945387855251,1.0047406343004037,-1.0904583507669114,0.13801324601623557,0.00794109469926516,-1.42375564672462,-0.0038401917936631913,31.199167834734578,0.9883471693955456,-1.2003595310984063,0.011664626878584126
597,2.4286845,0.2962521872335175,0.07852585901337567,-0.03549100536469557,0.08707126847477656,-1.06413318182789,0.3316855579265904,-0.017859481624828255,0,0.0043701,1,Shared Control,0.01,Good Visuals,0.11414243255403918,-0.10657078265858565,0.0,5.693161712775305,1.0047452003318267,-1.0953573978784086,0.13311419890473852,0.017008193568401612,-1.3599775453174472,-0.003778776427233632,31.200359531098407,0.9883353731214158,-1.2020920673482531,0.0116811712484205
598,2.4324424000000002,0.29672342613155595,0.070327140813723,-0.034962131795034435,0.08818662243855126,-1.1262522909799069,0.33160318123058297,-0.026003015140645985,0,0.0037579,1,Shared Control,0.01,Good Visuals,0.11458197836636266,-0.10678493225092203,0.0,5.693470584790781,1.0047518341544164,-1.0999373579041374,0.1285342388790097,0.02537816583029839,-1.3365902135436956,-0.003782304219055669,31.202092067348254,0.9883188287515795,-1.204550719583168,0.011704644080264804
599,2.4359603000000005,0.29672342613155595,0.06652035574317247,-0.03487975509902702,0.09252337088381846,-1.1697170768126268,0.33149813096240877,-0.033738221344296104,0,0.0035179,1,Shared Control,0.01,Good Visuals,0.11046469102935665,-0.10703160136892327,0.0,5.693908856179846,1.00476124812534,-1.1049256405471006,0.12354595623604651,0.028389637098124764,-1.392519301815414,-0.0037334288750805592,31.204550719583168,0.9882953559197352,-1.2074006021596502,0.011731681361376834
600,2.4410474000000004,0.2971946650295944,0.056577020475178694,-0.03430346593281436,0.0903152418194748,-1.272088765932286,0.33129766237031244,-0.045113503540212097,0,0.005087100000000001,1,Shared Control,0.01,Good Visuals,0.10049781305917418,-0.10752539348233016,0.0,5.694967881308055,1.0047840759638458,-1.1156957849551192,0.11277581182802787,0.02764452517159745,-1.4746109440853483,-0.0036976330833498063,31.21051359360448,0.9882388469737761,-1.2131456143702315,0.011785805672880711
601,2.4467898000000003,0.2975088242949534,0.05668775253131473,-0.03378883807535904,0.10180125607152682,-1.3021640652211963,0.33100110295763047,-0.05822103356284086,0,0.0057424,1,Shared Control,0.01,Good Visuals,0.10462485269703209,-0.10783850708923017,0.0,5.695432633640643,1.0047941498633148,-1.120544807911637,0.10792678887151025,0.036836618464134954,-1.3571672749076709,-0.0036884936722335715,31.21314561437023,0.9882141943271193,-1.2167447612669449,0.011820125901851226
602,2.4504379000000007,0.2975088242949534,0.05641003396162682,-0.033492278662677066,0.11463106752446768,-1.3357860539215531,0.33077328648257076,-0.06669366274311578,0,0.0036481,1,Shared Control,0.01,Good Visuals,0.09017300659503115,-0.10803067330532048,0.0,5.696073819321364,1.004807929672691,-1.1258811440192609,0.10259045276388627,0.02395472062546266,-1.5554656797807962,-0.003643737854326456,31.216744761266945,0.9881798740981488,-1.2190307534213898,0.011841189146600994
603,2.4539072000000006,0.2975088242949534,0.04700600626178868,-0.03326446218761736,0.11369966900490446,-1.398866642240872,0.3305277784366154,-0.07485488549944078,0,0.0034693000000000002,1,Shared Control,0.01,Good Visuals,0.07560469401140385,-0.10812492301579055,0.0,5.696474229412533,1.0048166763364894,-1.132150777976872,0.09632081880627513,0.01138313451782918,-1.7503165710807218,-0.003618193414458422,31.21903075342139,0.988158810853399,-1.2201706760561593,0.011851519811166365
604,2.4582207,0.2978229835603124,0.03436315143512836,-0.03270479487630301,0.10921803693456913,-1.465342965404346,0.33018276086972304,-0.08514188234011863,0,0.0043135000000000005,1,Shared Control,0.01,Good Visuals,0.0752489207226082,-0.10835892385395252,0.0,5.696672290179588,1.0048210365888595,-1.141439153631486,0.08703244315166107,0.018861340355099888,-1.7191781399670645,-0.003596717413197803,31.22017067605616,0.9881484801888336,-1.222828901446196,0.01187716852833494
605,2.462883400000001,0.2978229835603124,0.027716967478502382,-0.03235977730941064,0.11285884981862102,-1.515515828471968,0.32975951280271865,-0.09643414551943039,0,0.0046627000000000005,1,Shared Control,0.01,Good Visuals,0.07657838499685725,-0.10860099134900404,0.0,5.697148645951673,1.0048312158782586,-1.1473345564534716,0.08113704032967546,0.029678145343328712,-1.6334828134398074,-0.0035438563776604543,31.222828901446196,0.988122831471665,-1.225637806303989,0.011903701427811072
606,2.4664518000000006,0.2978229835603124,0.021417144533073654,-0.03193652924240625,0.11785129005250404,-1.5759693143954885,0.32939979523564084,-0.10519584133694299,0,0.0035684000000000002,1,Shared Control,0.01,Good Visuals,0.07096926980257572,-0.10882855194962768,0.0,5.697646704315214,1.0048419678121767,-1.1530816085651958,0.07538998821795119,0.02993323725563825,-1.6891171266530316,-0.0035143038956350022,31.22563780630399,0.988096298572189,-1.2282896269829335,0.011928644233699943
607,2.4699531000000006,0.2978229835603124,0.013037770151876345,-0.03157681167532844,0.11823361148881933,-1.6405478373380968,0.3290162769628127,-0.11389245295426989,0,0.0035013,1,Shared Control,0.01,Good Visuals,0.06355492733644486,-0.10905584080472953,0.0,5.698115919826001,1.0048521175367704,-1.1594518716729503,0.06901972511019666,0.028796271677658716,-1.7777643813676,-0.0034756062317480123,31.228289626982935,0.9880713557663,-1.230932468865252,0.011953557253695376
608,2.4742769000000004,0.2978229835603124,0.0015454617035114407,-0.03119329340250032,0.11543791465778133,-1.7354290098921783,0.3285003731479264,-0.12476664315847696,0,0.0043238,1,Shared Control,0.01,Good Visuals,0.057238247039439166,-0.1096161082094294,0.0,5.6991859779528005,1.0048751855413318,-1.1726694636918453,0.05580213309130149,0.036116886299502084,-1.7873432889389815,-0.0034109671907375364,31.234315942537542,0.9880142684208713,-1.2374294825508925,0.012014967889293068
609,2.4807707000000008,0.2978229835603124,-0.0007355106630106837,-0.030677389587614012,0.12403113249546628,-1.7672934720398092,0.32763642008330374,-0.1413734573194858,0,0.0064938,1,Shared Control,0.01,Good Visuals,0.061791479195119,-0.10996336238947935,0.0,5.699736426568401,1.0048871016046936,-1.1785554204061588,0.04991617637698799,0.04506169764576054,-1.6442597743703387,-0.0034192874250169552,31.237429482550894,0.987985032110707,-1.241432423330514,0.012053030249751547
610,2.4844905000000006,0.2975088242949534,-0.007700151038317974,-0.030127595788350336,0.13367330628116783,-1.8153504473978546,0.3270926068741387,-0.15103253767701708,0,0.0037198,1,Shared Control,0.01,Good Visuals,0.05023569445126744,-0.11022503402615129,0.0,5.700448525986506,1.0049024248739853,-1.184640118430265,0.04383147835288181,0.036358218724938274,-1.7863595866673068,-0.00337338890838604,31.241432423330515,0.9879469697502484,-1.244514707356307,0.01208171194958115
611,2.4880509,0.2975088242949534,-0.026977476518898563,-0.029583782579185314,0.12405506115811851,-1.9093854719327061,0.32653826595464946,-0.16037584176994285,0,0.0035604,1,Shared Control,0.01,Good Visuals,0.037937907443801655,-0.11080144230786806,0.0,5.7014524546694565,1.004924225718743,-1.2002501387308546,0.028221458052292266,0.03978944839517249,-1.9295685040816113,-0.00326747577590838,31.24712967801605,0.9878938260450691,-1.2511813508367173,0.012144891778796742
612,2.495245700000001,0.29703758539691494,-0.031081077785654256,-0.029500680557734527,0.1292947639842886,-1.9402383363099378,0.3253156663985575,-0.17954406407825796,0,0.0071948,1,Shared Control,0.01,Good Visuals,0.04402404511125807,-0.11116786188805192,0.0,5.702175004363457,1.004939736294966,-1.2064550856831602,0.022016511099986806,0.050293192345406364,-1.7354553203293228,-0.0032779257786961138,31.251181350836717,0.9878551082212033,-1.2554389131763963,0.012185054849369418
613,2.4991922000000004,0.29703758539691494,-0.04216997513540302,-0.028278081001642585,0.13737408894285494,-1.9945244703070295,0.32458606972013654,-0.19021823775762564,0,0.0039465,1,Shared Control,0.01,Good Visuals,0.03830474594161204,-0.11150426845098713,0.0,5.702929409619962,1.0049560307847059,-1.2125494004688233,0.015922196314323595,0.04827598243033567,-1.774801906244747,-0.0032795275818457703,31.255438913176395,0.9878149451506306,-1.2593687418117978,0.012221928207833226
614,2.5030564,0.29672342613155595,-0.05017296061818172,-0.027862643588580593,0.14004527713944392,-2.022069227811879,0.3238306612905222,-0.2007772322706235,0,0.0038642000000000004,1,Shared Control,0.01,Good Visuals,0.02323055352993772,-0.11179262764119592,0.0,5.70362389733006,1.0049710691737161,-1.2197921694512606,0.008679427331886393,0.04144787308182238,-2.020974658864111,-0.0031531267352859138,31.259368741811798,0.9877780717921668,-1.2627486135243693,0.012253535117324318
615,2.5077488000000008,0.2962521872335175,-0.05380035311694105,-0.027578474057004698,0.14697687915368246,-2.0488261109641464,0.3228581818025409,-0.21373942693831263,0,0.0046924,1,Shared Control,0.01,Good Visuals,0.004886774892372436,-0.11229885620329,0.0,5.704880566551525,1.0049982531825061,-1.2354410198452312,-0.006969423062084338,0.0296263488822273,-2.191520803017266,-0.0030390909404177805,31.266472369037963,0.9877112783237995,-1.2686920916956594,0.012309022581872709
616,2.5137705000000006,0.2962521872335175,-0.05898786412914704,-0.026605994569023406,0.15475156280916558,-2.0803738500419517,0.32152048448118753,-0.23059346172781878,0,0.0060217000000000005,1,Shared Control,0.01,Good Visuals,0.009629829141200558,-0.11254688184193704,0.0,5.705267935753101,1.0050067429910194,-1.2427018654099353,-0.014230268626788313,0.036447911783168675,-2.0147748389766287,-0.0030970310924337344,31.26869209169566,0.9876909774181273,-1.2715534318712496,0.012336208550547787
617,2.5175112000000004,0.2956238687027995,-0.06468085007932507,-0.025896615778388032,0.1659126116484937,-2.1142857527334757,0.3206381230293253,-0.24118455824695967,0,0.0037407000000000004,1,Shared Control,0.01,Good Visuals,-0.024627339817207355,-0.11275902410154705,0.0,5.706130125966346,1.0050254014733102,-1.2575549536434867,-0.02908335686033961,0.008136523647051181,-2.4715722854194033,-0.002883571325730255,31.273568141839448,0.9876451724100275,-1.2741207312844725,0.012359461359635907
618,2.5247030000000006,0.29515262980476104,-0.07615650531178289,-0.025485493224564282,0.16502805293517678,-2.1594693317451727,0.31882963799792025,-0.2617998862216638,0,0.007191800000000001,1,Shared Control,0.01,Good Visuals,-0.018974883737216647,-0.11289425266158556,0.0,5.706222649512986,1.0050275116569398,-1.2680086146358402,-0.03953701785269327,0.016785171489727687,-2.2876534034387386,-0.0029200771227037596,31.274120731284473,0.987640538640364,-1.2756543707907446,0.012374283695815494
619,2.5295145000000003,0.2945243112740431,-0.09362930423412202,-0.02430532672387714,0.16817058198754176,-2.206696235160301,0.31753643058264835,-0.27577226141518707,0,0.004811500000000001,1,Shared Control,0.01,Good Visuals,-0.03833276472570671,-0.11310724493222495,0.0,5.706787469143054,1.0050396439398268,-1.2845956168486288,-0.05612402006548195,0.01259659450782861,-2.503360400402743,-0.002711840288747128,31.277290405140427,0.9876102951106627,-1.2781647672408727,0.012397629674195883
620,2.5353519,0.29436723164136364,-0.09211858234573658,-0.02316919894128472,0.1836536790694505,-2.1953627192144216,0.3158767139485601,-0.29291055457288795,0,0.0058374,1,Shared Control,0.01,Good Visuals,-0.03030963775582321,-0.11324513742782527,0.0,5.7069393854327775,1.0050429873915199,-1.2923874957243526,-0.0639158989412058,0.024282286474344463,-2.268972620402394,-0.0027491085429153243,31.278164767240874,0.9876023703258041,-1.27974180884016,0.012412744003046592
621,2.539184400000001,0.2935818334779661,-0.0813867259948248,-0.02229488047059397,0.21152382857806315,-2.141557419040121,0.3147323928753601,-0.3042703239386927,0,0.0038325000000000004,1,Shared Control,0.01,Good Visuals,-0.08483550237477071,-0.11304375146455349,0.0,5.707239439173047,1.0050495330894187,-1.3134084589482262,-0.08493686216507947,-0.03643673341362997,-2.978956230707496,-0.00247155857839998,31.279875979988123,0.9875865664595429,-1.2775566236759714,0.012390670186327595
622,2.5463857,0.2929535149472482,-0.09250033222735331,-0.021778877928111895,0.21176999171133937,-2.1585257274211997,0.3124637665582074,-0.32583725420189225,0,0.007201300000000001,1,Shared Control,0.01,Good Visuals,-0.08535717098012699,-0.11284066682781538,0.0,5.706820249808154,1.0050406507194454,-1.3230954142454237,-0.09462381746227679,-0.039524566577403705,-2.8149116023587957,-0.002520296926849752,31.27755662367597,0.9876093298136724,-1.2751897888195183,0.012368410178842607
623,2.549938300000001,0.2927964353145687,-0.10790962933475284,-0.019667331243638675,0.2179276248671394,-2.1715570897817758,0.3112871352030709,-0.33657955092199626,0,0.0035526000000000004,1,Shared Control,0.01,Good Visuals,-0.08855651062038086,-0.11265192609304926,0.0,5.706401500939624,1.005031593939204,-1.3330143547717865,-0.10454275798863967,-0.03647215139857236,-2.795406399222977,-0.0024575431081697366,31.275189788819517,0.9876315898211574,-1.272983783829758,0.012347722399421687
624,2.5536447000000004,0.29201103715117127,-0.11669719272757376,-0.019276098051899615,0.2198823581944225,-2.1545100857187647,0.31001875999503253,-0.347856457490436,0,0.0037064000000000003,1,Shared Control,0.01,Good Visuals,-0.10680028527915057,-0.11240692738616087,0.0,5.706011760779374,1.0050231529482527,-1.3452782336462619,-0.1168066368631149,-0.046653748967781614,-3.0681941593843627,-0.0022155627457059028,31.27298378382976,0.9876522776005783,-1.2701551819926165,0.012320868211252934
625,2.5582136,0.29138271862045334,-0.1261340464439883,-0.018636041374579193,0.2217224110464477,-2.1518444489111976,0.30839750547043376,-0.36185201910654186,0,0.0045689,1,Shared Control,0.01,Good Visuals,-0.11100453006760627,-0.11207460056295099,0.0,5.705508973596031,1.0050123270155193,-1.3616877274245989,-0.13321613064145185,-0.04754446618646617,-3.020559912074688,-0.002166766954008397,31.270155181992617,0.9876791317887471,-1.2663245623568704,0.012284442031060614
626,2.5628469000000003,0.2909114797224148,-0.13366501976492812,-0.01748602574801894,0.22818699934161374,-2.153057146719962,0.30668785840555957,-0.3761472544864676,0,0.0046333,1,Shared Control,0.01,Good Visuals,-0.11651510366514285,-0.11185633529569065,0.0,5.704827525415622,1.004997665377844,-1.3723105293115725,-0.14383893252842553,-0.048674371709009095,-2.944562004372349,-0.0020886268931305913,31.26632456235687,0.9877155579689394,-1.263730361228168,0.012260518082105315
627,2.5664164000000005,0.29028316119169684,-0.1385506242836119,-0.01640469721386273,0.23759663020285568,-2.1546132533655333,0.3053254418698988,-0.38722780147517916,0,0.0035695,1,Shared Control,0.01,Good Visuals,-0.12957832468858915,-0.1116260777711838,0.0,5.704372960302178,1.0049877416785629,-1.3828032920774764,-0.15433169529432958,-0.058004133030405525,-3.074351821243492,-0.0019559227590594864,31.26373036122817,0.9877394819178947,-1.2610531781664795,0.012235279667711582
628,2.569859,0.28949776302829944,-0.15172644981202454,-0.015827678841599357,0.2355013516631546,-2.191168608537793,0.3039738993150257,-0.3979678845418397,0,0.0034426,1,Shared Control,0.01,Good Visuals,-0.14520853471386402,-0.11135141328211988,0.0,5.703898742744262,1.0049774962012321,-1.394322409563743,-0.16585081278059624,-0.0710619727557755,-3.23861827661568,-0.0018311920070073632,31.26105317816648,0.9877647203322885,-1.2578752352054352,0.01220517382770012
629,2.574340200000001,0.28855528523222246,-0.16902633933746813,-0.015418614082803261,0.22894154520437154,-2.2406008922031333,0.302159063608595,-0.41202358943131967,0,0.0044812,1,Shared Control,0.01,Good Visuals,-0.14640014817997943,-0.11094800676953392,0.0,5.703334458002956,1.004965333048259,-1.4133465752111596,-0.18487497842801276,-0.06403736361462846,-3.1693209021784767,-0.0017624344079875945,31.257875235205436,0.9877948261722999,-1.2532377199047238,0.012160956637597078
630,2.5793273,0.2879269667015045,-0.17898268973357861,-0.014232096907090486,0.23304089969774106,-2.274182858091339,0.30006505797144645,-0.4277615662506026,0,0.0049871,1,Shared Control,0.01,Good Visuals,-0.14214947636435726,-0.11077542658488068,0.0,5.702508359668427,1.004947581098317,-1.4233777168891186,-0.1949061201059718,-0.04902248299135655,-2.9215499280498185,-0.0017106644996356874,31.253237719904725,0.9878390433624029,-1.2511243971571744,0.012142040208152464
631,2.583085100000001,0.2871415685381071,-0.18487871460319946,-0.012923489433339375,0.24288285164740311,-2.3101811962592476,0.2984352325804434,-0.439683126124009,0,0.0037578000000000004,1,Shared Control,0.01,Good Visuals,-0.15303854823210744,-0.11059505178482916,0.0,5.702143380162279,1.0049395007505268,-1.4342342848696608,-0.20576268808651396,-0.05333511722166303,-3.032815034930907,-0.0015765666060803096,31.251124397157174,0.9878579597918475,-1.249026419347847,0.012122269414734802
632,2.5865244,0.2863561703747097,-0.19114314366155444,-0.012079062205733737,0.24853998246245457,-2.351329201670077,0.2969042018225674,-0.4506391834603385,0,0.0034393,1,Shared Control,0.01,Good Visuals,-0.17039383359377164,-0.11034225627769295,0.0,5.701771822807825,1.0049314714547097,-1.4487661766368045,-0.22029457985365775,-0.06575872065621367,-3.228663548877731,-0.0014292739831208605,31.249026419347846,0.9878777305852652,-1.2461173218979271,0.012094560623112715
633,2.5916183000000004,0.28525661294595317,-0.19564920348874884,-0.011647588876614212,0.2549899799715897,-2.380527988857618,0.294567208833582,-0.46694052112324974,0,0.0050939,1,Shared Control,0.01,Good Visuals,-0.1808970823513806,-0.11006576803274695,0.0,5.7012538756308775,1.0049203355179954,-1.4646888986379993,-0.2362173018548526,-0.07094167784645278,-3.2529872520215046,-0.0013328309774992672,31.246117321897927,0.9879054393768872,-1.2429112998493372,0.012064254882112987
634,2.5957882000000003,0.28431413514987625,-0.2045186231609445,-0.01025307368370576,0.26242189796230525,-2.4182099673526705,0.29259218047356206,-0.48034696282633793,0,0.004169900000000001,1,Shared Control,0.01,Good Visuals,-0.18984224958020762,-0.10985713267552315,0.0,5.700685212525635,1.0049080645413992,-1.476240861696949,-0.24776926491380225,-0.07598209834234458,-3.2203286850328006,-0.0012820008154342236,31.242911299849336,0.9879357451178871,-1.240453273867956,0.01204138646287641
635,2.5994410000000006,0.28368581661915826,-0.21591650274412866,-0.008906363854403798,0.2644304600822093,-2.4513015292094855,0.2908160535854166,-0.49213367077506287,0,0.0036528000000000003,1,Shared Control,0.01,Good Visuals,-0.20526230311718646,-0.10966073696724188,0.0,5.700252634200227,1.0048986591403233,-1.4878918187061008,-0.25942022192295405,-0.08503786603093925,-3.387103031906453,-0.0011263732760027785,31.240453273867956,0.9879586135371236,-1.2381623322995188,0.012019859625560802
636,2.6030864000000005,0.2824291795577224,-0.2284261802799622,-0.008386874027694224,0.26370749049510067,-2.4829082571509877,0.28900053249791335,-0.5039336982336988,0,0.0036454,1,Shared Control,0.01,Good Visuals,-0.21495858074420346,-0.10947815644946943,0.0,5.699847478886663,1.0048898913656277,-1.5002811175282307,-0.271809520745084,-0.08760359553309717,-3.4636004534889433,-0.0009766784239723255,31.23816233229952,0.9879801403744392,-1.2360321213237615,0.011999847064504946
637,2.6075876000000004,0.28132962212896595,-0.24843207906746723,-0.007670910368947403,0.2555016191662316,-2.5475790836030954,0.2866993463788382,-0.5185514297856461,0,0.0045012,1,Shared Control,0.01,Good Visuals,-0.2171940980511538,-0.10927829143345594,0.0,5.699470785072816,1.0048817386740339,-1.5153269590232235,-0.28685536224007674,-0.08227784530424644,-3.399652370244874,-0.0009181795069259001,31.23603212132376,0.988000152935495,-1.233715113956695,0.011977939958069393
638,2.6109381000000003,0.2802300647002095,-0.26772646263869054,-0.006469281678628702,0.2508249671469555,-2.6138669854214376,0.28494366622491324,-0.5294636738616751,0,0.0033505,1,Shared Control,0.01,Good Visuals,-0.21302966872440365,-0.10916078783773096,0.0,5.699059759338565,1.0048728699387346,-1.5268009787140204,-0.29832938193087366,-0.06554061984170009,-3.2257575740221855,-0.0008382639788577533,31.233715113956695,0.9880220600419306,-1.2323116289260603,0.011965060446539805
639,2.6144595000000006,0.2794446665368121,-0.277323990784165,-0.005498999688101136,0.25213968307751017,-2.652740186324695,0.2830589806544659,-0.5409590005568695,0,0.0035214,1,Shared Control,0.01,Good Visuals,-0.21517862215467426,-0.10907967591693214,0.0,5.698814418119973,1.0048675007382821,-1.537844898103964,-0.30937330132081725,-0.05537024456071355,-3.2118421957084733,-0.0007061918847833078,31.23231162892606,0.9880349395534602,-1.2313512839803906,0.011956169808660426
640,2.6179155000000005,0.27818802947537613,-0.2818936047457711,-0.004870951179089755,0.25906539581109844,-2.682879992555538,0.28116989615509735,-0.55226499807558,0,0.0034560000000000003,1,Shared Control,0.01,Good Visuals,-0.22202919510152774,-0.10900777540693164,0.0,5.698645818264535,1.0048638262184066,-1.549390581349192,-0.3209189845660451,-0.05570580000952358,-3.2373494967552348,-0.0005998291038453829,31.23135128398039,0.9880438301913396,-1.2305107118628935,0.01194828882900341
641,2.6215296000000006,0.2772455516792992,-0.28923439794679606,-0.003924344475798147,0.263030600128784,-2.7225449206597383,0.2791525549852177,-0.5641113784006999,0,0.0036141000000000003,1,Shared Control,0.01,Good Visuals,-0.23256750920698122,-0.10893964238584444,0.0,5.69849732338553,1.0048606092231072,-1.5606657057769069,-0.33219410899376006,-0.06229048338700071,-3.293641932554832,-0.0005309715521483449,31.230510711862895,0.9880517111709965,-1.229716675409467,0.011940820801959436
642,2.6257212,0.27551767571982483,-0.30049826473674757,-0.003634879265392854,0.26361311366395235,-2.759562261571075,0.2767591849066144,-0.5778770368123761,0,0.0041916,1,Shared Control,0.01,Good Visuals,-0.2419459745626165,-0.10886164713864613,0.0,5.698356832137623,1.0048575701402531,-1.5760556267001955,-0.3475840299170488,-0.06606291155693288,-3.349129727386995,-0.00042751668379231435,31.229716675409467,0.9880591791980405,-1.2288141632427796,0.01193227178114568
643,2.6295204000000005,0.2745751979237479,-0.3120619724506609,-0.0021839869828664815,0.2658150643617152,-2.775683475821566,0.27453997877064784,-0.5903752347662196,0,0.0037992000000000004,1,Shared Control,0.01,Good Visuals,-0.24418046553324513,-0.10881222345536055,0.0,5.698196582661883,1.004854115411626,-1.5870731879184394,-0.3586015911352926,-0.06108880231990286,-3.2397921658022883,-0.00039569894398077814,31.22881416324278,0.9880677282188544,-1.228226779717054,0.011926854475447213
644,2.6329781000000008,0.273004401596953,-0.3247487036689706,-0.0015355771736948465,0.265626531097249,-2.787103754731076,0.2724789510290083,-0.6017649061180134,0,0.0034577,1,Shared Control,0.01,Good Visuals,-0.2546602016184111,-0.10877848841489032,0.0,5.698093651303695,1.0048518680511738,-1.5991382006886306,-0.3706666039054836,-0.0654652544605177,-3.343127482111172,-0.0002376444796032663,31.228226779717055,0.9880731455245528,-1.2278272689287697,0.011923156794197488
645,2.6365112,0.27206192380087607,-0.33848613894282464,-0.00041702722813224957,0.2632787671751887,-2.7984347761182953,0.2703322779735724,-0.6134151522172817,0,0.0035331000000000004,1,Shared Control,0.01,Good Visuals,-0.25816515507353377,-0.10875711861719337,0.0,5.698023520480535,1.0048503394001684,-1.6103901654855206,-0.3819185687023738,-0.06263333026840087,-3.3112518162767888,-0.0001670377637989349,31.22782726892877,0.9880768432058025,-1.2275731289510041,0.011920814461146956
646,2.6409080000000005,0.27017696820872217,-0.34734911422612036,-0.00015530976485023107,0.26606603799116135,-2.7794326433504914,0.26760331623452155,-0.6279269525209101,0,0.0043968,1,Shared Control,0.01,Good Visuals,-0.26217929016651864,-0.10874960988327528,0.0,5.6979790000422845,1.0048493670544414,-1.625551873684928,-0.39708027690178116,-0.06001639430578747,-3.308321848481835,-4.5354679716578425e-05,31.227573128951004,0.9880791855388531,-1.2274795091056225,0.011919991432502821
647,2.644378100000001,0.2689203311472863,-0.3562222226914049,0.001317014912764758,0.2717047298295052,-2.7505823769553466,0.26540446326964523,-0.6393878376400148,0,0.0034701000000000003,1,Shared Control,0.01,Good Visuals,-0.26647124535734323,-0.10874747901584975,0.0,5.697962970165329,1.0048490091593218,-1.6366091183478875,-0.40813752156474065,-0.06125106854974802,-3.226979326706407,-1.688987633852585e-05,31.227479509105624,0.9880800085674972,-1.2274522028699832,0.011919757869168815
648,2.647869600000001,0.2671924551878119,-0.3735702916656174,0.0017879919181666426,0.26581754597439744,-2.747527040277087,0.2631519028717874,-0.650923656463512,0,0.0034915000000000002,1,Shared Control,0.01,Good Visuals,-0.2805264963295077,-0.10876984402491668,0.0,5.6979583550754,1.0048489048198843,-1.6487001507596426,-0.4202285539764958,-0.07281725327692175,-3.379743511322192,0.0001432220515894467,31.227452202869983,0.9880802421308312,-1.2277012041148394,0.011922209286849778
649,2.6514409000000008,0.26483626069761956,-0.39775203878329374,0.00168435782583215,0.2531716176802183,-2.693510898366272,0.2608061862731855,-0.6627250391033099,0,0.0035713000000000003,1,Shared Control,0.01,Good Visuals,-0.2773751390976657,-0.10882653515230388,0.0,5.698054488119923,1.0048509594796176,-1.6694053664767918,-0.440933769693645,-0.055245635308301504,-3.211070801824943,0.00031996463450656974,31.227988777421192,0.9880750670801688,-1.2283558393489957,0.011928423173533874
650,2.6582943000000006,0.26263714584010667,-0.40109772940649696,0.001830959566921142,0.26162730969681297,-2.663031352575546,0.25618666888578867,-0.6853681073796917,0,0.006853400000000001,1,Shared Control,0.01,Good Visuals,-0.2639977713473732,-0.10884967971985562,0.0,5.698119786906254,1.0048523646639649,-1.683783371442935,-0.45531177465978834,-0.04174360617990087,-2.8733597726060305,0.00018330282614198063,31.228355839348996,0.9880715768264662,-1.2286287748451203,0.011930960038238235
651,2.6627526,0.2607521902479528,-0.41700231229319107,0.004565521362164149,0.2683657950865006,-2.6843731119799585,0.25309827528337037,-0.7000879586689106,0,0.0044583,1,Shared Control,0.01,Good Visuals,-0.2733302089001846,-0.10887180183923056,0.0,5.69816779802554,1.004853409076928,-1.6941511821462112,-0.46567958536306453,-0.050893788998872085,-2.8611907228381086,0.00019929936243937187,31.22862877484512,0.9880690399617618,-1.2288865214709221,0.011933384832899118
652,2.6663319000000003,0.2591813939211579,-0.44208608115603876,0.0060831186377875435,0.25800187751287185,-2.7234107939156007,0.25057131543238054,-0.7118958295336509,0,0.0035793,1,Shared Control,0.01,Good Visuals,-0.29568386385765066,-0.10893766207742543,0.0,5.698213408031027,1.004854395584185,-1.7050690697651423,-0.47659747298199556,-0.06507385155044756,-3.2158726418059005,0.0004970565370343092,31.228886521470923,0.9880666151671009,-1.2296326791593821,0.011940603741324335
653,2.6697145000000004,0.25745351796168353,-0.46319434465730774,0.006882202529302994,0.2487014848763432,-2.7430249754100458,0.24814439814961795,-0.7230441857745177,0,0.0033826000000000004,1,Shared Control,0.01,Good Visuals,-0.29391878055031523,-0.1090104362822848,0.0,5.698347299362777,1.0048572529323583,-1.7164875020138755,-0.4880159052307287,-0.050872663446733114,-3.1866578055182866,0.000662680722540188,31.229632679159383,0.9880593962586757,-1.2304753751645772,0.011948580486246562
654,2.6742313000000006,0.25541148273685016,-0.47444211927785096,0.007267084587232214,0.24860206649666672,-2.7408375800081015,0.24484496839643238,-0.7379106031898242,0,0.0045168000000000005,1,Shared Control,0.01,Good Visuals,-0.2891285027386033,-0.1090832543510795,0.0,5.698496875158668,1.0048604786393573,-1.730033731090977,-0.5015621343078301,-0.03641127728490846,-3.072961543737004,0.0007502319003023633,31.230475375164577,0.9880514195137534,-1.2313220117237074,0.011956562039073245
655,2.6776507,0.2532123678793373,-0.4872841645770395,0.008367399482904936,0.25062643861278466,-2.764157607567528,0.24230254134558254,-0.7491468808485937,0,0.0034194000000000004,1,Shared Control,0.01,Good Visuals,-0.291223745811941,-0.10914162007090357,0.0,5.698646848058877,1.0048637191746046,-1.7408116178988557,-0.5123400211157089,-0.03382935934172297,-2.9926936213357913,0.0007927172364198612,31.23132201172371,0.9880434379609268,-1.2320072051864865,0.011962959477013495
656,2.6813432000000006,0.2516415715525424,-0.5057410492194819,0.009339030206959864,0.24340583162911178,-2.8065761949990033,0.23951394562810596,-0.7612600074356113,0,0.0036925,1,Shared Control,0.01,Good Visuals,-0.2995299378491445,-0.10920823033158872,0.0,5.698767644986905,1.004866341305617,-1.7513092095905047,-0.5228376128073579,-0.03537267533880347,-3.0719863313967517,0.0009132315353446855,31.232007205186488,0.9880370405229865,-1.2327782215877134,0.011970260595036227
657,2.684802800000001,0.24959953632770904,-0.518537879763338,0.010085590699603075,0.2427221276722733,-2.8189957256951867,0.23686069025609707,-0.7725871985130861,0,0.0034596,1,Shared Control,0.01,Good Visuals,-0.29781328734893586,-0.10926119614918187,0.0,5.698904524331809,1.0048692926236666,-1.7621086977934433,-0.5336371010102964,-0.02394685564266285,-3.0131659839118714,0.0010198989619153375,31.232778221587715,0.9880297394049637,-1.2334002411530054,0.011976066152339865
658,2.6883815,0.24802874000091416,-0.5224034017397949,0.011168049744817082,0.25018379677329117,-2.804392942360183,0.23407490304323064,-0.7842794083338045,0,0.0035787,1,Shared Control,0.01,Good Visuals,-0.3013825147569361,-0.10931085074548491,0.0,5.6990141647638985,1.0048716729659293,-1.7725178370342631,-0.5440462402511163,-0.021526520884079883,-3.008334799809218,0.001101963703709696,31.233400241153007,0.9880239338476602,-1.23397931143112,0.011981508768300989
659,2.6922900000000007,0.24551546587804232,-0.5257585640998313,0.01144056283481168,0.25852084423397315,-2.7903612852438777,0.2309846429877909,-0.7970170550299337,0,0.0039085000000000005,1,Shared Control,0.01,Good Visuals,-0.3150511824348652,-0.10940961388269035,0.0,5.6991165873987635,1.0048738892275162,-1.7848661556641345,-0.5563945588809878,-0.03408143943602133,-3.134647939956715,0.0012207890187738509,31.23397931143112,0.988018491231699,-1.2351058269895099,0.011992334147358437
660,2.6957203000000005,0.24347343065320895,-0.5402383428905236,0.012488787665418055,0.25677871213941006,-2.80505121120621,0.2282315048079785,-0.8081660049921012,0,0.0034303000000000003,1,Shared Control,0.01,Good Visuals,-0.32498536748860296,-0.10952562077165365,0.0,5.69931804699673,1.004878202475798,-1.7962462648414463,-0.5677746680582996,-0.04292886339408291,-3.160878031639538,0.0012517075623574032,31.23510582698951,0.9880076658526415,-1.236446832539395,0.012005049605593532
661,2.699249300000001,0.24174555469373457,-0.5541107433112503,0.01351404988575608,0.2540552616808509,-2.79784373957136,0.225359295341762,-0.8196036284253838,0,0.003529,1,Shared Control,0.01,Good Visuals,-0.32921319686348416,-0.10963895393271471,0.0,5.699556273115594,1.0048833356612177,-1.8070858909469787,-0.5786142941638319,-0.04044361463573557,-3.1719855164991095,0.0013678422217402837,31.236446832539396,0.9879949503944064,-1.2377660751106117,0.01201747199782387
662,2.702918500000001,0.23923228057086274,-0.5643247608874714,0.013872985229100743,0.2552788675379124,-2.780734214484525,0.22233024493266246,-0.8314583821813754,0,0.0036692,1,Shared Control,0.01,Good Visuals,-0.3323244256256789,-0.10976059334855397,0.0,5.699789826255402,1.0048883848587542,-1.8183869630225893,-0.5899153662394424,-0.038378613540548605,-3.1679623456425094,0.0014816662928688192,31.237766075110613,0.9879825280021761,-1.239177238731462,0.012030804834568894
663,2.7074967,0.2349911304885165,-0.5905269778140022,0.01266088555585404,0.24093140436737315,-2.781554652778667,0.21848990916238725,-0.8461924213267457,0,0.0045782,1,Shared Control,0.01,Good Visuals,-0.3408693470685083,-0.11001400719027846,0.0,5.700294602996792,1.0048992853853411,-1.8404173486409805,-0.6119457518578335,-0.03770947389258452,-3.167374991877638,0.0016674002543891134,31.24061404364777,0.987955647730872,-1.2421214211035263,0.012058581401542106
664,2.7131555,0.23294909526368315,-0.6076393539879008,0.014459186101295901,0.23855306733884485,-2.80545403078098,0.21365016696784284,-0.8643080017317097,0,0.0056588,1,Shared Control,0.01,Good Visuals,-0.3142873465233672,-0.11003306883681754,0.0,5.700561789195328,1.004905054789435,-1.849370772178902,-0.6208991753957549,-0.006645406199566764,-2.6142145866803244,0.001392874754577019,31.242121421103526,0.9879414185984579,-1.242393339280475,0.012060670739275631
665,2.7166714,0.23027874150813182,-0.6307643451869598,0.016628574540288987,0.23354365654474996,-2.8497045986671816,0.2105916480431451,-0.8755056549536907,0,0.0035159,1,Shared Control,0.01,Good Visuals,-0.3221495470895902,-0.1100551229559629,0.0,5.700605545383217,1.0049060919359616,-1.859173964724569,-0.6307023679414221,-0.006448508630016103,-2.744454800018808,0.0015909886196082473,31.242393339280476,0.9879393292607244,-1.242649558352336,0.012063088080464683
666,2.7202836,0.22839378591597795,-0.6479461239477577,0.017802137872832857,0.22755953100593296,-2.86760813806802,0.20740844216474924,-0.8869606653445525,0,0.0036122000000000003,1,Shared Control,0.01,Good Visuals,-0.3294833714501353,-0.11006414499884885,0.0,5.700650948844399,1.0049070725846818,-1.869184587082413,-0.6407129902992661,-0.0023632871629418882,-2.8936616152172365,0.0018300598156138987,31.242649558352337,0.9879369119195354,-1.2427604292285428,0.012064076982162993
667,2.724552600000001,0.22509511362970866,-0.6531785178173717,0.01768667146495942,0.23378214752718085,-2.840363692998072,0.20359322905510782,-0.9004303490729028,0,0.004269,1,Shared Control,0.01,Good Visuals,-0.3301603930603092,-0.11003997449670576,0.0,5.700670064328421,1.0049074964987585,-1.882267709547969,-0.653796112764822,0.004496846960073472,-2.8830150871652522,0.0019593770841249743,31.242760429228543,0.9879359230178371,-1.2424943809984312,0.012061427665270968
668,2.7281963000000005,0.22305307840487532,-0.6539146270800764,0.019459849349767494,0.24651572199282634,-2.788391319236428,0.20029148024121124,-0.9118654570187245,0,0.0036437,1,Shared Control,0.01,Good Visuals,-0.335754216104574,-0.11004002669997232,0.0,5.70062162375161,1.0049064771805194,-1.8920217914525124,-0.6635501946693654,-1.2916410418726046e-05,-2.832277912989161,0.0019462408769357479,31.24249438099843,0.987938572334729,-1.2424843038920028,0.012061433387245427
669,2.7316909000000003,0.220068565383965,-0.6629969998799911,0.019777085142753753,0.2488684571387334,-2.7580049158316777,0.19708579381338737,-0.9227766109963607,0,0.0034946,1,Shared Control,0.01,Good Visuals,-0.3586584579327328,-0.11015424334525023,0.0,5.700620775724896,1.0049064393717675,-1.9031703780262652,-0.6746987812431182,-0.024833936239179663,-3.111696598680592,0.0021413623420258538,31.242484303892002,0.9879385666127546,-1.243761178969414,0.012073952617747708
670,2.7353053000000003,0.21818360979181112,-0.6772864305162102,0.02109781597842375,0.24549018048015048,-2.731527016440576,0.19373020559159498,-0.9340014662040694,0,0.0036144000000000003,1,Shared Control,0.01,Good Visuals,-0.3628369565620913,-0.11027409391982826,0.0,5.700851439249921,1.0049113300141552,-1.9137720558649063,-0.6853004590817593,-0.026799615042886245,-3.089337016242991,0.0021785298494746298,31.243761178969415,0.9879260473822523,-1.2451520782798287,0.01208708938047894
671,2.7388754000000004,0.2153561764035803,-0.6820090535375867,0.021625970811985307,0.25199241266648276,-2.657619059999731,0.1903760288262854,-0.9450258971115276,0,0.0035701,1,Shared Control,0.01,Good Visuals,-0.3669778880873814,-0.11041334390570638,0.0,5.701098045187637,1.0049166535808076,-1.9253554948387022,-0.6968838980555553,-0.0268881094822138,-3.11416253731476,0.002326542540707954,31.24515207827983,0.987912910619521,-1.2467634916944659,0.012102352503173586
672,2.742744600000001,0.2122145837499905,-0.6945575253681026,0.021838554923705095,0.25046837174342507,-2.6225553653858116,0.18669653703403347,-0.9569004056676131,0,0.0038692,1,Shared Control,0.01,Good Visuals,-0.3765308936175226,-0.11062239833123977,0.0,5.7013841538998795,1.0049228214364032,-1.9375013619663835,-0.7090297651832367,-0.0381451404207256,-3.153214550658476,0.002387795752558502,31.246763491694466,0.9878976474968264,-1.2491642628117063,0.012125266856282159
673,2.7462937000000007,0.21017254852515715,-0.7139880719761005,0.02347601149112369,0.24291233369151266,-2.6011468738445154,0.1832811771829061,-0.9677225399724152,0,0.0035491000000000003,1,Shared Control,0.01,Good Visuals,-0.37622302006774744,-0.1107927589296109,0.0,5.701812037202762,1.004932011880895,-1.947950762469007,-0.71947916568586,-0.034706915537430376,-3.0608396562943754,0.0024158333217487627,31.249164262811707,0.9878747331437179,-1.2511639375682837,0.012143939997962386
674,2.7496923000000004,0.20703095587156733,-0.723604293778841,0.02374977868866124,0.24411824619357425,-2.5353184560816278,0.1799747575019712,-0.978020591042168,0,0.0033986000000000003,1,Shared Control,0.01,Good Visuals,-0.37797632040203943,-0.11096334472324444,0.0,5.702164591762724,1.004939663671217,-1.9591075029300837,-0.7306359061469369,-0.03037837228217685,-3.0814617635410917,0.002600972081764842,31.251163937568283,0.9878560600020376,-1.2531496466567216,0.01216263782318494
675,2.7533188000000006,0.204674761381375,-0.7365461702795936,0.024700003879403798,0.24147442076257442,-2.497638796563194,0.17640814968378718,-0.9889363697457962,0,0.0036265000000000004,1,Shared Control,0.01,Good Visuals,-0.3807594593622988,-0.11113772610341456,0.0,5.7025161264225215,1.004947263125552,-1.9694240217481918,-0.740952424965045,-0.032747917655315366,-3.0381125594452034,0.0026353548797306814,31.253149646656723,0.9878373621768151,-1.255177756553864,0.012181751680787252
676,2.7576886000000007,0.19933405387027237,-0.7501724516865316,0.022925904186485185,0.23876391805926467,-2.371653539963211,0.17205814164310493,-1.00198589973784,0,0.0043698,1,Shared Control,0.01,Good Visuals,-0.38833094979359184,-0.11153067749338275,0.0,5.703308945247992,1.0049643683274472,-1.9904446159773488,-0.761973019194202,-0.03652717437461619,-3.0134267914385005,0.0028151331605887403,31.257618893497757,0.9877951047593648,-1.2597487292130245,0.012224822890025045
677,2.7636117000000002,0.1944645852572082,-0.7785964969391345,0.022406443614103266,0.22338940279870545,-2.335452806703349,0.1660713435906702,-1.0194854953028636,0,0.005923100000000001,1,Shared Control,0.01,Good Visuals,-0.38253626949236985,-0.11177146761517967,0.0,5.703890803454078,1.004977042255101,-2.006607021986763,-0.7781354252036161,-0.029585467879449982,-2.7762473818422215,0.0027642272305979,31.26093164285958,0.9877644057752302,-1.262571631464726,0.012251215777244882
678,2.7696224000000003,0.1913229926036184,-0.7974801167255305,0.025251649012948213,0.22200537857733305,-2.3349963368391005,0.15989073047311483,-1.037011370224085,0,0.006010700000000001,1,Shared Control,0.01,Good Visuals,-0.3523130738455904,-0.11173962742489058,0.0,5.704182798377392,1.0049833196944764,-2.014636224835794,-0.7861646280526471,0.005931472456006134,-2.2334361193410066,0.0025044010867850924,31.262571631464727,0.9877487842227551,-1.2622807769712656,0.012247725789594696
679,2.774240700000001,0.18551104619447728,-0.8256902042706746,0.025620315721362447,0.21132116595341044,-2.322908979401481,0.1550707335043226,-1.0503108320003118,0,0.0046183000000000005,1,Shared Control,0.01,Good Visuals,-0.38075574877790963,-0.11179406526927928,0.0,5.704145475195098,1.0049826252529181,-2.0341195170327717,-0.805647920249625,-0.006760683686394542,-2.7628267408655836,0.0031439477993766493,31.26239132944885,0.9877510627296537,-1.262881310089418,0.01225369269503384
680,2.780645700000001,0.1804844979487336,-0.802042544027572,0.025413764444411013,0.2482682879727398,-2.189887628746259,0.14828506660706653,-1.0685052999501499,0,0.006405,1,Shared Control,0.01,Good Visuals,-0.3939019790124103,-0.11186199462151471,0.0,5.704056276828956,1.004980779067522,-2.0507548022190485,-0.8222832054359018,-0.024014363262452383,-2.75318525649201,0.003119602190871001,31.261909752421374,0.9877560212425218,-1.263621119278212,0.012261138398034806
681,2.787157100000001,0.17702874602978483,-0.7987783705534146,0.0287436794227183,0.26972692939673526,-2.1646890356063344,0.14126822010837894,-1.0866909494408916,0,0.0065114000000000005,1,Shared Control,0.01,Good Visuals,-0.394475974614411,-0.11205264196192674,0.0,5.704368966018049,1.0049873362618749,-2.0594832595212322,-0.8310116627380856,-0.03281422012359184,-2.515913095490075,0.0028428343815931467,31.263621119278213,0.9877388616019652,-1.2658234321652457,0.012282035159565998
682,2.7913503000000004,0.17263051631475915,-0.8240436742490759,0.0313622962063802,0.26264727519181574,-2.235546013973773,0.1366872679004873,-1.0982294048388874,0,0.0041932,1,Shared Control,0.01,Good Visuals,-0.4350502238187347,-0.11274915148543906,0.0,5.70476032489476,1.0049957653942672,-2.0748808130548912,-0.8464092162717447,-0.07463367978853512,-3.092188680321141,0.0032208052190222545,31.265823432165245,0.987717964840434,-1.2737014009586773,0.012358379227023661
683,2.795725600000001,0.16901768476313087,-0.8667129733570315,0.03233041686264357,0.23151643148185597,-2.3597981913579402,0.13185611639448008,-1.110119840601889,0,0.0043753,1,Shared Control,0.01,Good Visuals,-0.4429260752856422,-0.11325478300564962,0.0,5.706175093796587,1.005025929150586,-2.0862859250862775,-0.8578143283031311,-0.06899403941108433,-3.1930992864624095,0.003536072285904372,31.27370140095868,0.9876416207729763,-1.2796765982066929,0.012413801250103858
684,2.7992806000000003,0.16619025137490004,-0.9023487112133821,0.034334134980419956,0.20777112938850695,-2.4601787491883282,0.12789264115946078,-1.1196659793871333,0,0.0035550000000000004,1,Shared Control,0.01,Good Visuals,-0.4172022734549713,-0.11341342740518673,0.0,5.707225040709957,1.0050487875550038,-2.0961048044627106,-0.867633207679564,-0.021644224309332473,-2.874631664500071,0.0036615743462608927,31.27967659820669,0.9875861987498962,-1.2816893001634535,0.012431190184972926
685,2.8027673,0.16257741982327178,-0.9214807630838298,0.034684778663811006,0.19818521630330355,-2.5224935370948067,0.12397252819451042,-1.128926186083294,0,0.0034867,1,Shared Control,0.01,Good Visuals,-0.40478608812183936,-0.11334233030920403,0.0,5.7075667954921965,1.0050564771449833,-2.1060362777814516,-0.8775646809983049,0.008618748963695242,-2.7706718702025093,0.003893951925121741,31.281689300163453,0.987568809815027,-1.2809713581531228,0.012423397267132584
686,2.8075623000000007,0.1561371548834127,-0.9193114113486551,0.032164626688902284,0.20961477473463885,-2.5613893558619654,0.11852912276108393,-1.1414913365896235,0,0.004795000000000001,1,Shared Control,0.01,Good Visuals,-0.41098581339933976,-0.1129906814377574,0.0,5.7069873335121075,1.0050442743804318,-2.1249067798252455,-0.8964351830420988,0.015839853604309954,-2.7615806401690435,0.004065078299199345,31.27850371734107,0.9876004739136951,-1.2769058814485974,0.0123848532067043
687,2.8133305,0.15330972149518188,-0.9213352855785328,0.034780598734097945,0.2201560510110907,-2.5964532225267822,0.11190180702148242,-1.1563393081396796,0,0.0057682,1,Shared Control,0.01,Good Visuals,-0.39422497866657136,-0.11275122723670637,0.0,5.706707940608125,1.0050381629873884,-2.1327521698112233,-0.9042805730280765,0.03230105857902878,-2.2802389077421843,0.0036343030877701472,31.2769058814486,0.9876151467932957,-1.2741638083266635,0.012358606749102581
688,2.8167502000000004,0.14969688994355365,-0.9254850082160231,0.03779508292207123,0.23085429992365647,-2.6149006416817566,0.10793263367046563,-1.1650005457835892,0,0.0034197000000000003,1,Shared Control,0.01,Good Visuals,-0.4197286198140677,-0.11266594416495843,0.0,5.706218546133818,1.005027666765213,-2.142137613280819,-0.913666016497672,0.010333647339493005,-2.6376941907693556,0.003921555191296979,31.274163808326662,0.9876413932508974,-1.2730993852489445,0.012349258913412282
689,2.8202942,0.14655529728996386,-0.9318224953485742,0.03862266361949823,0.23317805043501505,-2.6281323126258127,0.10378813299726798,-1.1738630117725737,0,0.0035440000000000003,1,Shared Control,0.01,Good Visuals,-0.44767413800731576,-0.11278672814843628,0.0,5.706036394995431,1.0050235987756524,-2.152509916997494,-0.9240383202143471,-0.014070472979512437,-3.030887650246937,0.0042582187022080515,31.273099385248944,0.9876507410865877,-1.274409505328437,0.012362497986635485
690,2.8245462000000003,0.14199998794225863,-0.9366785302993419,0.038211854944990645,0.2371844814732318,-2.6262810962858074,0.09877453169546811,-1.184340489236159,0,0.004252000000000001,1,Shared Control,0.01,Good Visuals,-0.4547422205371342,-0.11301177939589135,0.0,5.706276725580703,1.0050286191520013,-2.1678076958186607,-0.9393360990355137,-0.017541199730980908,-3.053083227790429,0.004356123862020847,31.274409505328435,0.9876375020133645,-1.2769813106842458,0.012387165743553584
691,2.8286977,0.1380729971252714,-0.9446597665277997,0.039298465429803295,0.23968072270835938,-2.6346554276759457,0.0938367963072823,-1.1944034730574733,0,0.004151500000000001,1,Shared Control,0.01,Good Visuals,-0.4564445031056545,-0.11316301652523034,0.0,5.706736207088631,1.005038464027676,-2.178154937769941,-0.9496833409867941,-0.016737339449717385,-2.8958724780387595,0.004318389721351083,31.276981310684246,0.9876128342564464,-1.2787770991067127,0.012403742771167126
692,2.8324718000000004,0.13508848410436108,-0.9612895634872527,0.04125168779707879,0.2331139095702206,-2.667854284670975,0.08931196615506033,-1.2034058419666356,0,0.0037741000000000003,1,Shared Control,0.01,Good Visuals,-0.4651683389398392,-0.11335382723965506,0.0,5.707051017496986,1.005045333227413,-2.1883102093181335,-0.9598386125349865,-0.021390512673280654,-2.9572718544532295,0.004447132892849023,31.278777099106712,0.9875962572288328,-1.2809830600206245,0.012424657440043766
693,2.8357241,0.13084733402201487,-0.9805233704513012,0.04153536786695454,0.22288247151533436,-2.6973331038969426,0.08538566972496742,-1.2110502483580392,0,0.0032523,1,Shared Control,0.01,Good Visuals,-0.4697336660995661,-0.11352830876516053,0.0,5.707442863907772,1.0050537755980709,-2.1990422290731395,-0.9705706322899925,-0.017923268934013012,-3.014442940005069,0.004676036691894256,31.280983060020624,0.9875753425599563,-1.2830239945353898,0.012443782274527195
694,2.8408031000000005,0.12393583018411733,-0.997682372718849,0.03855016045914991,0.21336787563919024,-2.6863543333421926,0.07920486022827387,-1.2227746613771862,0,0.005079,1,Shared Control,0.01,Good Visuals,-0.45578384795168814,-0.11339346944564133,0.0,5.707821276251136,1.0050621178652874,-2.2197683660453813,-0.9912967692622341,0.012919764982409676,-2.731780032026136,0.004822583322020127,31.283164882228146,0.9875556392527369,-1.2816012360666098,0.012429002602810133
695,2.846606500000001,0.11969468010177112,-1.0021179221874539,0.04048981987349724,0.22065673918973228,-2.6861285434059363,0.07207051082222846,-1.2358460831160587,0,0.0058034,1,Shared Control,0.01,Good Visuals,-0.43447321866056776,-0.11309573397650467,0.0,5.7075385618596295,1.0050561296149727,-2.2276017655416176,-0.9991301687584703,0.03221602302105711,-2.1845611847387394,0.004371336442149186,31.28160123606661,0.9875709973971899,-1.2782058806617531,0.012396367963981815
696,2.8503453000000007,0.11671016708086081,-1.0214457966795687,0.04463965625863235,0.21440028643649,-2.7223185765413245,0.06743449103756746,-1.2440798652349412,0,0.0037388,1,Shared Control,0.01,Good Visuals,-0.4528421612801775,-0.11294395902500882,0.0,5.706931316625086,1.0050431319431317,-2.2358869159783143,-1.0074153191951671,0.016468446868753046,-2.4258924360076275,0.0045792258971696365,31.27820588066175,0.9876036320360182,-1.276370495686644,0.012379731985945289
697,2.8537734000000006,0.1124690169985146,-1.030650648162835,0.04503452596094713,0.21342921707210616,-2.693220442416584,0.06315690940809303,-1.2514981580810176,0,0.0034281000000000003,1,Shared Control,0.01,Good Visuals,-0.47022124740505844,-0.11285434308970117,0.0,5.706612418414331,1.0050361136510415,-2.245860776794983,-1.0173891800118358,0.008315702811792818,-2.759631679671461,0.0050417795073654514,31.276370495686646,0.9876202680140547,-1.2752958887411527,0.012369909227204089
698,2.8580813000000003,0.10697122985473245,-1.0486546202261053,0.043814320446639424,0.20284353785491227,-2.715921059181342,0.05774581737464967,-1.2606396923079042,0,0.0043079,1,Shared Control,0.01,Good Visuals,-0.47148933568505724,-0.11271445125046535,0.0,5.706424937217875,1.0050320038106768,-2.259206642821687,-1.0307350460385396,0.009405851323454896,-2.7002804359630446,0.005082341843678782,31.27529588874115,0.987630090772796,-1.2736885632802744,0.012354575751277528
699,2.8621911000000004,0.10398671683382214,-1.060483016079556,0.04624089945917247,0.2001566762283482,-2.7129886938148813,0.0525472460298249,-1.2691706404294858,0,0.0041098,1,Shared Control,0.01,Good Visuals,-0.45387358216694335,-0.1123571320816352,0.0,5.706138546632562,1.0050258515885275,-2.267233613120452,-1.0387620163373048,0.03508130704956535,-2.3172547051862287,0.004938507086055007,31.273688563280274,0.9876454242487225,-1.2696265995905993,0.0123154101723325
700,2.8657832,0.09958848711879643,-1.0537016101795824,0.047041241088971536,0.21546903024990338,-2.6501168267134423,0.04797509994180499,-1.2764726996399431,0,0.0035921000000000004,1,Shared Control,0.01,Good Visuals,-0.4649828542691631,-0.11204173145667934,0.0,5.705410924485232,1.0050103005671662,-2.2760979010829416,-1.0476263042997949,0.02848032138277236,-2.4859881544970026,0.005195494848107855,31.269626599590598,0.9876845898276675,-1.2659348877145473,0.012280839264433933
701,2.8692882000000006,0.09628981483252715,-1.0565988882754458,0.04831471489072216,0.21987381136449735,-2.6381942750315437,0.043488781985492504,-1.283457222218039,0,0.0035050000000000003,1,Shared Control,0.01,Good Visuals,-0.48490450217039405,-0.11199737457348789,0.0,5.704759160158254,1.0049961746786482,-2.28512395354074,-1.0566523567575932,0.004156823690445106,-2.656127496262248,0.005270582101479459,31.265934887714547,0.9877191607355661,-1.2652926851122062,0.012275977328210142
702,2.8741394000000007,0.08843583319855267,-1.0900004974948545,0.04494705121306016,0.19345672472318443,-2.627293389267677,0.03723947872180983,-1.2928924251804625,0,0.0048512,1,Shared Control,0.01,Good Visuals,-0.48670245493206776,-0.11196956006406761,0.0,5.70480788808313,1.0049968937926255,-2.3036905645892607,-1.0752189678061135,0.009851548139534996,-2.5349014082475625,0.0053894547431497615,31.266119337114283,0.9877156965741052,-1.2649924765764409,0.012272928593466681
703,2.879594600000001,0.08513716091228338,-1.0908168504050693,0.04789768219047355,0.20207557477539329,-2.5379849281849527,0.030158284239785414,-1.303175986276985,0,0.0054552,1,Shared Control,0.01,Good Visuals,-0.4508275783532367,-0.11150067411907984,0.0,5.704601289309024,1.004992575630403,-2.3094904019522815,-1.081018805169134,0.050755751823032665,-1.9003398961404567,0.005032701550503463,31.26499247657644,0.9877270714065334,-1.259701378348047,0.012221534234874735
704,2.8829172000000005,0.0804247719318987,-1.0973540031955547,0.05026648769211329,0.2058219830814303,-2.502029842385063,0.025818195220950337,-1.309267756274666,0,0.0033226,1,Shared Control,0.01,Good Visuals,-0.4762719719526324,-0.11125339217680294,0.0,5.703649972794598,1.004972315212945,-2.3175138690063135,-1.0890422722231659,0.02178936894250134,-2.272421846049588,0.0053406238529792455,31.259701378348048,0.9877784657651253,-1.2567234972542123,0.012194429782394243
705,2.8864167000000007,0.07696902001294992,-1.12332295138848,0.05115082479199958,0.18594480488618603,-2.538971243386176,0.021225392164605672,-1.3155416820351105,0,0.0034995,1,Shared Control,0.01,Good Visuals,-0.4935194402790995,-0.11118235696250396,0.0,5.7031315037351265,1.0049609261526742,-2.326306798820981,-1.0978352020378335,0.006008092521803435,-2.504394706541592,0.005592317268561118,31.256723497254214,0.9878055702176057,-1.2558136888050238,0.01218664364737492
706,2.8907746000000003,0.07241371066524473,-1.1321033902527888,0.051188318500639055,0.18343829178232163,-2.4851884288283306,0.015475734758724338,-1.323148500190504,0,0.0043579000000000005,1,Shared Control,0.01,Good Visuals,-0.47857863035011217,-0.11074976626098772,0.0,5.7029777041926515,1.0049574502748384,-2.335326215796652,-1.1068546190135042,0.031947268063126054,-2.2994638424614653,0.005687069260950595,31.255813688805024,0.9878133563526251,-1.2509413847350577,0.012139227592628714
707,2.893718700000001,0.06801548095021902,-1.1352587119467994,0.05253974619149468,0.1878897882437045,-2.431470849244232,0.011572854710220699,-1.328156872367856,0,0.0029441000000000003,1,Shared Control,0.01,Good Visuals,-0.47622520958593895,-0.11030937900500865,0.0,5.702100845871513,1.00493879207869,-2.343234448786982,-1.1147628520038344,0.035168205841984115,-2.183689904826802,0.005669094309238769,31.250941384735057,0.9878607724073712,-1.2458222475675718,0.012090956961369546
708,2.8975219,0.06440264939859075,-1.1446301848233287,0.052829794688370055,0.1835266875445274,-2.4031579189824446,0.006509548342021173,-1.334469279771223,0,0.0038032,1,Shared Control,0.01,Good Visuals,-0.48835333937351666,-0.110042914675435,0.0,5.70119396077416,1.0049191999783231,-2.351001458566329,-1.1225298617831816,0.022281864770586277,-2.301063512279163,0.005795626775464546,31.24582224756757,0.9879090430386305,-1.2426425580768874,0.012061749936820266
709,2.9007319000000003,0.05984734005088556,-1.1514128127685248,0.053337791708864386,0.18305646700269818,-2.3528870032060816,0.0022175400384235096,-1.339657855106265,0,0.00321,1,Shared Control,0.01,Good Visuals,-0.48559078812869094,-0.10969269583702215,0.0,5.7006378741718855,1.004907036197109,-2.3589246214959028,-1.1304530247127553,0.027291562908413516,-2.202959164092097,0.005813544589213055,31.242642558076888,0.9879382500631797,-1.2386041852970968,0.012023362621611843
710,2.9043982,0.0562345084992573,-1.1572057383863388,0.054016968460833786,0.18245211671992623,-2.3005331753283067,-0.002704674137592078,-1.3454266849881287,0,0.0036663000000000004,1,Shared Control,0.01,Good Visuals,-0.48797302548806715,-0.10937671543411079,0.0,5.6999195850444,1.004891577531543,-2.3664215779499047,-1.1379499811667575,0.02540692379194576,-2.1717089464390105,0.005850766162538903,31.238604185297095,0.9879766373783881,-1.234913699022278,0.011988728164535768
711,2.9081666000000004,0.050265482457436686,-1.1629507709351574,0.05297015659502877,0.18247591405297126,-2.231904845362804,-0.007785676629415512,-1.3511799093777104,0,0.0037684000000000003,1,Shared Control,0.01,Good Visuals,-0.49119916150831816,-0.10901261532223204,0.0,5.699267319453249,1.004877453655367,-2.3761871874728815,-1.147715590689734,0.022046211461737786,-2.15771659183292,0.0059081985879539545,31.23491369902228,0.9880112718354642,-1.230700321528858,0.01194881932974706
712,2.9122183,0.046652650905808425,-1.1710548269514616,0.054438327535223936,0.1801250824262488,-2.1408436892776237,-0.013272446997881524,-1.3571646039418264,0,0.0040517,1,Shared Control,0.01,Good Visuals,-0.4852144442661669,-0.10867624252572085,0.0,5.698519218934786,1.0048613255675019,-2.382838014530126,-1.1543664177469786,0.027382394708675862,-1.937547939534002,0.0057744153044522635,31.230700321528857,0.988051180670253,-1.226776787659367,0.011911949672404436
713,2.9157337000000005,0.04162610266006476,-1.1841289738974652,0.054898549657946286,0.17303563004436118,-2.052602476806466,-0.018052297774121283,-1.3621869763415215,0,0.0035154,1,Shared Control,0.01,Good Visuals,-0.49117810474605317,-0.10841338895333968,0.0,5.697825311332969,1.004846308860557,-2.390000975099745,-1.1615293783165976,0.01995710463621486,-2.001553795964737,0.005916152885912624,31.226776787659368,0.9880880503275956,-1.2236876404271018,0.011883138421181105
714,2.9193169,0.0380132711084365,-1.2018435539087378,0.05606556888255778,0.16034342243278377,-1.9807007151582412,-0.022942213631842803,-1.3671422592916662,0,0.0035832000000000004,1,Shared Control,0.01,Good Visuals,-0.4866446321055513,-0.1080962266756264,0.0,5.697280993695058,1.0048344870552612,-2.396498480996047,-1.1680268842128991,0.024952994434475195,-1.9018018136401533,0.005951737817041164,31.2236876404271,0.988116861578819,-1.22002436123689,0.011848374419387324
715,2.9242363000000005,0.029373891311064562,-1.212888313841701,0.052316104942907365,0.15425394544996518,-1.7511651936099029,-0.02968392795301284,-1.373673661124852,0,0.0049194,1,Shared Control,0.01,Good Visuals,-0.4768826748260007,-0.10718095355262404,0.0,5.69565333215045,1.004799494634409,-2.4088870678531507,-1.1804154710700032,0.03506722819641453,-1.7120721704396384,0.0060359121738026746,31.21454763459364,0.9882039513523134,-1.2094433536856817,0.011748051781022933
716,2.9295828000000004,0.025761059759436305,-1.2107709510091194,0.05544498771244914,0.16290271011573254,-1.620510369564558,-0.03704645634189798,-1.3804124587580486,0,0.0053465000000000006,1,Shared Control,0.01,Good Visuals,-0.4529184265736861,-0.10660028667105777,0.0,5.694750291868717,1.004779957028094,-2.4125539344760494,-1.1840823376929017,0.05367766619110507,-1.2092690772346417,0.0056072900139399594,31.209443353685682,0.9882519482189771,-1.2027604061482384,0.011684405168765314
717,2.9328709,0.020734511513692634,-1.216711882239952,0.057780967855590615,0.16370057651809655,-1.5313953433550165,-0.04159193507034398,-1.3843692926363362,0,0.0032881000000000004,1,Shared Control,0.01,Good Visuals,-0.47935659988804896,-0.1063225939362389,0.0,5.693560464376518,1.0047543701656279,-2.4182793430685927,-1.1898077462854453,0.020633496816549503,-1.6036211501956528,0.005910451584620354,31.20276040614824,0.9883155948312347,-1.1994037406293265,0.011653967404221036
718,2.9363478,0.016964600329384884,-1.2355164065823023,0.05855653539972886,0.1488528860540339,-1.4860209499426642,-0.046412297190166485,-1.3883969130018052,0,0.0034769,1,Shared Control,0.01,Good Visuals,-0.4934224927043408,-0.10625559402018467,0.0,5.692977069972009,1.004741529444103,-2.424446636163792,-1.1959750393806443,0.004988368249251264,-1.802880348222387,0.006143422382552833,31.199403740629325,0.9883460325957789,-1.19853106936575,0.011646623576264302
719,2.9407835,0.008168140899333461,-1.2237662655879298,0.054580438089499944,0.16463064741387545,-1.2238210951770179,-0.05258178221715582,-1.3933004273416865,0,0.0044357,1,Shared Control,0.01,Good Visuals,-0.49096790715638305,-0.10588941783371152,0.0,5.692181730627849,1.0047243790012041,-2.4360335339845856,-1.2075619372014381,0.0039449308325098095,-1.6660817568772979,0.006214657211216535,31.19492400448538,0.9883884558553728,-1.1942710505105805,0.01160648718395695
720,2.9465564000000004,0.0043982297150257105,-1.2410596353456733,0.05698001193218153,0.15224079199601315,-1.2287275022377506,-0.060642657918127375,-1.399285275123842,0,0.0057729,1,Shared Control,0.01,Good Visuals,-0.4760840315931173,-0.1057728568161709,0.0,5.692076276444846,1.0047218873535637,-2.4398173066794184,-1.2113457098962712,0.010401508684018955,-1.2523657679915896,0.0057794908144060825,31.19427105051058,0.988393512816043,-1.1929464407111936,0.011593710987960117
721,2.9498326000000006,-0.0004712388980384689,-1.2679347627664095,0.060171419020088907,0.13135051235743256,-1.2422672405428905,-0.06523227084329064,-1.4024808410309626,0,0.0032762000000000004,1,Shared Control,0.01,Good Visuals,-0.4772799345361462,-0.10555190437297722,0.0,5.69183894467714,1.004716814376484,-2.444586709228374,-1.2161151124452267,0.01595167905859608,-1.3380284889761693,0.006026938643486346,31.192946440711193,0.9884062890120399,-1.190427675473136,0.011569492498967961
722,2.9533089000000006,-0.0040840704496667305,-1.2762592505923172,0.06114820039362391,0.12622159043864545,-1.1799413317765068,-0.07011337839447243,-1.4057116285855524,0,0.0034763000000000003,1,Shared Control,0.01,Good Visuals,-0.4744277150119738,-0.10513633095173704,0.0,5.691388357402186,1.004707168507697,-2.449421200413186,-1.220949603630039,0.02929290182360626,-1.4059884207684243,0.006351207866394767,31.190427675473135,0.988430507501032,-1.1856897317514055,0.011523941699971296
723,2.9576001000000005,-0.009267698328089888,-1.256461230474601,0.060845680066382545,0.14925039811095142,-1.0336312217395682,-0.07615372590193001,-1.409471612816966,0,0.0042912,1,Shared Control,0.01,Good Visuals,-0.47477977729687293,-0.10464756377315425,0.0,5.690540826584746,1.004689023835529,-2.4550141521651194,-1.2265425553819722,0.029045363974171626,-1.3952033706521503,0.00642889743368718,31.185689731751406,0.9884760583000287,-1.180051355503874,0.01147036816911037
724,2.9606837000000006,-0.014294246573833559,-1.249360610948886,0.06185947932809645,0.16011100186808003,-0.95295369931096,-0.08050393098699922,-1.4120171826282257,0,0.0030836,1,Shared Control,0.01,Good Visuals,-0.49613083049419193,-0.10472372914063496,0.0,5.689538114903728,1.0046674349089586,-2.4604896330602393,-1.232018036277092,-0.005127756723579179,-1.530318863923931,0.006367352185067707,31.180051355503874,0.9885296318308896,-1.1806922375158728,0.011478716617705248
725,2.9643575,-0.01837831702350029,-1.2667777269427156,0.06212561396349893,0.1452394556855101,-0.9339623009042815,-0.08569671309254726,-1.4148786650486032,0,0.0036738,1,Shared Control,0.01,Good Visuals,-0.5128189195723976,-0.1051119475682743,0.0,5.689673084055231,1.0046699050586938,-2.466224744422558,-1.2377531476394106,-0.02703531442433162,-1.6799295123813298,0.00647815535793628,31.180692237515874,0.9885212833822947,-1.1850567162620744,0.011521269049262175
726,2.9678985000000004,-0.023404865269243957,-1.2828391219876167,0.0622918478233033,0.13203954306098642,-0.8810946474074213,-0.09071141969373014,-1.4174598115509425,0,0.0035410000000000003,1,Shared Control,0.01,Good Visuals,-0.4994434172383557,-0.10523841326021033,0.0,5.69045931705065,1.0046866241927748,-2.471522052542454,-1.243050455759307,-0.00830861433122792,-1.476642727294533,0.00653014427757815,31.185056716262075,0.9884787309507378,-1.1866346948708544,0.011535130891764424
727,2.9713934,-0.02748893571891069,-1.291940482244045,0.06322248397481946,0.12551932930689746,-0.8168765725303442,-0.09566950267316092,-1.4198365196093277,0,0.0034949,1,Shared Control,0.01,Good Visuals,-0.4871452106839712,-0.10512992397644595,0.0,5.690729422875781,1.0046926579360085,-2.4760081278117676,-1.2475365310286202,0.007275591848745412,-1.28445148866553,0.006555495223970926,31.186634694870854,0.9884648691082356,-1.1854796022796166,0.011523239434550208
728,2.9750769000000004,-0.03377212102609027,-1.2937210429312744,0.06189738164707065,0.12611547667805323,-0.7317791841325089,-0.10090380277310892,-1.4221572185660165,0,0.0036835,1,Shared Control,0.01,Good Visuals,-0.48587631689116184,-0.1049561285095897,0.0,5.690515488393182,1.0046882286107954,-2.48163508853383,-1.2531634917506824,0.008914057024175533,-1.252523254771801,0.006646574933874842,31.185479602279617,0.9884767605654498,-1.1834931608594894,0.011504189798619027
729,2.9791536,-0.03785619147575701,-1.293530640118155,0.06304761129735192,0.12862657844786152,-0.6284984886578856,-0.106706374775424,-1.4245045247773658,0,0.0040767,1,Shared Control,0.01,Good Visuals,-0.4789118175610264,-0.10476460692343358,0.0,5.690160596545764,1.004680621451115,-2.485182579898239,-1.256710983115092,0.013184824136524562,-1.037672613686338,0.006496509542557066,31.183493160859488,0.988495810201381,-1.181279253592833,0.011483197211440362
730,2.9829120000000007,-0.042882739721500675,-1.294697004599642,0.06382363505392333,0.1298075201777238,-0.5225738767394452,-0.11206397348492686,-1.4264621696412434,0,0.0037584000000000003,1,Shared Control,0.01,Good Visuals,-0.4879537763971373,-0.10477142563639744,0.0,5.689767281627948,1.0046721448401879,-2.4892355264907766,-1.2607639297076296,-0.00044063644830153034,-1.132645835323351,0.006605158215028504,31.181279253592834,0.9885168027885597,-1.1812730076410964,0.011483944607225939
731,2.986302200000001,-0.046966810171167404,-1.2959911250245297,0.06509716331375945,0.13047104461671366,-0.4184172194601159,-0.11690271589614704,-1.4280577617671248,0,0.0033902000000000003,1,Shared Control,0.01,Good Visuals,-0.4935560355565658,-0.10492424708494649,0.0,5.689773669080081,1.0046721267244165,-2.493244572470456,-1.264772975687309,-0.010147586469882144,-1.1649462369033925,0.0066868932338966965,31.181273007641096,0.9885160553927741,-1.182981338997619,0.011500695291291496
732,2.9908834000000004,-0.0562345084992573,-1.2925643701589493,0.06066820739688974,0.13549339160817553,-0.18761693439939153,-0.1234493969005408,-1.4299567578374346,0,0.0045812000000000005,1,Shared Control,0.01,Good Visuals,-0.5039164937064752,-0.10572910428828697,0.0,5.690883417336043,1.0046957744470306,-2.5016715421352846,-1.2731999453521374,-0.031209473964684,-1.1696459819869798,0.00680305099697986,31.187446698991632,0.9884561220387387,-1.1922053691544077,0.011588915294825341
733,2.9965293000000006,-0.06000441968356505,-1.2955400728454363,0.06344497721697576,0.13441668499199833,-0.08309720483225236,-0.1315284580296607,-1.4318896192593353,0,0.005645900000000001,1,Shared Control,0.01,Good Visuals,-0.48143904319512026,-0.10590661900959325,0.0,5.691728031306439,1.004713993275789,-2.5038245989396053,-1.2753530021564583,-0.013950666112403622,-0.7030848722596916,0.006414395226849178,31.192205369154408,0.9884110847051747,-1.1943671322855434,0.011608372596413688
734,2.999801400000001,-0.06534512719466769,-1.3031821190738606,0.06618333083499302,0.12870750018547472,0.004956506703144042,-0.13621528054342036,-1.4328035126312924,0,0.0032721,1,Shared Control,0.01,Good Visuals,-0.4961867431504433,-0.10640708209207508,0.0,5.692102403641172,1.0047222622903969,-2.5071937491974823,-1.2787221524143353,-0.03226618864824433,-0.9438453210099009,0.0067192430301905755,31.194367132285542,0.9883916274035863,-1.2000375483621384,0.0116632281095679
735,3.003434800000001,-0.06942919764433443,-1.3204050372523544,0.06678608289908593,0.11239847537893799,0.054944604492037315,-0.14142280634429266,-1.4336406866116929,0,0.0036334,1,Shared Control,0.01,Good Visuals,-0.5061077232196308,-0.10707261533462044,0.0,5.69311989156077,1.0047439796968336,-2.510976629007158,-1.282505032224011,-0.0430177652705833,-1.109544145502328,0.007042375117286066,31.20003754836214,0.9883367718904321,-1.2076899274513293,0.011736176882052706
736,3.0076672,-0.07869689597242431,-1.318395617458921,0.06272591037186835,0.11524506915277177,0.28222598331361004,-0.1474922012319063,-1.4343799687334284,0,0.0042324,1,Shared Control,0.01,Good Visuals,-0.4900184500691498,-0.10792480348815833,0.0,5.695494285655636,1.0047952627546544,-2.517196399011877,-1.2887248022287305,-0.026848827502302008,-0.8317775611674154,0.007169222692128465,31.213434165381845,0.9882103408694334,-1.2177224398866688,0.011829584807837037
737,3.013644600000001,-0.08670795723907829,-1.3149859793391157,0.060784243992828,0.11939398939431278,0.4617530688109395,-0.1560681435077022,-1.4349912528132238,0,0.005977400000000001,1,Shared Control,0.01,Good Visuals,-0.4886455956737186,-0.10865411935266342,0.0,5.696732408984787,1.0048222206464734,-2.5204857398247733,-1.2920141430416265,-0.03776326123654949,-0.6593570648092388,0.007015952628126068,31.220478861420517,0.988144980564029,-1.226141168519735,0.011909524762249933
738,3.0196316999999997,-0.09189158511750145,-1.3297105904344166,0.06417655839020076,0.10528066237880718,0.4706924146467328,-0.1646601448887363,-1.435095296335289,0,0.0059871,1,Shared Control,0.01,Good Visuals,-0.46630549898423646,-0.10895068087681425,0.0,5.697745895855533,1.004843902528431,-2.521232348307025,-1.2927607515238781,-0.019709959615460293,-0.20740852911397667,0.006604458501558148,31.226141168519735,0.9880904752377501,-1.2296763387695475,0.011942030725543798
739,3.0242457,-0.09738937226128358,-1.3573060641757402,0.06727077262745271,0.0777892321595488,0.4287957962382526,-0.17128117511749316,-1.434828460632715,0,0.004614,1,Shared Control,0.01,Good Visuals,-0.4714934761942268,-0.10929071542120093,0.0,5.698364477477767,1.0048574276259952,-2.5227431153200714,-1.294271518536925,-0.019214460484070918,-0.3777673067230065,0.006992079732942999,31.229676338769547,0.9880579692744562,-1.2336122004713281,0.01197930174527614
740,3.0272831,-0.10131636307827083,-1.3627442372799008,0.06996481203922233,0.07208422335281428,0.4665769315475918,-0.17563883913237258,-1.4344879982646739,0,0.0030374,1,Shared Control,0.01,Good Visuals,-0.46154864579852733,-0.10924054308036106,0.0,5.699063220715907,1.0048724935083952,-2.5239807820923996,-1.295509185309253,0.0031573049268662774,-0.36292020418386084,0.007352070867391247,31.233612200471327,0.9880206982547238,-1.2332040263081425,0.011973802379590124
741,3.0307265,-0.10681415022205296,-1.34944235102915,0.06882468891031962,0.08504564723552388,0.5347524260932963,-0.18057746650569415,-1.433943881374446,0,0.0034434,1,Shared Control,0.01,Good Visuals,-0.4711630933965434,-0.1093372100892297,0.0,5.6989755567067295,1.0048709188542102,-2.525910221256621,-1.2974386244734746,-0.005594640829363839,-0.5414297800598922,0.007642994063680032,31.233204026308144,0.9880261976204099,-1.2342655499639605,0.011984398003048052
742,3.034370300000001,-0.1107411410390402,-1.3428760014900374,0.06983632546665394,0.09106787988440868,0.5591033671139416,-0.18580114611689255,-1.4331852387817667,0,0.0036438000000000004,1,Shared Control,0.01,Good Visuals,-0.47770378159789306,-0.10964161561002493,0.0,5.699169065831771,1.004874986229836,-2.5276461617743657,-1.2991745649912194,-0.01863998637478276,-0.5060608453326978,0.007525099470713494,31.23426554996396,0.9880156019969519,-1.2377109241513673,0.012017763742969145
743,3.0377817,-0.11592476891746335,-1.3330403607508419,0.0698763771994292,0.10014487803092487,0.6193174934800747,-0.19068885914628741,-1.4323047388197108,0,0.0034114,1,Shared Control,0.01,Good Visuals,-0.48956525849373284,-0.11021225959549068,0.0,5.699787607265779,1.0048881798728109,-2.5299116545252174,-1.301440057742071,-0.03270694087398979,-0.6265190129567628,0.007656967552431467,31.23771092415137,0.9879822362570309,-1.2442262006571296,0.012080311750498202
744,3.0415480000000006,-0.12142255606124551,-1.3244259121490887,0.0692663030850419,0.1078788266706221,0.6697116994266319,-0.19608122110844572,-1.4311416713694405,0,0.0037663,1,Shared Control,0.01,Good Visuals,-0.4989987877641176,-0.11120790132375709,0.0,5.70095218762132,1.0049131247122032,-2.5328318505610894,-1.3043602537779428,-0.04707569324213116,-0.6654352465299151,0.007701233423495916,31.24422620065713,0.9879196882495018,-1.2556146593480635,0.01218944355229056
745,3.045676500000001,-0.12692034320502762,-1.3323793170413136,0.0691608779034181,0.09876235432812686,0.6430396710357017,-0.20198666587609446,-1.4296368827076988,0,0.0041285,1,Shared Control,0.01,Good Visuals,-0.5034383062512094,-0.11215981611505092,0.0,5.702985959925945,1.004956724198075,-2.5350372758491,-1.3065656790659534,-0.055505352512626734,-0.6134360502922434,0.007702960198542792,31.255614659348062,0.9878105564477094,-1.2667118887930604,0.012293782465955392
746,3.0493509999999997,-0.13084733402201487,-1.344513091503823,0.07113933185407958,0.08512379120387581,0.6148474029573981,-0.20723709328991646,-1.4280957455599284,0,0.0036745000000000002,1,Shared Control,0.01,Good Visuals,-0.493815372771798,-0.11282100906033296,0.0,5.70494907668476,1.0049991913337568,-2.5365569669207804,-1.308085370137634,-0.040559666369970986,-0.44484839051593283,0.007757071348002863,31.26671188879306,0.9877062175340446,-1.274547642853387,0.01236625550058469
747,3.0528624000000004,-0.136345121165797,-1.348157646773017,0.07089197212411946,0.07993809878691138,0.6241965123750213,-0.21224886247140434,-1.4264457771913681,0,0.0035114,1,Shared Control,0.01,Good Visuals,-0.4914959729104872,-0.11338233325444386,0.0,5.706324045882497,1.0050291667418454,-2.5381932897115314,-1.309721692928385,-0.03174708088230543,-0.4552549288459673,0.008026011203655146,31.27454764285339,0.9876337444994153,-1.2811371157619695,0.012427781970351708
748,3.0574364000000003,-0.1456128194938869,-1.3553628587822941,0.06663604297751743,0.07108291840907399,0.5921011119393406,-0.2187680290499308,-1.4240373765496879,0,0.004574,1,Shared Control,0.01,Good Visuals,-0.4725695108767774,-0.11391142073410271,0.0,5.70842218840772,1.0050747273845189,-2.5398893904984132,-1.3114177937152673,-0.004593457257056484,-0.12760139919849678,0.00805036947188798,31.286456222404983,0.9875226861365535,-1.2875331514895365,0.012485774989649407
749,3.063623700000001,-0.14985396957623312,-1.3172002161239784,0.06891405947369769,0.10683716042570945,0.7119448594839755,-0.2275677335252589,-1.4203145492386358,0,0.006187300000000001,1,Shared Control,0.01,Good Visuals,-0.4518422651577847,-0.11365037630273382,0.0,5.708597199512321,1.0050788350950146,-2.5388585971668407,-1.3103870003836946,0.0157438056204537,0.2872570871621676,0.007590606327667739,31.287533151489537,0.9875142250103506,-1.2846520317368624,0.012457162037485628
750,3.0673461,-0.15503759745465628,-1.287531296522709,0.0725301360706026,0.13278325271592673,0.7662974776299936,-0.23285012588890566,-1.4178182136156154,0,0.0037224000000000003,1,Shared Control,0.01,Good Visuals,-0.5007450962023862,-0.11446692255230828,0.0,5.708073352783028,1.0050677990747856,-2.5398642227652153,-1.3113926259820692,-0.05001132632661149,-0.29239252126147,0.007832108791734722,31.28465203173686,0.9875428379625144,-1.293668504433223,0.01254666327164745
751,3.070772700000001,-0.1606924642311179,-1.3179391829577967,0.07215766165778775,0.09987903065781878,0.6160326817256576,-0.2377042402259903,-1.4153504938839274,0,0.0034266,1,Shared Control,0.01,Good Visuals,-0.5475869697330726,-0.11636175625561337,0.0,5.709712331003295,1.0051023356607236,-2.5429519213896263,-1.3144803246064805,-0.10708405832719434,-0.8661146211532262,0.00830230146830205,31.293668504433224,0.9874533367283526,-1.3152442507808602,0.012754355065058546
752,3.0748392000000013,-0.16744688843633596,-1.3818112840730357,0.07025735178965434,0.03353920981089176,0.38912340750463303,-0.24345345796679005,-1.4122115314975352,0,0.004066500000000001,1,Shared Control,0.01,Good Visuals,-0.512675031523665,-0.1176821650433059,0.0,5.713573947078804,1.0051849235257113,-2.5449514322435527,-1.3164798354604068,-0.05315727187221831,-0.4005109474253734,0.008396392237798518,31.31524425078086,0.9872456449349415,-1.3309224124852412,0.012899084425040525
753,3.0791427999999996,-0.1712167996206437,-1.398957621312523,0.07223665834614634,0.013253910185012208,0.31742369483944144,-0.24952346133131564,-1.4086417984062445,0,0.0043036,1,Shared Control,0.01,Good Visuals,-0.4353287866880884,-0.1167157965982248,0.0,5.716322312834067,1.0052448821052997,-2.5430299560199714,-1.3145583592368255,0.057600990033332466,0.5598706945166896,0.008268037268815705,31.33092241248524,0.9871009155749595,-1.3207476475337114,0.012793161253468951
754,3.0829529000000004,-0.17687166639710533,-1.374559670865394,0.07265179493421031,0.03408212754085049,0.3079799597596634,-0.2548841664475093,-1.4052697195111403,0,0.0038101000000000003,1,Shared Control,0.01,Good Visuals,-0.42611401605413657,-0.11532812739794303,0.0,5.714426956055198,1.0052058750657626,-2.54093073689022,-1.3124591401070738,0.07705889671902443,0.5862921742079745,0.008431159122464274,31.32074764753371,0.987206838746531,-1.3047677430192313,0.012641059512632724
755,3.086324900000001,-0.1806415775814131,-1.3557062279118965,0.07424258886609617,0.04956349159924378,0.24487163531557748,-0.25961746942893005,-1.4021202626434013,0,0.003372,1,Shared Control,0.01,Good Visuals,-0.44921422573550945,-0.11449722708308546,0.0,5.7115829750606455,1.0051447240380142,-2.539724775624738,-1.3112531788415918,0.04845423250532724,0.3553634092061264,0.008378795461861838,31.30476774301923,0.9873589404873673,-1.2948112107890914,0.012549984936411285
756,3.0907894000000002,-0.19006635554218246,-1.33804890213404,0.06955111388674759,0.06407136050936124,0.1779473028883902,-0.26586749764316436,-1.3977130060896068,0,0.004464500000000001,1,Shared Control,0.01,Good Visuals,-0.4767312698507422,-0.11372824390163763,0.0,5.708954886794371,1.0050870239876706,-2.539105065713569,-1.3106334689304229,0.019994209265681583,0.11755649610603314,0.008364030190236864,31.28967808012531,0.9874963934507284,-1.2856047141166422,0.012465697066832393
757,3.0965743999999997,-0.1941504259918492,-1.320278422436804,0.07171707165131516,0.07743458365280276,0.21971267043703618,-0.27393580881509516,-1.3916021944631345,0,0.005785,1,Shared Control,0.01,Good Visuals,-0.4614106022430604,-0.11321170128113701,0.0,5.708237947850469,1.0050714410855908,-2.5377346841814536,-1.3092630873983075,0.03516160843960562,0.4501318920363353,0.007909926043742606,31.28560471411664,0.9875343029331676,-1.2796617694804264,0.012409079083397799
758,3.0998102999999997,-0.19949113350295186,-1.3143763828050856,0.0744446753121433,0.07722581165804887,0.1950381063590779,-0.27843308504594244,-1.3879883375983624,0,0.0032359000000000003,1,Shared Control,0.01,Good Visuals,-0.48712774715193863,-0.11315915417227729,0.0,5.707179761503446,1.0050486952730366,-2.53728949164806,-1.3088178948649138,0.0029933093532355935,0.1259099873843672,0.008119211692546592,31.279661769480427,0.9875909209166022,-1.2788342748687531,0.012403319420553187
759,3.103291200000001,-0.2035752039526186,-1.331754968686709,0.07485788109332384,0.056233368911653425,0.09770693896012722,-0.2832575432381049,-1.3839450478396518,0,0.0034809000000000003,1,Shared Control,0.01,Good Visuals,-0.5024751050248164,-0.11335639962580686,0.0,5.707052187565187,1.0050455445615165,-2.5375753468230196,-1.3091037500398734,-0.011144649202528665,-0.08320870203165409,0.008424096490951948,31.278834274868753,0.9875966805794468,-1.2810121035818238,0.012424939398028934
760,3.1076652000000013,-0.20875883183104174,-1.3292997584498232,0.07449871140706318,0.0546452893898286,0.11467875240662692,-0.28929940162180673,-1.3786366739379534,0,0.004374,1,Shared Control,0.01,Good Visuals,-0.4837650360359147,-0.11295596094734435,0.0,5.707448084333691,1.0050538868005114,-2.536998554684819,-1.3085269579016727,0.01927603544802689,0.14422687992614946,0.00848561988435595,31.281012103581823,0.9875750606019711,-1.2766215167324455,0.012381047510769391
761,3.1106826000000005,-0.2140995393421444,-1.3249861024495502,0.07519986227966233,0.05365057148840324,0.11727677054675953,-0.29345358345233563,-1.3748277360084191,0,0.0030174000000000004,1,Shared Control,0.01,Good Visuals,-0.4800583967744424,-0.11253734528871154,0.0,5.706647100601546,1.0050370661043038,-2.5361146770508514,-1.3076430802677048,0.022542831218907947,0.24611634616096545,0.008415073536323706,31.276621516732444,0.9876189524892306,-1.2717571763178108,0.012335163253623362
762,3.1144364000000007,-0.21818360979181112,-1.3344505912689244,0.07526997366052451,0.04037714473949472,0.0738798967697578,-0.29860526322775716,-1.3699227552474968,0,0.0037538000000000003,1,Shared Control,0.01,Good Visuals,-0.4829940772959942,-0.11218901742440597,0.0,5.705785223793871,1.0050184513135667,-2.535294373920398,-1.3068227771372518,0.019547318125819634,0.2402692160314679,0.008462792867029913,31.27175717631781,0.9876648367463766,-1.2676665001536038,0.012296983207159922
763,3.117786200000001,-0.22336723767023425,-1.337605120052935,0.0752380255575229,0.03231763519456177,0.07849653309532767,-0.3031866804339928,-1.3653907207662486,0,0.0033498,1,Shared Control,0.01,Good Visuals,-0.46999917604038266,-0.11146184079624571,0.0,5.705064206071498,1.0050027999648898,-2.533826578234315,-1.3053549814511687,0.03880854290712186,0.409746995165845,0.008444464386535164,31.267666500153602,0.9877030167928401,-1.2593701745853148,0.012217277733394176
764,3.1214557999999997,-0.2276083877525805,-1.3379355516137474,0.07557829268141228,0.027455169152501124,0.08649963113999505,-0.30818775631115575,-1.3602593525976796,0,0.0036696000000000003,1,Shared Control,0.01,Good Visuals,-0.46160444180550864,-0.11058626793973711,0.0,5.703580751954963,1.0049710390316766,-2.5319849890405166,-1.3035133922573703,0.04915642794805762,0.5408961711159588,0.008386168826516485,31.259370174585314,0.9877827222666058,-1.2492460958463985,0.012121306621779921
765,3.1254162,-0.23279201563100366,-1.329508320658792,0.07539574068015209,0.030751031938887508,0.12955686208236677,-0.31356364281194876,-1.3545271313097127,0,0.0039604,1,Shared Control,0.01,Good Visuals,-0.45852157334215327,-0.1094648983184853,0.0,5.701782510113974,1.0049322892074883,-2.5296128198144157,-1.3011412230312696,0.05294083436658798,0.5886860299039176,0.00835792132489453,31.2492460958464,0.9878786933782201,-1.2363075214436117,0.011998393847266637
766,3.128805400000001,-0.23797564350942682,-1.3234297109900388,0.07558799930252194,0.031097420319673885,0.15874515376734918,-0.31814586519578847,-1.3494626733104407,0,0.0033892,1,Shared Control,0.01,Good Visuals,-0.46061784130642414,-0.10858833224957434,0.0,5.699481900565213,1.004882762360619,-2.527458591226311,-1.2989869944431647,0.04712358951405592,0.6071841337424368,0.008253187087199734,31.23630752144361,0.9880016061527334,-1.2260030426372777,0.011902313870127811
767,3.1323676000000003,-0.24205971395909356,-1.3277367946284941,0.0760861512366949,0.02172587868194653,0.15768861349810154,-0.32294320847426394,-1.343982783179206,0,0.0035622,1,Shared Control,0.01,Good Visuals,-0.46192324480498864,-0.10779885945766526,0.0,5.6976664734583755,1.0048433298322546,-2.5253052113627743,-1.2968336145796282,0.043629355193636116,0.6254915803109355,0.008207974782342847,31.226003042637277,0.9880976861298721,-1.2167833007176079,0.011815780144389844
768,3.1357683000000005,-0.2472433418375167,-1.3277716792708514,0.07569986663674724,0.016211103908354563,0.19025902361173802,-0.3275045831687289,-1.338602329482338,0,0.0034007000000000004,1,Shared Control,0.01,Good Visuals,-0.455219859226622,-0.10680229439625194,0.0,5.696036854999557,1.0048080423774985,-2.522793571587516,-1.2943219748043702,0.05272133007365688,0.7032844553126418,0.008202000323839139,31.21678330071761,0.9881842198556101,-1.2052928800708238,0.011706547136503851
769,3.1408267,-0.2565110401656066,-1.3185047536925463,0.07099354300312227,0.020097575789791655,0.2665896417020264,-0.3342549862091317,-1.330332115520224,0,0.0050584,1,Shared Control,0.01,Good Visuals,-0.44942353343767083,-0.10467708276307913,0.0,5.69168318935597,1.004714266756949,-2.517029183055737,-1.2885575862725915,0.054968221456354424,0.8138225375783374,0.00805023214848427,31.192288962488714,0.9884167134388512,-1.1806202928910938,0.01147360373112644
770,3.1463588,-0.26028095134991436,-1.3160046330571251,0.07397403485921733,0.014327482463098784,0.28991911753264477,-0.34158867069924115,-1.3209255266571562,0,0.005532100000000001,1,Shared Control,0.01,Good Visuals,-0.42411764321233336,-0.10335324531461235,0.0,5.689619122260614,1.0046695977628137,-2.5126127231655424,-1.2841411263823967,0.07790806474433341,1.284638846445473,0.007431396976582048,31.180620292891092,0.9885263962688735,-1.1653993084623586,0.011328498557317651
771,3.1497984,-0.2654645792283375,-1.3073443685254476,0.07612409147090365,0.013581158131708682,0.34478465247669504,-0.34612178460325793,-1.314888336487197,0,0.0034396,1,Shared Control,0.01,Good Visuals,-0.4350770650476124,-0.1021358742083083,0.0,5.6869077764156915,1.0046113119283382,-2.5087975392040907,-1.2803259424209448,0.06606985080630295,1.06614055091572,0.007645456571716374,31.16539930846236,0.9886715014426823,-1.1512428577721914,0.01119506310708573
772,3.153418200000001,-0.26954864967800424,-1.300636858245807,0.0765731349252537,0.014251478241390059,0.39256665840890165,-0.3508696859700474,-1.308380199206707,0,0.0036198000000000003,1,Shared Control,0.01,Good Visuals,-0.4463628469561264,-0.10121594571371599,0.0,5.684400163416806,1.0045571096851134,-2.505694811259745,-1.2772232144765991,0.05057198802970672,0.9035054146197457,0.007775000630693971,31.151242857772193,0.9888049368929143,-1.1404592090441459,0.011094230195723333
773,3.1576693000000002,-0.2745751979237479,-1.2905470770751912,0.07629448804629951,0.017833122131515777,0.46604338678782153,-0.356415144985959,-1.3005363566995467,0,0.0042511,1,Shared Control,0.01,Good Visuals,-0.44944248380206603,-0.1002894386622752,0.0,5.682497507927809,1.0045158244367307,-2.5022158572647473,-1.2737442604816014,0.043831268089331854,0.8768630107114497,0.007750422267723528,31.140459209044145,0.9889057698042767,-1.1297309990325213,0.010992676211969447
774,3.160706600000001,-0.2797588258021711,-1.286994895301543,0.0766563191837879,0.013541461398003607,0.5180284511457733,-0.3603565810237594,-1.2948005657076713,0,0.0030373,1,Shared Control,0.01,Good Visuals,-0.4513108632145932,-0.09960498196047729,0.0,5.680593101594939,1.0044747407079007,-2.4990052053225154,-1.2705336085393693,0.036023867558134415,0.8969554245654665,0.0076515313791890435,31.12973099903252,0.9890073237880306,-1.1217095943870043,0.010917653248391855
775,3.1644251000000008,-0.28368581661915826,-1.2961551112625063,0.07667076440460113,-0.0013545455548349405,0.5335391627100119,-0.3651580161287066,-1.2876304480305225,0,0.0037185,1,Shared Control,0.01,Good Visuals,-0.4489464918417942,-0.09894967801202378,0.0,5.67917761315889,1.004444027589874,-2.4957450000184656,-1.2672734032353197,0.035738792004178614,0.9483405969078058,0.0076353512894577836,31.121709594387003,0.9890823467516081,-1.1141145536116488,0.01084582570381827
776,3.1678546,-0.28855528523222246,-1.293641051990549,0.07660273089648412,-0.006010603960026506,0.6089821837135552,-0.36956239908349403,-1.2808745306721656,0,0.0034295000000000003,1,Shared Control,0.01,Good Visuals,-0.43396304009086567,-0.09792468438853741,0.0,5.677829995099879,1.0044149404635745,-2.491722202144799,-1.2632506053616532,0.05359635503660443,1.1223384966845682,0.007586547450771017,31.11411455361165,0.9891541742961817,-1.1024101767512584,0.01073347665517854
777,3.1714509,-0.29248227604920973,-1.2808467360893014,0.0770801230342843,2.7794582864171247e-05,0.7055031562343895,-0.3741558511532342,-1.273643989923855,0,0.0035963,1,Shared Control,0.01,Good Visuals,-0.42874014625685963,-0.09691455235691894,0.0,5.6757378240126934,1.0043701024271845,-2.4875779008000594,-1.2591063040169137,0.0550514735152421,1.2040037607098837,0.00750129824633827,31.10241017675126,0.9892665233448215,-1.0907307505603048,0.010622756578338608
778,3.175202800000001,-0.2987654613563893,-1.268820896066787,0.07539038979684487,0.004823093857067917,0.8032676032457391,-0.3789200391705844,-1.2659428330617837,0,0.0037519000000000003,1,Shared Control,0.01,Good Visuals,-0.43735455643480603,-0.09598377192837305,0.0,5.6736629939686525,1.0043253670302736,-2.482537297099728,-1.2540657003165825,0.038199338771826276,1.1095808092654913,0.007470185619483899,31.090730750560304,0.9893772434216614,-1.079946265149477,0.010520734191814953
779,3.1791772,-0.30253537254069707,-1.259070532287717,0.07638466662988735,0.006872300774066753,0.9272797687396781,-0.38393490448153256,-1.2576111097552536,0,0.0039744,1,Shared Control,0.01,Good Visuals,-0.43243913280756424,-0.09534509350941629,0.0,5.671749113979917,1.0042840587915491,-2.4782396444207193,-1.2497680476375737,0.03542515822767461,1.2508448335202438,0.007236253979851501,31.079946265149477,0.989479265808185,-1.072456212412409,0.010450728963380016
780,3.1828777000000006,-0.30756192078644073,-1.2512263108159778,0.07637298369509182,0.006384798939275793,1.063747418336804,-0.38857409378539687,-1.2496945423887074,0,0.0037005000000000002,1,Shared Control,0.01,Good Visuals,-0.4400352801819909,-0.09498215108929267,0.0,5.670427774445069,1.0042553737161564,-2.474118775531431,-1.2456471787482852,0.01904492204123489,1.149443220353235,0.0072829031825122,31.07245621241241,0.9895492710366199,-1.0681572462009772,0.010410947022617112
781,3.1863787000000006,-0.3113318319707485,-1.2480871302642842,0.07724226181464838,0.0016074121244231687,1.1848063201862038,-0.39293595851446833,-1.2420651495715596,0,0.003501,1,Shared Control,0.01,Good Visuals,-0.43942171256552326,-0.09478252297166966,0.0,5.669673071241416,1.0042389118409312,-2.470060711792232,-1.241589115009086,0.011009218406958617,1.1894550339124592,0.0072540702764672975,31.068157246200975,0.9895890529773829,-1.0657881095727177,0.010389065882498015
782,3.1908027000000008,-0.3201282914007999,-1.228512940633079,0.07280766711366843,0.013552208938480526,1.4871175134209504,-0.398409183385658,-1.2322324832469917,0,0.004424,1,Shared Control,0.01,Good Visuals,-0.4383220098844573,-0.09476799907001397,0.0,5.669061731243223,1.0042255437665777,-2.461664784616295,-1.233193187833149,-0.005011674353416212,1.236347896357918,0.007251049851663384,31.064666000426932,0.9896211915081206,-1.065510300100885,0.01038747392475685
783,3.196579,-0.3237411229524282,-1.2292169529718278,0.07466806043322982,0.003015530275163991,1.5918228915641013,-0.40548910302547186,-1.2190763851740762,0,0.005776300000000001,1,Shared Control,0.01,Good Visuals,-0.4263720451695258,-0.09481909618052656,0.0,5.669217861948735,1.00422878245745,-2.4571282752927597,-1.2286566785096138,-0.0033105111760240633,1.4897735127041019,0.006899836929318016,31.065510300100886,0.9896125260752432,-1.0661095664404605,0.010393074653993391
784,3.1998174000000006,-0.32876767119817185,-1.2389083788177069,0.07672143182730001,-0.01983199364363064,1.6684171754289876,-0.4094247956524777,-1.2115453880954314,0,0.0032384000000000002,1,Shared Control,0.01,Good Visuals,-0.42634568481987245,-0.09496233077405718,0.0,5.669323578862457,1.0042310776240162,-2.451982370374207,-1.223510773591061,-0.007728818376257442,1.4432491708183104,0.007079958003831788,31.06610956644046,0.9896069253460066,-1.0677265176561552,0.010408774527579656
785,3.2033889,-0.33253758238247955,-1.2531573165696233,0.07688721326999814,-0.04161192847419182,1.725956927059592,-0.4137368100814989,-1.2031122304212014,0,0.0035715,1,Shared Control,0.01,Good Visuals,-0.415064898277292,-0.09489344353811013,0.0,5.669614280620097,1.004237274288645,-2.4467470423869506,-1.2182754456038047,0.0037715907504974238,1.5297688651656358,0.007285645986643342,31.067726517656155,0.9895912254724204,-1.0670136796152518,0.010401223831414595
786,3.207718100000001,-0.3372499713628642,-1.24458809321911,0.07648683871863465,-0.0414758627979086,1.8631213633656485,-0.41892288266004707,-1.1927128765324941,0,0.0043292,1,Shared Control,0.01,Good Visuals,-0.3941224039674987,-0.0943231584195927,0.0,5.669480284304134,1.004234538367056,-2.4398063012417475,-1.2113347044586016,0.02685954161417564,1.7460544754102107,0.007296092431239201,31.06701367961525,0.9895987761685854,-1.0606297158121047,0.010338715159115833
787,3.210672800000001,-0.34227651960860794,-1.2342286313995159,0.07664636305143913,-0.04151575486702175,1.9689066082399007,-0.4224363650184807,-1.1855052360133094,0,0.0029547,1,Shared Control,0.01,Good Visuals,-0.3919019871565983,-0.09394223516511553,0.0,5.668327695018597,1.0042100693504907,-2.4334346226636807,-1.204963025880535,0.020032690718275563,1.7805942818205258,0.007214480205471613,31.060629715812105,0.9896612848408841,-1.0561656030889306,0.01029696234791327
788,3.214370200000001,-0.34588935116023617,-1.2374793590690907,0.07654701385824453,-0.05197412305578131,2.019290090982036,-0.4268027907826221,-1.176361750241933,0,0.0036974000000000004,1,Shared Control,0.01,Good Visuals,-0.3927064902944933,-0.093732338812535,0.0,5.667539883599807,1.0041929712212732,-2.4273162791562974,-1.198844682373152,0.011496029593169492,1.784345856508823,0.0072003306623291165,31.05616560308893,0.9897030376520868,-1.0536777858669968,0.010273955711593756
789,3.2177869,-0.3506017401406209,-1.230970072358288,0.07620105064200122,-0.05460832211635491,2.1223439042548966,-0.4308074574817046,-1.1677912510859938,0,0.0034167000000000004,1,Shared Control,0.01,Good Visuals,-0.3816082786555236,-0.09332132621044888,0.0,5.667103270053897,1.0041834440839006,-2.4205605139522706,-1.192088917169125,0.021695713085719645,1.8946001469591751,0.007174930638048788,31.053677785866995,0.9897260442884063,-1.0490143159403256,0.010228904821748947
790,3.2213824000000013,-0.35437165132492865,-1.2196117637463275,0.07643580615677598,-0.05182051266033372,2.224757995804937,-0.4349898518985097,-1.158648218200301,0,0.0035955,1,Shared Control,0.01,Good Visuals,-0.37693969954234424,-0.09296154283726511,0.0,5.6662669733405275,1.0041655725557121,-2.4138336887875558,-1.1853620920044103,0.019828306624439407,1.9602591108272005,0.007111183104541131,31.049014315940326,0.989771095178251,-1.0448479914924673,0.010189469142572622
791,3.225348500000001,-0.3590840403053133,-1.2021602811495882,0.07590581159319637,-0.04351206294928711,2.3449616686900994,-0.439564928230082,-1.1484172853491885,0,0.0039661,1,Shared Control,0.01,Good Visuals,-0.3810136037946355,-0.09279936817811543,0.0,5.6655273647849125,1.0041496111211727,-2.4061771318040552,-1.17770553502091,0.007592992893524971,1.901824929456848,0.007105590468344023,31.044847991492468,0.9898105308574274,-1.042902996961469,0.01017169325767788
792,3.228811800000001,-0.363796429285698,-1.1918495408371017,0.07576849894438398,-0.043432255487913185,2.4332765399450103,-0.44352659116730425,-1.1393603083971262,0,0.0034633000000000003,1,Shared Control,0.01,Good Visuals,-0.3863283935867172,-0.09295999792779404,0.0,5.66518796910104,1.0041421636761294,-2.3995539027875443,-1.171082306004399,-0.008552062379069818,1.8594129748767108,0.007044011356895693,31.04290299696147,0.9898283067423221,-1.0446301625216572,0.01018929980580278
793,3.2324876000000007,-0.3672521812046468,-1.1914951997774423,0.07627440996265744,-0.05213489138031613,2.493785709768321,-0.44769679604062473,-1.1296239319118675,0,0.0036758000000000003,1,Shared Control,0.01,Good Visuals,-0.38565445753117156,-0.09322537203455629,0.0,5.665506249304842,1.0041487886996834,-2.393096939899711,-1.1646253431165658,-0.014717534603698176,1.884914434794882,0.007043439504862,31.044630162521656,0.9898107001941973,-1.0476468857201138,0.010218387331564108
794,3.2357796000000008,-0.37180749055235196,-1.1808786629396528,0.07588930548827277,-0.05125473102778533,2.603714773978916,-0.451401017239235,-1.1207975536595063,0,0.0032920000000000002,1,Shared Control,0.01,Good Visuals,-0.3798225801855867,-0.09344165363365768,0.0,5.666046727121316,1.0041603494392963,-2.38619731933338,-1.1577257225502346,-0.011391669903670252,1.923882710964258,0.007110710245485007,31.047646885720113,0.9897816126684359,-1.050158208861787,0.010242093851624858
795,3.240907100000001,-0.37997563145168545,-1.1418527866849144,0.07142538578754953,-0.021055233025408127,2.8475868265403945,-0.4571122571460138,-1.1068525888114171,0,0.0051275,1,Shared Control,0.01,Good Visuals,-0.38890984205668205,-0.09459292459594507,0.0,5.66718725959181,1.004184856182452,-2.372201413442761,-1.1437298166596155,-0.039656219790467094,1.8310584266528576,0.007140407974883184,31.054042909423018,0.989720521509427,-1.0632038128517232,0.010368284097472032
796,3.2466033000000003,-0.386887135289583,-1.1385491290520253,0.07022512185643076,-0.031696540240608195,2.9857705778441903,-0.4633723388631061,-1.0910847314858136,0,0.0056962,1,Shared Control,0.01,Good Visuals,-0.3917638501101618,-0.09624225362069021,0.0,5.670287961434992,1.004251372646875,-2.3605488991498844,-1.1320773023667392,-0.06166538315807384,1.87543113564403,0.007021824012700131,31.07140302502242,0.9895541590559046,-1.0821800127915568,0.010549066243407472
797,3.2527124,-0.3903428872085318,-1.1435874524121974,0.0730294516545743,-0.05250272092638375,3.045662182363631,-0.4699854306269048,-1.0738586490462123,0,0.0061091,1,Shared Control,0.01,Good Visuals,-0.3664992011119373,-0.09679402224938395,0.0,5.672212356138589,1.004292662599965,-2.3537241586719166,-1.1252525618887717,-0.03683527628384656,2.226451074272554,0.006758623988250484,31.082180012791557,0.9894509337565925,-1.088703415263404,0.010609545332333057
798,3.2574636000000012,-0.39913934663858325,-1.13569124850246,0.07084608398832154,-0.06183259945624764,3.156729458596935,-0.47505527410225357,-1.060241468273063,0,0.0047512000000000006,1,Shared Control,0.01,Good Visuals,-0.3627443408101132,-0.0981515770120085,0.0,5.674713194168365,1.0043467581488321,-2.33741210556168,-1.1089405087785345,-0.03798487189419509,2.1275791837006874,0.007348291844536688,31.09630410333177,0.9893179339072692,-1.1043303661270096,0.010758346244419148
799,3.2631921000000013,-0.40259509855753195,-1.1428164741720697,0.07246017554472162,-0.08257500589900668,3.142544608487013,-0.4810812556306969,-1.0435737980482092,0,0.0057285,1,Shared Control,0.01,Good Visuals,-0.3400290781352677,-0.09844417600121298,0.0,5.676140829260255,1.004377502000208,-2.3289441050472344,-1.1004725082640892,-0.017421094121983248,2.478414995301109,0.006953654868578963,31.10433036612701,0.9892416537555808,-1.1078747578181773,0.010790417876199897
800,3.2668563000000006,-0.4068362486398782,-1.1412298616666867,0.07424500699081871,-0.09765606361847756,3.1666492389800194,-0.48488536272995364,-1.0327725736618938,0,0.0036642000000000003,1,Shared Control,0.01,Good Visuals,-0.32840115882055376,-0.09847648050909295,0.0,5.6767562875280335,1.004391067192493,-2.3198315716466555,-1.0913599748635106,-0.0017961339507796764,2.539229637634428,0.007133282274403363,31.107874757818177,0.9892095821238001,-1.108356342593793,0.010793958757473621
801,3.270368600000001,-0.409977841293468,-1.1223680596005106,0.07490752143648566,-0.08959548593861677,3.2391154446413912,-0.48849443996884906,-1.0223188274426496,0,0.0035123000000000003,1,Shared Control,0.01,Good Visuals,-0.3233913984616125,-0.0984307248193186,0.0,5.67683232787194,1.0043929047779745,-2.311149348223765,-1.0826777514406198,0.002616910340772675,2.54245319713339,0.007311386983828829,31.108356342593794,0.9892060412425264,-1.1078608338318932,0.010788943498745943
802,3.2746043,-0.4156327080699296,-1.0989454352362933,0.07286173189891948,-0.07662660779364372,3.3279631187564713,-0.4927977541263584,-1.0095838972943756,0,0.0042357,1,Shared Control,0.01,Good Visuals,-0.3352417242886287,-0.09886135270848456,0.0,5.676741350933677,1.0043910047820153,-2.3002949109683772,-1.0718233141852322,-0.018194189354745434,2.3723471730095,0.007373201629411929,31.107860833831893,0.9892110565012541,-1.1126470907996353,0.010836144410592566
803,3.2782815999999997,-0.41877430072351945,-1.0830810958334083,0.07402345340283895,-0.0734971985390327,3.4274563713336645,-0.49648979533852594,-0.9984164379005408,0,0.0036773,1,Shared Control,0.01,Good Visuals,-0.3367159131540115,-0.09939244608284958,0.0,5.677608582854243,1.004409348828082,-2.2920123519927285,-1.0635407552095837,-0.030570395282044388,2.404714739032217,0.007203209376210119,31.112647090799634,0.9891638555894074,-1.1187439515633968,0.010894357295025761
804,3.281785300000001,-0.4230154508058656,-1.0705503224921031,0.07347434453266033,-0.07213388459156234,3.546392609024079,-0.49996916810138886,-0.9876817536658454,0,0.0035037000000000002,1,Shared Control,0.01,Good Visuals,-0.34653366358928883,-0.10030790599463418,0.0,5.6786955217278425,1.0044327024660213,-2.2839320026982812,-1.0554604059151365,-0.04983707991272222,2.2548133983835448,0.007357372101207999,31.118743951563395,0.9891056427049743,-1.129174437126225,0.010994700407217011
805,3.285417800000001,-0.4259999638267759,-1.0565869534629266,0.07396920427461295,-0.0689051997970812,3.6733879254728916,-0.5035365642735407,-0.9764570176906993,0,0.0036325000000000003,1,Shared Control,0.01,Good Visuals,-0.3449190569960729,-0.10131005822463059,0.0,5.680562032208884,1.0044726595254951,-2.2760934075435286,-1.0476218107603839,-0.05758606274372822,2.2923220221531473,0.007370057644399457,31.129174437126224,0.9890052995927829,-1.1407324125659377,0.01110454582191268
806,3.2890516000000005,-0.4302411139091222,-1.0414510502847691,0.07329545036441848,-0.06499403259406988,3.8021602743871212,-0.5070642676469436,-0.9651329376300528,0,0.0036338000000000004,1,Shared Control,0.01,Good Visuals,-0.35112227769978543,-0.10270329899649916,0.0,5.682617802872248,1.004516924401344,-2.2680458675862245,-1.0395742708030797,-0.07424132299734702,2.1979406667679315,0.007493824391890632,31.14073241256594,0.9888954541780873,-1.156699222957671,0.01125725825997947
807,3.292762700000001,-0.4341681047261094,-1.0368475789830858,0.07289616292083417,-0.07171464135303296,3.8820471805769867,-0.5106243640057866,-0.9534715368618368,0,0.0037111,1,Shared Control,0.01,Good Visuals,-0.3514272620013185,-0.10440349727633817,0.0,5.685466699910278,1.0045780773182347,-2.25932922025959,-1.030857623476445,-0.0852552623070356,2.2212546064509153,0.007527684553859934,31.15669922295767,0.9887427417400205,-1.176265123994058,0.011443616160030694
808,3.2966088000000013,-0.43730969737969916,-1.0305892205817893,0.07331466662608743,-0.07711768371995242,3.964254456687271,-0.5142681085353576,-0.9412852500387411,0,0.0038461000000000003,1,Shared Control,0.01,Good Visuals,-0.342654332595089,-0.1058002265773751,0.0,5.688950498980007,1.0046530034563352,-2.2514377023139995,-1.0229661055308548,-0.08126223981689391,2.3185797231138294,0.007610614346960814,31.176265123994057,0.9885563838399694,-1.1925908156152878,0.01159671097406962
809,3.2998379,-0.44107960856400696,-1.0131362766317944,0.07318849997135068,-0.07185102659305331,4.070624353161965,-0.5172909874326214,-0.930976409504628,0,0.0032291000000000004,1,Shared Control,0.01,Good Visuals,-0.3398136535202797,-0.10732271200533972,0.0,5.691835001223794,1.0047154990612381,-2.243115576885356,-1.014643980102211,-0.08397404351646494,2.3293006685635205,0.007756708340484771,31.192590815615286,0.9884032890259303,-1.2102081727243261,0.011763589855538045
810,3.303367100000001,-0.44422120121759673,-0.9988937042342783,0.07306978621502463,-0.06791729472965025,4.142850153943696,-0.5205565920629098,-0.9196302611492846,0,0.0035292,1,Shared Control,0.01,Good Visuals,-0.34461112857740045,-0.10904713592783678,0.0,5.694963210215341,1.004782945958188,-2.2352735446069363,-1.0068019478237915,-0.0990483853111216,2.283643645433747,0.007854788304528083,31.210208172724325,0.988236410144462,-1.2301475767227,0.011952603116406111
811,3.3076680000000014,-0.4483052716672634,-0.9871612299037646,0.07225132039564641,-0.06753096875448006,4.209705586214536,-0.524481902599978,-0.9056937159271677,0,0.0043009,1,Shared Control,0.01,Good Visuals,-0.3481412160575449,-0.11127175666253696,0.0,5.698504967826809,1.004859277132273,-2.226339347707138,-0.9978677509239934,-0.11012865425837595,2.2399330340967167,0.007968050909607765,31.2301475767227,0.9880473968835939,-1.2557839124097985,0.012196442704673658
812,3.3106917000000013,-0.4519181032188917,-0.9839166101055139,0.07256379938108626,-0.07822289417834616,4.245676314723842,-0.5272055437378499,-0.8958253971919565,0,0.0030237000000000003,1,Shared Control,0.01,Good Visuals,-0.34418831700689595,-0.1132874976489654,0.0,5.703066219644929,1.0049574131387755,-2.21810256213468,-0.9896309653515355,-0.11246802593429069,2.3018068333495108,0.008039531341611362,31.255783912409797,0.9878035572953263,-1.2793381447762733,0.01241738708612166
813,3.3143484,-0.454902616239802,-0.9808910880084319,0.0723029274980479,-0.08506569081647541,4.283293646894103,-0.5304593748805275,-0.8838153124747614,0,0.0036567,1,Shared Control,0.01,Good Visuals,-0.3355204319109284,-0.11511455695145696,0.0,5.707228166077604,1.0050475449702139,-2.209868771899687,-0.9813971751165426,-0.10574062420973564,2.393265386290242,0.008220571251784806,31.279338144776272,0.9875826129138784,-1.3007187222956689,0.01261765016068119
814,3.3178154000000006,-0.45882960705678927,-0.9740319082831561,0.07162976782373826,-0.0902165958083947,4.323178958710763,-0.5335037138856678,-0.872353213612834,0,0.003467,1,Shared Control,0.01,Good Visuals,-0.32742023041025736,-0.11690302651614,0.0,5.711003233785348,1.0051293479495476,-2.2010224272662473,-0.9725508304831029,-0.09983332276036756,2.4684947494041727,0.008323119465231099,31.30071872229567,0.9873823498393188,-1.3216008073373062,0.012813683432995415
815,3.321450800000001,-0.46149996081234057,-0.9673877468656973,0.07200375307332718,-0.09503453325286326,4.349052557106125,-0.5366531042688361,-0.8602577148216823,0,0.0036354000000000004,1,Shared Control,0.01,Good Visuals,-0.3186556701748412,-0.11850151454137357,0.0,5.71469429852208,1.0052092389358114,-2.1921944384597865,-0.9637228416766421,-0.09442010173503582,2.5803778809951994,0.008373736647243425,31.321600807337305,0.9871863165670046,-1.3403572500830385,0.012988892921895595
816,3.3255356000000003,-0.4652698719966483,-0.9464126117100835,0.07138323227218774,-0.08615489688840117,4.43198739348256,-0.5401391732494973,-0.846575668549542,0,0.0040848,1,Shared Control,0.01,Good Visuals,-0.3161811575381033,-0.12038331551661545,0.0,5.718001479630366,1.005280983702234,-2.181903741480373,-0.9534321446972285,-0.09465824644471743,2.572481308755269,0.008532553791852353,31.340357250083038,0.9870111070781044,-1.3622118098388596,0.013195156204372052
817,3.328787,-0.4690397831809561,-0.9336604342166503,0.07109939006854121,-0.08708476566710832,4.470597489859647,-0.5428739310085658,-0.8356177181137734,0,0.0032514,1,Shared Control,0.01,Good Visuals,-0.32182881700201277,-0.12232372902599767,0.0,5.721874541296913,1.0053645879688058,-2.1729735009148476,-0.9445019041317034,-0.11051503403855041,2.510045692710395,0.008593350173218623,31.36221180983886,0.9868048437956279,-1.384878967137891,0.013407843977984984
818,3.3325111000000014,-0.4715530573038279,-0.9323538526572053,0.07132087370473794,-0.09673613454343188,4.47875123291655,-0.545962374499862,-0.8229951417224783,0,0.0037241,1,Shared Control,0.01,Good Visuals,-0.3195470811726274,-0.12423795806151774,0.0,5.725879926818676,1.0054512813939258,-2.164221894716737,-0.9357502979335931,-0.11338558386826865,2.5477747301631326,0.008697142524657945,31.38487896713789,0.986592156022015,-1.4073081902034745,0.013617661684252973
819,3.3357805999999997,-0.47532296848813566,-0.921406290760098,0.0706394060117263,-0.0984111490376196,4.5340484412562105,-0.5486349562475598,-0.8118519579514039,0,0.0032695000000000003,1,Shared Control,0.01,Good Visuals,-0.3113852304670685,-0.12609510490990083,0.0,5.729837235607748,1.0055370500538672,-2.1548961553220702,-0.9264245585389265,-0.10532053452270183,2.6027740426086066,0.008860759716240035,31.407308190203473,0.9863823383157471,-1.4291088791989917,0.013821222639969382
820,3.340795100000001,-0.48144907416263577,-0.891372651986553,0.06718588208492399,-0.07952069403514916,4.623361425604824,-0.5526629198889544,-0.7946530049808659,0,0.005014500000000001,1,Shared Control,0.01,Good Visuals,-0.30707444597380323,-0.1300188821850693,0.0,5.7375177343604875,1.0057036274353044,-2.135235214780672,-0.9067636179975282,-0.1115775874427078,2.6320933285632884,0.009038601564009532,31.450878234000026,0.9859754562466411,-1.4750663749524688,0.014251305943746366
821,3.346625600000001,-0.48427650755086654,-0.8789989104559114,0.0683864123380879,-0.0843459054750455,4.644106777276474,-0.5572374629844818,-0.7744959585045104,0,0.005830500000000001,1,Shared Control,0.01,Good Visuals,-0.30578559957069296,-0.13168441042140341,0.0,5.741789661954784,1.005796096026071,-2.1271710296104613,-0.8986994328273176,-0.11847717105780789,2.668934360486753,0.00873543328729969,31.47506637495247,0.9857486940562536,-1.4948675888484175,0.014433863677323557
822,3.349976100000001,-0.48773225946981535,-0.8895864165886868,0.06950520351466649,-0.1150904580841764,4.578025608169647,-0.5598128965574899,-0.7628379544335159,0,0.0033505,1,Shared Control,0.01,Good Visuals,-0.30805641789854543,-0.13379268809924216,0.0,5.745257993514127,1.0058717581697922,-2.117787482052894,-0.8893158852697501,-0.12491049382034261,2.6303603626078877,0.009005424389576093,31.494867588848418,0.9855661363226764,-1.5194465381630058,0.014664950960157476
823,3.3534846,-0.4902455335926872,-0.8972477551971254,0.0695673629648027,-0.13440980076360953,4.539035825589642,-0.562467815533005,-0.750573640764275,0,0.0035085000000000003,1,Shared Control,0.01,Good Visuals,-0.28385040612668755,-0.13530756497094848,0.0,5.74960491978505,1.0059657062727256,-2.107907377543115,-0.8794357807599712,-0.09257009408483052,2.8852917413132406,0.009299288015112124,31.519446538163006,0.9853350490398425,-1.5376219453438338,0.014830995871503985
824,3.357666,-0.493701285511636,-0.8811755653214854,0.06876653002136895,-0.13060192455721042,4.575416433800528,-0.5655755794642482,-0.7358837967358975,0,0.0041814,1,Shared Control,0.01,Good Visuals,-0.2649843417890077,-0.13660519810778063,0.0,5.752774083116133,1.0060351264373906,-2.095750112792932,-0.8672785160097882,-0.06840335116798188,3.050909644193684,0.009412990484217596,31.537621945343833,0.9851690041284961,-1.553056706436705,0.01497322880355931
825,3.360816700000001,-0.49684287816522577,-0.8621843825932387,0.06873270129902243,-0.12630058585734116,4.591441762458862,-0.5678766220274711,-0.7247638121570802,0,0.0031507,1,Shared Control,0.01,Good Visuals,-0.2643863420026392,-0.13786210377057803,0.0,5.75547676512075,1.006094084745047,-2.0848288148955625,-0.8563572181124186,-0.07414844592027503,3.0352114661135117,0.00939386545675375,31.553056706436706,0.9850267711964407,-1.5679183104284056,0.015110997617149449
826,3.3644871,-0.4991990726554181,-0.8447388083982164,0.06867754937205306,-0.11997499624113617,4.604138695841046,-0.5705129404300285,-0.7117558989183367,0,0.0036704000000000003,1,Shared Control,0.01,Good Visuals,-0.2686914090508147,-0.13921844841947092,0.0,5.758086678472597,1.0061508567985484,-2.074732837106792,-0.8462612403236479,-0.08461624306436466,2.9689686189591646,0.009475634798917974,31.567918310428407,0.9848890023828506,-1.5838820101032351,0.015259665889262588
827,3.367810500000001,-0.5026548245743668,-0.82714288220037,0.0678581158556617,-0.11538698328203334,4.624834111128199,-0.5728587503261824,-0.6999293332930672,0,0.0033234000000000002,1,Shared Control,0.01,Good Visuals,-0.2749239900077005,-0.14084766810208454,0.0,5.7608964707259425,1.0062118405507803,-2.06449002157043,-0.836018424787286,-0.09654026732749414,2.8631210444058457,0.009561181864828837,31.583882010103235,0.9847403341107374,-1.6029796025487606,0.015438243860064172
828,3.3713996,-0.5050110190645593,-0.819940198843736,0.06784773126162313,-0.12001086555066887,4.6093631705338005,-0.5753478719982136,-0.6871071690478121,0,0.0035891,1,Shared Control,0.01,Good Visuals,-0.27503996608541387,-0.14249683255965395,0.0,5.764264571387706,1.0062847967755024,-2.0546105951789353,-0.8261389983957913,-0.10269032423860634,2.8706745289829207,0.009557657380071041,31.60297960254876,0.9845617561399358,-1.6224735396276249,0.015619007967872146
829,3.3753463000000004,-0.5083096913508285,-0.8089721675961569,0.06703818064738509,-0.12186499854834476,4.626693540840213,-0.5780317592568015,-0.6729493794423631,0,0.0039467,1,Shared Control,0.01,Good Visuals,-0.2705505207371025,-0.14434014627219052,0.0,5.767688285916354,1.0063592453265906,-2.043085549402007,-0.8146139526188633,-0.09903256514433198,2.885878850392646,0.00966808680113991,31.622473539627624,0.9843809920321278,-1.6441838638572555,0.015821052680349133
830,3.3788166000000004,-0.5114512840044183,-0.8031563458099938,0.0665804752523832,-0.13020696636763074,4.621079145812205,-0.5803454235378084,-0.6604519822431945,0,0.0034703000000000004,1,Shared Control,0.01,Good Visuals,-0.26426132326670976,-0.1459256246018783,0.0,5.771507990017667,1.0064421567876591,-2.032584263709226,-0.8041126669260821,-0.09648910528497837,2.9421134936209254,0.009676300800465096,31.644183863857254,0.9841789473196508,-1.6631275287606704,0.015994836182897623
831,3.382483800000001,-0.5142787173926491,-0.813979498384164,0.0660667061451593,-0.1535275161409695,4.552254521762421,-0.5827431449488566,-0.6471978322446391,0,0.0036672000000000002,1,Shared Control,0.01,Good Visuals,-0.25343488648785967,-0.1472824058845057,0.0,5.774817328718784,1.0065144700776556,-2.022076767661306,-0.7936051708781617,-0.08647914602565124,3.056014905017103,0.00971579743749392,31.663127528760672,0.9840051638171023,-1.6793658723513456,0.016143552314220367
832,3.385950000000001,-0.516477832250162,-0.8107405367432905,0.06626531269869462,-0.16354270449865138,4.543975369790405,-0.5849646869663797,-0.6346266621899086,0,0.0034662,1,Shared Control,0.01,Good Visuals,-0.22717323280829618,-0.14812005489671556,0.0,5.777651663707168,1.0065764479967194,-2.0102230618531274,-0.7817514650699835,-0.05222318510128987,3.3248361405189875,0.00973046342992372,31.679365872351347,0.9838564476857796,-1.6896326125422054,0.016235366611850523
833,3.3908213000000007,-0.5218185397612646,-0.7697389853103827,0.06314614720511513,-0.13511232312047405,4.568813265650254,-0.5880129776278534,-0.6168909172190593,0,0.0048713,1,Shared Control,0.01,Good Visuals,-0.22282971440786634,-0.14967933995282598,0.0,5.780885930066295,1.0066476517331004,-1.9868590012885445,-0.7583874045054007,-0.056236666963332606,3.295669851393918,0.009724622339214995,31.69802978654539,0.9836880126554299,-1.7081544759010892,0.016406279082521593
834,3.3962963000000013,-0.523860574986098,-0.7400799602605019,0.06415240264175548,-0.12318904304144263,4.619274129398335,-0.5913356801538595,-0.5968660572752278,0,0.005475000000000001,1,Shared Control,0.01,Good Visuals,-0.2291374634810269,-0.1506867436377573,0.0,5.782667745826723,1.0066863043568506,-1.9760144086649942,-0.7475428118818505,-0.06815176429734886,3.1723248862220967,0.00945167363422562,31.70815447590109,0.9835937209174784,-1.7200362496072872,0.016516700106618525
835,3.3998291,-0.5268450880070082,-0.7081130985663663,0.06449059214685127,-0.1112470412911385,4.674432689800535,-0.5934213894372823,-0.583896140159523,0,0.0035328000000000004,1,Shared Control,0.01,Good Visuals,-0.24708772249938238,-0.1522333856597194,0.0,5.78475656431938,1.0067316600361198,-1.9655201763145824,-0.7370485795314387,-0.09804405207103266,2.930858613196601,0.009666916650624392,31.720036249607286,0.9834832998933815,-1.7380911502978302,0.016686226780513954
836,3.403393300000001,-0.5288871232318416,-0.6970241929383834,0.06453426620544067,-0.1131280527788604,4.659259415169668,-0.5954791379677173,-0.5707740514792936,0,0.0035642,1,Shared Control,0.01,Good Visuals,-0.2612645319894873,-0.15412712990021568,0.0,5.7879468412931185,1.0068005928075414,-1.9560449715503565,-0.7275733747672126,-0.1251486336054568,2.78077266074603,0.00981762118571528,31.73809115029783,0.9833137732194861,-1.760404097155777,0.016893799158440605
837,3.4076697000000014,-0.5323428751507904,-0.6993106327464133,0.06313626281692697,-0.12853658126711964,4.634736840229786,-0.5978862497313393,-0.5549831229545721,0,0.0042764000000000005,1,Shared Control,0.01,Good Visuals,-0.2598671392305799,-0.1563834163791421,0.0,5.791871294841287,1.0068857541552527,-1.9448830493831635,-0.7164114526000197,-0.1260736510330277,2.770463939832938,0.009946481230461053,31.760404097155778,0.9831062008415594,-1.78704946771272,0.017141109613410904
838,3.4107919000000013,-0.5345419900083033,-0.7092572532663259,0.06334425972303603,-0.15427413031175385,4.602505293620545,-0.5996009786579665,-0.5434233328401166,0,0.0031222000000000003,1,Shared Control,0.01,Good Visuals,-0.23653792864304932,-0.15792793311542636,0.0,5.796552318161347,1.0069874324684787,-1.9340200020051472,-0.7055484052220036,-0.09988842814446065,3.0425295143446616,0.009873464476722438,31.78704946771272,0.9828588903865891,-1.8059338215471992,0.017310403335784954
839,3.414447300000001,-0.5365840252331366,-0.703220642259927,0.06301695342482982,-0.1597973094198104,4.628193452482774,-0.6015626247801358,-0.5298578211352951,0,0.0036554,1,Shared Control,0.01,Good Visuals,-0.2120216890504615,-0.15895471619382065,0.0,5.7998137041679785,1.007059422455495,-1.9227926804482616,-0.6943210836651179,-0.0695902987054303,3.282746573750959,0.01000382801278583,31.8059338215472,0.9826895966642151,-1.8185488808458472,0.017422948525699984
840,3.4178692,-0.5390972993560085,-0.680555984090765,0.062465325424127305,-0.1506981629554699,4.680385206411486,-0.6033539753711517,-0.5171293137779576,0,0.0034219000000000003,1,Shared Control,0.01,Good Visuals,-0.2046904872227615,-0.15995272265364677,0.0,5.801987188424164,1.0071075025351595,-1.9109427049428254,-0.6824711081596817,-0.06522179570632475,3.3182055066745724,0.01001684194704304,31.818548880845846,0.9825770514743,-1.8305024216957295,0.01753233952455946
841,3.421511500000001,-0.5416105734788803,-0.6719577728659043,0.06174340189227134,-0.15482845908794673,4.65233827964081,-0.6052127965909938,-0.5035510702004204,0,0.0036423000000000002,1,Shared Control,0.01,Good Visuals,-0.21077715312588247,-0.16114715262513285,0.0,5.804072432154864,1.0071530877169736,-1.899831778123089,-0.6713601813399451,-0.08132750937373676,3.2222396669962703,0.009991498873035225,31.83050242169573,0.9824676604754405,-1.8446510873443838,0.017663260408249254
842,3.4254610000000003,-0.5434955290710342,-0.6648706894140681,0.06171726751995965,-0.16131961921364768,4.627673999438805,-0.6071724420220316,-0.488794487887693,0,0.0039495,1,Shared Control,0.01,Good Visuals,-0.2025720863492572,-0.16238473028760322,0.0,5.8065540903173725,1.0072070559705033,-1.8867285811311416,-0.6582569843479978,-0.0739885736930942,3.2942470313624566,0.009949773408328767,31.844651087344385,0.9823367395917507,-1.8594226390825541,0.01779891068919773
843,3.4287817,-0.5458517235612266,-0.6400526401259552,0.061320718460805,-0.15125815223826222,4.6531892415831075,-0.6087749458217078,-0.47636200382183835,0,0.0033207,1,Shared Control,0.01,Good Visuals,-0.19603260868100822,-0.16340612789574643,0.0,5.809135250694292,1.00726338456403,-1.874926324535435,-0.6464547277522913,-0.0680234771070369,3.2973644555378168,0.010021941840316503,31.859422639082553,0.9822010893108023,-1.8717950328434,0.017910865580358388
844,3.432445900000001,-0.5477366791533804,-0.6150395728828371,0.061038266668327346,-0.1386775690609987,4.651841672401078,-0.6104952591761036,-0.46261809380725816,0,0.0036642000000000003,1,Shared Control,0.01,Good Visuals,-0.20398802740315372,-0.16462837077398904,0.0,5.81128153334488,1.007310542572005,-1.864041435827532,-0.6355698390443881,-0.0854235100033179,3.180762896438787,0.010020181163465362,31.8717950328434,0.9820891344196416,-1.8863011214233751,0.018044835023124456
845,3.4358088,-0.5502499532762523,-0.6051212678342167,0.06024530589985133,-0.14250317402695856,4.602427267193583,-0.6120297565870007,-0.44998211799481114,0,0.0033629000000000003,1,Shared Control,0.01,Good Visuals,-0.21516664992049195,-0.16618629965100432,0.0,5.813823324206484,1.007365859171621,-1.8533094056201243,-0.6248378088369804,-0.10481848106392087,3.0158859652684415,0.01004863039647501,31.886301121423376,0.9819551649768755,-1.9047376839574601,0.01821559884366968
846,3.440800000000001,-0.5541769440932395,-0.620239939324558,0.057852812493761174,-0.17025782132974687,4.4269821132231595,-0.6142288303213547,-0.4311911899012606,0,0.0049912,1,Shared Control,0.01,Good Visuals,-0.17989841837396942,-0.16844668489523676,0.0,5.820042365332948,1.0075015692680025,-1.8305787832195146,-0.602107186436371,-0.060267788558362304,3.3869521024489226,0.009959984146286145,31.92189988966691,0.9816283628381866,-1.93235939912814,0.01846335856229604
847,3.4462360000000007,-0.5565331385834318,-0.6073141247281026,0.05769569173792288,-0.17612293482684205,4.406198191780206,-0.6165170560059559,-0.41067965186455896,0,0.005436000000000001,1,Shared Control,0.01,Good Visuals,-0.16526739033851848,-0.16898268704905484,0.0,5.821829184318054,1.0075413892458243,-1.8186316994488028,-0.590160102665659,-0.03957705044835466,3.4605155169481985,0.009745114476439805,31.93235939912814,0.9815366414377039,-1.9390215296910251,0.0185221094956389
848,3.4498855000000006,-0.5581039349102267,-0.590882291541732,0.05841312109572916,-0.18020263967717304,4.366474641991664,-0.6179906642608507,-0.39688440153008553,0,0.0036495000000000004,1,Shared Control,0.01,Good Visuals,-0.1585046893823,-0.16947642719522024,0.0,5.822970366396554,1.007566754726428,-1.8061421581430235,-0.5776705613598798,-0.03567941805559133,3.524037500572557,0.009749573021028161,31.939021529691026,0.9814778905043611,-1.944990167346204,0.01857622811103891
849,3.453348,-0.5601459701350601,-0.5706173155336103,0.05784469412579063,-0.17373291400352475,4.337674634200064,-0.6193421926082996,-0.3837791559857531,0,0.0034625000000000003,1,Shared Control,0.01,Good Visuals,-0.1586281208348893,-0.17000419513983472,0.0,5.824006684141513,1.0075894958779847,-1.7942011513690275,-0.5657295545858838,-0.038942312149317704,3.4778956061035853,0.009899647064625927,31.944990167346205,0.9814237718889611,-1.9513097112878481,0.018634076496747205
850,3.4576545000000003,-0.5621880053598934,-0.5529686497260895,0.05715418724840615,-0.16918949374033643,4.294894338825852,-0.6209598027525799,-0.3674583125826979,0,0.0043065,1,Shared Control,0.01,Good Visuals,-0.16189600900993817,-0.1707459257452146,0.0,5.825109069291416,1.0076135794800583,-1.7806222392087392,-0.5521506424255955,-0.04748074768646126,3.4054552240277576,0.009833840667964961,31.95130971128785,0.9813659235032528,-1.960073110047426,0.018715377224821937
851,3.4607183,-0.5637588016866883,-0.5351727844726676,0.057201001065891544,-0.16771447188996969,4.256710907497382,-0.6220678167994538,-0.3558339278151216,0,0.0030638,1,Shared Control,0.01,Good Visuals,-0.16253404209732436,-0.17146713410137232,0.0,5.826647912272735,1.0076469876604486,-1.7686201474283925,-0.5401485506452489,-0.051757190900511486,3.3394801837358457,0.009758844611944449,31.960073110047425,0.981284622775178,-1.9687562597933623,0.01879442851921901
852,3.464482500000001,-0.5659579165442012,-0.5202833556266012,0.05610990025525253,-0.16444942781147964,4.207980224404338,-0.623380345933466,-0.34153847535219695,0,0.0037642,1,Shared Control,0.01,Good Visuals,-0.16437396977389696,-0.1722321662721133,0.0,5.828158502549032,1.0076800710046683,-1.7574195569830549,-0.5289479601999112,-0.057585415024830715,3.2730166989093443,0.009808091720497967,31.968756259793363,0.981205571480781,-1.9779288094437266,0.018878283320451026
853,3.4678565,-0.5673716332383165,-0.5166697050617036,0.05600871269514951,-0.17513122970950668,4.118952609056143,-0.6245110634297083,-0.32871317375973674,0,0.0033740000000000003,1,Shared Control,0.01,Good Visuals,-0.16138895232742148,-0.17300788923611235,0.0,5.829757484690273,1.007715021306346,-1.7457075078190645,-0.5172359110359207,-0.05704700544005774,3.283813481744651,0.009663929670274346,31.977928809443725,0.981121716679549,-1.9872563446314486,0.018963309934291656
854,3.4714432000000013,-0.5690995091977911,-0.5064506568176552,0.05541155423191724,-0.17773748305791848,4.066665722972228,-0.625665592262765,-0.31506836293098794,0,0.0035867000000000004,1,Shared Control,0.01,Good Visuals,-0.1501195576475232,-0.17355469321467287,0.0,5.831381160271645,1.0077505574921377,-1.7341326220610611,-0.5056610252779173,-0.041883594126072135,3.362348804067793,0.009689949162219666,31.987256344631447,0.9810366900657084,-1.9940059050406975,0.019023244850349705
855,3.475460700000001,-0.5711415444226243,-0.494664221849609,0.054524047840140644,-0.17959585891862107,4.008030160678156,-0.6269006581502151,-0.2997726542231053,0,0.0040175,1,Shared Control,0.01,Good Visuals,-0.1440705528336593,-0.17409805260309355,0.0,5.832541098621338,1.0077762522613998,-1.7206440248741117,-0.4921724280909679,-0.036438945312830616,3.3911396789394237,0.009616935295268605,31.994005905040698,0.9809767551496503,-2.000557962074776,0.019082802206570996
856,3.4787978000000006,-0.5722411018513808,-0.48008256398775995,0.054659556298834344,-0.18030990976465466,3.95935485321857,-0.6278798179267155,-0.287058889293778,0,0.0033371000000000004,1,Shared Control,0.01,Good Visuals,-0.1370789247413008,-0.17449945796544816,0.0,5.833680024268045,1.0078012103161949,-1.7083456550377165,-0.47987405825457274,-0.030292186265991256,3.4217266252281884,0.009492530549006395,32.00055796207478,0.980917197793429,-2.0054979435270375,0.019126800051578102
857,3.4824517999999998,-0.5742831370762141,-0.46061130227860736,0.0535966808505014,-0.17355241298482937,3.926343579811515,-0.6289032854578697,-0.2731300807298296,0,0.003654,1,Shared Control,0.01,Good Visuals,-0.13719289574927862,-0.17491656319750715,0.0,5.83453020031635,1.0078200163781785,-1.6968419647768986,-0.4683703679937549,-0.03292894646063336,3.3557044020938145,0.00953806294677849,32.00549794352704,0.9808731999484219,-2.01051613694197,0.019172518751607755
858,3.4858051000000003,-0.5755397741376501,-0.4531438674379876,0.05336351132021955,-0.18001378670815804,3.8404828945349694,-0.6297977319382413,-0.2603414137729704,0,0.0033533,1,Shared Control,0.01,Good Visuals,-0.13784534382395722,-0.1754182062644345,0.0,5.835403462839863,1.007839131704099,-1.6850380149997402,-0.4565664182165964,-0.03886760092021452,3.3216878031175465,0.00937494721316335,32.01051613694197,0.9808274812483923,-2.0165004694722453,0.019227503602278637
859,3.4908415,-0.5786813667912399,-0.43178582511893165,0.05111636514700135,-0.17144441134596128,3.72890872001704,-0.6310605283190407,-0.24112485412454487,0,0.0050364,1,Shared Control,0.01,Good Visuals,-0.12146402138038709,-0.1760623492500312,0.0,5.837248532896168,1.0078796031726027,-1.6599044643806282,-0.43143286759748434,-0.01967454904368154,3.408741407605536,0.00926218291768046,32.02114261392949,0.9807311060023242,-2.0244414288925543,0.01929810779918436
860,3.496633000000001,-0.5807234020160732,-0.39936995057640906,0.050337126302967494,-0.1582450964518642,3.6668249478674944,-0.6323929891674178,-0.21901733494280481,0,0.005791500000000001,1,Shared Control,0.01,Good Visuals,-0.11977229138696985,-0.1765666778826631,0.0,5.8383913151682005,1.0079047875038158,-1.640280552379629,-0.41180895559648517,-0.02218973976779315,3.303433887428421,0.009042521905433783,32.0277574177143,0.9806717229781343,-2.0305549256579627,0.019353387013395708
861,3.5027568000000002,-0.5829225168735861,-0.36574779423624776,0.049470472293831724,-0.14673045929344294,3.6250331573586014,-0.6336626140967535,-0.19563455386565484,0,0.0061238,1,Shared Control,0.01,Good Visuals,-0.1336371316014582,-0.1775571887805991,0.0,5.839823995018546,1.007935945155795,-1.6217673012048959,-0.39329570442175193,-0.050840729771532735,3.055388136968852,0.008924437773431562,32.03593484885634,0.9805961910971887,-2.0422789077702914,0.019461956427390577
862,3.5088814,-0.584493313200381,-0.35844322735962064,0.0491693008963725,-0.1628086734939658,3.5928748623324296,-0.6347891765663598,-0.17224667332151847,0,0.0061246,1,Shared Control,0.01,Good Visuals,-0.14105517625354078,-0.1783737419864536,0.0,5.840931224023014,1.0079601109875052,-1.6104782485693867,-0.3820066517862428,-0.06147882004873741,2.874434138490888,0.008783837988141276,32.04227890777029,0.9805380435726094,-2.0519203263987533,0.019551458424026846
863,3.5127085000000005,-0.5854357909964579,-0.3512925378226135,0.049353385569901875,-0.17904586450109503,3.574714200771316,-0.6354204179186764,-0.15763333435757224,0,0.0038271000000000004,1,Shared Control,0.01,Good Visuals,-0.1231671359321399,-0.17890755288631058,0.0,5.8426245766713985,1.0079968491902218,-1.5993494748278798,-0.37087787804473604,-0.044443858356579775,3.099418966609145,0.00877051219174385,32.05192032639875,0.9804485415759732,-2.0585714184116246,0.01960996917509714
864,3.5165037000000012,-0.5865353484252143,-0.33760602409929075,0.04888506949346216,-0.1799726897417185,3.579134210958583,-0.635991172156275,-0.14314402272952687,0,0.0037952000000000003,1,Shared Control,0.01,Good Visuals,-0.10792725629098696,-0.17926029026673804,0.0,5.843762302206143,1.0080221528241242,-1.5881322188815026,-0.35966062209835886,-0.030845535950266005,3.2757807278501274,0.008829693438965697,32.058571418411624,0.9803900308249028,-2.062974801420074,0.019648632546461247
865,3.5197967000000006,-0.5876349058539707,-0.3226306361784155,0.048356266302304274,-0.1794866134488886,3.577077954330107,-0.636441849176225,-0.13057465371913507,0,0.0032930000000000004,1,Shared Control,0.01,Good Visuals,-0.10429004098397812,-0.17964903293448115,0.0,5.844514834688077,1.0080389037118733,-1.5764155320202289,-0.34794393523708517,-0.03287293006877771,3.276478428767817,0.008763151747107688,32.062974801420076,0.9803513674535388,-2.0676491010115896,0.019691242439718974
866,3.5242641,-0.5888915429154067,-0.3117274586954576,0.047550306260818354,-0.18115280497632252,3.557627768128531,-0.6369870984057496,-0.11352783861527355,0,0.004467400000000001,1,Shared Control,0.01,Good Visuals,-0.10172557362054813,-0.18017237627189228,0.0,5.845328416384081,1.0080567036720554,-1.5620252921020494,-0.3335536953189057,-0.03620783675374672,3.2574791556907488,0.008687156477531202,32.06764910101159,0.980308757560281,-2.073871336567614,0.019748605846400563
867,3.5277414,-0.5898340207114836,-0.29999700928231865,0.04715307769426602,-0.1864691706670451,3.5454104531769812,-0.637358806543571,-0.10026423179232627,0,0.0034773,1,Shared Control,0.01,Good Visuals,-0.09538234798680775,-0.18055415126524796,0.0,5.846417466429832,1.008080405348387,-1.5504058831206273,-0.3219342863374836,-0.03317073546577458,3.24646111632033,0.00856725167146788,32.07387133656761,0.9802513941535994,-2.0785900856480053,0.019790452016284096
868,3.531398600000001,-0.5909335781402401,-0.29037426161206015,0.046425228403330965,-0.19011002981973388,3.5219759470426513,-0.6376999929598768,-0.08632024026175766,0,0.0036572,1,Shared Control,0.01,Good Visuals,-0.08773552027223622,-0.1808800111757318,0.0,5.847227768757879,1.0080983592710082,-1.5389928996234987,-0.31052130284035506,-0.029608189508911677,3.3007442800498974,0.008513683922632496,32.078590085648,0.980209547983716,-2.082575669877016,0.01982616936134246
869,3.5348164000000004,-0.591561896670958,-0.2806033967718637,0.04613809628891874,-0.19428315651010603,3.500494028213976,-0.6379727579563917,-0.07329518437764074,0,0.0034178000000000004,1,Shared Control,0.01,Good Visuals,-0.07983832820295131,-0.18115176867337052,0.0,5.847915677934843,1.0081135277834765,-1.5270501669396184,-0.29857857015647465,-0.024349045288867024,3.349149635121689,0.008397395832430406,32.082575669877016,0.9801738306386576,-2.0859045729277685,0.019855956567448752
870,3.5385048,-0.592504374467035,-0.2641953632296925,0.04546838348935678,-0.19090017885205177,3.502944686835167,-0.6382171886234728,-0.05924640191479458,0,0.0036884,1,Shared Control,0.01,Good Visuals,-0.0739762466827509,-0.181384446928888,0.0,5.848489815430535,1.0081261962415953,-1.5152825426186434,-0.28681094583549965,-0.021347460332470578,3.3531727135621505,0.008357997745959902,32.08590457292777,0.9801440434325512,-2.088749863494505,0.01988146031698197
871,3.5423851000000006,-0.5934468522631119,-0.250528706271674,0.044770336360360874,-0.19128230435687943,3.486393009745943,-0.6384184224676356,-0.04447604271825051,0,0.0038803,1,Shared Control,0.01,Good Visuals,-0.0734901707908738,-0.1817184264823864,0.0,5.848980955245462,1.0081370246034358,-1.5023970599385488,-0.273925463155405,-0.027897001135799505,3.2986413434950386,0.008247257591967563,32.088749863494506,0.980118539683018,-2.092713644902067,0.01991806765213108
872,3.5459031000000003,-0.5940751707938299,-0.23981399717580482,0.044343251673805706,-0.1953379544575543,3.463715175789586,-0.6385513473097308,-0.03109387931130006,0,0.0035180000000000003,1,Shared Control,0.01,Good Visuals,-0.06905027008076514,-0.18202393404928738,0.0,5.849675309824497,1.0081521225256,-1.4906577769866172,-0.2621861802034734,-0.028329355578980364,3.284726196013215,0.008135595076491949,32.09271364490207,0.9800819323478689,-2.0964291130436985,0.01995155418678562
873,3.549472700000001,-0.5947034893245479,-0.2230767121385194,0.04384785798518298,-0.19198283282721934,3.4688708747364867,-0.6386381193728914,-0.01752504177387665,0,0.0035696,1,Shared Control,0.01,Good Visuals,-0.062489004103218865,-0.1822798491487415,0.0,5.850318371145026,1.0081662641918698,-1.4793524366680344,-0.25088083988489057,-0.025087516127121966,3.3073957985439204,0.008071533118203762,32.0964291130437,0.9800484458132144,-2.0995643569231652,0.019979604915392517
874,3.5529583000000002,-0.5954888874879453,-0.20751342714727913,0.043149231884946126,-0.18998838537340249,3.4636054060101875,-0.6386761278769043,-0.004285540172816016,0,0.0034856,1,Shared Control,0.01,Good Visuals,-0.06299473146768234,-0.18262822440316015,0.0,5.850859062702069,1.0081781946576052,-1.4678182013297842,-0.23934660454664053,-0.03311228025093858,3.239316802384378,0.007992580939034594,32.09956435692317,0.9800203950846075,-2.1037109353601826,0.02001779015626302
875,3.5576689000000012,-0.5965884449167016,-0.1904096203641004,0.04208768296020271,-0.18612408019128437,3.420434357942716,-0.6386542051870316,0.01358999821323234,0,0.0047106000000000006,1,Shared Control,0.01,Good Visuals,-0.05237611871994913,-0.18332145666922073,0.0,5.852384039007116,1.0082114833849827,-1.4451747877264751,-0.2167031909433313,-0.03095893912686502,3.2575771932487427,0.007788717664502858,32.10830675564623,0.9799403394620297,-2.112128377561639,0.020093775005137843
876,3.563254200000001,-0.5972167634474196,-0.1779430931140659,0.04143744173961206,-0.19153309132729823,3.4161299725717216,-0.6385191730167225,0.0347575900003453,0,0.0055853000000000005,1,Shared Control,0.01,Good Visuals,-0.058685849955304736,-0.18371505807532876,0.0,5.853042361090971,1.0082260237260567,-1.434769114721599,-0.20629751793845527,-0.040415625627698085,3.037265909187399,0.0077155753480967005,32.11212837756164,0.9799062249948621,-2.1168328120067526,0.020136917462326098
877,3.5668077,-0.5973738430800991,-0.16152811051632376,0.04114532993662334,-0.19628570051666905,3.421110936008552,-0.6383717591812299,0.0482084512678953,0,0.0035535000000000002,1,Shared Control,0.01,Good Visuals,-0.04945705221342517,-0.18408180352082384,0.0,5.853863560060999,1.0082439367004423,-1.423490935286804,-0.19501933850366018,-0.036469070969125335,3.132740600204185,0.007612682015685881,32.116832812006756,0.979863082537674,-2.1212934130142393,0.020177116250835805
878,3.570430700000001,-0.5978450819781376,-0.13866422834308306,0.04052667720309233,-0.18687267961097836,3.4469280794351214,-0.6381722781025926,0.06190842719510674,0,0.0036230000000000004,1,Shared Control,0.01,Good Visuals,-0.042983710966756405,-0.18444033417350392,0.0,5.854635526342055,1.0082609120395767,-1.412529616566359,-0.18405801978321526,-0.03763343808436939,3.18568900268685,0.0075741065411929695,32.12129341301424,0.9798228837491642,-2.1256436290151592,0.020216414619931778
879,3.574719100000001,-0.5983163208761761,-0.11966400609933221,0.03985595722641644,-0.18157243329443895,3.4509068535726315,-0.6378720527992854,0.0781054402375887,0,0.0042884,1,Shared Control,0.01,Good Visuals,-0.04887995871716369,-0.18518779666518903,0.0,5.85538927292133,1.0082774680451434,-1.3974568435340768,-0.1689852467509331,-0.055267527024229116,3.0501189939256035,0.0074747538862800725,32.12564362901516,0.9797835853800683,-2.134398756104861,0.020298343617254775
880,3.5787093,-0.5987875597742146,-0.11045339346098168,0.03908449302507078,-0.18855883369857038,3.4225249701014198,-0.6375303613048375,0.09315670814553091,0,0.0039902,1,Shared Control,0.01,Good Visuals,-0.05035222027158315,-0.185825486318705,0.0,5.856932966904992,1.0083108223729345,-1.3869345232283308,-0.15846292644518706,-0.06559083609457371,2.918650922485862,0.007380836902742079,32.13439875610486,0.9797016563827452,-2.1422037224567685,0.02036824046759442
881,3.582509,-0.598944639406894,-0.10400571303221431,0.038585721897943515,-0.19716242117774524,3.39644005535634,-0.6371491926449858,0.10747119651824431,0,0.0037997,1,Shared Control,0.01,Good Visuals,-0.0388363735396863,-0.18633870976048703,0.0,5.858279526134477,1.0083405163736603,-1.3765315152572486,-0.14805991847410496,-0.05673977170402061,3.0340968795992893,0.00726289492390381,32.14220372245677,0.9796317595324056,-2.1485263818771485,0.020424494637476663
882,3.585858100000001,-0.5992587986722531,-0.09418426736625557,0.03789039397273275,-0.2016554638844999,3.3862727197258256,-0.6367681546490488,0.12007287932716958,0,0.0033491000000000003,1,Shared Control,0.01,Good Visuals,-0.027276301383762303,-0.18677417862759318,0.0,5.859366869097642,1.0083645653044164,-1.3652734540219609,-0.1368018572388173,-0.04674033480127718,3.1371736151389555,0.007190013633639765,32.14852638187715,0.9795755053625234,-2.153872274704877,0.020472226166542363
883,3.5908399000000006,-0.5994158783049325,-0.06738098175916246,0.03735227634411631,-0.18745386108633205,3.3802529786482003,-0.6361233380997248,0.13879045030586945,0,0.004981800000000001,1,Shared Control,0.01,Good Visuals,-0.0145554965784572,-0.18752324027469577,0.0,5.861094771484078,1.008402699134562,-1.343090543211727,-0.11461894642858346,-0.04289332528508866,3.171758744752758,0.006990710943893019,32.158551205540064,0.9794858981873185,-2.1630180005684223,0.020554330446506796
884,3.5962481000000004,-0.5995729579376119,-0.04897871427582735,0.03655038016211287,-0.1877691645816968,3.3937462362683903,-0.6353178713595261,0.15907139054591737,0,0.0054082,1,Shared Control,0.01,Good Visuals,-0.029921930205822705,-0.18809063440420723,0.0,5.86186751659522,1.0084196936310734,-1.3333876761904127,-0.10491607940726899,-0.06543698234336484,2.822734340290472,0.007004419891684557,32.16301800056842,0.9794456695534932,-2.1697466732290422,0.020616522238917714
885,3.5998801,-0.5995729579376119,-0.03433177582695865,0.035744913421914215,-0.19340316637287602,3.39242060657274,-0.6347154267187602,0.1726680532789352,0,0.0036320000000000002,1,Shared Control,0.01,Good Visuals,-0.024941646723648903,-0.18870770274950702,0.0,5.863046560222452,1.0084453130655708,-1.3230953723702499,-0.09462377558710615,-0.06980503119664068,2.873741119688076,0.006874784192406761,32.16974667322904,0.9793834777610823,-2.1771934979089598,0.020684158797771923
886,3.6034297000000013,-0.5995729579376119,-0.02210457752287013,0.03514246878114835,-0.19477263080180532,3.389936770697594,-0.6340789680979347,0.18593745507441062,0,0.0035496000000000004,1,Shared Control,0.01,Good Visuals,-0.014578335012873367,-0.18925354079931336,0.0,5.864340186886039,1.0084736506742846,-1.3128574013652712,-0.08438580458212748,-0.06629023529231728,2.9952227860444878,0.0067453404968294516,32.17719349790896,0.979315841202228,-2.183877386934703,0.020743987838852705
887,3.6077463000000005,-0.5995729579376119,-0.011092889198673671,0.03450601016032284,-0.1970303442730843,3.3869078895577562,-0.6332415679122376,0.2020484184951858,0,0.0043166,1,Shared Control,0.01,Good Visuals,-0.009699886718571221,-0.1898853898989825,0.0,5.865492990438469,1.008499072869413,-1.300891562311002,-0.0724199655278584,-0.0670468006750788,3.0057370143856,0.006650836649261655,32.183877386934704,0.9792560121611473,-2.1914863855812263,0.020813244508948114
888,3.6109437,-0.5994158783049325,-0.0006119220478599981,0.03382568960730514,-0.2026603405430458,3.382779922771217,-0.6325764853255854,0.21396353528577478,0,0.0031974000000000004,1,Shared Control,0.01,Good Visuals,-0.0037297932586798366,-0.1904384605064859,0.0,5.8668161492863335,1.0085280271445263,-1.2900636456997872,-0.06159204891664365,-0.06612515212633541,3.006668872688958,0.006552187193151154,32.19148638558123,0.9791867554910518,-2.198268063849278,0.020873866307132827
889,3.6144753000000005,-0.5994158783049325,0.009764205611693362,0.03316060702065293,-0.20419932967408141,3.3770514962267324,-0.6317976402683356,0.22710520297401487,0,0.0035316,1,Shared Control,0.01,Good Visuals,0.005905220507610581,-0.19091445046132624,0.0,5.867985014352553,1.008553818056987,-1.2795120324560614,-0.05104043567291784,-0.061280764170159124,3.0862596869536434,0.006441712254385432,32.19826806384928,0.9791261336928672,-2.20411794126588,0.02092603933276247
890,3.6178752000000003,-0.5994158783049325,0.014355128132600694,0.032381761963403144,-0.21275007484141417,3.34638646589482,-0.6310040252704037,0.23973773227655593,0,0.0033999000000000004,1,Shared Control,0.01,Good Visuals,0.011331213954441671,-0.19139368751448982,0.0,5.868992141780875,1.0085760629285665,-1.2685010325118729,-0.040029435728729246,-0.060473826528445386,3.0928906334621495,0.006330839066311951,32.20411794126588,0.9790739606672375,-2.209944552397616,0.02097856827124767
891,3.6214926,-0.598944639406894,0.02163662998197305,0.03205938586350965,-0.21810110229458288,3.3314067363745092,-0.6301125191683458,0.25315746023247004,0,0.0036174,1,Shared Control,0.01,Good Visuals,0.024498386925993237,-0.19174986462075785,0.0,5.870000567376664,1.0085982257998036,-1.2574975973318199,-0.029026000548676312,-0.04789246554001024,3.2052885840114578,0.006197664830392174,32.209944552397616,0.9790214317287523,-2.214375617654415,0.02101760866927508
892,3.6254274000000013,-0.5987875597742146,0.039977854066074195,0.03132495939413116,-0.21317960616639586,3.3574908063920947,-0.6290877171788103,0.26772968631564625,0,0.0039348000000000005,1,Shared Control,0.01,Good Visuals,0.03176713326284822,-0.19212018938229758,0.0,5.8707589003801175,1.0086150681835953,-1.244629695858456,-0.01615809907531241,-0.04334255387356137,3.2231799898213818,0.006147382899152613,32.21437561765441,0.978982391330725,-2.2188724563493847,0.021058199784861932
893,3.6288524000000013,-0.5984734005088556,0.0572437809273998,0.030614316669954733,-0.21048590538824646,3.3728402274384948,-0.6281490524497357,0.2803923243446428,0,0.003425,1,Shared Control,0.01,Good Visuals,0.031094131051289692,-0.1925266054545227,0.0,5.871537643973713,1.008632172638721,-1.2334265970739464,-0.004955000290802834,-0.05412323683225423,3.126300763083459,0.00601815713119326,32.21887245634939,0.9789418002151381,-2.2237879289775675,0.021102746851321796
894,3.6324381,-0.5981592412434966,0.06960417812935009,0.029989811206239114,-0.21078814621529268,3.3776060732066515,-0.6271199148167357,0.2936271895307202,0,0.0035857000000000003,1,Shared Control,0.01,Good Visuals,0.032527567958342746,-0.19295936740032782,0.0,5.872390549492743,1.0086508712236952,-1.222878441084584,0.005593155698559454,-0.061725954257305704,3.0846169111481716,0.005894070466776192,32.223787928977565,0.9788972531486781,-2.229032213648032,0.021150181676070568
895,3.6359686,-0.5978450819781376,0.08013172542939062,0.029274832838598108,-0.21349546410132958,3.383097737219627,-0.6260602935493742,0.30663607339258925,0,0.0035305000000000002,1,Shared Control,0.01,Good Visuals,0.036476704900446355,-0.19342068499605986,0.0,5.87329963283475,1.008670818849911,-1.21183482250931,0.016636774273833418,-0.06393118976775278,3.0735628218735807,0.005786814998811162,32.22903221364803,0.9788498183239295,-2.2346237149556636,0.02120074647161044
896,3.6408102000000007,-0.5972167634474196,0.0964216374520322,0.028843530101954618,-0.21021443594055705,3.375113750838141,-0.6245325686534573,0.32443949033854386,0,0.004841600000000001,1,Shared Control,0.01,Good Visuals,0.05019498412490617,-0.19425228217637044,0.0,5.87518497285566,1.0087122698620707,-1.1900963318863524,0.03837526489679108,-0.06039160894630939,3.1214267875608077,0.005561008758866488,32.23993176795786,0.9787516603066292,-2.2448022292403302,0.021291897430912598
897,3.646262700000001,-0.5965884449167016,0.10058495699053518,0.0279441237367557,-0.22385453334800867,3.3541220789726367,-0.6227090168951572,0.3444378066744129,0,0.005452500000000001,1,Shared Control,0.01,Good Visuals,0.042564482313045965,-0.19472026250032973,0.0,5.876024556596646,1.0087307874090425,-1.1802242639900342,0.04824733279310935,-0.07045729932237878,2.8716236826802826,0.005602921548327523,32.24480222924033,0.9787081025690874,-2.250446107609568,0.021343192524827526
898,3.649852300000001,-0.5961172060186631,0.11179813226377566,0.026591810876494093,-0.23263967441063726,3.3601929040279357,-0.6214490402830763,0.35757319761177125,0,0.0035896,1,Shared Control,0.01,Good Visuals,0.06158600497834438,-0.19506963088784626,0.0,5.87700519800275,1.0087522555633712,-1.1691365927632273,0.059335004019916204,-0.052500670319349775,3.1013597456873523,0.005441287109362765,32.25044610760957,0.9786568074751725,-2.25479830850598,0.021381486622530078
899,3.653379300000001,-0.5956459671206248,0.12562335737745184,0.025803073162451562,-0.23194984023431942,3.365237100705347,-0.6201651543051161,0.37045572384745673,0,0.003527,1,Shared Control,0.01,Good Visuals,0.07837964063701905,-0.1953215130786215,0.0,5.877749497764093,1.0087687934377516,-1.15776533025277,0.07070626653037365,-0.0415376791085449,3.3091588366724234,0.005187254732317118,32.25479830850598,0.97861851337747,-2.2579513573294583,0.021409095305993525
900,3.6577687,-0.5945464096918683,0.13941731429002174,0.025618744613247757,-0.231038409557435,3.3306655365234805,-0.6185039490888226,0.3864548297934214,0,0.0043894,1,Shared Control,0.01,Good Visuals,0.09283063635966979,-0.19580266862507278,0.0,5.878923618196299,1.0087946975936772,-1.1347225223453734,0.09374907443777035,-0.036184420387061746,3.3414988288999097,0.004888755580704817,32.26161240644279,0.9785576243852409,-2.2638791811309074,0.02146183452958758
901,3.6637608999999998,-0.5934468522631119,0.16485550440950061,0.025057096825710667,-0.22159932538392077,3.3582678409061275,-0.616122942488503,0.40823538795490577,0,0.0059922000000000005,1,Shared Control,0.01,Good Visuals,0.09347572019889436,-0.19627108087041215,0.0,5.87984186854166,1.008814970513742,-1.115955289716944,0.11251630706619965,-0.04447019109035782,3.1836263864951095,0.004789487885212404,32.266945656962505,0.9785100420065573,-2.2695635005855106,0.021513176966193263
902,3.6697262000000013,-0.592504374467035,0.1783898943262075,0.023618568021468,-0.22984549362869827,3.3327042199802133,-0.6136231993507013,0.4298474393901701,0,0.005965300000000001,1,Shared Control,0.01,Good Visuals,0.09856817020290304,-0.19686224033724553,0.0,5.881010100836653,1.0088405432606438,-1.0976999021667022,0.1307716946164414,-0.05161428227051312,3.154528571508584,0.0045511528622057375,32.27366949932408,0.9784489332792737,-2.276742906122748,0.021577973665578763
903,3.6757559000000004,-0.591561896670958,0.17880479281914347,0.022061302679743267,-0.25104264657102665,3.295814378077772,-0.6109656705602967,0.4516198375536136,0,0.006029700000000001,1,Shared Control,0.01,Good Visuals,0.09296671567367179,-0.19721021756543758,0.0,5.881534407471718,1.008852218446082,-1.0862690073025427,0.14220258948060088,-0.05693508694683207,2.9354394761715112,0.004649604214263815,32.27674290612275,0.9784220263344212,-2.2809054903200017,0.021616115278989673
904,3.6796974000000002,-0.5903052596095221,0.1994456823094759,0.020660410950774644,-0.2521741552441377,3.2575369600136295,-0.6091576316241478,0.4658118081085571,0,0.0039415000000000006,1,Shared Control,0.01,Good Visuals,0.14839678902248565,-0.1973351952877152,0.0,5.8825088821701375,1.0088738592054618,-1.0652397037129178,0.16323189307022584,-0.003918367637141516,3.6882329288775386,0.003952730155583904,32.28243880654219,0.9783718642205628,-2.2827108987902864,0.02162981402586704
905,3.685778600000001,-0.5898340207114836,0.20184509954369584,0.019323610912664213,-0.26396670856486126,3.193245078859575,-0.6062585122317868,0.48764483273195264,0,0.0060812,1,Shared Control,0.01,Good Visuals,0.13287629883655802,-0.19744887844866843,0.0,5.882548654612666,1.0088748834410797,-1.0533480186393902,0.1751235781437533,-0.023347173563179436,3.3194743952454906,0.004077026229695564,32.282710898790285,0.9783701859741329,-2.284019208945352,0.021642274781413992
906,3.6908029000000013,-0.5882632243846887,0.20614792499802964,0.01799528784709814,-0.281496907733923,3.0812947217220668,-0.6037632478371682,0.5056246887962403,0,0.005024300000000001,1,Shared Control,0.01,Good Visuals,0.18601853854017017,-0.19731885339874902,0.0,5.882803191555618,1.0088804979646124,-1.0272005654668535,0.2012710313162901,0.03520893400826623,3.950098737288207,0.0034602223541043893,32.28418801630775,0.9783569837537738,-2.2826412311499142,0.02162802279942791
907,3.6962664000000007,-0.5871636669559323,0.21351575505491155,0.01659958088123592,-0.2921089337413288,3.0302272580022582,-0.600947494890707,0.5251152532489913,0,0.0054635000000000005,1,Shared Control,0.01,Good Visuals,0.17813733930365055,-0.19720823763172482,0.0,5.882525618421153,1.0088746031395361,-1.0146683746188212,0.2138032221643223,0.027617574196342348,3.6509324850061726,0.0035508095645698477,32.28264123114992,0.9783719772005721,-2.281273931074805,0.02161589825942594
908,3.6999417,-0.5865353484252143,0.2232658000798184,0.014412146465492714,-0.30184945316917294,2.9876124611040913,-0.598993502260277,0.538190424185959,0,0.0036753000000000003,1,Shared Control,0.01,Good Visuals,0.1970562030723776,-0.19703355265513892,0.0,5.882290912497997,1.008869407268155,-1.0008494479726702,0.2276221488104733,0.04555978527536309,3.8576647440542167,0.0032735740910138094,32.28127393107481,0.9783841017405741,-2.279195131609133,0.02159675112476931
909,3.7034694000000012,-0.5854357909964579,0.2340149737550159,0.013557711263819106,-0.3041754504309431,2.951622872206967,-0.5970728321593134,0.5507128965512208,0,0.0035277000000000004,1,Shared Control,0.01,Good Visuals,0.21975309322838332,-0.1968258011270054,0.0,5.881927338160803,1.0088614981014077,-0.9867354323143811,0.2417361644687624,0.0657349380894804,4.128353708403266,0.002839676419482233,32.279195131609136,0.9784032488752307,-2.276689725019381,0.021573979581606086
910,3.7077202000000007,-0.584179153935022,0.25171130927523055,0.012893678224291438,-0.29900158727599024,2.948324026665757,-0.5946998538654328,0.5657659866809294,0,0.0042508,1,Shared Control,0.01,Good Visuals,0.22712843158884785,-0.19658259510757845,0.0,5.88149202888468,1.0088519697502287,-0.9702290697583497,0.2582425270247938,0.06996547599537913,4.1242192129604,0.0026685073809498204,32.27668972501938,0.9784260204183939,-2.273753215586144,0.021547321889031246
911,3.7107705000000006,-0.5833937557716246,0.27002813780639967,0.011306098093808226,-0.2957378488745297,2.9461703396575665,-0.5929576556980664,0.5765432462840946,0,0.0030503,1,Shared Control,0.01,Good Visuals,0.22581751007451753,-0.1964033882081418,0.0,5.880982117685614,1.00884080212035,-0.9560940144170815,0.27237758236606185,0.060740301013624695,3.9686260328686,0.002534672725813285,32.27375321558615,0.9784526781109688,-2.2715153369102565,0.021527679108627497
912,3.714500900000001,-0.5822941983428681,0.27725611125993566,0.010663457355198247,-0.29928713502415893,2.9090948470724536,-0.5907823779171372,0.5896952954451584,0,0.0037304,1,Shared Control,0.01,Good Visuals,0.23186325535946778,-0.19625708633087705,0.0,5.880599868609741,1.0088323001598074,-0.9424162241205044,0.28605537266263903,0.05854173205704661,3.9827010734580983,0.002220555973037549,32.271515336910255,0.9784723208913725,-2.2697019482470866,0.021511643031574653
913,3.7178795000000004,-0.5813517205467912,0.28126803676749423,0.009430657370345985,-0.3084272586776642,2.8792298847933884,-0.588769949114855,0.601580131622469,0,0.0033786000000000003,1,Shared Control,0.01,Good Visuals,0.23922425548162052,-0.19609907349782252,0.0,5.880288999698548,1.0088254092237383,-0.9282229665882609,0.3002486301948826,0.06447177913872043,3.9669240426629004,0.002092779070744768,32.26970194824709,0.9784883569684254,-2.267783602853941,0.02149432332239816
914,3.7214925,-0.5800950834853552,0.28884857492317373,0.008674865629499817,-0.3127315566992953,2.866657062464472,-0.5865735231720604,0.614261023661321,0,0.0036130000000000003,1,Shared Control,0.01,Good Visuals,0.25569514785194536,-0.19593260847172866,0.0,5.879956781910347,1.0088181146782562,-0.9141736314176964,0.31429796536544713,0.08041406641946222,4.090768451713407,0.001849343172800259,32.26778360285394,0.9785056766776018,-2.2657609528989155,0.021476077172485716
915,3.7254398,-0.5786813667912399,0.3050586503173701,0.007892156380820414,-0.30920237334395084,2.8829232472505284,-0.5841215624821459,0.6280813377229938,0,0.0039473,1,Shared Control,0.01,Good Visuals,0.2644820566059297,-0.19574217418264991,0.0,5.879606643808504,1.008810423626794,-0.8978154895565362,0.33065610722660727,0.08623899914506439,4.097320374000629,0.0016996890509296436,32.265760952898916,0.9785239228275143,-2.2634589768419087,0.021455203763406733
916,3.7289665999999997,-0.5775818093624834,0.3226027596428427,0.006539753119662484,-0.3054785780801511,2.8971001690998373,-0.5818847154542702,0.6403992277483612,0,0.0035268,1,Shared Control,0.01,Good Visuals,0.26552424815004627,-0.19559936392198118,0.0,5.879207136298246,1.0088016689249963,-0.8835577629880335,0.34491383379511004,0.07908461312735424,3.9810483521814812,0.0015448278489712615,32.26345897684191,0.9785447962365933,-2.2616792412843356,0.021439550400737462
917,3.732466500000001,-0.5761680926683681,0.33598746600868945,0.005716622785902126,-0.30441176173967177,2.9008579670799115,-0.5796220322613745,0.6525948164813956,0,0.0034999000000000002,1,Shared Control,0.01,Good Visuals,0.2697186605016818,-0.195492436164498,0.0,5.878902835711167,1.0087949066623603,-0.870017124781017,0.3584544720021265,0.07466722623299073,3.9589036654727585,0.001279171550412774,32.261679241284334,0.9785604495992626,-2.260344782057573,0.021427830101653497
918,3.7358717000000006,-0.5750685352396117,0.3480222558187023,0.004553497021762887,-0.30457256066269334,2.9115568284097626,-0.5773796528210378,0.664433126659177,0,0.0034052,1,Shared Control,0.01,Good Visuals,0.27348132487399957,-0.19539765679161358,0.0,5.878674825869668,1.0087898364357282,-0.8559822635419497,0.37248933324119377,0.07220587377763527,3.9156491474115653,0.001117556515049486,32.26034478205757,0.9785721698983465,-2.2591783277499076,0.02141744138105052
919,3.7408980000000014,-0.5722411018513808,0.3714540654533959,0.005138550969656985,-0.2929790612057811,2.942859222576035,-0.5739961972327119,0.6818576770037142,0,0.0050263,1,Shared Control,0.01,Good Visuals,0.28581888164228964,-0.19525940623913168,0.0,5.878314494205488,1.008781861062591,-0.8287303537412117,0.39974124304193176,0.07326203153273521,3.8835052678525854,0.0007582253756065019,32.258246381358845,0.9785907895644286,-2.257466159926032,0.02140228780576053
920,3.7462794000000006,-0.5706703055245859,0.38643453742922346,0.0033258917081260275,-0.2954231395744908,2.9694512605297314,-0.5702767988892044,0.7004471217610511,0,0.005381400000000001,1,Shared Control,0.01,Good Visuals,0.2653457635996288,-0.19520674203624958,0.0,5.878180520916936,1.0087788956618224,-0.8170337875306016,0.4114378092525418,0.04630360917840189,3.4066014884549496,0.0010033504112647374,32.25746615992603,0.9785977121942395,-2.256815265041872,0.021396515308297524
921,3.7498799,-0.5695707480958295,0.3952608525571783,0.0007060507933748239,-0.30518626920387276,2.972415819349484,-0.5677325084347798,0.7128461095402292,0,0.0036005000000000004,1,Shared Control,0.01,Good Visuals,0.27846607744876467,-0.19516753944874074,0.0,5.878068779529174,1.0087764218186797,-0.8042867214450287,0.4241848753381148,0.051239769910887564,3.567508909790644,0.0006492364847086589,32.25681526504187,0.9786034846917024,-2.2563260723678673,0.021392218331896976
922,3.7535176000000003,-0.5676857925036756,0.4016882175266363,4.671593110427974e-05,-0.3111578920135929,2.9774515400262254,-0.5651166511174335,0.7253415584990158,0,0.0036377000000000002,1,Shared Control,0.01,Good Visuals,0.30371398927127535,-0.1951563630138425,0.0,5.877985189243802,1.0087745630912535,-0.790914462134109,0.4375571346490344,0.07204415063259664,3.8972544039751766,0.00013779819606879565,32.25632607236787,0.978607781668103,-2.256166416739316,0.021390993288346236
923,3.7577236000000003,-0.5659579165442012,0.4198942384241853,-0.0008412654267677677,-0.30544732007483055,3.0363514604328867,-0.562035550274487,0.7397491517102163,0,0.0042060000000000005,1,Shared Control,0.01,Good Visuals,0.31361338418109813,-0.19515542378158507,0.0,5.877959581739976,1.0087739587920859,-0.7751642710578791,0.45330732572526433,0.07855593033200248,3.927532561026863,9.116911209116474e-06,32.25616641673932,0.9786090067116537,-2.256145746859617,0.02139089033955889
924,3.7607929,-0.5643871202174062,0.4388917828551353,-0.002351569942919185,-0.30085736885508096,3.091535291363582,-0.5597489390487043,0.7502357446943275,0,0.0030693,1,Shared Control,0.01,Good Visuals,0.3130722004292158,-0.19516835477751537,0.0,5.877956791618651,1.0087738812863218,-0.7615238447690251,0.4669477520141183,0.06704770968961603,3.8095364712210182,-0.00016417751087365972,32.256145746859616,0.9786091096604411,-2.2562916262405075,0.021392307699684306
925,3.764456000000001,-0.5626592442579319,0.45068809950862354,-0.002910305209227637,-0.299547645185704,3.1251573262651964,-0.5569778733942559,0.7627207924264531,0,0.0036631000000000003,1,Shared Control,0.01,Good Visuals,0.3173197111422785,-0.1951993983445861,0.0,5.8779830018469585,1.0087744373525247,-0.748503802798212,0.4799677939849314,0.06021722357906138,3.8122688990170923,-0.00045895203690379306,32.25629162624051,0.9786076923003157,-2.2566546857663727,0.021395710369854017
926,3.7679992,-0.561088447931137,0.46155353167611285,-0.004110574536881129,-0.3011672607503402,3.166169877204433,-0.5542540533658807,0.7747655526619365,0,0.0035432000000000003,1,Shared Control,0.01,Good Visuals,0.3192833322557315,-0.19523619949506546,0.0,5.8780470551870945,1.0087758196316372,-0.7351877743944383,0.49328382238870516,0.05527928929714679,3.739302014482532,-0.0005680898258403496,32.25665468576637,0.978604289630146,-2.257097961422503,0.0213997441259189
927,3.7714818,-0.5590464127063037,0.46874268821309933,-0.004792359340422991,-0.30602286444883714,3.189088516226362,-0.5515352843899288,0.7865737651526976,0,0.0034826,1,Shared Control,0.01,Good Visuals,0.3279732254462402,-0.1952977933613096,0.0,5.87812412158325,1.00877750573056,-0.7197018890717385,0.508769707711405,0.056960226173266106,3.7779666559404244,-0.0008025329503218604,32.2570979614225,0.9786002558740811,-2.257828112006393,0.02140649539940588
928,3.7756737000000005,-0.5570043774814702,0.4773873002205985,-0.0054690930915414215,-0.3091864649320991,3.21279160557127,-0.5482083250468335,0.8007464603744697,0,0.0041919,1,Shared Control,0.01,Good Visuals,0.3368805284628495,-0.19537135333800362,0.0,5.878252072615919,1.0087802844185842,-0.7049537877345179,0.5235178090486255,0.06126556460636759,3.7676531108779288,-0.0009359372041790713,32.25782811200639,0.9785935046005941,-2.258714159672671,0.02141455827239374
929,3.7794524000000003,-0.5549623422566369,0.4962616912762957,-0.006754017209803398,-0.304484769098174,3.2669962940049047,-0.5451584674426018,0.8134839021345794,0,0.0037787000000000003,1,Shared Control,0.01,Good Visuals,0.3440518023540169,-0.19544721571091586,0.0,5.878406117034049,1.0087836546744324,-0.6920981714990626,0.5363734252840808,0.06325248255353502,3.7453724028246356,-0.0010685041188259737,32.25871415967267,0.9785854417276063,-2.259636602655493,0.021422873509902487
930,3.7829911999999997,-0.553077386664483,0.5213927347758216,-0.00791891922188126,-0.29209116735875784,3.333127827553837,-0.542258653018749,0.8253795110455519,0,0.0035388000000000004,1,Shared Control,0.01,Good Visuals,0.34686426039630924,-0.19553215997022216,0.0,5.878565744897559,1.0087871623137699,-0.6788291815401909,0.5496424152429525,0.05526354364767022,3.7349030199205497,-0.0013200538585196827,32.25963660265549,0.9785771264900975,-2.2606644896709347,0.021432184208527136
931,3.7873602,-0.5491503958474958,0.5564262043028297,-0.006891742828746827,-0.2689533067427221,3.4171667727343316,-0.5386205671932757,0.8400211657225638,0,0.0043690000000000005,1,Shared Control,0.01,Good Visuals,0.3367366188207993,-0.1956365914731606,0.0,5.878879122703472,1.0087940737318934,-0.6539348636797249,0.5745367331034186,0.02024937829169115,3.4923331379630684,-0.0017166830860048813,32.26145464077019,0.9785608685007949,-2.2619740705736273,0.021443630894374063
932,3.7930791,-0.5467942013573035,0.5698450214450188,-0.008173634164027832,-0.270176144277545,3.463063350505572,-0.5337619418961972,0.8591112966618496,0,0.005718900000000001,1,Shared Control,0.01,Good Visuals,0.3118353631349168,-0.19561889673729224,0.0,5.878967282757704,1.0087960464567742,-0.6438311938688759,0.5846404029142676,-0.011533854532490943,2.96269237628626,-0.0013482770763256272,32.26197407057363,0.9785563691056259,-2.2618074348546826,0.021441691383049126
933,3.796962500000001,-0.5449092457651495,0.5859091024565658,-0.011147303868952352,-0.2732021942052838,3.521271794190741,-0.5304005813827957,0.8720250926659489,0,0.0038834000000000004,1,Shared Control,0.01,Good Visuals,0.3206047118450818,-0.19559796806181065,0.0,5.878934318884423,1.0087954070740839,-0.6328212088877767,0.5956503878953667,-0.010924666216449663,3.064372785521213,-0.0015989172975013645,32.26180743485468,0.9785583086169509,-2.261556649175367,0.02143939740118839
934,3.800448600000001,-0.5425530512749572,0.5983079263672094,-0.012152469892161566,-0.27371716629873943,3.5640426843407336,-0.5273404585615247,0.8835833736071287,0,0.0034861000000000002,1,Shared Control,0.01,Good Visuals,0.3411386380716463,-0.19559707505055957,0.0,5.878890606514036,1.0087944530248378,-0.6212501297097591,0.6072214670733843,-0.00035965709640715894,3.383455416245372,-0.0021803899861346406,32.26155664917537,0.9785606025988116,-2.261529398584377,0.021439299518662896
935,3.8038933000000004,-0.5403539364174443,0.6119096124291119,-0.013013477855919664,-0.2716737611780168,3.6175714952512155,-0.5242771541736393,0.8949721775516437,0,0.0034447,1,Shared Control,0.01,Good Visuals,0.3475673319634506,-0.19559302812794174,0.0,5.878887285338319,1.0087943513473265,-0.609057188407033,0.6194144083761104,-0.0014336217149491313,3.417783126202121,-0.0023769875655467914,32.26152939858438,0.9785607004813371,-2.261482099672096,0.02143885593745847
936,3.808008000000001,-0.5372123437638546,0.6244703977932688,-0.012935189590215335,-0.27050177975837486,3.6621934498515354,-0.5205666953767792,0.9085337386379779,0,0.004114700000000001,1,Shared Control,0.01,Good Visuals,0.35056756763867114,-0.19556395985676256,0.0,5.878878937909746,1.0087941712669404,-0.5921132616513257,0.6363583351318177,-0.0068592060266140335,3.391294909374402,-0.002545345540315242,32.261482099672094,0.9785611440625416,-2.26114842683744,0.021435669778503186
937,3.8123302,-0.5345419900083033,0.6401776264080588,-0.013975294631524027,-0.2683561122299192,3.7163306492294153,-0.5166091349064168,0.9227289630895338,0,0.0043222,1,Shared Control,0.01,Good Visuals,0.3489239198681346,-0.19551750851693092,0.0,5.878819513606938,1.0087929001307165,-0.5811267318117462,0.6473448649713972,-0.01608117164473052,3.2085890714580314,-0.002529656897760485,32.26114842683744,0.9785643302214968,-2.2605971925056205,0.021430578269913722
938,3.815907000000001,-0.5323428751507904,0.6628133304187145,-0.015733740244373573,-0.2599156326708193,3.793321506202425,-0.5132877690722922,0.9344367425765296,0,0.0035768,1,Shared Control,0.01,Good Visuals,0.35287206332505405,-0.1954472643866867,0.0,5.878722967467211,1.008790802445566,-0.5695166811521659,0.6589549156309775,-0.021412713857201542,3.2290503850869934,-0.002732414787145618,32.26059719250562,0.9785694217300863,-2.2597610110010633,0.021422878845229868
939,3.8194941,-0.5296725213952391,0.6805829655911688,-0.016384752322946894,-0.2538537769853608,3.8468470509334307,-0.5099148461010038,0.9461420423534472,0,0.0035871,1,Shared Control,0.01,Good Visuals,0.35469167211348285,-0.19533143573815495,0.0,5.878576740666225,1.0087876207172872,-0.5582825244303803,0.6701890723527631,-0.032509086355979475,3.2521296670291853,-0.0030751164893335343,32.25976101100106,0.9785771211547701,-2.258387299914985,0.021410182923841104
940,3.8241156000000007,-0.5246459731494955,0.7148146803951723,-0.014731127048491666,-0.23132736195827497,3.978082296654498,-0.5055075042094139,0.9611687064978977,0,0.004621500000000001,1,Shared Control,0.01,Good Visuals,0.3499011237055222,-0.19495011058155848,0.0,5.877940372171744,1.0087737978151394,-0.5365342102958244,0.6919373864873191,-0.05728625103216539,3.0701057920351102,-0.0033037842965323565,32.2561287217268,0.9786106908981644,-2.2538047054776147,0.021368386060344247
941,3.8296585000000007,-0.522289778659303,0.7284730609257672,-0.016782274449889112,-0.2326956455721304,4.035949515615062,-0.5001300778138177,0.9791098759898522,0,0.005542900000000001,1,Shared Control,0.01,Good Visuals,0.3199377028715552,-0.194661307817517,0.0,5.877538451390117,1.008764960773742,-0.5288406653781821,0.6996309314049614,-0.09672210357478556,2.5214816851213717,-0.0028718348470944373,32.25380470547761,0.9786316139396558,-2.250365618629462,0.021336730530942788
942,3.8330696,-0.5202477434344697,0.7304787426523073,-0.02011766562065198,-0.24863113333754494,4.051402142875377,-0.49677147170792757,0.9901061186290148,0,0.0034111000000000002,1,Shared Control,0.01,Good Visuals,0.33336054065796095,-0.19429977601767084,0.0,5.876937140913852,1.0087518743948147,-0.5191584497629346,0.7093131470202089,-0.09201763351837998,2.7455595109166313,-0.0032668594925679153,32.25036561862946,0.9786632694690572,-2.2460227373384676,0.021297103207577037
943,3.8364633,-0.5169490711482004,0.7293861532148486,-0.020177599440272864,-0.2607199654141662,4.0637169805245055,-0.4933928332250987,1.001011988039722,0,0.0033937000000000004,1,Shared Control,0.01,Good Visuals,0.36901806015270455,-0.19403186749048906,0.0,5.876181078922451,1.0087353531065926,-0.5079929358464758,0.7204786609366677,-0.0590018587319901,3.2600040631996445,-0.003908857924091077,32.246022737338464,0.978702896792423,-2.242684411309353,0.021267737885235845
944,3.840773200000001,-0.5141216377599696,0.74876220624905,-0.02072880453487086,-0.2522497817906719,4.159126921942805,-0.4890488126371568,1.01481223897608,0,0.0043099,1,Shared Control,0.01,Good Visuals,0.3815498488007285,-0.193780127445079,0.0,5.875610237706923,1.008722667400377,-0.4947165986494798,0.7337549981336636,-0.047559685239469796,3.315934161795284,-0.003915097300871191,32.242684411309355,0.9787322621147642,-2.239602263568286,0.021240144782256196
945,3.8438117,-0.5117654432697772,0.759365482885014,-0.022716630632620416,-0.25544675609106604,4.202726833547091,-0.4859505689185453,1.0245075328018882,0,0.0030385000000000004,1,Shared Control,0.01,Good Visuals,0.37623047383417574,-0.1934610607879178,0.0,5.875078658710696,1.0087109486656445,-0.48337276189406364,0.7450988348890798,-0.06535881950823325,3.1687579975463516,-0.004016830384551406,32.23960226356829,0.9787598552177438,-2.235770717012071,0.021205172042364617
946,3.8474538000000003,-0.508466770983508,0.7600848238916622,-0.022516202064962687,-0.264422708910226,4.2240115564058485,-0.482198102864327,1.036091346933674,0,0.0036421,1,Shared Control,0.01,Good Visuals,0.39111505224609505,-0.1931673744921134,0.0,5.874411500551784,1.008696371592148,-0.47187383205398,0.7565977647291635,-0.0573264628000231,3.3489427539852263,-0.004394783459714054,32.23577071701207,0.9787948279576354,-2.2321756579275527,0.021172981231440426
947,3.850838600000001,-0.5061105764933156,0.7739202858087469,-0.023912473628988573,-0.26217106112492716,4.301965238233757,-0.47867297396271735,1.0468197696753188,0,0.0033848000000000003,1,Shared Control,0.01,Good Visuals,0.3989740865048736,-0.1928967061016349,0.0,5.873791397651519,1.0086827020536495,-0.4600142701427944,0.7684573266403492,-0.05160538782457309,3.329373659129619,-0.004349395636422744,32.232175657927556,0.9788270187685596,-2.2288608866453323,0.021143313401836106
948,3.854439900000001,-0.5026548245743668,0.7923028070333378,-0.02398185061164948,-0.254516962641981,4.374057515174187,-0.4748825672410134,1.058194737132857,0,0.0036013000000000004,1,Shared Control,0.01,Good Visuals,0.40488732265186494,-0.19259714859529614,0.0,5.873219762572115,1.0086700981695855,-0.4483835866844528,0.7800880100986908,-0.0553698250980997,3.365262422482452,-0.004612637397774104,32.228860886645336,0.9788566865981639,-2.225237097042825,0.02111047905040319
949,3.8583227000000004,-0.49951323192077707,0.8122167021675426,-0.02463066467976366,-0.24597803496531445,4.464925103403245,-0.47075007360874105,1.0704124245992523,0,0.0038828,1,Shared Control,0.01,Good Visuals,0.3975557426882679,-0.19207007480250268,0.0,5.872591053406278,1.0086563138162519,-0.4338424550230449,0.7946291417600986,-0.07353716596414592,3.196836754475629,-0.004618836045842048,32.22523709704282,0.9788895209495968,-2.2190070921898646,0.021052706750335742
950,3.8623738000000003,-0.4960574800018283,0.8297683327568304,-0.02530740639308726,-0.24064409184242197,4.581958508369163,-0.4663879929951505,1.0831076238338768,0,0.0040511,1,Shared Control,0.01,Good Visuals,0.3927203551738663,-0.19156359759060096,0.0,5.871497687319842,1.008632598046685,-0.42337761473359353,0.80509398204955,-0.09073654501777585,3.0462667858560843,-0.004730813607477567,32.21900709218986,0.9789472932496642,-2.2128338285339106,0.020997192031403815
951,3.8658537000000006,-0.493387126246277,0.8460559273182859,-0.026999133251126517,-0.23705169651559088,4.713089226698023,-0.46259997557554833,1.093969762212058,0,0.0034799,1,Shared Control,0.01,Good Visuals,0.3912811985885337,-0.1909369191219913,0.0,5.870430600827755,1.0086091198528362,-0.41272529762270793,0.8157462991604355,-0.10524870267885564,2.993990025263666,-0.00484797781434717,32.21283382853391,0.9790028079685962,-2.205306958599226,0.020928502111644296
952,3.8694664999999997,-0.4899313743273282,0.8611861785254415,-0.027331398751779867,-0.23278358368661656,4.835142193125543,-0.4586273748296393,1.1052040448062588,0,0.0036128,1,Shared Control,0.01,Good Visuals,0.397546868526068,-0.19024363109669457,0.0,5.869120067425936,1.0085804795877082,-0.40213316882559325,0.8263384279575502,-0.11239650691001195,3.0706272784793986,-0.00515513132193421,32.20530695859922,0.9790714978883557,-2.196932786766318,0.02085251115102693
953,3.874178500000001,-0.48380526865282814,0.8729853881271821,-0.025177893823188857,-0.2322186566790767,5.0188072452471735,-0.45338525906243526,1.1197900343540927,0,0.004712,1,Shared Control,0.01,Good Visuals,0.40662176810684003,-0.18861933370759768,0.0,5.865845469998279,1.0085088604223895,-0.3809984026760428,0.8474731941071006,-0.12390529941391752,3.080898769802878,-0.005422420362600237,32.186485367468414,0.9792429911531672,-2.1772464753173124,0.020674472710404908
954,3.879703600000001,-0.4811349148972768,0.8914078062636659,-0.027749655834841513,-0.22838222809042685,5.167895135546904,-0.4471512795936886,1.136795579755997,0,0.005525100000000001,1,Shared Control,0.01,Good Visuals,0.38183596644905077,-0.18782546200882347,0.0,5.864253547464296,1.008473723118547,-0.3732766903710252,0.8551949064121183,-0.15542546326988033,2.5265729680706768,-0.0047490375570905215,32.17724647531731,0.9793255272895951,-2.1676338595998987,0.02058745682264171
955,3.8830233000000014,-0.4784645611417255,0.8999553701249622,-0.031313281548036864,-0.2368402096310348,5.235636371008006,-0.4433605742539066,1.1469617165571455,0,0.0033197,1,Shared Control,0.01,Good Visuals,0.39299387901373983,-0.1867831651445892,0.0,5.862586449379014,1.0084371479652823,-0.363545396070631,0.8649262007125125,-0.15945081407201495,2.746392995341675,-0.005212091927764951,32.167633859599896,0.9794125431773583,-2.155176955116152,0.02047321117426529
956,3.886544800000001,-0.4748517295900972,0.8925340543788811,-0.03149115533619057,-0.2544276621782644,5.234163641130642,-0.4393026229665346,1.1577029013536722,0,0.0035215000000000003,1,Shared Control,0.01,Good Visuals,0.4223359678005729,-0.18580580942222313,0.0,5.8604120661124375,1.0083897289186767,-0.35262734295028403,0.8758442538328595,-0.13782986800781236,3.1926932538956683,-0.005848793838605987,32.155176955116154,0.9795267888257347,-2.1432734161685216,0.02036608369261625
957,3.8908904,-0.46809730538487915,0.9332087881134334,-0.02879468241834454,-0.2244941132402387,5.4301814068024,-0.4342430186163092,1.1708958680575197,0,0.004345600000000001,1,Shared Control,0.01,Good Visuals,0.44000941008879796,-0.18403289965627473,0.0,5.856318584755965,1.0082997401212799,-0.3298381723977895,0.898633424385354,-0.12859441871189417,3.203035947220126,-0.005874002013768965,32.13152727345612,0.9797400005721992,-2.1216424727712466,0.02017175592221424
958,3.8969057000000014,-0.462599518241097,0.9589419133904667,-0.028356499624787812,-0.2119539546670529,5.497156916676345,-0.4271450809555567,1.1890429740866022,0,0.0060153,1,Shared Control,0.01,Good Visuals,0.40040788467258825,-0.1817496054579462,0.0,5.85233301167174,1.0082124141456057,-0.3147111343019337,0.9137604624812098,-0.1940011148085188,2.597091876084602,-0.005675958710956153,32.10858548011452,0.9799483678075808,-2.0942855126755866,0.0199214851643589
959,3.9029311,-0.4567875718319559,0.9471409243386559,-0.029642490876399197,-0.24190204974794627,5.426982283971789,-0.41992620068473563,1.2070836148260697,0,0.0060254,1,Shared Control,0.01,Good Visuals,0.428138801693947,-0.1793900071285325,0.0,5.847197270660429,1.008099962343214,-0.29927319390646756,0.929198402876676,-0.1657500191027654,2.8735573633756246,-0.005860346959649733,32.07904855684025,0.9802170848200465,-2.0656767454738456,0.019662850748098024
960,3.9089730000000014,-0.45270350138228915,0.9503065402220421,-0.032777300697553524,-0.25677707460402766,5.3967257349990625,-0.41257882751158925,1.2250324597486657,0,0.0060419,1,Shared Control,0.01,Good Visuals,0.41710614860360934,-0.1780802004501207,0.0,5.844887118603521,1.0080490668471136,-0.2895899826258805,0.938881614157263,-0.17321537692715136,2.508149113007243,-0.005317566649624712,32.065676745473844,0.980337149251902,-2.0500047815861318,0.01951928348011737
961,3.912751,-0.4498760679940584,0.9529793872694519,-0.03729724048246913,-0.27205307247921384,5.328860008691985,-0.40792957469475166,1.2361823648172563,0,0.003778,1,Shared Control,0.01,Good Visuals,0.45031855944666255,-0.1769902968273222,0.0,5.842152705227793,1.0079893771884476,-0.2788637605274382,0.9496078362557053,-0.1408482007545683,2.980665286067434,-0.005836988278434213,32.05000478158613,0.9804807165198827,-2.0366831176465974,0.019399819678270574
962,3.916461100000001,-0.44579199754439164,0.954305451250399,-0.037862422849639976,-0.2818769135668573,5.24725537237673,-0.40332298941007355,1.2470757371247072,0,0.0037101,1,Shared Control,0.01,Good Visuals,0.49202319514886605,-0.17617336092084082,0.0,5.8398525309645475,1.00793866586556,-0.2664962996666432,0.9619752971165003,-0.0977146237657395,3.591329343669609,-0.006601249663832229,32.0366831176466,0.9806001803217295,-2.026615842226061,0.019310275734006184
963,3.9198851,-0.4426504048908018,0.969854191123612,-0.03932741548072827,-0.27722154600109516,5.22029787461183,-0.39903586279123276,1.257078918020103,0,0.0034240000000000004,1,Shared Control,0.01,Good Visuals,0.5051492516329864,-0.17546077284299255,0.0,5.838121161397644,1.0079003490483875,-0.25347686971770866,0.9749947270654349,-0.08158891291554785,3.6551924391292667,-0.006670350286027114,32.026615842226065,0.9806897242659938,-2.0179360190530593,0.01923216930408913
964,3.9244574000000014,-0.43762385664505815,0.9904945877705467,-0.038587993853825386,-0.2665843302495563,5.179829556847341,-0.3932577237067754,1.2703604503886965,0,0.0045723000000000005,1,Shared Control,0.01,Good Visuals,0.5089417064240565,-0.17453559949733108,0.0,5.83661988576851,1.0078673003730156,-0.23738347541968619,0.9910881213634574,-0.08221621421139792,3.650868695815083,-0.006900418714166051,32.01793601905306,0.9807678306959109,-2.0069332261094095,0.01913076150717196
965,3.9278484000000002,-0.43463934362414786,1.0010631176267182,-0.041381619917372436,-0.2692973327619783,5.0717608514567765,-0.38893331391620606,1.2801531729752267,0,0.0033910000000000004,1,Shared Control,0.01,Good Visuals,0.4938195986297286,-0.17360560132970596,0.0,5.8346942458253,1.0078253762378395,-0.225518953387445,1.0029526433956986,-0.10266527187244512,3.2985409747952943,-0.006734978640676741,32.00693322610941,0.980869238492828,-1.9957323014299042,0.01902882486388438
966,3.931462400000001,-0.4305552731744811,1.0043659492095793,-0.041621959258275054,-0.27578722376564735,4.944659898413328,-0.38428806298941376,1.290535139032481,0,0.003614,1,Shared Control,0.01,Good Visuals,0.5127616780439131,-0.1728432573853284,0.0,5.832746101992577,1.007782709888905,-0.21334040921115524,1.0151311875719884,-0.08228895018284292,3.5448085272702716,-0.007184081009752779,31.995732301429904,0.9809711751361156,-1.9864268799163771,0.018945264717826347
967,3.9349110000000014,-0.4272566008882118,1.013406203656876,-0.042968537898798065,-0.277128935375605,4.855495368209444,-0.37982051830813274,1.3003884482257106,0,0.0034486,1,Shared Control,0.01,Good Visuals,0.5206272198649349,-0.17217263552115988,0.0,5.8311382012301465,1.0077472749793903,-0.2007328978168347,1.0277386989663089,-0.06949213308868776,3.5316147215105556,-0.007194075016959688,31.986426879916376,0.9810547352821737,-1.9782814479655175,0.01887175818401976
968,3.9385745000000014,-0.4230154508058656,1.03031513114238,-0.043194932497732874,-0.2700733170833307,4.791974109449127,-0.3750374598461849,1.3107975841697506,0,0.0036635,1,Shared Control,0.01,Good Visuals,0.529762190674914,-0.17159402525297435,0.0,5.829727307319552,1.0077162514704305,-0.18820632001412316,1.0402652767690204,-0.05930586417598634,3.580249743543943,-0.0073980064145269045,31.978281447965518,0.9811282418159802,-1.9712482400777727,0.0188083369961467
969,3.9423592000000003,-0.41877430072351945,1.0581058322880275,-0.04373684087733454,-0.2526917518817231,4.769795670068303,-0.37005623526688874,1.3214870830235914,0,0.0037847,1,Shared Control,0.01,Good Visuals,0.5239121106382711,-0.17084372943266896,0.0,5.828509505404705,1.0076894634724283,-0.17480493963989438,1.0536666571432491,-0.06800408645221326,3.41706325358341,-0.007411992337816497,31.971248240077774,0.9811916630038533,-1.9623410219877386,0.01872609743906247
970,3.9458895,-0.4156327080699296,1.0712741779778476,-0.045576472803040835,-0.2502129050457438,4.6935176882409575,-0.36537347733140096,1.33139842767279,0,0.0035303,1,Shared Control,0.01,Good Visuals,0.5094785851888739,-0.16991350776480402,0.0,5.826949156479989,1.0076555140223664,-0.16352254696268298,1.0649490498204606,-0.09097328520110216,3.1696566026721165,-0.007472165009087037,31.96234102198774,0.9812739025609375,-1.9512841413684217,0.01862413629802316
971,3.9494526000000008,-0.4110773987222244,1.0692428161814607,-0.04570392139082341,-0.26215561149132927,4.5915584095780195,-0.36061183785453615,1.3413425172745026,0,0.0035631,1,Shared Control,0.01,Good Visuals,0.5176014331964576,-0.1690520437335622,0.0,5.825013395608451,1.0076133704936938,-0.15237378327864312,1.0760978135045005,-0.08379850392030662,3.249705215856782,-0.007744058365511858,31.951284141368422,0.9813758637019768,-1.9408822451154768,0.018529711647830543
972,3.9529514,-0.4076216468032756,1.0834927818828253,-0.04700980894873946,-0.2578497353916773,4.577218205985208,-0.3559017523768692,1.3510481891370958,0,0.0034988000000000003,1,Shared Control,0.01,Good Visuals,0.5302844744332895,-0.16834414672656764,0.0,5.823206342884404,1.007573738334008,-0.14054226783103574,1.087929328952108,-0.06598811971142006,3.2951360350936874,-0.007726341317756768,31.94088224511548,0.9814702883521694,-1.9322656542741268,0.0184521194038903
973,3.9575131,-0.39992474480198065,1.1047711664185829,-0.04402299242511143,-0.24627702271851293,4.484098486348776,-0.3497099786062286,1.3636130055374445,0,0.0045617,1,Shared Control,0.01,Good Visuals,0.5304847961207633,-0.1668067401432891,0.0,5.820206056882843,1.0075079017985258,-0.11798656894322626,1.1104850278399174,-0.07464038732761855,3.178053367354342,-0.00795850566143652,31.923603604845773,0.9816269803149333,-1.9138747100644768,0.018283605021901957
974,3.963299600000001,-0.395212355821596,1.1174613472567805,-0.04550237721536737,-0.246151658280664,4.461106923195769,-0.3417736670846647,1.3794027829042126,0,0.0057865,1,Shared Control,0.01,Good Visuals,0.504264937787988,-0.16582018620219358,0.0,5.81850552888121,1.0074708156926664,-0.10912138317227377,1.11935021361087,-0.09946791532531381,2.5921595821498524,-0.007343331857785547,31.913874710064476,0.981716394978098,-1.90215500628302,0.018175469328006753
975,3.9668638000000005,-0.39175660390264716,1.1383137411672188,-0.04998293681798244,-0.24108904173699375,4.466700744034171,-0.3368399987523569,1.389043973919885,0,0.0035642,1,Shared Control,0.01,Good Visuals,0.5126420523729536,-0.16479359529133128,0.0,5.816453012747828,1.0074261333990027,-0.09939714793153234,1.1290744488516113,-0.09510707648814863,2.7002763636402936,-0.007545212662494668,31.90215500628302,0.9818245306719933,-1.8898714785785773,0.018062945201480708
976,3.970466400000001,-0.387201294554942,1.1521360964388416,-0.05036129580258514,-0.23690787748104336,4.4471371564984485,-0.3318183751758251,1.3987222172403238,0,0.0036026,1,Shared Control,0.01,Good Visuals,0.5334843694631644,-0.1638633890893108,0.0,5.814309362826415,1.0073793076242554,-0.08885791779992508,1.1396136789832185,-0.08254235464721041,3.0850740974203106,-0.00823686786145478,31.889871478578577,0.9819370547985193,-1.8786536645290604,0.017960985755645028
977,3.9747231000000003,-0.3810751888804419,1.1746390229910928,-0.04925681370461682,-0.22408319424923095,4.490022904981436,-0.3258402490658799,1.4100695433258654,0,0.0042567,1,Shared Control,0.01,Good Visuals,0.5313639048687278,-0.16238892579831482,0.0,5.812359195479968,1.0073365506108214,-0.07396737255644059,1.154504224226703,-0.08897943339099863,2.9922925152190363,-0.008252372609140884,31.87865366452906,0.982039014244355,-1.8613553689939681,0.017799370557070277
978,3.9787158,-0.37761943696149314,1.187524869166978,-0.051779187895613255,-0.22254467415888746,4.504974664074676,-0.32018916381276397,1.4206247290508829,0,0.0039927,1,Shared Control,0.01,Good Visuals,0.5118605404135728,-0.16098036047524217,0.0,5.809310700731629,1.0072705640939537,-0.06460833660496909,1.1638632601781744,-0.11900144294321124,2.589947960889834,-0.007998761065740437,31.86135536899397,0.9822006294429297,-1.8444551849741797,0.017644978402457788
979,3.982523500000001,-0.37259288871574947,1.1836521281982058,-0.052403724902985505,-0.23697260085267713,4.4805146861628895,-0.3147608158704617,1.4306096413858975,0,0.0038077000000000002,1,Shared Control,0.01,Good Visuals,0.5247972339063737,-0.15966094798997182,0.0,5.806365188937591,1.007206129039034,-0.055104238512316744,1.1733673582708268,-0.11202547335435638,2.7797075524706347,-0.008335432332551117,31.84445518497418,0.9823550215975422,-1.828607922570439,0.01750035824669594
980,3.9858919000000004,-0.36913713679680066,1.1906809749037426,-0.054376320926338984,-0.23992866648215494,4.5201744831424016,-0.30992716929569825,1.4393753394659567,0,0.0033684,1,Shared Control,0.01,Good Visuals,0.5427964340890695,-0.15851123147216395,0.0,5.803604564016221,1.0071457046590289,-0.044634268265267556,1.183837328517876,-0.09276464513848362,2.9264528180253206,-0.00836682839621636,31.828607922570438,0.9824996417533041,-1.814747202336543,0.017374338382746206
981,3.9908704000000004,-0.3590840403053133,1.2160066973854393,-0.04915687100961508,-0.22336864208051743,4.57995614429825,-0.3027292235466076,1.4522132608583198,0,0.0049785,1,Shared Control,0.01,Good Visuals,0.5602788068050695,-0.156295171804861,0.0,5.798905006373335,1.007042792342409,-0.02212145175344873,1.206350145029695,-0.08335951917174944,3.001857565342183,-0.008529329035001655,31.801620143724136,0.9827457257686095,-1.788253527772867,0.01713143716887961
982,3.9967273,-0.3553141291210056,1.2406417074354992,-0.05258490557439799,-0.21157155342282064,4.623921882216554,-0.29417996752774167,1.467132401459978,0,0.0058569,1,Shared Control,0.01,Good Visuals,0.5098715557004387,-0.1546075956630511,0.0,5.796568366296635,1.006991805675657,-0.014622581698069407,1.2138490150850743,-0.14370140151044855,2.0880074776909625,-0.007682981599837179,31.788253527772866,0.9828685628311203,-1.7684834877825364,0.016946462775190647
983,4.000486200000001,-0.3502875808752619,1.2464855499744814,-0.056107613347520235,-0.22064685148549668,4.599088171596441,-0.288647342664927,1.4766002424409557,0,0.0037589000000000003,1,Shared Control,0.01,Good Visuals,0.5176634958989951,-0.15283190717560766,0.0,5.793081413676157,1.006916352078246,-0.006733828004766752,1.2217377687783768,-0.14723144254709758,2.298453963435305,-0.008130025819026247,31.768483487782536,0.9830535372248094,-1.7473777699004511,0.016751830430487634
984,4.0038953,-0.3466747493236337,1.2490167247577757,-0.058027406658706704,-0.22758351768317997,4.592234353278264,-0.28359893399583164,1.4851131348217712,0,0.0034091000000000004,1,Shared Control,0.01,Good Visuals,0.5469837520988603,-0.1512271226785263,0.0,5.789385407476245,1.0068358222234126,0.003086633008529689,1.2315582297916732,-0.1200227718284277,2.742532677975994,-0.008575033554973098,31.747377769900453,0.9832481695695123,-1.7281545518657342,0.01657593078839462
985,4.0081025,-0.34023448438377457,1.2351088578826275,-0.056635550387942935,-0.25000427693914373,4.496042395672732,-0.2773288348078701,1.4955203895009077,0,0.0042072,1,Shared Control,0.01,Good Visuals,0.5648709694792865,-0.14923859009885154,0.0,5.786031839303526,1.0067624814498148,0.01772515221566133,1.2461967489988048,-0.10362694182077344,2.9366312002751647,-0.008775317745492972,31.728154551865735,0.9834240692116054,-1.704726311154753,0.016357968707073893
986,4.012484800000001,-0.3352079361380309,1.2371792567900357,-0.05787910133016083,-0.258341132710872,4.42525123039938,-0.2707514769250449,1.5062428415610052,0,0.0043823,1,Shared Control,0.01,Good Visuals,0.5791342799165651,-0.14820209014278737,0.0,5.781910999171605,1.006673050820017,0.02757190769291258,1.256043504476056,-0.08111371822222767,2.8665954810047305,-0.008452209689369067,31.704726311154754,0.9836420312929262,-1.691818730670917,0.016244358454960476
987,4.015970900000001,-0.3312809453210437,1.262747105380035,-0.060529468395998764,-0.2434957361809702,4.394872745715996,-0.26548582596645665,1.5146849659405088,0,0.0034861000000000002,1,Shared Control,0.01,Good Visuals,0.5945762564600734,-0.14733697564644196,0.0,5.779701232484333,1.0066238404942678,0.038341798790159476,1.266813395573303,-0.06379652854682044,3.0070055554073294,-0.00857780379271602,31.691818730670917,0.9837556415450395,-1.6814192150758693,0.016149533679077236
988,4.0194992,-0.3260973174426205,1.281104987459892,-0.06061149147616385,-0.23357997848061673,4.318020926327541,-0.26012660734357185,1.523148928937888,0,0.0035283000000000003,1,Shared Control,0.01,Good Visuals,0.5948315605202424,-0.14636573528134314,0.0,5.7778900034997855,1.006584156264992,0.048790214620355966,1.2772618114034995,-0.07099934144351285,3.0445876304552977,-0.008918228810953348,31.68141921507587,0.9838504663209228,-1.6699473090094885,0.016043076498740635
989,4.0242728,-0.31667253948185115,1.3075061715581726,-0.0565459321382793,-0.21564275737971528,4.229133496686341,-0.25282862384952176,1.5344692388123082,0,0.0047736,1,Shared Control,0.01,Good Visuals,0.5900264630205188,-0.1440656943016332,0.0,5.773335830118776,1.0064853396388573,0.06871475905390459,1.297186355837048,-0.07932231683552628,2.869952376469274,-0.009004936787366045,31.6555391769458,0.9840914323214124,-1.6427243453305032,0.01579097013438701
990,4.029706300000001,-0.31290262829754334,1.3419708512220048,-0.06007400444802158,-0.19249838759030347,4.2936939027954235,-0.24445649642363143,1.5471673553848935,0,0.0054335,1,Shared Control,0.01,Good Visuals,0.5433627740913851,-0.14257926119462114,0.0,5.771096818225255,1.0064364214301944,0.07477948191771866,1.303251078700862,-0.12988295174343406,1.9982612401364293,-0.008146328973434242,31.642724345330503,0.984209029865613,-1.6253485955275675,0.015628042930146094
991,4.033000600000001,-0.3086614782151972,1.354433185309923,-0.06420498179156575,-0.1927341700749705,4.228231743631534,-0.23934712422460933,1.554767181855025,0,0.0032943,1,Shared Control,0.01,Good Visuals,0.5402331733488226,-0.140437077589735,0.0,5.768028349156434,1.0063700536421674,0.08230991612435437,1.3107815129074978,-0.14838787687783034,2.1078302095492667,-0.0085653071712013,31.62534859552757,0.9843719570698539,-1.6003675168586011,0.015393239235268492
992,4.0365152,-0.30332077070409447,1.3436331650615667,-0.06397364647948514,-0.21113401679345833,4.09458114868789,-0.23386861305753215,1.5627913550680363,0,0.0035146,1,Shared Control,0.01,Good Visuals,0.5639960726612931,-0.13857623384622014,0.0,5.763611455965397,1.0062746216819474,0.09088020987958371,1.3193518066627272,-0.1263303960308846,2.5112942113954757,-0.009016760009509643,31.6003675168586,0.9846067607647315,-1.5781957652542262,0.01518927306468883
993,4.040895800000001,-0.29373891311064565,1.382749622833436,-0.0598703000531135,-0.1800417322346004,4.117123961368527,-0.2270009629037878,1.5726694560917998,0,0.0043806,1,Shared Control,0.01,Good Visuals,0.5725108187166965,-0.13541033592827015,0.0,5.756144707417278,1.006111776896638,0.10841302185230191,1.3368846186354455,-0.11501784506758403,2.4067372672434635,-0.008752251684198527,31.557727790991994,0.9849997739108218,-1.540547017890009,0.014842260545759822
994,4.046793900000001,-0.28981192229365843,1.3725138011563005,-0.06281095938987064,-0.20015565493549925,4.0074545616158455,-0.21768650313661292,1.5857490556120317,0,0.005898100000000001,1,Shared Control,0.01,Good Visuals,0.525572491355115,-0.13292044502652112,0.0,5.753139679441201,1.0060461552518176,0.11431901379652523,1.3427906105796688,-0.1700708165424183,1.6318952071573936,-0.00810705744231843,31.54054701789001,0.9851577394542401,-1.5117519282760747,0.014569344824511983
995,4.0504873,-0.28431413514987625,1.3464851415123706,-0.06662763201326333,-0.23926391409966108,3.882804683975231,-0.21181478344264312,1.5938080964734178,0,0.0036934000000000003,1,Shared Control,0.01,Good Visuals,0.5623828761041314,-0.13110715040284424,0.0,5.748026835201354,1.0059360853496553,0.12160131693825774,1.3500729137214011,-0.12536827527337296,2.1204004023213674,-0.00834886067464435,31.511751928276073,0.985430655175488,-1.4900257527179035,0.014370590489650172
996,4.0539415000000005,-0.2802300647002095,1.339234080201832,-0.06841528125756638,-0.2545740162715857,3.836924838358077,-0.2062965692027338,1.601251872934776,0,0.0034542,1,Shared Control,0.01,Good Visuals,0.6233891861597791,-0.13030614833302784,0.0,5.744235942583255,1.0058530910755596,0.13187932606255778,1.3603509228457011,-0.0513903585567597,2.896764218680431,-0.008735358971348275,31.490025752717905,0.9856294095103498,-1.480038829294938,0.014282793045412195
997,4.058019700000001,-0.273004401596953,1.3484780178616047,-0.06670783239421921,-0.2527738550731713,3.7863843899838985,-0.1997486200364832,1.609922373496463,0,0.004078200000000001,1,Shared Control,0.01,Good Visuals,0.6489309295688979,-0.12986430934988732,0.0,5.74252661100094,1.005814969250609,0.14577411898694592,1.3742457157700894,-0.022332824568278117,3.144899036799634,-0.008914931787794265,31.480038829294937,0.9857172069545878,-1.4746337656790491,0.014234363291050468
998,4.061765600000001,-0.2687632515146068,1.3663207083015445,-0.06901463147812359,-0.24360166519491844,3.6935082069412646,-0.19370327538391394,1.6177719995242492,0,0.0037459000000000004,1,Shared Control,0.01,Good Visuals,0.6372477308985788,-0.12930483088690434,0.0,5.741592964989084,1.0057943280592196,0.15580033025569648,1.38427192703884,-0.035611760191548325,2.789397748929046,-0.008662966582103318,31.474633765679048,0.9857656367089496,-1.4681116754280155,0.014173039130967641
999,4.0654819,-0.26326546437082465,1.3830506234127962,-0.06956218898691072,-0.23472137611145305,3.5772689123181194,-0.187676848973412,1.625449599335321,0,0.0037163,1,Shared Control,0.01,Good Visuals,0.6411814106836081,-0.1287877516309021,0.0,5.7404394233484695,1.005769394731675,0.1655174144369471,1.3939890112200906,-0.03332876289945581,2.8434975510638827,-0.008923925252000796,31.468111675428016,0.9858269608690323,-1.4620102884427402,0.01411636232717876
1000,4.0689191000000005,-0.25902431428847844,1.3932178272455293,-0.07134746531506644,-0.23223177208979173,3.462595788740241,-0.18207779254617665,1.6324515792980254,0,0.0034372,1,Shared Control,0.01,Good Visuals,0.635313016526938,-0.1281402257643624,0.0,5.739366738991563,1.0057460750908513,0.17524204399157786,1.4037136407747213,-0.03931542644152214,2.7125127763885963,-0.00895875791814813,31.46201028844274,0.9858836376728213,-1.454467581898761,0.014045387334351093
1001,4.0741934,-0.2474004214701962,1.4259893572243816,-0.06532262892401955,-0.20646222207364384,3.341819509643924,-0.1734398140640758,1.6430077089984916,0,0.0052743,1,Shared Control,0.01,Good Visuals,0.6424929744308191,-0.12714217068243036,0.0,5.7369890041485325,1.0056944651371018,0.19536111677640824,1.4238327135595517,-0.027618336950851686,2.660243507856756,-0.009079590242356593,31.448508628277068,0.9860094836979512,-1.4426613387715177,0.01393599100604642
1002,4.079885200000001,-0.23876104167282428,1.4689044790903478,-0.06532122760874848,-0.17410322990814375,3.2465575526494326,-0.16405633544661993,1.6541386381877692,0,0.0056918,1,Shared Control,0.01,Good Visuals,0.5844485859803183,-0.12441599689275981,0.0,5.7333256287057495,1.005615736684547,0.20570931532375708,1.4341809121069007,-0.10488746888377595,1.832194706188341,-0.008774322900359689,31.427923455336067,0.9862054400731919,-1.4111555069296502,0.013637176433274474
1003,4.085770500000001,-0.23451989159047806,1.4674479094066037,-0.07046355614385813,-0.18669072878116544,3.163275049741743,-0.15428807546322226,1.665356741584915,0,0.0058853,1,Shared Control,0.01,Good Visuals,0.5493840903427677,-0.12256429281120373,0.0,5.730362379727014,1.005551621003103,0.20930587037520118,1.4377774671583448,-0.13843836175129384,1.1883938182144105,-0.008127005651201308,31.41115550692965,0.9863628235667256,-1.3896536193740254,0.013434212056562044
1004,4.0892514,-0.23012166187545233,1.4427038966703103,-0.07583358641223006,-0.2226528449146048,2.9992910355229325,-0.14847980374945557,1.671849583593053,0,0.0034809000000000003,1,Shared Control,0.01,Good Visuals,0.5912250146494344,-0.12094364986674648,0.0,5.72655176828314,1.0054693869363849,0.21613762837581757,1.444609225158961,-0.09316899108762265,1.8630373604080699,-0.008636315927734521,31.389653619374027,0.986565787943438,-1.3705527775709776,0.013256574177825638
1005,4.092901600000001,-0.2241526358336317,1.4029326591956748,-0.07567283208417613,-0.26891692439737813,2.780809373265426,-0.1423649665096429,1.6785427400437725,0,0.0036502,1,Shared Control,0.01,Good Visuals,0.6578644893168545,-0.12071441673622361,0.0,5.723191425895046,1.0053963507781107,0.22688862552608996,1.4553602223092335,-0.011699986843023641,2.7601337963781134,-0.009171590723180417,31.37055277757098,0.9867434258221743,-1.367171459285386,0.013231448046754354
1006,4.0964974000000005,-0.21818360979181112,1.412800200946442,-0.07581864328216822,-0.2657425390973305,2.7361725732805633,-0.13631758387461232,1.6850189312837025,0,0.0035958,1,Shared Control,0.01,Good Visuals,0.7034141769467466,-0.12166669249635095,0.0,5.72265545799089,1.0053834729981161,0.23755292978232148,1.466024526565465,0.05640040559777791,3.103516749965517,-0.00913480178781951,31.367171459285387,0.9867685519532456,-1.3777103396768826,0.013335826526036086
1007,4.0999192,-0.2136283004441059,1.4596973444501988,-0.07731071656949359,-0.22532158683350367,2.756854257189406,-0.13054139886510194,1.6910722169394645,0,0.0034218,1,Shared Control,0.01,Good Visuals,0.7012129274873807,-0.1225806994890017,0.0,5.724568897937736,1.0054238255493837,0.2481240276970005,1.476595624480144,0.05206250749728975,2.968992533261906,-0.009224603557702086,31.37771033967688,0.986664173473964,-1.3884172916771695,0.013436010384473266
1008,4.103467400000001,-0.20765927440228532,1.4922803146346995,-0.07711787553718338,-0.19879190230476507,2.7052116309982246,-0.12453016878163432,1.6972347763455695,0,0.0035482,1,Shared Control,0.01,Good Visuals,0.6692695065061179,-0.12264031368432526,0.0,5.726458224878398,1.0054647711269002,0.25701805201526895,1.4854896487984124,0.0033912489800537278,2.5910459471737024,-0.00947680171508448,31.388417291677168,0.9865639896155267,-1.3895486194579527,0.01344254466720104
1009,4.107763800000001,-0.2016902483604647,1.5248380220789644,-0.07716007957883038,-0.17239675426660517,2.7215421860726265,-0.11722241642031846,1.7045387704681167,0,0.0042964000000000006,1,Shared Control,0.01,Good Visuals,0.6415038827210311,-0.12196253077730661,0.0,5.726620083990286,1.0054690634666883,0.26578822385975265,1.494259820642896,-0.032879409209366064,2.196771746733381,-0.009457760446548924,31.38954861945795,0.9865574553327989,-1.3819912975736095,0.013368253214997846
1010,4.110807100000001,-0.19697785938008003,1.534841777828824,-0.07975544295976157,-0.16969699263929283,2.690768542971782,-0.11202726011333258,1.7096062786365835,0,0.0030433,1,Shared Control,0.01,Good Visuals,0.6150956069837031,-0.12063103417337975,0.0,5.725253185070307,1.0054401334416692,0.27232299741227395,1.5007945941954173,-0.07147414274616726,1.8293926688842124,-0.009410638580412528,31.38199129757361,0.9866317467850022,-1.366734578833196,0.01322230852491344
1011,4.114489500000001,-0.1908517537055799,1.523783584021713,-0.07882449359224733,-0.18582269461487044,2.6284101169234306,-0.10572069567473476,1.715618625036481,0,0.0036824,1,Shared Control,0.01,Good Visuals,0.627013278730765,-0.11947526462906607,0.0,5.722531285448738,1.0053817604850281,0.27924838364581733,1.5077199804289607,-0.06228888811153806,2.012959607471039,-0.009620981565192038,31.366734578833196,0.9867776914750865,-1.35312754049601,0.013095625191695475
1012,4.1179849,-0.18629644435787474,1.5230957211419798,-0.08057574868313998,-0.19252290389450133,2.6341414972501656,-0.0997141271663525,1.7212032246148192,0,0.0034954,1,Shared Control,0.01,Good Visuals,0.6376999103543813,-0.1185983701352805,0.0,5.7201361077219826,1.005329724507814,0.28641754935970015,1.5148891461428435,-0.046189108022605736,2.002056944869402,-0.009417577231185872,31.35312754049601,0.9869043748083045,-1.342732065256844,0.012999509216067129
1013,4.121667,-0.18017033868337462,1.5237770219819722,-0.08045621151702212,-0.19742620263284705,2.6278746180408197,-0.09336585324369687,1.7269554460697696,0,0.0036821,1,Shared Control,0.01,Good Visuals,0.6542986507656415,-0.11802258698067215,0.0,5.718312437715483,1.0052899731798248,0.293910345810986,1.5223819425941294,-0.030985210637335607,2.1793422097338215,-0.009556152466250375,31.342732065256843,0.9870004907839329,-1.3358507230882597,0.012936397906727468
1014,4.125511000000001,-0.17373007374351554,1.5486892913422063,-0.08036422049981867,-0.17826615472756324,2.720671788021713,-0.0867161254530563,1.7328156498385006,0,0.003844,1,Shared Control,0.01,Good Visuals,0.6584424003669969,-0.1174205323073736,0.0,5.717110017457698,1.0052636625211286,0.30236385938858534,1.5308354561717288,-0.02818988378426992,2.132302579795514,-0.0094956502219031,31.33585072308826,0.9870636020932725,-1.328824621612055,0.012870406989101926
1015,4.128889800000001,-0.16933184402848986,1.563187081166793,-0.08261571857543355,-0.1696285686717076,2.755510177740613,-0.08085276222883402,1.7378427998582098,0,0.0033788000000000004,1,Shared Control,0.01,Good Visuals,0.638550959286759,-0.11621087947549269,0.0,5.715867835178007,1.0052367848880561,0.30890983713223297,1.5373814339153764,-0.06225325466643919,1.8253242272175623,-0.009436409549555855,31.328824621612053,0.9871295930108981,-1.3149870876749659,0.012737817535146185
1016,4.132581100000001,-0.16304865872131025,1.5457051503873158,-0.08219589649247623,-0.19213764947089396,2.69492866301548,-0.07442793084219845,1.743200754261021,0,0.0036913000000000002,1,Shared Control,0.01,Good Visuals,0.6425242894989341,-0.11494682223640534,0.0,5.713396963230748,1.0051838272886697,0.31544872033275745,1.5439203171159008,-0.06583839283550115,1.901888601414873,-0.009600845314150931,31.314987087674965,0.9872621824648539,-1.3002608782547582,0.01259926484078446
1017,4.135887,-0.15833626974092557,1.5401142094422506,-0.08390833889872712,-0.20308654481877042,2.7213753213510077,-0.06865731911193798,1.7478789587883379,0,0.0033059,1,Shared Control,0.01,Good Visuals,0.6625264300381136,-0.11418875905918141,0.0,5.710791141925525,1.0051274853110364,0.32260648480519544,1.551078081588339,-0.03867634607693272,2.013265961364164,-0.009448157102682639,31.300260878254758,0.9874007351592156,-1.2911772347898067,0.01251617390751579
1018,4.1408281,-0.14718361582068182,1.5553376703868742,-0.07852629670874384,-0.19254128840146367,2.7792505514824266,-0.06000402402221468,1.7546562525187868,0,0.0049411,1,Shared Control,0.01,Good Visuals,0.6785784631113192,-0.11325627631838436,0.0,5.7083973681286535,1.0050749283901041,0.33759133696411137,1.566062933747255,-0.028834163809133614,2.0486121752774444,-0.009472947037155677,31.28651651998198,0.9875259313298347,-1.2801966751943274,0.012413964931380722
1019,4.146489300000001,-0.14074335088082274,1.5732420128496645,-0.08073932685860806,-0.1814142396691223,2.818267986267398,-0.05004933115212218,1.7620997298084489,0,0.005661200000000001,1,Shared Control,0.01,Good Visuals,0.6416847814582644,-0.11198030027095282,0.0,5.707273049560997,1.0050507409461646,0.3422229617358361,1.5706945585189798,-0.07049953315265309,1.348362378959175,-0.00889359595830493,31.28019667519433,0.9875860350686193,-1.2656647119875413,0.012274105822278742
1020,4.1499231000000005,-0.13603096190043804,1.5904397147080078,-0.08598163074831586,-0.17166001510044104,2.8529960862824604,-0.04399113627654033,1.7664446622190884,0,0.0034338000000000003,1,Shared Control,0.01,Good Visuals,0.642911828531637,-0.11044402000071074,0.0,5.704672344325976,1.0049951086219613,0.3473234642092495,1.5757950609923932,-0.0785863986258583,1.4186583799441959,-0.009041214065301537,31.26566471198754,0.9877258941777213,-1.2478960114345616,0.01210571489491023
1021,4.1535446,-0.12959069696057895,1.5989355671452314,-0.08559956068403862,-0.16750909507385692,2.87340704453215,-0.03758587058395359,1.7708861555127229,0,0.0036215,1,Shared Control,0.01,Good Visuals,0.662731506233253,-0.10910612253118922,0.0,5.701516716092977,1.004927100489071,0.35353324189040536,1.582004838673549,-0.067501297167278,1.818649196414082,-0.009496156946060721,31.247896011434563,0.9878942851050898,-1.232236616905537,0.011959068609085563
1022,4.1576582,-0.12315043202071987,1.6093145166785399,-0.08556456143676629,-0.16157163883418302,2.953549995415732,-0.03029107690555456,1.7757535372695483,0,0.0041136,1,Shared Control,0.01,Good Visuals,0.6561350565617042,-0.10701815041552656,0.0,5.698751975613415,1.0048671740939346,0.36107034764062507,1.5895419444237688,-0.07924805601439301,1.6555243592197435,-0.009339436156608686,31.23223661690554,0.9880409313909144,-1.2082869076955909,0.0117302070089684
1023,4.1614284,-0.11671016708086081,1.6236584528020548,-0.08641909017530625,-0.15209508446749354,3.1044991838957,-0.02358798722057323,1.7800466296964232,0,0.0037702,1,Shared Control,0.01,Good Visuals,0.6495889802419329,-0.10512773362432457,0.0,5.694480883375275,1.004775479268901,0.36620228170039837,1.5946738784835421,-0.09475928765992725,1.490931134997039,-0.009156961106078419,31.20828690769559,0.9882697929910316,-1.1862438984955817,0.011522999351127846
1024,4.164941500000001,-0.11168361883511713,1.6345029563756226,-0.0880956316145439,-0.14554367332080065,3.261570261722306,-0.017327694066911203,1.7839006506625683,0,0.0035131000000000003,1,Shared Control,0.01,Good Visuals,0.6445834688329874,-0.10274567325122828,0.0,5.690581675684238,1.004691100880022,0.3712484800886631,1.599720076871807,-0.11391496851912943,1.4164767405655478,-0.009085043092006079,31.186243898495583,0.9884770006488721,-1.1588086175467118,0.011261902881269348
1025,4.168456900000001,-0.10524335389525806,1.6408632456542114,-0.08791565982834686,-0.14303740500835693,3.4011672020939,-0.011050000089145,1.7876143339667994,0,0.0035154,1,Shared Control,0.01,Good Visuals,0.6470963677512463,-0.10017973391258235,0.0,5.68569877093337,1.0045860463722343,0.3762627970268843,1.6047343938100282,-0.12451354493568535,1.4582861533288352,-0.009051444980728504,31.15880861754671,0.9887380971187306,-1.1291476008716073,0.010980651528130606
1026,4.172178000000001,-0.10053096491487337,1.63554604830744,-0.08948096482572837,-0.15206828565935937,3.496979417294273,-0.004391036973337977,1.7913879238768557,0,0.0037211,1,Shared Control,0.01,Good Visuals,0.6430758114335854,-0.09712707608321701,0.0,5.680429153065673,1.0044724617679195,0.3811730298118799,1.6096446265950237,-0.13948296309557875,1.3428778298907638,-0.008807367408352893,31.129147600871608,0.9890193484718693,-1.0940132801617921,0.010646051199803417
1027,4.175873300000001,-0.09393362034233481,1.6060605874458291,-0.08954258336899683,-0.1853273364310266,3.4927160440031466,0.0022353535083574974,1.7949734070169365,0,0.0036953000000000003,1,Shared Control,0.01,Good Visuals,0.660458461300191,-0.09411445156100774,0.0,5.674173512062599,1.0043378880087874,0.3871634721786236,1.6156350689617676,-0.12682302785038563,1.5318865533163937,-0.008691024478628184,31.094013280161793,0.9893539488001966,-1.059185926306908,0.01031583890265011
1028,4.179484,-0.08733627576979625,1.6045681773775424,-0.08957162927815374,-0.1904052296393941,3.5810450590890306,0.00872255148566747,1.798319230523056,0,0.0036107,1,Shared Control,0.01,Good Visuals,0.6936326455497045,-0.09233855176392596,0.0,5.6679859477743575,1.0042044787930138,0.3933350704513583,1.6218066672345022,-0.0859322101194594,1.7957397208841481,-0.008427251125128949,31.05918592630691,0.9896841610973499,-1.0382208195296756,0.010121183396401218
1029,4.183033200000001,-0.08089601082993716,1.6529220668304012,-0.08961856231560464,-0.14539716369265476,3.800789831279981,0.015110755468096804,1.8014546749024352,0,0.0035492,1,Shared Control,0.01,Good Visuals,0.6985510184644014,-0.09026130686114656,0.0,5.66429935812926,1.004124186082789,0.40035247703628524,1.628824073819429,-0.08691334346400138,1.7629017195716532,-0.008270914526679985,31.038220819529677,0.9898788166035988,-1.0143870215187192,0.009893497600829932
1030,4.186923500000001,-0.07571238295151402,1.6723990076102493,-0.09082313841961082,-0.12905566729218587,3.8636145126725583,0.022125356410825397,1.804714914150033,0,0.0038903,1,Shared Control,0.01,Good Visuals,0.6532289769916979,-0.08676623642141738,0.0,5.6600489262444,1.0040328564749572,0.40464780651995547,1.6331194033030993,-0.16028931955457765,1.2007518404534867,-0.008089088553623575,31.01438702151872,0.9901065023991701,-0.9746739067998852,0.00951040464314225
1031,4.1913269,-0.06770132168486004,1.6554003890161018,-0.08982667809568544,-0.14931452513393118,3.820803252230175,0.03007995520365661,1.8081799088820545,0,0.0044034,1,Shared Control,0.01,Good Visuals,0.6429735187427852,-0.08177710294566197,0.0,5.652932087937395,1.0038806350911185,0.4094976303672093,1.6379692271503532,-0.180951267678051,1.091123075786058,-0.007880381900651068,30.974673906799886,0.9904895953568578,-0.917873324033999,0.008963548168434438
1032,4.194850000000001,-0.06267477343911637,1.6348173112623883,-0.09275472864277298,-0.17336259761966621,3.760878958040665,0.03645497636486431,1.8107780919284864,0,0.0035231000000000004,1,Shared Control,0.01,Good Visuals,0.6567320750551577,-0.07815884548116417,0.0,5.642762700715199,1.0036628803075334,0.4135950415726474,1.6420666383557914,-0.16121242542390943,1.1140929918533065,-0.007345765501897707,30.917873324033998,0.9910364518315655,-0.8759548308972032,0.00856695274134559
1033,4.198646200000001,-0.05592034923389831,1.6279868694482156,-0.09237532559876263,-0.1827912224802708,3.7307629684194756,0.043334091472664246,1.8134026041461229,0,0.0037962000000000004,1,Shared Control,0.01,Good Visuals,0.6966725190993057,-0.07580724679202751,0.0,5.635322117873312,1.0035021834583704,0.41893050450068836,1.6474021012838322,-0.11295834893185105,1.6020967864879765,-0.007249602503637806,30.875954830897204,0.9914330472586544,-0.8486497704181993,0.00830919516173422
1034,4.20209,-0.051050880620834134,1.64337139039239,-0.09438497209349839,-0.17003121375373276,3.776013021859416,0.04958295740926962,1.8156248809676097,0,0.0034438000000000003,1,Shared Control,0.01,Good Visuals,0.7035297370278464,-0.07349759902687523,0.0,5.630480640348519,1.0033974941981623,0.4245725254063808,1.6530441221895247,-0.10384679721405247,1.574312435317939,-0.007002719105159295,30.8486497704182,0.9916908048382658,-0.8222517198031231,0.008056035802337306
1035,4.205802200000001,-0.04445353604829557,1.6530946563142948,-0.09403649345756519,-0.1625302246533149,3.777427396078265,0.05632710469440757,1.8178497609700364,0,0.0037122,1,Shared Control,0.01,Good Visuals,0.7015791843581479,-0.07094623503794853,0.0,5.625763228197172,1.003296249518088,0.43006824999058296,1.658539846773727,-0.11407171434143787,1.5642628253215438,-0.006937068833090753,30.822251719803123,0.9919439641976627,-0.7932200722449896,0.007776382046136753
1036,4.2093875,-0.03754203221039803,1.6761920709554814,-0.0938691369048056,-0.14165769001455497,3.843542545284552,0.06284823956934811,1.819829017587311,0,0.0035853,1,Shared Control,0.01,Good Visuals,0.6915859615237889,-0.06777620918042085,0.0,5.620563648924341,1.0031848849755525,0.43534631397045187,1.6638179107535958,-0.1284650156071382,1.3600103017003562,-0.0066715351669849295,30.79322007224499,0.9922236179538633,-0.7572873806318631,0.007428917065774064
1037,4.212996500000001,-0.032672563597333844,1.6922405034305,-0.09552080316668196,-0.12758851415681116,3.871162378477316,0.06941934270620215,1.8216515407170601,0,0.0036090000000000002,1,Shared Control,0.01,Good Visuals,0.6690815132020118,-0.06405419764276847,0.0,5.614115632183921,1.003047023501024,0.439052899426067,1.6675244962092108,-0.1629758874633493,1.036517185574704,-0.006362094258445666,30.757287380631862,0.9925710829342259,-0.7151124043508711,0.007020949205584838
1038,4.216491300000001,-0.026075219024795284,1.67636859190032,-0.09549456173099743,-0.1452829488167402,3.794193511316161,0.07578849532195091,1.8232525867892995,0,0.0034948,1,Shared Control,0.01,Good Visuals,0.6634984074329376,-0.060136032345553724,0.0,5.6065459968777045,1.0028851865377961,0.4424518069467733,1.6709234037299172,-0.17588360291891417,0.9949089719012605,-0.006118508405034631,30.715112404350872,0.9929790507944152,-0.6706945204438792,0.0065914810279604835
1039,4.2198832,-0.020734511513692634,1.6703392306393559,-0.09652300683564355,-0.1529133561499436,3.7972064331624487,0.08197520096534762,1.824651057761857,0,0.0033919,1,Shared Control,0.01,Good Visuals,0.6803108566549771,-0.056614136063172074,0.0,5.5985754210930905,1.0027147141920647,0.4464175737406747,1.6748891705238187,-0.15135543763243053,1.1058409441474062,-0.005742664053079738,30.67069452044388,0.9934085189720395,-0.6307118608972109,0.006205447702809134
1040,4.224361700000001,-0.013980087308474578,1.6622394723022826,-0.0959552882738222,-0.16241158545957446,3.757336138224766,0.09015060646525647,1.826260873298547,0,0.004478500000000001,1,Shared Control,0.01,Good Visuals,0.6930042890225468,-0.053000563617198244,0.0,5.591405642642203,1.0025612400175816,0.45128380228783677,1.6797553990709808,-0.13807367029637158,1.2165267236224224,-0.005464566642219612,30.63071186089721,0.9937945522971908,-0.589886241201098,0.0058093657983042
1041,4.227417000000001,-0.007225663103256524,1.6709641735989418,-0.09737626956851299,-0.15529669969960525,3.759276350407842,0.09573185327519598,1.8272032550900512,0,0.0030553000000000004,1,Shared Control,0.01,Good Visuals,0.6986228570093939,-0.050116126993985696,0.0,5.584066943705653,1.0024044973461534,0.45529499591190475,1.683766592695049,-0.1291456211709541,1.164859481361404,-0.00508568436056331,30.589886241201096,0.9941906342016958,-0.5571919900024629,0.005493204113924874
1042,4.2309231,-0.0021991148575128553,1.6972426341828593,-0.09793096813270884,-0.12996062090719196,3.7972833447524486,0.102139880261459,1.8281276038002965,0,0.0035061000000000003,1,Shared Control,0.01,Good Visuals,0.6988348536980395,-0.04698231160680575,0.0,5.5781993043880655,1.0022789591030261,0.4594247451520647,1.6878963419352089,-0.13315337876494138,1.1571814728087801,-0.004880121491896182,30.557191990002462,0.9945067958860752,-0.5219460582433354,0.005149708145467378
1043,4.234540500000001,0.004241150082346221,1.6993807666685328,-0.09789873017911277,-0.12874683713176371,3.730324533385803,0.10875440783551675,1.8289040132685581,0,0.0036174,1,Shared Control,0.01,Good Visuals,0.6758957838502143,-0.04316310627193588,0.0,5.5718491331552915,1.0021435958199147,0.46241942715483303,1.6908910239379773,-0.16706517361360193,0.8748450243254116,-0.00460102326076709,30.521946058243337,0.9948502918545327,-0.47913357878810897,0.0047310869208075255
1044,4.2380732000000005,0.009424777960769378,1.6857484775823934,-0.09932962987474737,-0.14315553568616468,3.6486549837023223,0.11521645814695954,1.829487114771614,0,0.0035327,1,Shared Control,0.01,Good Visuals,0.6737222085458143,-0.039055096525444914,0.0,5.564122862739207,1.001979144474452,0.46531923022476684,1.6937908270079112,-0.16744783764801593,0.789362769472401,-0.004225613294608621,30.479133578788108,0.9952689130791925,-0.4330894104028174,0.004280809986155816
1045,4.2419271,0.01774999849278233,1.657008112534068,-0.0974664596541772,-0.17247900223754598,3.5037763163361317,0.12226802791533266,1.8299243128239349,0,0.0038539000000000004,1,Shared Control,0.01,Good Visuals,0.6952703592578905,-0.034477177328685826,0.0,5.555812723154289,1.0018022504415314,0.47031064011287954,1.698782236896024,-0.13826940902593485,1.0173470615560962,-0.0038793282825949757,30.43308941040282,0.9957191900138442,-0.38190880516576503,0.0037790265070000834
1046,4.246404200000001,0.024818581963359364,1.660898606203599,-0.0974494459519733,-0.16902570662033578,3.446039781338772,0.13046143656501424,1.830169423876035,0,0.0044771,1,Shared Control,0.01,Good Visuals,0.7133598558676265,-0.03210496319891713,0.0,5.5465636680254935,1.0016055847816612,0.4738240947073736,1.7022956914905178,-0.10514561570786522,1.02236355540186,-0.00336036841309627,30.381908805165764,0.9962209734929999,-0.3551137162228148,0.003519009279046297
1047,4.249995800000001,0.030002209841782524,1.7048802150412432,-0.10045922672323172,-0.1252892088347919,3.4745337001287506,0.1370347116309851,1.830160231127103,0,0.0035916000000000003,1,Shared Control,0.01,Good Visuals,0.7093197651191216,-0.02957049964614374,0.0,5.541746008211271,1.001502613993553,0.4770324441723689,1.7055040409555131,-0.10872351287197096,0.9044228068431348,-0.003128610876042967,30.355113716222814,0.9964809907209538,-0.32686998230033715,0.0032412079713682665
1048,4.253498200000001,0.03675663404700058,1.731032008665344,-0.10027807758398452,-0.09912822246175912,3.4054938519680324,0.14344438915722352,1.829973450150162,0,0.0035024,1,Shared Control,0.01,Good Visuals,0.6816698029097027,-0.025969931666979015,0.0,5.536633636813694,1.0013940567778916,0.47940156341756246,1.7078731602007067,-0.15230835666873344,0.6870198483915857,-0.0029706295282711974,30.326869982300337,0.9967587920286317,-0.2868975570755108,0.0028465514800957584
1049,4.2576827,0.04366813788489812,1.7395662779432335,-0.0997762512723254,-0.09040717220692862,3.3510743159445355,0.1511010493650672,1.8295184205070136,0,0.0041845,1,Shared Control,0.01,Good Visuals,0.6537272295775256,-0.02012889335658755,0.0,5.52938450758494,1.001240398238043,0.48091030119461387,1.7093818979777582,-0.18565055843528303,0.33004567126450013,-0.002604214822552098,30.286897557075513,0.9971534485199043,-0.22219560981372835,0.0022063181340495697
1050,4.261408300000001,0.050422562090116176,1.7434596769527122,-0.10067848727495105,-0.08605874355430143,3.3702634763944466,0.15791601276656114,1.8288993358925456,0,0.0037256000000000004,1,Shared Control,0.01,Good Visuals,0.6410260074570527,-0.015473372591141676,0.0,5.517637491090795,1.0009916305007376,0.48133864697839535,1.7098102437615397,-0.19905841011503145,0.12564039063194876,-0.002008385521380721,30.222195609813728,0.9977936818659504,-0.1705134961856558,0.0016960287849887576
1051,4.2649229,0.05560618996853934,1.7417986808672201,-0.10230982279802181,-0.08710065502532549,3.4026212730478997,0.16434256222767968,1.828129282219736,0,0.0035146,1,Shared Control,0.01,Good Visuals,0.6406907023060435,-0.010454843452571413,0.0,5.508264368200292,1.0007928845809806,0.48177615365159493,1.7102477504347393,-0.20284225023963523,0.12247541380650162,-0.0015578357455178335,30.170513496185656,0.9983039712150112,-0.11506677957820471,0.001145950266088956
1052,4.268553900000001,0.062360614173757385,1.7314557128357233,-0.1019819480539223,-0.09667356938401261,3.4019050868113,0.17097876762219752,1.8271428238410532,0,0.003631,1,Shared Control,0.01,Good Visuals,0.6496694157789515,-0.005657555041272877,0.0,5.49818443621949,1.0005796210505398,0.4826553700200554,1.7111269668031999,-0.19593388861829003,0.2526120869014381,-0.0010696331810136398,30.115066779578203,0.998854049733911,-0.06218055422091827,0.000620121834857793
1053,4.2722716,0.06770132168486004,1.7182429677049218,-0.10327744593733748,-0.1088998561361314,3.3899804470521646,0.17776934664553518,1.8259305401984465,0,0.0037177000000000004,1,Shared Control,0.01,Good Visuals,0.6564439139396637,-0.0008668252503219306,0.0,5.488559392768262,1.0003761697403195,0.4836068930588454,1.7120784898419898,-0.18718803114296462,0.26027053223283936,-0.0005769684843312968,30.06218055422092,0.9993798781651422,-0.00951449235307167,9.501229078802958e-05
1054,4.275882900000001,0.0744557458900781,1.6941249943477836,-0.10331360075545708,-0.13180554585066284,3.3174022571735207,0.18436090594836319,1.82455579753895,0,0.0036113,1,Shared Control,0.01,Good Visuals,0.6747718470281441,0.0036792249929495134,0.0,5.4789609503762335,1.0001735314206879,0.4854033827983056,1.71387497958145,-0.16506414665051364,0.4611823534066257,-8.952349792724222e-05,30.009514492353073,0.999904987709212,0.04033019682458606,-0.0004032780479974224
1055,4.2795272,0.08121017009529614,1.6929380699969017,-0.10315073585306704,-0.13161772754204826,3.3143802413343453,0.19100730635323898,1.8229703587614279,0,0.0036443,1,Shared Control,0.01,Good Visuals,0.6969145563540207,0.006871724956598373,0.0,5.469864722019073,0.9999817187231055,0.48754339999674395,1.7160149967798883,-0.13288376928844212,0.6266154832625759,0.0003801139820110854,29.959669803175412,1.0004032780479974,0.07522203244291012,-0.0007532064041157134
1056,4.283026400000001,0.0863937979737193,1.717282203461303,-0.10461350837951969,-0.10568815530012499,3.3608161450918392,0.1973833051935026,1.8212596826959413,0,0.0034992,1,Shared Control,0.01,Good Visuals,0.6951603568978288,0.010271952268869325,0.0,5.463487055613552,0.9998474312325628,0.4894443313013164,1.7179159280844607,-0.13545185175702476,0.5319075786480667,0.0007088234858530073,29.92477796755709,1.0007532064041158,0.11234686951710954,-0.0011259036530928345
1057,4.2864945,0.09330530181161685,1.7289912156792446,-0.10407800338188576,-0.09226846701669666,3.334785245059326,0.2036964112296393,1.8193811454390934,0,0.0034681,1,Shared Control,0.01,Good Visuals,0.676501232733338,0.014323960638137236,0.0,5.456697833955152,0.9997045350666541,0.4906226420995863,1.7190942388827306,-0.16489306608757054,0.3435408607451702,0.0010745849647533874,29.88765313048289,1.0011259036530928,0.15652822582392753,-0.001570042304237838
1058,4.2908566000000015,0.10524335389525806,1.7693984851821638,-0.09845305733438124,-0.049982660256929545,3.450154387192061,0.2116271185163392,1.8167581512946733,0,0.004362100000000001,1,Shared Control,0.01,Good Visuals,0.6315062845582016,0.02441289549685195,0.0,5.438087549459129,0.999313189170527,0.49014962687059266,1.718621223653737,-0.22439459375382656,-0.2691322379786474,0.002031568829839209,29.785999640612193,1.0021486528939876,0.2661149155618951,-0.0026758855087149636
1059,4.2968443,0.11026990214100174,1.7410447273858864,-0.10135721637533746,-0.07571342390878688,3.345321866244097,0.2224933945968911,1.8126824722734172,0,0.0059877,1,Shared Control,0.01,Good Visuals,0.5843927277820073,0.03130096458033964,0.0,5.428520358624696,0.999112520557587,0.48658136942868985,1.7150529662118343,-0.280875100560727,-0.9906872791112207,0.0024035242000498224,29.733885084438104,1.002675885508715,0.3408155973215881,-0.003430883384567463
1060,4.3006574,0.11718140597889928,1.7010172360958236,-0.10531198861799182,-0.11166523617759361,3.2468349001290697,0.22939990744454095,1.8097986056224982,0,0.0038131000000000003,1,Shared Control,0.01,Good Visuals,0.6244548846129004,0.03671029481271673,0.0,5.414813627774666,0.9988248345699383,0.48505789198405286,1.7135294887671975,-0.22700061709190958,-0.4464533596990279,0.0031725786397262586,29.659184402678413,1.0034308833845675,0.3989064550082849,-0.004023797419796841
1061,4.3040593000000005,0.12236503385732243,1.6908390858337579,-0.10703487358721851,-0.11895951978874031,3.2542808947759867,0.23555201203744264,1.8070352552355997,0,0.0034019000000000002,1,Shared Control,0.01,Good Visuals,0.6806257818586264,0.040680433677845414,0.0,5.404102253946612,0.9986010921357095,0.4859907689299182,1.7144623657130629,-0.15438383981839277,0.2612661585910878,0.0038660341494799488,29.601093544991716,1.0040237974197967,0.4413373443441577,-0.004458962394723877
1062,4.308110900000001,0.13084733402201487,1.6925251558849315,-0.10470467801542777,-0.11451009935066825,3.2201992626784226,0.2428663386373755,1.803508725383056,0,0.0040516,1,Shared Control,0.01,Good Visuals,0.6963616339877498,0.045090583927926385,0.0,5.396259657342108,0.9984376528356849,0.48793467807211177,1.7164062748552564,-0.1367693818380761,0.4404062489393894,0.004354225076181411,29.55866265565584,1.004458962394724,0.48867415871149666,-0.004942356801871079
1063,4.311829000000001,0.13603096190043804,1.6909248809549227,-0.10683537673693747,-0.1125838444281333,3.099974222345998,0.24956559479059365,1.8000462761184333,0,0.0037181000000000002,1,Shared Control,0.01,Good Visuals,0.6784098352933677,0.0490830847069078,0.0,5.387529318296733,0.9982552925080858,0.488183298656472,1.7166548954396166,-0.15506009358026804,0.06910734499671811,0.004721195071701155,29.511325841288503,1.0049423568018712,0.5312822649861612,-0.005379972855214166
1064,4.315538400000001,0.14278538610565608,1.6906791483944945,-0.10678020868493757,-0.10936712772393875,2.970843859932852,0.2562359448693294,1.7963752755150164,0,0.0037094000000000003,1,Shared Control,0.01,Good Visuals,0.6871057145773203,0.052595570692914234,0.0,5.379648524446211,0.9980911411097633,0.48886407881731686,1.7173356756004614,-0.1400312751593114,0.19819504522544484,0.0052438098460735084,29.46871773501384,1.0053799728552142,0.5686576625975982,-0.00576497472239256
1065,4.3189271,0.14796901398407925,1.6953486679858423,-0.10826693088525013,-0.10102660752917414,2.869493629665673,0.26231736914273535,1.7928317852510034,0,0.0033887,1,Shared Control,0.01,Good Visuals,0.6828433617172446,0.05618542031072599,0.0,5.372725491830375,0.9979471415598292,0.48917006445630185,1.7176416612394465,-0.1384097124190276,0.08616886482258757,0.005616166014492769,29.431342337402402,1.0057649747223925,0.6068944814007762,-0.006158456379331088
1066,4.3241593,0.16147786239451534,1.7121541341967188,-0.10083950674822001,-0.0806776510542846,2.7006742267045363,0.2716827646707274,1.787003059978547,0,0.0052322,1,Shared Control,0.01,Good Visuals,0.6722630971599424,0.06377770320610666,0.0,5.358537407717353,0.997652010428068,0.48907689448543196,1.7175484912685766,-0.1410761133126662,-0.10331819393597108,0.006433560364626045,29.354748772191236,1.0065540815519975,0.6875780122426813,-0.006990642785914174
1067,4.329779500000001,0.16666149027293853,1.7187914480070718,-0.10502127439778886,-0.06821161197147507,2.606685984712801,0.28170735687199266,1.7802564933883656,0,0.0056202000000000005,1,Shared Control,0.01,Good Visuals,0.6200362724927854,0.0687132256106501,0.0,5.350692684854351,0.997488899826984,0.48560935768818847,1.7140809544713331,-0.1965781035629856,-0.9588896624200824,0.006431312132838166,29.312421987757318,1.006990642785914,0.7400482146291244,-0.007531622977385475
1068,4.3335513,0.17341591447815657,1.7035844606065267,-0.10829144239383609,-0.07667203278183887,2.457055748038964,0.2884131269713099,1.7754455295524767,0,0.0037718,1,Shared Control,0.01,Good Visuals,0.6289420147641935,0.07328757353394574,0.0,5.340970063893897,0.9972866813653997,0.48320023783166416,1.7116718346148088,-0.18498236412566338,-0.7051426478923766,0.007216350521613257,29.259951785370877,1.0075316229773854,0.7882245410349472,-0.008033015011007442
1069,4.337009500000001,0.1784424627239002,1.6962111531070434,-0.10997066424740967,-0.0792343764454333,2.3746361503070537,0.29454505422076616,1.7708339621007134,0,0.0034582000000000002,1,Shared Control,0.01,Good Visuals,0.6538598607503447,0.0772211637648421,0.0,5.332001181694533,0.99710101800136,0.4819320311569851,1.7104036279401296,-0.14819175953684205,-0.35590791532542454,0.007936417047535312,29.211775458965054,1.0080330150110075,0.829449781025127,-0.008464173908051657
1070,4.341281200000001,0.18676768325591317,1.6864398418578077,-0.10777737096485299,-0.08439412024290571,2.2421982823641526,0.3020968962499564,1.7648718987197636,0,0.004271700000000001,1,Shared Control,0.01,Good Visuals,0.6645097359951643,0.08160561455030504,0.0,5.324307631595603,0.996942143482925,0.4809824012696571,1.7094539980528016,-0.13145635063774555,-0.21522332736396166,0.008492062673177689,29.170550218974874,1.0084641739080518,0.8756462689886096,-0.00894475140947942
1071,4.3448227,0.19210839076701586,1.6768326507819777,-0.10998850548294054,-0.08803924793778584,2.0595797351228877,0.30833810195673017,1.7597057714721718,0,0.0035415000000000004,1,Shared Control,0.01,Good Visuals,0.6570342503371716,0.08509373603365991,0.0,5.315709755829445,0.9967640849804892,0.4793657115889839,1.7078373083721283,-0.13042265269977965,-0.4476628677723884,0.008795238592203032,29.12435373101139,1.0089447514094794,0.9119081495003694,-0.00932708269546515
1072,4.348522600000001,0.1985486557068749,1.674087905962599,-0.10978944624985526,-0.08561786550957273,1.8841490240580607,0.3148385203424273,1.7540919270318291,0,0.0036999000000000003,1,Shared Control,0.01,Good Visuals,0.6716617099664663,0.0877718557374113,0.0,5.3089152363737595,0.9966243401364427,0.47851436939274533,1.7069859661758897,-0.10360637967594473,-0.24863966011640848,0.009359332852302098,29.08809185049963,1.0093270826954652,0.9396505831578738,-0.009620630083434611
1073,4.3520257,0.20373228358529805,1.6722974199700458,-0.11110623675712927,-0.08179450706178337,1.717032444264548,0.32097366985360976,1.7485722265527177,0,0.0035031000000000003,1,Shared Control,0.01,Good Visuals,0.6676108421989444,0.09043340627448117,0.0,5.30370784055207,0.9965174301638906,0.47723829974352433,1.7057098965266686,-0.09847472920807766,-0.3559469035483982,0.009636423437732567,29.060349416842126,1.0096206300834347,0.9674429327819984,-0.009912361333165975
1074,4.355786800000001,0.21048670779051612,1.6706183395648795,-0.11048696206309364,-0.07795388698783823,1.5608034825472523,0.32753873523902427,1.7424242030361594,0,0.0037611000000000003,1,Shared Control,0.01,Good Visuals,0.6701986464532331,0.09279109618958126,0.0,5.29851224832145,0.9964103099138331,0.47609928901163895,1.7045708857947832,-0.08701101388576823,-0.3208209818565777,0.010047715448286164,29.032557067218,1.009912361333166,0.9919197069234044,-0.010170786569069406
1075,4.359530100000001,0.2173982116284137,1.693415667294822,-0.11014052361061058,-0.049008535741337456,1.5104622075843468,0.33404934285933663,1.7360768378392626,0,0.0037433,1,Shared Control,0.01,Good Visuals,0.6625761903563604,0.09535608029005531,0.0,5.293923160257351,0.9963159758305669,0.47422177500710283,1.702693371790247,-0.08696483106970312,-0.48348415124664434,0.010252206324491137,29.008080293076596,1.0101707865690694,1.0187083058860502,-0.010451933219020366
1076,4.363039500000001,0.22242475987415736,1.7099875471284944,-0.11162458298517927,-0.026089290710768154,1.4240128045110245,0.3401311841086576,1.7299187984562872,0,0.0035094,1,Shared Control,0.01,Good Visuals,0.6313468902619598,0.09868859308877553,0.0,5.288915873852142,0.9962127177416135,0.471132347635069,1.6996039444182132,-0.12368448916679434,-0.871365779730306,0.010502568612602115,28.98129169411395,1.0104519332190203,1.0536507715165613,-0.01081720831335944
1077,4.3664945,0.22902210444669593,1.6961589842471603,-0.11110907966196168,-0.03375981420912688,1.2542302210021044,0.3460972975782281,1.7236600082661835,0,0.003455,1,Shared Control,0.01,Good Visuals,0.6156323986732394,0.10241057325774675,0.0,5.282397604593739,0.9960780147935331,0.4677052084629985,1.6961768052461428,-0.14032288171608204,-0.9964931298181234,0.011016073048928614,28.946349228483438,1.0108172083133595,1.0924346592385665,-0.011225172735242902
1078,4.3699587,0.23420573232511907,1.6854070716388758,-0.11189156525310903,-0.038252936627307665,1.1499161841610461,0.3520572485526021,1.7171888989091908,0,0.0034642,1,Shared Control,0.01,Good Visuals,0.61973834410169,0.10579782822798789,0.0,5.275140288080194,0.9959285142118626,0.46411714540201227,1.6925887421851564,-0.12394278163901795,-1.0075432609755843,0.011378744542322145,28.907565340761433,1.0112251727352428,1.1273899526114526,-0.011596448092168908
1079,4.3743956,0.24237387322445253,1.6765235521309658,-0.10968337532814959,-0.040665346778224976,1.0255657539262562,0.3596573408246978,1.7086143846496902,0,0.0044369000000000006,1,Shared Control,0.01,Good Visuals,0.6276003067761093,0.10948472563243736,0.0,5.2685675508513246,0.9957937933168435,0.4600671918590348,1.688538788642179,-0.10788756874667856,-0.9154299276638174,0.011837884600809128,28.872610047388548,1.0115964480921689,1.1656422507086495,-0.012000567109429984
1080,4.377858100000001,0.2474004214701962,1.661832662284799,-0.1122569193545016,-0.0467817223648912,0.833625291657992,0.3655615030290408,1.7016993346639584,0,0.0034625000000000003,1,Shared Control,0.01,Good Visuals,0.6175758217426706,0.1124924419389869,0.0,5.261394592918498,0.995646344267113,0.4559345655771218,1.684406162360266,-0.11016804279150347,-1.1465185967299174,0.012008654254242107,28.83435774929135,1.01200056710943,1.196388801017364,-0.012330241419470735
1081,4.3815328000000004,0.25415484567541424,1.6538730266108017,-0.11140665735362654,-0.047826308053156685,0.6650206009246049,0.3718009270751042,1.694145983448451,0,0.0036747000000000004,1,Shared Control,0.01,Good Visuals,0.6365483975421454,0.11451739838595411,0.0,5.255585961780177,0.9955278624989027,0.4529656171955734,1.6814372139787175,-0.07680945319076463,-0.8720402930001789,0.012628054982735807,28.803611198982637,1.0123302414194708,1.216826297206704,-0.012552195903031164
1082,4.3849435,0.2591813939211579,1.661339481816299,-0.1126195331539463,-0.03280650163215193,0.5652372575868929,0.377566912046151,1.6869375907036879,0,0.0034107,1,Shared Control,0.01,Good Visuals,0.6326829863616087,0.11644505494360381,0.0,5.251699885448759,0.9954491290948944,0.4494339064570296,1.6779055032401737,-0.07048401783286296,-0.9924717545437076,0.012758000563012734,28.783173702793295,1.0125521959030312,1.2366284142376163,-0.012763485393417888
1083,4.3886006,0.2657787384936965,1.6679039253879213,-0.11178817355245452,-0.019033665315766557,0.46050750925759365,0.3837217584103046,1.6789969921584422,0,0.0036571000000000004,1,Shared Control,0.01,Good Visuals,0.6236784438721472,0.11853968167811217,0.0,5.247968336712864,0.9953728121028693,0.44571422134945676,1.6741858181326008,-0.07708274432133629,-1.0644703261140176,0.013113987725834287,28.763371585762386,1.012763485393418,1.2582366483138578,-0.012993076403044774
1084,4.392336700000001,0.2722190034335556,1.6810105135999742,-0.111502754976749,0.0020135214415319957,0.4081031817302436,0.38997915426861945,1.6706589506044753,0,0.0037361000000000004,1,Shared Control,0.01,Good Visuals,0.6051505912486392,0.12137334785701734,0.0,5.243905190562397,0.9952895251205574,0.4405002702090002,1.6689718669921443,-0.09324241842614218,-1.325490934628994,0.013251334508285516,28.741763351686142,1.0129930764030448,1.2876721472167179,-0.013303673163910186
1085,4.3960153,0.2772455516792992,1.6758355547183161,-0.11273360258932025,0.005176604113840799,0.30530851310335766,0.39610939782740395,1.6622262523121454,0,0.0036786,1,Shared Control,0.01,Good Visuals,0.5820910687777567,0.12464485458909202,0.0,5.2383896452568885,0.9951760476593804,0.43479804741286654,1.6632696441960106,-0.11858537524989317,-1.593467317628516,0.013533462666808728,28.712327852783282,1.0133036731639102,1.3214129710036364,-0.013662261413188152
1086,4.3995356,0.28399997588451725,1.6539841857648931,-0.1121094219428867,-0.008242066547252236,0.18091214826329655,0.4019464237724875,1.6539493961400151,0,0.0035203,1,Shared Control,0.01,Good Visuals,0.5846762928122218,0.12757715363121197,0.0,5.2320447358923206,0.9950459915673051,0.4295634019132388,1.658034998696383,-0.10945152074630651,-1.52249592799365,0.01405166350205031,28.678587028996365,1.013662261413188,1.3512546802812588,-0.013983669273842755
1087,4.4030275,0.288712364864902,1.6466905372884333,-0.11323405890758553,-0.00725885885158184,0.14049926966484133,0.40770722420755573,1.645539442850519,0,0.0034919,1,Shared Control,0.01,Good Visuals,0.5941284457089979,0.13003186397784028,0.0,5.226395320135107,0.994931001421804,0.4242390313534612,1.6527106281366053,-0.08790737031632381,-1.477678330311278,0.014302600946714024,28.648745319718742,1.0139836692738426,1.37610413637401,-0.014252728871688589
1088,4.4074518000000005,0.29546678907012003,1.622465351148078,-0.1122404351374357,-0.023074091702441013,0.0034140944606557977,0.41496349858044496,1.6345983275129234,0,0.0044243,1,Shared Control,0.01,Good Visuals,0.5984932230899467,0.13252445275147193,0.0,5.221678530772192,0.994835260977675,0.41866425218061487,1.6471358489637589,-0.0797925684278254,-1.3965577365715536,0.014724035745529915,28.62389586362599,1.0142527288716885,1.4015629100464666,-0.01452594030535104
1089,4.410460800000001,0.3017499743772996,1.6161767497747652,-0.11321352420314534,-0.018421577738158224,-0.06752873315138064,0.4198705727069045,1.6269750759125947,0,0.0030090000000000004,1,Shared Control,0.01,Good Visuals,0.6084961927569823,0.1340069932419837,0.0,5.216868019345768,0.99473714965832,0.41406038876397516,1.6425319855471192,-0.05637631803999588,-1.3576713113063112,0.014874602243175748,28.598437089953535,1.014525940305351,1.4161514690633357,-0.01468844084180544
1090,4.413945400000001,0.3067765226230433,1.6361598938889004,-0.1130940500838612,0.00918481797630566,-0.07053059805172997,0.42552428551240395,1.6179629482712514,0,0.0034846,1,Shared Control,0.01,Good Visuals,0.6086255512554581,0.13545460724750807,0.0,5.214058676247725,0.9946809863908215,0.40916776425244483,1.6376393610355888,-0.051602923033488936,-1.3642160694652947,0.015171403972792057,28.583848530936663,1.0146884408418055,1.4308844909377716,-0.014847113103360609
1091,4.4175071,0.31321678756290233,1.6441008397990715,-0.11230749794950162,0.02613789152782009,-0.13263802455383925,0.43127027811691787,1.6085477312788727,0,0.0035617,1,Shared Control,0.01,Good Visuals,0.5802281820261169,0.13777511831415465,0.0,5.2112699470648645,0.9946242147993019,0.40344122293593354,1.6319128197190775,-0.08685430769035431,-1.6752600171170657,0.015319110136139426,28.56911550906223,1.0148471131033605,1.4549486502741995,-0.015101463183909349
1092,4.42094,0.317929176543287,1.6397700288263104,-0.11334110157363086,0.03122229754743766,-0.1942367375337707,0.43677640599044,1.5992784867366938,0,0.0034329,1,Shared Control,0.01,Good Visuals,0.5587629988775799,0.14084411996640708,0.0,5.206757913949028,0.9945314387403407,0.3963383847961889,1.6248099815793329,-0.10861722723444112,-1.9503111397195632,0.015473178817559267,28.5450513497258,1.0151014631839093,1.4865195386656644,-0.015437854950651787
1093,4.425162100000001,0.3260973174426205,1.623606011143288,-0.11067908854781949,0.024327524406594137,-0.2969372705758452,0.4435042031811951,1.587617104426028,0,0.0042221,1,Shared Control,0.01,Good Visuals,0.5584182951269925,0.1444207824723065,0.0,5.20081456694569,0.9944097459082069,0.38803093906990566,1.6165025358530496,-0.10485925720752622,-1.9059894751257813,0.015963427707161196,28.513480461334336,1.0154378549506518,1.523068780913246,-0.015829891174717652
1094,4.428781600000001,0.3309667860556847,1.6102623248740486,-0.11253741712551041,0.02264522044802053,-0.42807386206678444,0.4492321407614835,1.5773913042968646,0,0.0036195000000000003,1,Shared Control,0.01,Good Visuals,0.550669259324296,0.14728097056301065,0.0,5.193911221206058,0.9942688878990986,0.3804843421707214,1.6089559389538655,-0.10393448638042334,-2.097675366684517,0.01598436057139779,28.476931219086755,1.0158298911747177,1.5516202556446628,-0.016143394989334862
1095,4.432562600000001,0.3372499713628642,1.6032400213193836,-0.11198216939861927,0.025848717022519008,-0.5603556333565023,0.45517570996373213,1.566484337412628,0,0.003781,1,Shared Control,0.01,Good Visuals,0.5613823035027466,0.149474872839183,0.0,5.188454351643786,0.994158928880186,0.37393217032601817,1.6024037671091622,-0.08251975208312716,-1.9161758918825669,0.01657462001889955,28.448379744355336,1.0161433949893348,1.5734298464980112,-0.016383867542420726
1096,4.4359977,0.3421194399759284,1.5992540964677395,-0.11305626998780371,0.03276975905511148,-0.673084030977245,0.4605394337151338,1.556376540325454,0,0.0034351000000000004,1,Shared Control,0.01,Good Visuals,0.5548510636416424,0.15170315616367344,0.0,5.184277360918235,0.9940749467660067,0.36672269838957655,1.5951942951727207,-0.08093168666141799,-2.0258154255483847,0.016738520531114465,28.426570153501988,1.0163838675424208,1.5959563237483714,-0.016628108585359857
1097,4.4408172000000015,0.35295793463081326,1.5778147312961877,-0.10758149908432052,0.02143819097073374,-0.9353306689329753,0.468005600045576,1.5418774807437972,0,0.0048195,1,Shared Control,0.01,Good Visuals,0.5448448078634361,0.15585779926477872,0.0,5.175901739142613,0.9939052313737369,0.35225748083462854,1.5807290776177727,-0.07692801866051535,-2.1382761190231605,0.01725150337841934,28.382515041454884,1.0168626952685715,1.6377009621386769,-0.017083496979152138
1098,4.4463905000000015,0.3590840403053133,1.5659549316394195,-0.10892155974026269,0.0240774508956223,-1.065174564422926,0.4765511683310811,1.5246502646525502,0,0.005573300000000001,1,Shared Control,0.01,Good Visuals,0.535110922192568,0.15779440367793357,0.0,5.172048984027607,0.9938273651794858,0.3441683637695289,1.572639960552673,-0.07593383392802656,-2.3601321891520195,0.016767415688888003,28.362299037861323,1.0170834969791522,1.6571398442874716,-0.01729576723959473
1099,4.4499686,0.363796429285698,1.5586097957784921,-0.11275473904538308,0.033959531125941966,-1.1735640965006011,0.4819863294168455,1.5133312692636878,0,0.0035781000000000003,1,Shared Control,0.01,Good Visuals,0.5390171542720592,0.15948675363965858,0.0,5.1683448387325175,0.9937524924024818,0.33589908994620843,1.5643706867293525,-0.06227452040216378,-2.291546257085993,0.017187212566885168,28.34286015571253,1.0172957672395948,1.674001104625985,-0.01748126488934456
1100,4.4535736,0.3699225349601981,1.5526780875750532,-0.11206379445664738,0.03934681831136544,-1.2645438058300411,0.48742102671175097,1.5017233591087902,0,0.003605,1,Shared Control,0.01,Good Visuals,0.54864657108868,0.1606771276530912,0.0,5.16511979707942,0.993687564295427,0.32883247709855484,1.557304073881699,-0.04473623915164178,-2.0674701134153315,0.017982887287835005,28.325998895374013,1.0174812648893445,1.6856503653085246,-0.01761174120146026
1101,4.457685300000001,0.37604864063469823,1.551672963986054,-0.11137238607705274,0.04994960487726385,-1.2934204348358553,0.49356802381498377,1.4882353228045877,0,0.0041117,1,Shared Control,0.01,Good Visuals,0.5394742566133272,0.16238883107958427,0.0,5.1628711978571,0.9936427337044056,0.3187360372140148,1.547207633997159,-0.04846115700776541,-2.2111251991897145,0.018006088607200505,28.314349634691474,1.0176117412014603,1.7031553701283286,-0.017799360174996653
1102,4.461426600000001,0.3821747463091983,1.5544083823115236,-0.11139327750578548,0.06617305950693586,-1.2473998343553918,0.49911263960224084,1.4757333152515268,0,0.0037413000000000004,1,Shared Control,0.01,Good Visuals,0.5250046051205703,0.1640381943717847,0.0,5.159567084026352,0.9935752699948949,0.3105686613096512,1.5390402580927953,-0.062312248193820995,-2.3702408451922876,0.01808563158959676,28.29684462987167,1.0177993601749966,1.7196406656203098,-0.017980146076971067
1103,4.4649412,0.3867300556569035,1.5528793848918303,-0.11238258394533734,0.07714606964030346,-1.1866355536544475,0.5042783218169713,1.4637910988897493,0,0.0035146,1,Shared Control,0.01,Good Visuals,0.5086467306744258,0.1663065198997337,0.0,5.156419291934487,0.9935117846761709,0.30147183818315665,1.5299434349663008,-0.08317256532703578,-2.5579459343965887,0.018272752107204193,28.28035933437969,1.017980146076971,1.7427501537321075,-0.018228776126203435
1104,4.4685278,0.3928561613314036,1.5469041699126036,-0.11142216048556769,0.08311307102285426,-1.129514381171293,0.5095062071108438,1.4514077736688864,0,0.0035866,1,Shared Control,0.01,Good Visuals,0.502361943899575,0.16875858050778267,0.0,5.152049213297235,0.9934227325078437,0.29267962983307755,1.5211512266162217,-0.09290392382315574,-2.5727770673842905,0.018689956433288735,28.257249846267893,1.0182287761262034,1.7673844823795613,-0.018497545287502436
1105,4.472106200000001,0.39725439104642934,1.5360459687488268,-0.11225181606441448,0.08463819507994041,-1.0752057882087704,0.5146775255971082,1.4388560685405425,0,0.0035784000000000002,1,Shared Control,0.01,Good Visuals,0.49097121555574114,0.1717623396924917,0.0,5.147357950957212,0.9933278498369333,0.2826415946565944,1.5111131914397387,-0.1068425860556154,-2.7320328715048605,0.018803445640654757,28.232615517620438,1.0184975452875025,1.7977467911189602,-0.018826785859357945
1106,4.4758215,0.4030663374555704,1.4995890472389903,-0.11161118814153781,0.06073297869844785,-1.1172022382317934,0.5199987799115153,1.425617499435762,0,0.0037153000000000004,1,Shared Control,0.01,Good Visuals,0.49308968678444093,0.17492917144779327,0.0,5.141593992252292,0.993210881120093,0.2722460376574416,1.500717634440586,-0.1049010764432856,-2.6533492430007914,0.019280634561955057,28.20225320888104,1.018826785859358,1.8294297689947019,-0.019173900735741316
1107,4.479536400000001,0.40903536349739106,1.478992343215975,-0.11096341641412427,0.053374843780213066,-1.0919009321640032,0.5252698949859725,1.4121711475969985,0,0.0037149,1,Shared Control,0.01,Good Visuals,0.5128713967451926,0.176836577860432,0.0,5.135548250218617,0.9930888705355777,0.26386174228459003,1.4923333390677345,-0.07282361695220907,-2.4611916200468382,0.01952405266590298,28.1705702310053,1.0191739007357412,1.8475767312809683,-0.019382970617659586
1108,4.482989700000001,0.41343359321241674,1.4903992422379044,-0.1118363017735558,0.07822809464090597,-0.9854808549975949,0.5301246930435896,1.3994852631924948,0,0.0034533000000000003,1,Shared Control,0.01,Good Visuals,0.5164614758134851,0.17864081680633254,0.0,5.131995162173188,0.9930191200233219,0.25498700387336903,1.4834586006565134,-0.06558495528504124,-2.468359128670249,0.019622390826375825,28.152423268719033,1.0193829706176596,1.8654801566627641,-0.019580732364119238
1109,4.4865008,0.41924553962155786,1.489820317797152,-0.1108791534220317,0.0903350546046573,-0.9615376117294001,0.5350155149340655,1.3864041168120596,0,0.0035111,1,Shared Control,0.01,Good Visuals,0.49588312829155057,0.18118736350241643,0.0,5.128564887212168,0.9929501984745266,0.24586338090952248,1.4743349776926669,-0.0960321257458269,-2.6442218188750752,0.019978528297427505,28.134519843337237,1.0195807323641193,1.8912911616230377,-0.01985985809921263
1110,4.4909301,0.4291415564803657,1.493809446109427,-0.10587395845369979,0.10740532929736735,-0.8113278722754123,0.5411192971700176,1.3696409001138234,0,0.004429300000000001,1,Shared Control,0.01,Good Visuals,0.456783233815706,0.18793992651996444,0.0,5.116996429960594,0.9927152922013779,0.22519706252773017,1.4536686593108745,-0.14388440914356668,-3.0928064138099476,0.02033472409374827,28.073542270910853,1.020241356248822,1.9586972820797586,-0.02060000322159974
1111,4.496847500000001,0.43338270656271194,1.4705506597130777,-0.10773659060730567,0.1009097595992543,-0.823640724434937,0.5491566699850964,1.3467954065728895,0,0.005917400000000001,1,Shared Control,0.01,Good Visuals,0.43449083304837566,0.19172613805898378,0.0,5.110798049064469,0.9925912239267162,0.21483889973742396,1.4433104965205683,-0.17143467517915237,-3.3985703754531817,0.019897943972166106,28.041302717920242,1.0206000032215998,1.996506056708051,-0.02101500801246929
1112,4.5000213,0.43762385664505815,1.4276155175572076,-0.11153281334003823,0.08082011098431807,-0.898984064836805,0.553411389684849,1.3343320098409637,0,0.0031738,1,Shared Control,0.01,Good Visuals,0.4496947120910775,0.1956021774548878,0.0,5.103578655369531,0.9924456517622435,0.20364366794747096,1.4321152647306152,-0.1486683996299588,-3.169299000666113,0.020655920444780502,28.00349394329195,1.0210150080124694,2.0348024074302304,-0.02143985879070022
1113,4.503530100000001,0.4432787234215198,1.3925442956961773,-0.11013266626332924,0.05821228585521365,-0.9430379045766254,0.5580688749764997,1.320383864816406,0,0.0035088000000000003,1,Shared Control,0.01,Good Visuals,0.48819889692069746,0.19802320799127968,0.0,5.096227166391611,0.9922982706921946,0.19461002340576228,1.4230816201889065,-0.09278290213217669,-2.652585312928319,0.021816061146981036,27.96519759256977,1.0214398587907003,2.0575556951855094,-0.021705226761055182
1114,4.5076854,0.44877651056530193,1.3881903203418007,-0.10929236441119777,0.06780645552539477,-0.8708474818864786,0.5635207589386483,1.3036378816134995,0,0.004155300000000001,1,Shared Control,0.01,Good Visuals,0.5030086904606551,0.20032589302213827,0.0,5.091745926452836,0.9922108968319819,0.18286297850912045,1.4113345752922646,-0.06613426304003484,-2.561222042219958,0.021808823878097437,27.94244430481449,1.0217052267610551,2.080147562932116,-0.021957622938559157
1115,4.511436900000001,0.4541172180764046,1.3902060244038466,-0.10940354086224369,0.08656814279034708,-0.7673707825294253,0.5683826652660748,1.288308945498608,0,0.0037515,1,Shared Control,0.01,Good Visuals,0.48874092068365127,0.2025049280171912,0.0,5.087394116630701,0.9921239872115152,0.17350864022678744,1.4019802370099315,-0.08410863143356283,-2.71738853193499,0.021894090501174156,27.919852437067885,1.0219576229385592,2.1014530046380124,-0.022196465896249153
1116,4.515026600000001,0.45804420889339187,1.3801326998280234,-0.11033845637268297,0.09182375432941536,-0.6911305173888707,0.5729807031842329,1.2734561366070931,0,0.0035897000000000004,1,Shared Control,0.01,Good Visuals,0.4702499349587953,0.20545443221410276,0.0,5.083283115523075,0.9920420412930812,0.1630311608207362,1.3915027576038803,-0.10973949219631704,-2.9283879946480464,0.02215475616713449,27.898546995361986,1.0221964658962492,2.1309776162830767,-0.022519759605486852
1117,4.5186247,0.4636990756698534,1.3683456755412071,-0.10928162751437948,0.094889538934114,-0.6053466346295346,0.5775356724583953,1.2583887583401154,0,0.0035981000000000003,1,Shared Control,0.01,Good Visuals,0.46917790890553,0.20834649064776034,0.0,5.077653924372328,0.991928371580758,0.15318334595757443,1.3816549427407185,-0.1122402707816998,-2.8923328427989237,0.022669524905430127,27.869022383716924,1.022519759605487,2.159231011898843,-0.022836756712773007
1118,4.522147800000001,0.4676260664868407,1.3648992442434729,-0.10990960597155464,0.10651048590335743,-0.4833207342921796,0.5819428588545307,1.2434627188396805,0,0.0035231000000000004,1,Shared Control,0.01,Good Visuals,0.46018501783533383,0.21172461427619624,0.0,5.0722005689159,0.991819714505139,0.14209081929291734,1.3705624160760614,-0.12343635946364251,-3.036968286011529,0.022768443584896693,27.840768988101157,1.022836756712773,2.192646730260848,-0.023207031187799734
1119,4.525800100000001,0.4729667739979433,1.3440590926237692,-0.10897608485658739,0.1005963737840887,-0.44783491169581613,0.5864558298856564,1.2278107163177914,0,0.0036523000000000003,1,Shared Control,0.01,Good Visuals,0.45115368683258,0.21580926299886866,0.0,5.065791902233203,0.9916911389513623,0.12997989669473006,1.3584514934778742,-0.1384216501440594,-3.085349552438611,0.02327056892957612,27.807353269739153,1.0232070311877997,2.233063271849284,-0.02365474753208178
1120,4.529554300000001,0.47799332224368696,1.3281006457033828,-0.10846250764196941,0.10028992938559145,-0.39728512308532343,0.5910347840270036,1.2115345600394043,0,0.0037542,1,Shared Control,0.01,Good Visuals,0.4514607585651598,0.21924233326743534,0.0,5.0580423054610195,0.9915356306684859,0.1193943925319893,1.3478659893151335,-0.13458807607637194,-3.0975315042841824,0.023518048557402294,27.766936728150718,1.0236547475320819,2.265941194325893,-0.024031044681399542
1121,4.5331721,0.48192031306067423,1.3272948231165334,-0.10911447096632937,0.11576026307712906,-0.3187380094059216,0.5953892322124071,1.1956719628780041,0,0.0036178,1,Shared Control,0.01,Good Visuals,0.44848440337787987,0.2228705944244071,0.0,5.051632926722185,0.9914093284368604,0.10810623378087014,1.3365778305640144,-0.1362587935574047,-3.1498615261096496,0.02377957324746241,27.734058805674106,1.0240310446813996,2.3013921682440497,-0.024428736608316858
1122,4.5365465,0.4872610205717769,1.3210761450627146,-0.10812821164063025,0.1254041821847105,-0.2850219272864051,0.5993987244893428,1.1807210607419758,0,0.0033744,1,Shared Control,0.01,Good Visuals,0.43570988716424913,0.22678316848568397,0.0,5.044792942060727,0.991273022305793,0.09700293778186567,1.3254745345650099,-0.1533604298671085,-3.2421222293936633,0.024318407004570535,27.69860783175595,1.024428736608317,2.3395788610179005,-0.024857591933310767
1123,4.5408291,0.4921304891848411,1.3286964278011273,-0.10726823530450175,0.14797536705915149,-0.1764059329171685,0.6044142772196807,1.1615327236799966,0,0.0042826,1,Shared Control,0.01,Good Visuals,0.4203960154182308,0.2317653569458916,0.0,5.037421590496482,0.9911262150649938,0.0832895344337848,1.311761131216929,-0.16952066365096513,-3.437460106301917,0.024521658438552744,27.660421138982098,1.0248575919333107,2.388714806696973,-0.02540368716826869
1124,4.543964600000001,0.4957433207364693,1.3111202212822315,-0.10867095648321135,0.1495874976022349,-0.16520270776147666,0.6080340365029894,1.1473344202070324,0,0.0031355000000000003,1,Shared Control,0.01,Good Visuals,0.39270904835543924,0.23713931484231685,0.0,5.027987524509974,0.990937231283775,0.06998020409976444,1.2984518008829087,-0.206130589021044,-3.7094008734727875,0.02486106084430374,27.611285193303026,1.0254036871682688,2.4409020878399073,-0.02599272405909317
1125,4.547857200000001,0.5045397801665208,1.2565103636426018,-0.10349425633646858,0.10917594343556947,-0.14484463802102152,0.6124655678281173,1.1295341593195627,0,0.0038926000000000004,1,Shared Control,0.01,Good Visuals,0.41878839349305236,0.2456282802138514,0.0,5.008615219949216,0.9905541711046943,0.04745085813169543,1.2759224549148398,-0.15938826163505904,-3.3889802748801885,0.02597036466266004,27.511557577726222,1.0265382094163809,2.520848337498909,-0.026923195392352335
1126,4.554172300000001,0.5092521691469054,1.259702101976813,-0.10321339868121193,0.1301679426572504,-0.09970355443791318,0.619506494189573,1.1002536760725192,0,0.006315100000000001,1,Shared Control,0.01,Good Visuals,0.4095657005778316,0.2505053818931207,0.0,5.002179349124514,0.9904300143306237,0.033252708336168516,1.261724305119313,-0.17096884046671482,-3.526001389606107,0.025421116195938273,27.479151662501092,1.0269231953923523,2.5688986426580556,-0.027457772116762966
1127,4.558241800000001,0.5153782748214055,1.2381084556053912,-0.10412821936816752,0.13785477953287195,-0.17330892125273362,0.6239451245711292,1.0811259825717028,0,0.0040695,1,Shared Control,0.01,Good Visuals,0.38644144276821824,0.2582158386646263,0.0,4.992952857065142,0.9902452818506063,0.012539614967446867,1.2410112117505914,-0.19805523270326958,-3.74078368978737,0.025855511853123916,27.431101357341944,1.027457772116763,2.645194438137312,-0.028302911503981718
1128,4.563825100000001,0.5211902212305467,1.2116310306493652,-0.10275490334058246,0.1305050480776624,-0.23791081913621775,0.6299073835490965,1.054559542030057,0,0.0055833,1,Shared Control,0.01,Good Visuals,0.3819157180937041,0.26425396796435746,0.0,4.978336555917136,0.989951914266863,-0.003969984753609237,1.2245016120295353,-0.19214774358991513,-3.7184620646987776,0.026887555492805557,27.354805561862687,1.0283029115039817,2.700920537111141,-0.02896474789675952
1129,4.568660000000001,0.5257455305782518,1.2021459230032039,-0.10416185297084468,0.1475863809731468,-0.26003717713346475,0.6349498523268757,1.0312578467626947,0,0.0048349000000000005,1,Shared Control,0.01,Good Visuals,0.38124612830675547,0.2693308303115216,0.0,4.96727636478473,0.9897385298520693,-0.018842716979935448,1.209628879803209,-0.18207025351632336,-3.7334903670866075,0.027153390935542924,27.29907946288886,1.0289647478967596,2.7482204315848295,-0.029521220290059567
1130,4.5729416,0.5339136714775853,1.195275108605161,-0.10103618084929045,0.16401726184246623,-0.3112748732948656,0.639320703789082,1.010398045754747,0,0.0042816,1,Shared Control,0.01,Good Visuals,0.37038261424386587,0.27864886456701476,0.0,4.957936014280544,0.9895573490690353,-0.04544412888800599,1.1830274678951385,-0.18881994429069862,-3.80618284562463,0.028053998347424232,27.25177956841517,1.0295212202900597,2.840691671674855,-0.030542565457297062
1131,4.5792179,0.5372123437638546,1.1665609553047804,-0.10210836002522738,0.15616290955003342,-0.45561200232184806,0.645565366666781,0.9794475233070474,0,0.0062763,1,Shared Control,0.01,Good Visuals,0.33689827709568754,0.2840216581158534,0.0,4.940254613947367,0.9892018663040046,-0.060346290211501674,1.1681253065716428,-0.21890520491519017,-4.1405243876234845,0.028153617073842344,27.159308328325146,1.030542565457297,2.8869469162145314,-0.031131474724553316
1132,4.583208800000001,0.5449092457651495,1.105890967023389,-0.10065612090163145,0.12644344371634153,-0.7164470714891178,0.649434580651795,0.959541966235501,0,0.0039909,1,Shared Control,0.01,Good Visuals,0.3638855674451475,0.29241191613663264,0.0,4.92250595061388,0.9888668925522067,-0.08737888305356593,1.1410927137295785,-0.15459588398235655,-3.78078070157305,0.029992910419483446,27.071535686371163,1.031624402380704,2.9643035231246593,-0.03205112679348048
1133,4.5911446,0.553391545929842,1.0729907977530857,-0.09604303472195308,0.11344883151758467,-0.9621623753304943,0.6568906944960066,0.9194560500073142,0,0.0079358,1,Shared Control,0.01,Good Visuals,0.36930575320964,0.299056628390196,0.0,4.908460831280004,0.9885954799875721,-0.11472275473285172,1.1137488420502928,-0.12363772588344049,-3.6930300913470724,0.02965581110900055,27.000579777318407,1.032464325353485,3.025250360559985,-0.03277945044649345
1134,4.5973918000000005,0.5576326960121882,1.0871848499932668,-0.09925799848381833,0.16772879998595258,-0.9909347509358786,0.6625349288831344,0.8874427463298811,0,0.0062472000000000005,1,Shared Control,0.01,Good Visuals,0.35878094691554785,0.30238377122817883,0.0,4.903268285186821,0.9884969086906717,-0.12997754510021034,1.0984940516829342,-0.12687767090757732,-3.8264204398019936,0.02872230614430981,26.974749639440013,1.0327794504464936,3.0567734559388087,-0.033144136942068345
1135,4.6014096,0.561716766461855,1.0930062669380411,-0.10081816242127939,0.20556352060816008,-1.0605613126384905,0.666058775398301,0.8666483048312266,0,0.0040178,1,Shared Control,0.01,Good Visuals,0.3202974888310417,0.3068793474611666,0.0,4.897102981246857,0.9883761850710505,-0.1468103089177738,1.0816612878653709,-0.16771637998569797,-4.20356703065714,0.030014007906097845,26.94322654406119,1.0331441369420684,3.099814468568529,-0.03363689484932791
1136,4.6053727,0.5647012794827653,1.064824224502841,-0.10135749591553578,0.1981759196716144,-1.2262636854238917,0.6694524910709674,0.845983740559406,0,0.003963100000000001,1,Shared Control,0.01,Good Visuals,0.28973262919042286,0.31169564985802617,0.0,4.888730382429021,0.9882112543030922,-0.16323963667490382,1.0652319601082407,-0.19613177360349404,-4.486435761095038,0.030939011896076125,26.90018553143147,1.033636894849328,3.1447461652041984,-0.03416480739419616
1137,4.6095436,0.5695707480958295,1.0200392471770963,-0.09988174297513785,0.17405550661769031,-1.4236165535109988,0.672935372287198,0.8240753941276695,0,0.0041709,1,Shared Control,0.01,Good Visuals,0.2988063119089792,0.3166763756742423,0.0,4.87987521192708,0.9880394160738697,-0.18204861356752505,1.0464229832156196,-0.1691541547434154,-4.31824434479446,0.03159269055737516,26.855253834795803,1.0341648073941963,3.1909663186214585,-0.034710742309463125
1138,4.6133123000000005,0.5733406592801371,0.9956888025365318,-0.09959471300706091,0.1716134084088623,-1.561723489241033,0.6760035440836173,0.8041419066011438,0,0.0037687000000000003,1,Shared Control,0.01,Good Visuals,0.31455532748097415,0.3201590704441327,0.0,4.870742790759941,0.9878627535834615,-0.19862108493980302,1.0298505118433416,-0.12952479306789366,-4.142496468599198,0.031630188361392864,26.80903368137854,1.034710742309463,3.2213267989119787,-0.035092478776046085
1139,4.6172029000000006,0.5761680926683681,0.9725277708393916,-0.09983545141524919,0.16838586423824775,-1.74051891372096,0.6790918912577218,0.7834300589262593,0,0.0038906,1,Shared Control,0.01,Good Visuals,0.3149724649059474,0.32291949266309106,0.0,4.864546806601903,0.987747284892397,-0.21340590118360125,1.0150656955995434,-0.11437370252375857,-4.108947874992563,0.03188615073749079,26.778673201088022,1.035092478776046,3.245990972389281,-0.035395047302364396
1140,4.620858700000001,0.5800950834853552,0.9437831704577747,-0.09899680777236664,0.16035311153151544,-1.9408327897916273,0.6819201953761427,0.7638477156754393,0,0.0036558000000000003,1,Shared Control,0.01,Good Visuals,0.3188513611018051,0.3251853413948291,0.0,4.859578556188698,0.9876533193300135,-0.22787045400707573,1.000601142776069,-0.09359731711242657,-4.021506011864565,0.032238813320802945,26.75400902761072,1.0353950473023643,3.266272929916496,-0.035643405871178147
1141,4.625115900000001,0.584493313200381,0.9326471889132246,-0.09742688217576168,0.16879947323778532,-2.045409875202562,0.6851232573173114,0.740901019491662,0,0.0042572,1,Shared Control,0.01,Good Visuals,0.3223178398506221,0.32773964269869715,0.0,4.855497294739288,0.9875760499028762,-0.2494124270662652,0.9790591697168796,-0.07086276858523312,-3.9994008984255407,0.03219231073245531,26.733727070083503,1.035643405871178,3.2900911704009594,-0.03592338158502961
1142,4.629918,0.5888915429154067,0.9272490562827146,-0.0962317144019047,0.1863480367910526,-2.111710056048998,0.6886186352489433,0.7148385147632845,0,0.0048021,1,Shared Control,0.01,Good Visuals,0.30591182994732613,0.33003971047815445,0.0,4.850804757322931,0.9874850341931448,-0.2676200123390643,0.9608515844440805,-0.0790993662910432,-4.114057724834277,0.0319306515535322,26.70990882959904,1.0359233815850297,3.3108426058783325,-0.03617549088689041
1143,4.6344656,0.5934468522631119,0.9247865917125039,-0.0951717829858314,0.20994807694921935,-2.1542788704081097,0.6918129924218807,0.6899887572432206,0,0.004547600000000001,1,Shared Control,0.01,Good Visuals,0.2823999742449921,0.3332438869053192,0.0,4.846646836398542,0.9874059479817502,-0.2896410840117273,0.9388305127714175,-0.098261961860288,-4.3574156900217655,0.03176028716002107,26.68915739412167,1.0361754908868903,3.341282348597403,-0.03652669909445112
1144,4.6410827,0.5992587986722531,0.8864402329828471,-0.09255419374962759,0.1964514757396265,-2.3202443884301243,0.6962583381376262,0.6535505182008361,0,0.006617100000000001,1,Shared Control,0.01,Good Visuals,0.23503599619290588,0.339450015651815,0.0,4.834852720387736,0.9871774112213845,-0.3248281283687797,0.903643468414365,-0.13876551504981424,-4.768509252940704,0.03198695146859989,26.62932598814649,1.0368798512214012,3.3976079763456917,-0.037206949824238944
1145,4.646796200000001,0.6025574709585223,0.8525329995901085,-0.09370086717910386,0.19898248138927244,-2.4207563605490168,0.6999019022503978,0.6218342231076553,0,0.005713500000000001,1,Shared Control,0.01,Good Visuals,0.25307436270545136,0.34169764571248623,0.0,4.829458799251025,0.9870748080471534,-0.340251622771024,0.8882199740121208,-0.10541515040325734,-4.475507632245445,0.0314175225169522,26.602392023654307,1.0372069498242389,3.4171866846245074,-0.037453311453447484
1146,4.650242200000001,0.6047565858160352,0.8287606686581312,-0.09514531643436264,0.2069264455504759,-2.491934365761775,0.7020116198583815,0.6025968852470421,0,0.0034460000000000003,1,Shared Control,0.01,Good Visuals,0.2557544623783452,0.343620415232984,0.0,4.825465076368262,0.9870004557618794,-0.3561895896740893,0.8722820071090556,-0.08632316899804666,-4.476705494934358,0.032017365716318164,26.582813315375493,1.0374533114534474,3.434331616232738,-0.03766406527808751
1147,4.6539131000000005,0.6110397711232147,0.795760031121967,-0.09097184873516673,0.1931631458749249,-2.6175720107920095,0.7041859483124162,0.5820182663736708,0,0.0036709000000000004,1,Shared Control,0.01,Good Visuals,0.2538508872391396,0.34688486334014784,0.0,4.819060546130298,0.9868796309445497,-0.38940769374638645,0.8390639030367585,-0.06426948253646857,-4.458445517022422,0.03249407122244129,26.55104979958066,1.0378443202821568,3.463647426359126,-0.03802187983494899
1148,4.660758400000001,0.6130818063480481,0.7830582558476964,-0.09110414196436811,0.20103998947402557,-2.6741004535420716,0.7080380904143377,0.5434194626307601,0,0.0068453,1,Shared Control,0.01,Good Visuals,0.2475139305882428,0.3483489180548007,0.0,4.816126049107684,0.986823645769906,-0.4052261762387711,0.8232454205443739,-0.06730917884631712,-4.429210531551955,0.03155675731629891,26.536352573640873,1.038021879834949,3.476731565554358,-0.03818235415457284
1149,4.6649434,0.6168517175323558,0.7499380773713442,-0.09118637288198195,0.20651861474058408,-2.8141941940779085,0.7102626712836504,0.5196849759145887,0,0.004185,1,Shared Control,0.01,Good Visuals,0.24014817084368734,0.35030237070503245,0.0,4.8134933309059,0.9867738723958391,-0.42636970047497197,0.802101896308173,-0.06759318743185112,-4.448926719873937,0.0317360292835986,26.52326843444564,1.038182354154573,3.4950680012999666,-0.03839647114202278
1150,4.6696063,0.6195220712879072,0.7285411251178298,-0.09074059999574324,0.20885614920324103,-2.916394717033414,0.7126240344824522,0.49312578102158217,0,0.0046629,1,Shared Control,0.01,Good Visuals,0.23482422885840354,0.35152370458470394,0.0,4.809895663248858,0.9867038420241263,-0.442958116379888,0.785513480403257,-0.05474421509635751,-4.515943675963315,0.031942802596551356,26.504931998700034,1.0383964711420228,3.5051535993072345,-0.03853034094990103
1151,4.6745611,0.6237632213702534,0.718322072667343,-0.08886081311219873,0.22519629164576088,-3.0005501655554174,0.7149972004017583,0.4647795636793793,0,0.0049548000000000005,1,Shared Control,0.01,Good Visuals,0.23018963768064848,0.3533918146510574,0.0,4.80778005809275,0.9866657516400248,-0.47277305188229224,0.7556985449008528,-0.04715217676961379,-4.544405484453755,0.03189747186674244,26.494846400692765,1.038530340949901,3.5229460130074943,-0.03873510357856523
1152,4.6798556,0.6264335751258047,0.7015584608053642,-0.08856362527595363,0.23677889712598493,-3.1014819780520275,0.7173774998815132,0.4343578443861627,0,0.005294500000000001,1,Shared Control,0.01,Good Visuals,0.2047371888258641,0.35493913672923116,0.0,4.804315017038281,0.9865977295256529,-0.49159710685040775,0.7368744899327373,-0.06582217775523297,-4.705190333720474,0.031402683997088385,26.477053986992505,1.0387351035785652,3.5364606402277894,-0.03890470479308867
1153,4.6840104,0.6295751677793945,0.6867418616256007,-0.08780233210211874,0.252384017239438,-3.1751927959481074,0.7191324173240667,0.4103959113918568,0,0.0041548,1,Shared Control,0.01,Good Visuals,0.1916505069835851,0.3567020563096593,0.0,4.801563665612129,0.9865464408850243,-0.5129957680745204,0.7154758287086246,-0.06816117120097381,-4.821038440975233,0.0314346967010581,26.46353935977221,1.0389047047930886,3.5526916230267225,-0.039097937544152785
1154,4.6882859,0.6311459641061894,0.6653384464747137,-0.08798645321787735,0.2549425350828569,-3.2796478641044198,0.7208342170038047,0.3856622532247929,0,0.004275500000000001,1,Shared Control,0.01,Good Visuals,0.17233323703333783,0.35833163490903247,0.0,4.798348354108149,0.9864845698985718,-0.5309754115560199,0.6974961852271251,-0.07908192981448584,-5.005329328665532,0.03131927240960936,26.44730837697328,1.0390979375441527,3.5672015817578564,-0.039276554855644456
1155,4.692787900000001,0.6342875567597792,0.6316998916009504,-0.08654666024402546,0.2460376383761575,-3.4379218710468105,0.7225116991397568,0.3595415722283809,0,0.004502,1,Shared Control,0.01,Good Visuals,0.1704495559841493,0.36005550966504735,0.0,4.795424274989957,0.9864294224790516,-0.5528532945780377,0.6756183022051073,-0.0679794287953205,-4.953333413787749,0.03152832963140909,26.432798418242143,1.0392765548556444,3.5828778328234554,-0.0394655079226436
1156,4.696269900000001,0.6360154327192535,0.6054303975948983,-0.08649626642050323,0.24588882536651735,-3.5839133874170437,0.7237283754346994,0.3392891088405143,0,0.0034820000000000003,1,Shared Control,0.01,Good Visuals,0.1720734352481844,0.3610074940331842,0.0,4.792299499184468,0.9863697395937315,-0.5703204606707065,0.6581511361124385,-0.046948661870182436,-4.886330627092875,0.031161601863970278,26.417122167176544,1.0394655079226436,3.5904384764622574,-0.03956985446259209
1157,4.6999514,0.638057467944087,0.5784554551418035,-0.08567090749061235,0.23916634630128925,-3.760859352944627,0.7249379857001009,0.3178327607290223,0,0.0036815000000000003,1,Shared Control,0.01,Good Visuals,0.17184565862424742,0.3617001390379688,0.0,4.7906803783330965,0.9863413164629101,-0.5899285570063006,0.6385430397768443,-0.030187708016001902,-4.845094226734405,0.031225800383692534,26.409561523537743,1.039569854462592,3.5964065084391867,-0.03964577494204632
1158,4.7042666,0.6407278216996383,0.5527741276445493,-0.08421016400046266,0.23494136691552697,-3.9372186271132343,0.726255141595442,0.2926310121323056,0,0.0043152,1,Shared Control,0.01,Good Visuals,0.1744228912595078,0.36192155671860027,0.0,4.78945705931474,0.9863187068223149,-0.6107969692368497,0.6176746275462953,-0.008914619156334633,-4.733139539702653,0.03098717915086345,26.403593491560812,1.0396457749420462,3.5978027227057754,-0.039670044425485974
1159,4.708818000000001,0.6433981754551896,0.5452200878939519,-0.0828569661402524,0.25258907576164635,-4.047917866611378,0.7275264270678911,0.26599510334164095,0,0.004551400000000001,1,Shared Control,0.01,Good Visuals,0.17156635154964256,0.3617523494874908,0.0,4.789115668007295,0.9863135952288636,-0.6340184886456924,0.5944531081374526,0.006170531738403064,-4.699095333355474,0.03047747364657608,26.402197277294224,1.039670044425486,3.5958124520977055,-0.03965149770382594
1160,4.713257200000001,0.644811892149305,0.5346435160140599,-0.08271453491858605,0.26864841267241896,-4.177351585832068,0.7286494795365686,0.23996827972294957,0,0.0044392,1,Shared Control,0.01,Good Visuals,0.1477066463139463,0.3619489361648319,0.0,4.789466177255672,0.9863213197703937,-0.6520294753254724,0.5764421214576726,-0.009854855820619651,-4.891100010802741,0.029973702172641777,26.404187547902296,1.039651497703826,3.5980914077011232,-0.039673045473166586
1161,4.7169998,0.6481105644355744,0.48631931755152447,-0.0805389151009942,0.2463510378285749,-4.449276455583612,0.7295064726011682,0.21799395080540443,0,0.0037426000000000004,1,Shared Control,0.01,Good Visuals,0.12771918147532235,0.36226182084301184,0.0,4.7885457787928045,0.9863025093273685,-0.6869658473160313,0.5415057494671137,-0.0015975507480926454,-5.04493111987962,0.029742703542439387,26.399292537587222,1.0397039899342175,3.600648252871694,-0.03970734060937231
1162,4.724739700000001,0.6506238385584462,0.4679664419099933,-0.078882634042722,0.24997249110458888,-4.543599448006008,0.7310176275341169,0.1724756232816409,0,0.0077399,1,Shared Control,0.01,Good Visuals,0.14268572630312545,0.3614018147079632,0.0,4.788523107104264,0.9863028458121247,-0.7149531824631619,0.5135184143199831,0.027306792266500676,-4.694601306214882,0.0291761740332069,26.399351747128307,1.0397073406093722,3.5917731530311996,-0.039613075758466794
1163,4.729970400000001,0.653451271946677,0.43669073570389316,-0.07756635558743996,0.26421511242225226,-4.699179950994759,0.7318392437673926,0.14167138463681522,0,0.0052307000000000005,1,Shared Control,0.01,Good Visuals,0.10250047048379801,0.36076495793861935,0.0,4.790987459796593,0.9863508926479255,-0.7492191340690989,0.47925246271404615,0.008763393874268464,-5.089822572209249,0.02844920275867593,26.41193685630681,1.0395608319904848,3.5869921337123953,-0.039543270200153
1164,4.737153900000001,0.6550220682734718,0.41486280648944807,-0.07681717549392086,0.27319142185263284,-4.792048238356875,0.7327048893074477,0.09933348751750962,0,0.007183500000000001,1,Shared Control,0.01,Good Visuals,0.11102920094690832,0.3601806897856147,0.0,4.791240401255411,0.9863548429632855,-0.7704319643604549,0.4580396324226902,0.026169016803130777,-4.795160335312621,0.02798322301095477,26.413007866287604,1.039543270200153,3.5811546746002003,-0.03947922885429828
1165,4.7420211000000005,0.6567499442329462,0.3887092428738169,-0.07595494507450151,0.28937575535630733,-4.887112522374117,0.7331185328488953,0.0706380916712584,0,0.0048672,1,Shared Control,0.01,Good Visuals,0.09866501321380894,0.35951286570674557,0.0,4.792350285831537,0.9863772364954185,-0.794872797590049,0.4335987991930961,0.026819110326278386,-4.884454460528826,0.027668063256783032,26.4188453253998,1.0394792288542982,3.5750726700683506,-0.03940602898436695
1166,4.746446000000001,0.6576924220290232,0.36124427695862815,-0.07542611081987205,0.29060618528736976,-4.9800710002107325,0.733373384013312,0.044552381540291494,0,0.004424900000000001,1,Shared Control,0.01,Good Visuals,0.07865435213189792,0.3591318751007037,0.0,4.793561637009118,0.9864003926897936,-0.8132022729612173,0.4152693238219279,0.02170511176582074,-5.095909080365927,0.027306779968332497,26.42492732993165,1.039406028984367,3.5720172619331145,-0.0393642687907924
1167,4.749901700000001,0.659891536886536,0.3269816182266625,-0.07348184712677597,0.282429236686371,-5.082464363244069,0.7334921516801537,0.024186016058592646,0,0.0034557000000000004,1,Shared Control,0.01,Good Visuals,0.06560262976350312,0.3579553509837931,0.0,4.795242208751511,0.9864320310980504,-0.848974415607947,0.3794971811751981,0.03655897191870739,-5.175324839256161,0.02663037251887821,26.433255149954697,1.0393032226620669,3.5610972490698236,-0.03923531055904554
1168,4.757724100000001,0.6609910943152925,0.3082285518942519,-0.07250105736486123,0.28404253583565925,-5.148424209743378,0.7335011317256546,-0.02187984660468039,0,0.0078224,1,Shared Control,0.01,Good Visuals,0.0738425578811972,0.3568796626985571,0.0,4.7963666009540304,0.986453536902985,-0.8705321898202142,0.3579394069629309,0.05113026165728261,-4.857104860370219,0.026303220379202522,26.438902750930176,1.0392353105590455,3.5508144831020347,-0.039117404893380905
1169,4.761338800000001,0.6619335721113694,0.2833279387769873,-0.07156755961428518,0.3052077853816677,-5.225472446754004,0.7333836086035516,-0.0431421444332556,0,0.0036147,1,Shared Control,0.01,Good Visuals,0.0676806131342842,0.3559438879101625,0.0,4.79836510457931,0.9864928495515536,-0.8877695652260724,0.34070203155707274,0.05576560139638995,-4.800694982971702,0.025874152897660416,26.449185516897966,1.039117404893381,3.542593513213429,-0.03901483507752237
1170,4.7651386,0.6625618906420874,0.25949428013171805,-0.07082171796146419,0.30263642456497364,-5.287365344215051,0.7331772464630307,-0.06547111405651498,0,0.0037998000000000003,1,Shared Control,0.01,Good Visuals,0.04243185879113315,0.3551420755969239,0.0,4.800033472215383,0.9865240577191738,-0.9081681961259009,0.3203034006572442,0.044667455584291145,-5.183500851225707,0.025474035417350997,26.45740648678657,1.0390148350775223,3.5355135943738527,-0.03892694882290005
1171,4.7689454,0.6635043684381643,0.23315047037611425,-0.06967287802486644,0.2986215844326292,-5.358517198297409,0.7328854736210432,-0.08781441442337787,0,0.0038068000000000004,1,Shared Control,0.01,Good Visuals,0.04148185679256239,0.3539965666127227,0.0,4.801466528852851,0.9865509478723202,-0.9307592856810178,0.2977123111021273,0.0568578094200737,-5.0692448233180585,0.02515177191417434,26.464486405626147,1.0389269488229,3.52471890101323,-0.0388013901446465
1172,4.774448300000001,0.6644468462342412,0.21253594921453023,-0.06843862738680195,0.3003503636379081,-5.407299441757211,0.7323134937288617,-0.12005683798142065,0,0.005502900000000001,1,Shared Control,0.01,Good Visuals,0.04006151566898175,0.3525641847510293,0.0,4.803579866961516,0.9865921749906179,-0.9534500283516304,0.27502156843151476,0.07008795950398973,-4.949555595195127,0.024663959606829735,26.47528109898677,1.0388013901446465,3.5114419437326476,-0.03864438747091016
1173,4.778057500000001,0.6649180851322797,0.1965949076708216,-0.067395408596582,0.31665174565224224,-5.443706058863458,0.7318420865832279,-0.1411626189424739,0,0.0036092000000000003,1,Shared Control,0.01,Good Visuals,0.03259127947974805,0.35127035559801284,0.0,4.806201128832885,0.9866428165198697,-0.9731545600313293,0.2553170367518159,0.07362104547541999,-4.905896098518333,0.024129008870107296,26.48855805626735,1.0386443874709101,3.499942821923351,-0.038502571491656236
1174,4.7820874,0.6655464036629976,0.17903986682175316,-0.06629568292023036,0.32020248576422705,-5.4809408414504714,0.7312258026951689,-0.16468501985818348,0,0.0040299,1,Shared Control,0.01,Good Visuals,0.011636234815156521,0.35037577655185914,0.0,4.808521117010022,0.9866865251838992,-0.9906865747151046,0.2377850220680406,0.06116705567249527,-5.118836404021978,0.02367400914339473,26.50005717807665,1.0385025714916563,3.492341825671118,-0.038404517120911426
1175,4.7854557,0.6657034832956771,0.15912308087707905,-0.06552231939949182,0.32380810073526256,-5.515540512817328,0.7306380373957005,-0.18430703620537464,0,0.0033683000000000003,1,Shared Control,0.01,Good Visuals,0.0029396000585906745,0.34945344364291714,0.0,4.810091388262115,0.9867153051010538,-1.009012361402168,0.21945923538097709,0.061769967248835406,-5.145380359126102,0.023228401385211535,26.50765817432888,1.0384045171209115,3.4839237090045656,-0.03830342066287075
1176,4.789536,0.6663318018263951,0.10864161898352023,-0.06430623556930548,0.2929486551888949,-5.613453840802608,0.7298376005435588,-0.2080253559997167,0,0.0040803,1,Shared Control,0.01,Good Visuals,-0.003807058795586793,0.3470872826714144,0.0,4.813791753493378,0.9867864888723492,-1.0496250297280594,0.17884656705508556,0.07908604160209357,-4.989072526845099,0.022455584550922437,26.52632820309246,1.0381821134648852,3.4620813799243857,-0.03804406691862736
1177,4.797061600000001,0.6666459610917541,0.07094608012067233,-0.06319163945180473,0.278971436120389,-5.660261162796139,0.7281079562842698,-0.2516068501485072,0,0.0075256,1,Shared Control,0.01,Good Visuals,0.012223559416675633,0.34368873523445237,0.0,4.81916512254662,0.9868905041309748,-1.0807950515977451,0.14767654518539985,0.11953268554349429,-4.477525742676423,0.021827382780478684,26.553582823544943,1.0378608427949192,3.4307074784351226,-0.037671553799959415
1178,4.804153400000001,0.6666459610917541,0.05084876176342391,-0.06146199519251572,0.3024556119119311,-5.690292937462294,0.7261786241264043,-0.2924578229388967,0,0.0070918000000000005,1,Shared Control,0.01,Good Visuals,0.029397930142581852,0.34099472092481664,0.0,4.822297566362946,0.9869503588945314,-1.0990739681528041,0.12939762863034093,0.1455573071340698,-4.038200940032899,0.021718254640582288,26.569292521564876,1.0376715537999595,3.4050334254153034,-0.03737626421203017
1179,4.808861,0.6663318018263951,0.02447734317882093,-0.05984682230000926,0.31693516611771766,-5.732971906809998,0.724738284544914,-0.31944500777683504,0,0.0047076,1,Shared Control,0.01,Good Visuals,-0.0018430406296403024,0.33861507645707506,0.0,4.827297450990705,0.9870485505893098,-1.1208586298280285,0.10761296695511662,0.12449738498136641,-4.477005625932369,0.02095821589815432,26.594966574584696,1.03737626421203,3.383851560900553,-0.03711543254837338
1180,4.8131807,0.6661747221937155,-0.0046610305295026605,-0.05856356235119842,0.31478397724733237,-5.769923714741764,0.7233050709615478,-0.3441095939277995,0,0.0043197,1,Shared Control,0.01,Good Visuals,-0.023701853232439007,0.33701948201362697,0.0,4.831569505267597,0.9871291301519063,-1.1379066165196634,0.09056498026348181,0.11657189375753979,-4.726099659468509,0.02026503630883062,26.616148439099447,1.0371154325483734,3.3702482352129763,-0.03694054022355433
1181,4.816913700000001,0.6657034832956771,-0.04102621281179556,-0.05760158766587076,0.3030833811160039,-5.771644242040326,0.721980852968894,-0.3653434138112873,0,0.003733,1,Shared Control,0.01,Good Visuals,-0.038025241079011285,0.33403405424648186,0.0,4.837331160180691,0.9872374560033976,-1.1683524878457596,0.06011910893738559,0.1265748027587651,-4.810545662553144,0.019161384104624483,26.644631655768276,1.0367627708300888,3.3432454277323296,-0.03661330894939232
1182,4.8245129,0.6652322443976386,-0.07385041459242407,-0.05674860857125541,0.29149299921886324,-5.831438121108837,0.7190410203982415,-0.4083211205724767,0,0.0075992,1,Shared Control,0.01,Good Visuals,-0.027830002798033326,0.32979621673728293,0.0,4.843968129393719,0.9873663137094352,-1.2015922237924959,0.02687937299064925,0.1546421770516973,-4.374002153396949,0.018724238765409483,26.678362345678625,1.0363670534236726,3.303810270714269,-0.03614880165730907
1183,4.8309633000000005,0.6641326869688823,-0.10788640372672541,-0.05490833342935919,0.3004347168457513,-5.902336791531277,0.716290286561089,-0.44452217189123466,0,0.0064504,1,Shared Control,0.01,Good Visuals,-0.053800662562110746,0.32583852036626043,0.0,4.851612865628501,0.9875127175205026,-1.2314991246482871,-0.003027527865142059,0.14230391834948272,-4.599987097852554,0.017832605988084522,26.716748364215988,1.0359060897354797,3.2678554564070805,-0.035715000498061956
1184,4.8380147000000004,0.6628760499074463,-0.14614695311138523,-0.053414236653642644,0.2983752187798494,-5.950924308844325,0.713017173500704,-0.4837790742519038,0,0.0070514,1,Shared Control,0.01,Good Visuals,-0.054024274682714146,0.3208879307434432,0.0,4.858748956967837,0.9876496800997914,-1.2675835891241984,-0.03911199234105351,0.16622341378646951,-4.428599529311888,0.01708487961619562,26.75264166079988,1.0354766071458046,3.221196861703353,-0.035172368796181304
1185,4.845742900000001,0.6624048110094078,-0.15139936744705876,-0.05061236249129619,0.3323797068048451,-5.933799908692558,0.7091134729300168,-0.5263956218596723,0,0.0077282,1,Shared Control,0.01,Good Visuals,-0.034919844608250705,0.31849748379443377,0.0,4.863875535644726,0.9877497358133306,-1.2815227436344352,-0.05305114685129028,0.19346243745420968,-3.863080816516578,0.017139983872027965,26.778803138296645,1.0351723687961814,3.199704886367684,-0.03491035307784789
1186,4.849935,0.6609910943152925,-0.17298468332233502,-0.04812237861472435,0.35341093853733724,-5.94692921267413,0.7068586644708501,-0.5493232676928563,0,0.004192100000000001,1,Shared Control,0.01,Good Visuals,-0.1321767918764126,0.31588595480594256,0.0,4.870992956145449,0.9878835656998134,-1.316050723139502,-0.08757912635635699,0.09839544885810624,-5.33406371035041,0.015101374303355963,26.81395657559168,1.0347369285362715,3.1771404580537137,-0.034624104665536705
1187,4.8578919,0.659891536886536,-0.18592452066463255,-0.046967127584314095,0.3633987470282238,-5.9292290780215495,0.7023158171103682,-0.5924538104107243,0,0.007956900000000001,1,Shared Control,0.01,Good Visuals,-0.11464924887080682,0.31423825078200596,0.0,4.8728174938785225,0.9879174048111564,-1.337552833520836,-0.10908123673769088,0.12398909604290172,-4.835303330709906,0.015201183516245272,26.822859541946286,1.0346241046655367,3.1611969695672246,-0.03444350063514335
1188,4.8615037,0.6581636609270616,-0.20840694376472918,-0.04415215618330659,0.38404686664599513,-5.84354184552416,0.7001409188578653,-0.6118568162114385,0,0.0036118,1,Shared Control,0.01,Good Visuals,-0.18250182919288344,0.31252089265594507,0.0,4.877996163202644,0.9880175932957577,-1.3745298282432097,-0.14605823146006458,0.06104468213623384,-5.691328260491402,0.013478124784158822,26.849075250633117,1.0343145522832886,3.1466207389391996,-0.03425526185275915
1189,4.868239000000001,0.6572211831309848,-0.2289169779034101,-0.04291973572688057,0.3829398383080284,-5.828688126990707,0.6958988301433658,-0.6477342178939579,0,0.0067353000000000005,1,Shared Control,0.01,Good Visuals,-0.16403650692809496,0.311623588860548,0.0,4.878919039521565,0.9880338451414267,-1.3950642173667094,-0.16659262058356433,0.08377654907126944,-5.154990491414308,0.01379847126309168,26.8533792610608,1.0342552618527592,3.137881782845864,-0.03415690882358538
1190,4.872439700000001,0.6561216257022282,-0.24937396982750626,-0.03977720444113764,0.39836024806645165,-5.808785950719282,0.693131275813803,-0.6699019492550973,0,0.0042007,1,Shared Control,0.01,Good Visuals,-0.1688961203930298,0.3107846070891393,0.0,4.880604013844138,0.988067359422709,-1.4138381153247395,-0.1853665185415945,0.08684708269232078,-5.083781840296288,0.013374802080156803,26.862118217154137,1.0341569088235854,3.1302202736040043,-0.034064948442872736
1191,4.876459200000001,0.6548649886407922,-0.26625062786529025,-0.03826628717301073,0.403651321389807,-5.777941413124603,0.6903962353105411,-0.6909583545010339,0,0.0040195000000000005,1,Shared Control,0.01,Good Visuals,-0.19942090921262545,0.3101272538175768,0.0,4.8821304507949845,0.988096608968223,-1.4377083484019346,-0.20923675161878957,0.06330088109446685,-5.516195567026803,0.012362142853343328,26.869779726395997,1.0340649484428728,3.1243423325288653,-0.03399289627299771
1192,4.880345200000001,0.653451271946677,-0.28457733975354815,-0.0369449633638641,0.4063810147474858,-5.75560618012888,0.687671857332849,-0.7111673486230117,0,0.003886,1,Shared Control,0.01,Good Visuals,-0.21198923371239045,0.30961375603302105,0.0,4.883314435566409,0.9881190154081217,-1.4597139443923859,-0.23124234760924095,0.056031002345349065,-5.523770267194982,0.01186741855476058,26.875657667471135,1.0339928962729976,3.1197433264968515,-0.03393661203253852
1193,4.884228100000001,0.6525087941505999,-0.30040625314182756,-0.035163063182249044,0.4107610954811841,-5.71778194153813,0.6848715027225218,-0.7312112005397489,0,0.0038829000000000003,1,Shared Control,0.01,Good Visuals,-0.22111186393783355,0.3091864065329589,0.0,4.884240049324616,0.9881365493168224,-1.479603687762903,-0.25113209097975814,0.053316570151747664,-5.50139496888786,0.01143866887358832,26.880256673503148,1.0339366120325386,3.115877492974844,-0.03388977046331457
1194,4.8880312,0.6498384403950487,-0.3462809595684672,-0.03503306232747316,0.38493024097128165,-5.825308869544853,0.6820535365126508,-0.7506953081431318,0,0.0038031000000000002,1,Shared Control,0.01,Good Visuals,-0.2428629922110067,0.3085230324306528,0.0,4.885418002774565,0.9881586177900181,-1.5212514781038167,-0.2927798813206718,0.04360043316318988,-5.657917801690497,0.010386848344761395,26.886052879693004,1.0338643520331359,3.1097144153548304,-0.03381705835313302
1195,4.894826500000001,0.6487388829662922,-0.3577198804658207,-0.03331465354635854,0.3929754276773111,-5.912944099782264,0.6768350484205934,-0.7851345857662907,0,0.006795300000000001,1,Shared Control,0.01,Good Visuals,-0.20919874315909792,0.30779969042113703,0.0,4.886231249167793,0.9881748601976403,-1.5384836434719171,-0.3100120466887723,0.09476996275862128,-4.816952358724361,0.010808506624604084,26.89028558464517,1.033817058353133,3.102701581063212,-0.03373777319003724
1196,4.898973100000001,0.6471680866394973,-0.3563355619969229,-0.02966696178109607,0.4287990237693678,-5.973769733504854,0.6735362763172185,-0.805907514455524,0,0.0041466,1,Shared Control,0.01,Good Visuals,-0.22551074988083752,0.3071666407626545,0.0,4.887586634806291,0.988201749896951,-1.5562440582426975,-0.3277724614595527,0.08756678875377213,-4.957962919652836,0.010254240048056595,26.89729841893679,1.0337377731900372,3.096958481297204,-0.033668384927278784
1197,4.9026902,0.6455972903127024,-0.36349161712497935,-0.027938986004516053,0.44241589733054465,-6.0636203584994,0.6705062794004734,-0.8243684999500804,0,0.0037171,1,Shared Control,0.01,Good Visuals,-0.27871543298137136,0.30688575249081357,0.0,4.88873490409943,0.9882236690144979,-1.58141316017773,-0.3529415633945851,0.03627047179537951,-5.696815811102602,0.009112700991933337,26.903041518702796,1.0336683849272787,3.094745044627171,-0.033637596901487904
1198,4.9077932,0.6433981754551896,-0.3795595232293886,-0.027108103945283735,0.44480897672069186,-6.1527208010694245,0.6662353799204032,-0.8494602411371619,0,0.005103,1,Shared Control,0.01,Good Visuals,-0.30060992686280624,0.3067276035857837,0.0,4.889212189278064,0.9882320242789571,-1.6070077114786032,-0.3785361146954584,0.02194594668166069,-5.805332811847503,0.008574076743826218,26.90525495537283,1.033637596901488,3.0933944992808056,-0.033620262277528894
1199,4.911451400000001,0.6419844587610741,-0.40146743690518283,-0.02425092115932903,0.44799280423197907,-6.226589434912778,0.6630952715783875,-0.8672644579359827,0,0.0036582000000000003,1,Shared Control,0.01,Good Visuals,-0.3070319288906797,0.3065731697531818,0.0,4.889490956436559,0.988237155684269,-1.6274926048358889,-0.39902100805274393,0.027016960893582333,-5.673542723449161,0.008314803760891208,26.906605500719195,1.0336202622775288,3.0919605904010576,-0.03360333486083766
1200,4.9149279,0.6386857864748049,-0.4476380150090048,-0.02440948510358265,0.4196264429269779,-6.340603546055469,0.660051025948809,-0.884039699189889,0,0.0034765000000000004,1,Shared Control,0.01,Good Visuals,-0.3275329613802578,0.3063479425562894,0.0,4.889963897064293,0.9882461827491148,-1.664826090909073,-0.436354494125928,0.029711189953146866,-5.7865217697321105,0.006999301083504293,26.9089706114102,1.033591681569322,3.089909819988834,-0.033578647818187986
1201,4.9214559,0.63711499014801,-0.47164426146188704,-0.02293603580079906,0.41239543772800197,-6.395409235455511,0.6541781899759271,-0.9151506260224891,0,0.006528000000000001,1,Shared Control,0.01,Good Visuals,-0.29532916650891794,0.3059555853187907,0.0,4.890183520056023,0.9882504672558847,-1.6830447245156765,-0.4545731277325315,0.07578372073325064,-5.109842824536793,0.007477795540340939,26.910090180011167,1.033578647818188,3.085966742577853,-0.03353564173371113
1202,4.9260131000000005,0.6331879993310228,-0.5004656209836004,-0.020990190644904372,0.4146850050388887,-6.400927659136956,0.6499587803646641,-0.9365620598490882,0,0.0045572,1,Shared Control,0.01,Good Visuals,-0.32710524936674,0.3052079004696846,0.0,4.891924627887365,0.9882851275773713,-1.721433141938771,-0.4929615451556259,0.06210835461566013,-5.4163419173034715,0.005979077555194017,26.919125238280294,1.0334771093942896,3.0792599523760047,-0.03345368836390022
1203,4.932035000000001,0.6313030437388689,-0.5085495853355704,-0.018655736625795227,0.42801247451351787,-6.3504246427906565,0.6442346731376818,-0.9644586830288682,0,0.0060219,1,Shared Control,0.01,Good Visuals,-0.30713962918254956,0.3048138163210576,0.0,4.892281100012472,0.9882912021905409,-1.7391327408454398,-0.5106611440622947,0.08723581963910222,-4.910281003902998,0.006406372017189678,26.920740047623994,1.0334536883639003,3.075381207840574,-0.03341049299354108
1204,4.9356402,0.629103928881356,-0.520726676299268,-0.015130744256325768,0.4437320067296001,-6.309475994748876,0.6407278478276524,-0.9809397933359109,0,0.0036052000000000002,1,Shared Control,0.01,Good Visuals,-0.3317243465907066,0.30457810952031666,0.0,4.893025182222437,0.9883060912521892,-1.7568370543034963,-0.5283654575203511,0.06251735982190658,-5.181244793109883,0.005686526277189173,26.924618792159425,1.033410492993541,3.0733845444721957,-0.03338465728665046
1205,4.939256500000001,0.6275331325545611,-0.5359702326531832,-0.01319471527309124,0.44496956068272764,-6.271270350855382,0.637150836474394,-0.9973032706210136,0,0.0036163000000000002,1,Shared Control,0.01,Good Visuals,-0.3645050336893732,0.30447549747085295,0.0,4.893439135576775,0.9883136738678423,-1.7776993429953114,-0.5492277462121663,0.031326268216103056,-5.634953594202287,0.004608493481227092,26.926615455527806,1.0333846572866505,3.072569958856282,-0.03337341003020704
1206,4.9429978000000006,0.6248627787990099,-0.54482955594012,-0.012288057675384101,0.4524737146808937,-6.198850243207091,0.6333882363781531,-1.0140525151153366,0,0.0037413000000000004,1,Shared Control,0.01,Good Visuals,-0.3752010260742768,0.3044043590499766,0.0,4.893614090993723,0.9883167513449123,-1.7996013024517428,-0.5711297056685976,0.023838543575491578,-5.657666732907435,0.004017467496760717,26.92743004114372,1.033373410030207,3.0719369354223836,-0.03336561258276536
1207,4.946608900000001,0.622663663941497,-0.5664524061976793,-0.010724572436656143,0.4476001089176572,-6.169557649949323,0.6296974671476657,-1.030043169402366,0,0.0036111000000000003,1,Shared Control,0.01,Good Visuals,-0.3870538602163284,0.3043763170410522,0.0,4.8937419527025305,0.9883191643407679,-1.8189112781301728,-0.5904396813470277,0.011463295130331173,-5.6353165465564,0.0037405383206444427,26.928063064577618,1.0333656125827653,3.0717232466012416,-0.033362538911912765
1208,4.9500162,0.6206216287166636,-0.5943380252101309,-0.009075838431002126,0.43570514419223505,-6.139650213770594,0.6261623245504695,-1.044971166485278,0,0.0034073000000000003,1,Shared Control,0.01,Good Visuals,-0.38988833208578144,0.3043433889472172,0.0,4.8937889069369405,0.9883199688615625,-1.838766452706908,-0.610294855923763,0.01478854964303566,-5.5765130113004435,0.0032643058601093803,26.92827675339876,1.0333625389119128,3.071409499854849,-0.033358929679688176
1209,4.953651000000001,0.6179512749611124,-0.618730403148964,-0.008211049589357144,0.4262407633363141,-6.096422151207187,0.6223353824936677,-1.0607224137616549,0,0.0036348,1,Shared Control,0.01,Good Visuals,-0.3862008254757266,0.3042945666431881,0.0,4.8938500855726526,0.9883211706307969,-1.8573945846649835,-0.6289229878818385,0.026692529070328912,-5.437600548215162,0.0027621714256285813,26.92859050014515,1.0333589296796881,3.0709391653006843,-0.03335357829087523
1210,4.957838800000001,0.6143384434094841,-0.6545531815996887,-0.00799693908418364,0.4061692321619662,-6.118847065673357,0.6178556757680106,-1.0786454109654453,0,0.0041878,1,Shared Control,0.01,Good Visuals,-0.38107914404644616,0.3042016545807806,0.0,4.8939412896823065,0.9883229735374771,-1.8836364508218741,-0.655164854038729,0.03829321261126703,-5.260366867836777,0.0024985777764791597,26.929060834699314,1.0333535782908752,3.0700287221347984,-0.033343394245258305
1211,4.9618895,0.6122964081846507,-0.6811734357416256,-0.005559267583359895,0.3974719752238197,-6.110623470827446,0.6134516866153125,-1.095750024246122,0,0.0040507,1,Shared Control,0.01,Good Visuals,-0.3622898522106299,0.3040778211586353,0.0,4.894116335357398,0.9883264674644672,-1.9009913071211622,-0.6725197103380172,0.07139779563874718,-4.8078389614893435,0.0024326821009903756,26.929971277865203,1.0333433942452583,3.0688477848253077,-0.03332982092455754
1212,4.965594600000001,0.6094689747964198,-0.689308849405003,-0.003982711818892648,0.40644117484111897,-6.058687019089962,0.6093631535061931,-1.1111935120959744,0,0.0037051000000000002,1,Shared Control,0.01,Good Visuals,-0.3656248893463709,0.3039900168352025,0.0,4.894346510934232,0.9883309911978831,-1.9175202288667368,-0.6890486320835917,0.07640134671398853,-4.833159374711116,0.0016904499739859088,26.93115221517469,1.0333298209245576,3.0680748868478904,-0.03332019673570592
1213,4.969007300000001,0.6072698599389069,-0.6979337555064313,-0.0020932935672861586,0.41325975658954306,-6.035254632104344,0.6055469579451287,-1.1252458594705803,0,0.0034127000000000003,1,Shared Control,0.01,Good Visuals,-0.38220620869677663,0.30393895084094014,0.0,4.894503519131497,0.9883339350818993,-1.9352648239823962,-0.706793227199251,0.059793199706806126,-4.971171064759574,0.001210704632874936,26.93192511315211,1.033320196735706,3.0676394148225246,-0.03331459941710632
1214,4.974287500000001,0.6009866746317274,-0.7416518681733477,-0.004560283313401303,0.3835939912972326,-6.061089601413797,0.5995487260391574,-1.1466585803588303,0,0.0052802000000000005,1,Shared Control,0.01,Good Visuals,-0.4016350795572991,0.30390373129234877,0.0,4.894627233908861,0.9883361707839077,-1.9725816572417345,-0.7441100604585893,0.04629987170503465,-5.0037717342973265,0.0004311668456443155,26.932514800620897,1.0333123970861338,3.0673484372335142,-0.033310739019649115
1215,4.979888900000001,0.5984734005088556,-0.7706974850736099,-0.0010753255303018738,0.37596109528522037,-6.078843606124178,0.5930632398418234,-1.1689310883979447,0,0.0056014,1,Shared Control,0.01,Good Visuals,-0.3567990048695785,0.30379870020826344,0.0,4.8946546304710195,0.9883366927194956,-1.9874157481664194,-0.7589441513832742,0.10474696610257342,-4.11669282474467,0.0013858871146928916,26.932651562766488,1.0333107390196492,3.0662730796591378,-0.033299226614006576
1216,4.9836992,0.5951747282225863,-0.7889229805207378,0.002111488380762916,0.38000810787720685,-6.066717772619877,0.5885808315381614,-1.1838181000333003,0,0.0038103000000000004,1,Shared Control,0.01,Good Visuals,-0.3663141367996953,0.3037749605264304,0.0,4.894856950110301,0.9883408312858264,-2.0021739551358912,-0.7737023583527459,0.10527625733969885,-4.3162748506878055,0.0003266824984064709,26.933726920340863,1.0332992266140066,3.0661491802473946,-0.03329662451911756
1217,4.9870623,0.592504374467035,-0.8109303682544633,0.003923542928873536,0.37288773177883705,-6.0912325577377,0.5845776916463062,-1.1967787430263472,0,0.0033631000000000004,1,Shared Control,0.01,Good Visuals,-0.38591320537558443,0.30381702595617965,0.0,4.89489121902341,0.9883412791889157,-2.0187586817415655,-0.79028708495842,0.09067681066922528,-4.617257330569923,-0.0006414172995182712,26.933850819752607,1.0332966245191175,3.066607370346281,-0.03330123529025277
1218,4.991314900000001,0.5882632243846887,-0.8238725990080878,0.0036855327383824577,0.3729061440182594,-6.068101843891074,0.5794538426563091,-1.2129247892684725,0,0.0042526000000000005,1,Shared Control,0.01,Good Visuals,-0.38774466531598617,0.30393425457633133,0.0,4.8948075435732,0.9883395091388707,-2.041694819692907,-0.8132232229097616,0.09735828389625804,-4.592922814558367,-0.001192039143861756,26.933392629653717,1.0333012352902529,3.067775395205918,-0.03331408466184456
1219,4.9955148000000005,0.5846503928330604,-0.8427229077104267,0.005196550176751358,0.3702018815580458,-6.062180470240149,0.5743266634321144,-1.2286026630478082,0,0.0041999,1,Shared Control,0.01,Good Visuals,-0.3865953545775007,0.3040137200227061,0.0,4.894584826460008,0.9883350217494565,-2.056589918473001,-0.8281183216898554,0.10233273674537022,-4.344367607797308,-0.0011201596455569375,26.932224604794083,1.0333140846618445,3.068466224079641,-0.033322794830469384
1220,4.999075600000001,0.5819800390775092,-0.8730643827165341,0.007653375645394811,0.3555382803312741,-6.085732189310052,0.5699285067635127,-1.2416844376461122,0,0.0035608000000000002,1,Shared Control,0.01,Good Visuals,-0.39131673301059533,0.3041319840723734,0.0,4.894443562468177,0.9883323928854296,-2.0721714377666904,-0.8436998409835447,0.10363388565224912,-4.36799711081219,-0.001579822550518831,26.931533775920357,1.0333227948304693,3.0696099269032024,-0.033335757694982836
1221,5.002645000000001,0.5782101278932014,-0.8960727662517873,0.008281621129688665,0.3456116713943249,-6.074686677347861,0.5654733249329978,-1.2546026168339877,0,0.0035694000000000004,1,Shared Control,0.01,Good Visuals,-0.3888457613009811,0.3043231669281564,0.0,4.894222210942882,0.988328007609175,-2.087114957616079,-0.8586433608329332,0.11694954621587432,-4.3474587174202215,-0.002327636319885105,26.9303900730968,1.0333357576949829,3.0714629956977055,-0.03335671315409134
1222,5.0074606,0.5717698629533423,-0.9193200882133927,0.0062965380203444665,0.33528252862059493,-6.046219624197147,0.5593903034030385,-1.2717190134747884,0,0.004815600000000001,1,Shared Control,0.01,Good Visuals,-0.3893441790160401,0.3048375973463857,0.0,4.893393250797887,0.9883116503981998,-2.116504898378647,-0.8880333015955013,0.12727519612081128,-4.221229362979939,-0.003066003140993497,26.92612198081735,1.0333844729716455,3.076306443644413,-0.03341309962007034
1223,5.0129228,0.5659579165442012,-0.9754272122158532,0.00656761314116272,0.2962918012589353,-6.173855456591356,0.5523918781388414,-1.2906964354795443,0,0.0054622,1,Shared Control,0.01,Good Visuals,-0.3687809342956501,0.305315095945572,0.0,4.892568533917476,0.9882958586268308,-2.138436735673916,-0.9099651388907708,0.16376192475193024,-3.7516569275064713,-0.00286577034063652,26.9219864874996,1.033434180587956,3.080767370518856,-0.033465438007467235
1224,5.018920100000001,0.5628163238906114,-0.9903848245730451,0.01042444575177004,0.30031161090649916,-6.159446580849055,0.5445900385006119,-1.3109929650197745,0,0.0059973000000000005,1,Shared Control,0.01,Good Visuals,-0.3249498265359922,0.30559993759255455,0.0,4.8920351844659224,0.9882853009339987,-2.1475976163825905,-0.9191260195994451,0.22161565669140562,-3.0121595070115816,-0.0020051914363274953,26.919232629481144,1.0334654380074673,3.0834026160033075,-0.03349665936076952
1225,5.0226694,0.5588893330736242,-0.9990293727284977,0.014299294573012267,0.3119635922912768,-6.146739789789552,0.5396514183537154,-1.3233922976300472,0,0.0037493,1,Shared Control,0.01,Good Visuals,-0.34778184347317226,0.3061490637560169,0.0,4.891513559903272,0.988275227947539,-2.161527276948642,-0.9330556801654968,0.2021223255028646,-3.431542523600559,-0.0031857099711778943,26.91659738399669,1.0334966593607695,3.0887918426671814,-0.03355684881037638
1226,5.026302600000001,0.5546481829912779,-1.0065950641259072,0.014996764637562499,0.31679723350414,-6.131658768650884,0.5348217667056763,-1.3351939632815886,0,0.0036332,1,Shared Control,0.01,Good Visuals,-0.3782298269565745,0.3067652445337689,0.0,4.89047824696885,0.9882545448200977,-2.176635585813834,-0.9481639890306885,0.1732567449372647,-3.874322716481621,-0.0043777156458991995,26.91120815733282,1.0335568488103763,3.0945624258908166,-0.03362438808338674
1227,5.029995900000001,0.5504070329089318,-1.0300362153609937,0.01558526620325551,0.3051577479205949,-6.163373518346058,0.529868673483699,-1.3469742005914702,0,0.0036933,1,Shared Control,0.01,Good Visuals,-0.386393640794509,0.3073361489088145,0.0,4.889343154004794,0.9882324691371722,-2.1904772627620877,-0.962005665978942,0.167236011220561,-3.867470508033943,-0.004600486171257238,26.905437574109182,1.0336243880833866,3.0997992997171218,-0.033686964632090005
1228,5.0336581,0.547265440255342,-1.056298781510816,0.017396766771642924,0.2906754190806542,-6.174091912929951,0.5249147261491067,-1.3584385840594586,0,0.0036622000000000004,1,Shared Control,0.01,Good Visuals,-0.3777461789262092,0.30797656041535615,0.0,4.888302041795854,0.9882124651194257,-2.203251095019484,-0.9747794982363386,0.18558763080913462,-3.6936738447782327,-0.0047899156946272494,26.900200700282877,1.03368696463209,3.1058144599725725,-0.033757159823405596
1229,5.037067800000001,0.5430242901729957,-1.0653846729472378,0.01810956402388897,0.2930539111122208,-6.112222926154578,0.5202649391941914,-1.3689177742015781,0,0.0034097000000000003,1,Shared Control,0.01,Good Visuals,-0.37226248081721813,0.3087713984843911,0.0,4.887120657326838,0.9881894501616708,-2.216092303451551,-0.9876207066684056,0.19988794961000408,-3.6252070555211606,-0.005357796392678748,26.89418554002743,1.0337571598234057,3.1133459363715357,-0.03384428163453938
1230,5.041308300000001,0.5387831400906495,-1.0692068736946567,0.01851820089645817,0.2997109005069214,-6.060237900404265,0.5144328656993399,-1.381687218323385,0,0.0042405,1,Shared Control,0.01,Good Visuals,-0.3780612904127527,0.3097727358016653,0.0,4.8856480917137555,0.988160616586275,-2.232083973747026,-1.0036123769638803,0.1941177793626294,-3.6180249537273177,-0.005591715409598814,26.886654063628463,1.0338442816345395,3.1228402989147597,-0.03395403772705103
1231,5.044950100000001,0.5345419900083033,-1.0720778258514079,0.02010912430896339,0.30960939247197716,-6.023000128424663,0.5093814279955444,-1.3924201168689894,0,0.0036418,1,Shared Control,0.01,Good Visuals,-0.3865906629399449,0.31056198221836284,0.0,4.883792402803153,0.9881242677104456,-2.244939311922763,-1.0164677151396173,0.18461314459542807,-3.5754959603207075,-0.0057364337538206986,26.87715970108524,1.033954037727051,3.1298892435144556,-0.03404054663991302
1232,5.048625400000001,0.5310862380893545,-1.076186873337768,0.02170481009381009,0.3162332435312214,-5.984836132017539,0.5042442976272907,-1.4030320435940171,0,0.0036753000000000003,1,Shared Control,0.01,Good Visuals,-0.40410445325345024,0.31129039110873347,0.0,4.882371630036371,0.9880973984023498,-2.257693379949632,-1.0292217831664863,0.16627528602132713,-3.738332217624313,-0.0062451295060671356,26.870110756485545,1.034040546639913,3.136572456101041,-0.034120387181335615
1233,5.052021100000001,0.5268450880070082,-1.0836165198580345,0.022600790379717517,0.3194155237359826,-5.938027101320539,0.49946365545594673,-1.412639904951899,0,0.0033957,1,Shared Control,0.01,Good Visuals,-0.4184032915225486,0.31203859008629964,0.0,4.881043308827711,0.9880718736451619,-2.2715034470435644,-1.043031850260419,0.15133056027134378,-3.856375720849103,-0.006756498823042929,26.863427543898958,1.0341203871813356,3.143515826176577,-0.03420239690451503
1234,5.055864400000001,0.5233893360880595,-1.0883971804217363,0.023925680632112756,0.3242427245301627,-5.86194508739815,0.4940139213902157,-1.4232855816678378,0,0.0038433000000000004,1,Shared Control,0.01,Good Visuals,-0.4258814475768431,0.31276914873873357,0.0,4.879671364786602,0.9880453343283723,-2.2851200890729313,-1.0566484922897859,0.14413486363279626,-3.8548939867414473,-0.007052318764923059,26.85648417382342,1.034202396904515,3.1502458581809116,-0.03428247308030361
1235,5.0595265000000005,0.5188340267403543,-1.0875919297761572,0.024820105350138566,0.33569365189168066,-5.75212625746132,0.48878348064228627,-1.4332028944907655,0,0.0036621,1,Shared Control,0.01,Good Visuals,-0.43707569810731406,0.31353785971432074,0.0,4.8783365795451585,0.9880196249688308,-2.3003187107785568,-1.0718471139954113,0.13050762349129974,-3.908406846921962,-0.0074832147643007114,26.849754141819087,1.0342824730803035,3.157392409707576,-0.03436673111353155
1236,5.0630468,0.5142787173926491,-1.1033662079811422,0.025495236750362804,0.3298366865096234,-5.694024036945482,0.4837217038626045,-1.4425273958869287,0,0.0035203,1,Shared Control,0.01,Good Visuals,-0.45270855918716274,0.3141501769247363,0.0,4.876925855578054,0.9879923072656717,-2.3145866419135417,-1.0861150451303963,0.1092145733284986,-3.971477797412735,-0.007782042709366407,26.842607590292424,1.0343667311135316,3.162864574419176,-0.03443384690282
1237,5.066670400000001,0.5108229654737003,-1.1303144123220175,0.027101261611095828,0.31221298356491123,-5.645612089117765,0.47847749414789387,-1.4519113021425991,0,0.0036236000000000003,1,Shared Control,0.01,Good Visuals,-0.4501795019627162,0.31477890059323604,0.0,4.875823402896524,0.9879714515729047,-2.32775137321172,-1.0992797764285747,0.1141260763083459,-3.8440538728000533,-0.008009333135864515,26.837135425580826,1.03443384690282,3.168698416759764,-0.03450276099593696
1238,5.070031,0.5061105764933156,-1.147389358974404,0.027633082345421722,0.30452194316819514,-5.545918890049482,0.4735838521165647,-1.46041956358675,0,0.0033606,1,Shared Control,0.01,Good Visuals,-0.44056028004414194,0.3155760185286121,0.0,4.874670717574273,0.9879491561730148,-2.340924040306982,-1.1124524435238368,0.12958693335015345,-3.6992521821062647,-0.008530905334630417,26.831301583240236,1.034502760995937,3.1762465768505743,-0.03459013270210285
1239,5.074396500000001,0.5015552671456105,-1.160887014224313,0.02797141502904582,0.299532549362437,-5.466330927237198,0.46718476185664465,-1.471191959677817,0,0.0043655000000000005,1,Shared Control,0.01,Good Visuals,-0.43550479023839256,0.31663438247280534,0.0,4.873194707435275,0.9879202676583372,-2.3566330638061967,-1.1281614670230515,0.13519879135556123,-3.5497409271963685,-0.00872033810624147,26.823753423149427,1.0345901327021028,3.1862993258809578,-0.034706139455237824
1240,5.077927200000001,0.49684287816522577,-1.1696699143194775,0.029658116308581117,0.3015220453583394,-5.404115401308605,0.46197539207441174,-1.4796726039777464,0,0.0035307000000000003,1,Shared Control,0.01,Good Visuals,-0.4321580029806399,0.3175335769217194,0.0,4.87123203892655,0.9878817862929327,-2.368760105895242,-1.1402885091120967,0.13911991151411923,-3.368809958621335,-0.00885671172461247,26.81370067411904,1.034706139455238,3.1943870391447566,-0.03480469971801682
1241,5.0816111,0.493387126246277,-1.1717499203144122,0.03141173417186527,0.3079226836633342,-5.327906999635003,0.4565084655109239,-1.4883000249539398,0,0.0036839000000000004,1,Shared Control,0.01,Good Visuals,-0.4422822480528722,0.3183722123433247,0.0,4.869608269348532,0.9878509522224788,-2.3805916450421503,-1.1521200482590048,0.1286790853428123,-3.4520450332345805,-0.009417447756224143,26.805612960855242,1.034804699718017,3.2020567815080647,-0.03489662213549729
1242,5.0850466,0.48836057800053334,-1.175702184420447,0.03185211248960945,0.3125978405334928,-5.2511537370563826,0.4513818839333786,-1.496141990215866,0,0.0034355,1,Shared Control,0.01,Good Visuals,-0.4570875895324553,0.31916387669058294,0.0,4.868081690284586,0.9878216763103985,-2.3933682487936276,-1.1648966520104822,0.1104547397850695,-3.5769768894642295,-0.010000623301837158,26.797943218491934,1.0348966221354974,3.2092972288195103,-0.03498339607654283
1243,5.088865400000001,0.48490482608158453,-1.1842696726041373,0.03352294214820595,0.3118723176117286,-5.175191214641437,0.44565213630524597,-1.504628023323855,0,0.0038188000000000002,1,Shared Control,0.01,Good Visuals,-0.4637950685235778,0.3198888861085699,0.0,4.8666406270836005,0.9877940400875017,-2.4058242134859,-1.1773526167027546,0.10161323107261218,-3.542652074025141,-0.010166043702968287,26.79070277118049,1.0349833960765429,3.2158973980327517,-0.0350628640034638
1244,5.0926156,0.4800353574685204,-1.1690625532178058,0.03438322116327441,0.3355654701060491,-4.985385243081116,0.43999422437364694,-1.5127249979859922,0,0.0037502000000000004,1,Shared Control,0.01,Good Visuals,-0.4711577340485663,0.32077829479483927,0.0,4.865323886904999,0.9877688575075391,-2.421845643643165,-1.1933740468600191,0.09286626497496085,-3.5738986275099984,-0.010723616622871631,26.78410260196725,1.0350628640034638,3.224279314543455,-0.03516035165359609
1245,5.096620400000001,0.47500880922277666,-1.1593854816548572,0.035014584849129726,0.35333951633113503,-4.8286270703584915,0.43391917838148397,-1.521112776283441,0,0.0040048,1,Shared Control,0.01,Good Visuals,-0.498679385713512,0.3211547436140167,0.0,4.863681117705951,0.9877367956573065,-2.4345883122949648,-1.2061167155118193,0.05096426620433594,-3.7278885529811427,-0.011029391054308996,26.775720685456545,1.035160351653596,3.2271288941001632,-0.03520161402413873
1246,5.1000151,0.469982260977033,-1.2093835529951595,0.03606308259554902,0.31172922328828157,-4.885283359499685,0.42874368974781746,-1.5280133937380422,0,0.0033947,1,Shared Control,0.01,Good Visuals,-0.519280446445169,0.32130687114468376,0.0,4.863053149135428,0.9877260911906279,-2.4482747949409718,-1.2198031981578263,0.019614979013742356,-3.8410649545372415,-0.01124510001997349,26.77287110589984,1.0352016140241387,3.228302888562798,-0.035218288648205386
1247,5.103614200000001,0.4663694294254047,-1.2644334066223843,0.037625739677587255,0.2635799871156579,-4.895158861678016,0.4232313636593274,-1.5351198228938767,0,0.0035991,1,Shared Control,0.01,Good Visuals,-0.4832691678298635,0.3218948829330845,0.0,4.862797218944747,0.9877216734117706,-2.4598430913297413,-1.2313714945465957,0.07477141117164941,-3.3805658646316026,-0.011587316232608157,26.771697111437202,1.0352182886482053,3.2342353986976016,-0.03528274033210081
1248,5.1078352,0.45992916448554566,-1.2785262696822435,0.03669780082621826,0.25659355321163324,-4.746504362590304,0.41673450880425006,-1.5431794271518726,0,0.004221,1,Shared Control,0.01,Good Visuals,-0.4432617166958912,0.3233844838931148,0.0,4.861673474575177,0.9876988727139564,-2.4732278597396253,-1.2447562629564797,0.13237110782102507,-2.925312733009288,-0.012111533068787662,26.765764601302397,1.0352827403321008,3.248957059287496,-0.03544601476315824
1249,5.1114943,0.45615925330123797,-1.2739913569775516,0.03942474449698791,0.269188070174321,-4.553055199394214,0.41107544925039247,-1.5499263620580817,0,0.0036591,1,Shared Control,0.01,Good Visuals,-0.43173200990940797,0.32456389442070216,0.0,4.8588563890435505,0.9876423734312286,-2.4822817599255713,-1.2538101631424257,0.14163371863457233,-2.617188005418849,-0.011867499380198916,26.751042940712505,1.0354460147631583,3.2593604256793034,-0.035575289372964516
1250,5.115060100000001,0.4509756254228148,-1.2681525504001097,0.03990017617242231,0.281773811657972,-4.353139397304631,0.40553731819192673,-1.5562873035419131,0,0.0035658,1,Shared Control,0.01,Good Visuals,-0.4573268926389569,0.3255183608447315,0.0,4.856746875633755,0.9876027856969735,-2.492751838023013,-1.2642802412398675,0.10391185369595922,-2.9289389591970556,-0.01279584861048354,26.740639574320696,1.0355752893729646,3.267882767235183,-0.03567990796984273
1251,5.1186351000000005,0.44689155497314803,-1.2732632869393503,0.0413542367812213,0.2830240166025628,-4.186747356809593,0.3999625068891899,-1.562452948085923,0,0.003575,1,Shared Control,0.01,Good Visuals,-0.47198800034002175,0.3262023484896042,0.0,4.855029818258694,0.9875703268226825,-2.5029876686643093,-1.2745160718811637,0.07740524212026635,-2.9929329360515338,-0.012988239945062922,26.732117232764818,1.0356799079698427,3.2738522295662182,-0.03575487952032067
1252,5.1223899,0.44186500672740436,-1.2836144693527856,0.04190249983821448,0.2788384787331375,-4.019781217061875,0.394084005807591,-1.5687008306451298,0,0.0037548000000000004,1,Shared Control,0.01,Good Visuals,-0.48022541687994325,0.3268076825454757,0.0,4.853812684557493,0.9875476335407445,-2.514083710847094,-1.2856121140639485,0.06196254147616164,-3.039262149821897,-0.013489849158029558,26.726147770433784,1.0357548795203206,3.2793298112708813,-0.03582122988946255
1253,5.1260566,0.43652429921630176,-1.2994704975935658,0.04244029340871075,0.26923033305156396,-3.8712222947238706,0.3883212090962954,-1.5745772631622978,0,0.0036667,1,Shared Control,0.01,Good Visuals,-0.4787014202806581,0.32743096480384887,0.0,4.852716759920241,0.9875267512728519,-2.525596495699457,-1.297124898916312,0.058344888514777996,-2.9282696236553587,-0.013694058864989044,26.72067018872912,1.0358212298894625,3.285070497953364,-0.0358895475522828
1254,5.1296430000000015,0.4325973083993145,-1.308623413376607,0.04427609930301907,0.2659538497856908,-3.6998382589780996,0.382664159624867,-1.5801105334218541,0,0.0035864000000000004,1,Shared Control,0.01,Good Visuals,-0.4717686772825621,0.3280285317671919,0.0,4.851578645030741,0.9875048367640746,-2.535063353513829,-1.3065917567306837,0.06289116261527251,-2.755277456960852,-0.013896266217372588,26.714929502046637,1.0358895475522827,3.2905151570183313,-0.03595504657421989
1255,5.133145300000001,0.4272566008882118,-1.3067253766898035,0.04459244126334483,0.27338515673205066,-3.5028809931685196,0.377120974915876,-1.5853098415047153,0,0.0035023000000000003,1,Shared Control,0.01,Good Visuals,-0.47738610967275186,0.3285497453780309,0.0,4.850493222617452,0.9874840702292803,-2.5449888375805085,-1.3165172407973633,0.05087124271815848,-2.7989859470064697,-0.014523823846747733,26.70948484298167,1.03595504657422,3.2952015616856256,-0.036012176542615855
1256,5.136620300000001,0.4230154508058656,-1.316821980217872,0.04589447588998963,0.2684878612868433,-3.3687006285952585,0.3716033481648146,-1.5902696966890137,0,0.0034750000000000002,1,Shared Control,0.01,Good Visuals,-0.48621199311277075,0.32886563362870214,0.0,4.849552549237472,0.9874662148244776,-2.5545946595164972,-1.3261230627333522,0.031680897434769414,-2.7928772274201314,-0.014650835222856741,26.704798438314373,1.0360121765426158,3.2978549488233453,-0.03604680089893006
1257,5.141018600000001,0.41374775247777573,-1.3221529851043283,0.042144404312961126,0.2681167115846854,-3.011045487828267,0.36459556652136005,-1.5962641132830648,0,0.0043983,1,Shared Control,0.01,Good Visuals,-0.48643805148408636,0.3293765968473075,0.0,4.84842481832542,0.9874450813805143,-2.573442692245516,-1.3449710954623708,0.0218559042248133,-2.626852638467742,-0.015165828668111763,26.699242036597415,1.0360813698315057,3.302404276010818,-0.036102807326857826
1258,5.1469301000000005,0.4055796115784423,-1.3400304978111484,0.04098404505708225,0.2562336154719165,-2.740123278852835,0.3551366252794574,-1.603824309072367,0,0.0059115,1,Shared Control,0.01,Good Visuals,-0.4827023622203329,0.3297157547423846,0.0,4.847620490631022,0.9874298069479904,-2.586943447452556,-1.3584718506694111,0.010241809338040557,-2.3594400642955353,-0.014803868776970423,26.69523303379842,1.036130202043084,3.3053861764714534,-0.036139982257489066
1259,5.1530576,0.39568359471963443,-1.370745367238781,0.04054696944017705,0.2330789418335859,-2.534991518848263,0.34528670488808927,-1.6110628584619793,0,0.0061275,1,Shared Control,0.01,Good Visuals,-0.4747587941921606,0.3301810758276826,0.0,4.846842747405927,0.9874146448210953,-2.6002689711234845,-1.371797374340339,0.012134794096985972,-2.196959686247191,-0.015248828057559952,26.691267055206673,1.0361764099784418,3.309691048246906,-0.03619098587355783
1260,5.15925,0.39175660390264716,-1.3936540436524465,0.04646989901455789,0.21740881480953278,-2.464630616844639,0.3352892944744082,-1.6177637050641707,0,0.006192400000000001,1,Shared Control,0.01,Good Visuals,-0.42666071107798076,0.3307675203711753,0.0,4.846625709690573,0.987411066519685,-2.604660757686579,-1.3761891609034336,0.06568826204526498,-1.3222298850201515,-0.013387841991309827,26.690308951753096,1.0361909858735578,3.3156198888555735,-0.036255265772507116
1261,5.1630433,0.38327430373795474,-1.373263273719982,0.04798500926354654,0.24450043134418875,-2.14918522638277,0.3291453485389982,-1.6215653042905442,0,0.0037933000000000003,1,Shared Control,0.01,Good Visuals,-0.48169292873504566,0.33127695885938374,0.0,4.844581199437912,0.9873708628492216,-2.6168522373767797,-1.3883806405936343,-0.0004110670745498037,-2.3586560160405714,-0.017301543791860243,26.6798041686329,1.036311567955974,3.319540676865396,-0.03631110507548346
1262,5.1689445,0.37479200357326226,-1.388054922565925,0.04564665503426407,0.23351038172461913,-2.026883062887167,0.31955978776747423,-1.6270245592883694,0,0.0059012000000000005,1,Shared Control,0.01,Good Visuals,-0.4818280045092761,0.3311521078282048,0.0,4.84467615423812,0.987374021370904,-2.629122711804727,-1.4006511150215812,-0.010912378587760218,-2.0759125178216022,-0.016525855337340127,26.680585966628502,1.0363092923944102,3.3183111589610523,-0.03629742021515533
1263,5.1757331,0.3675663404700058,-1.4089263586487863,0.04800655270253157,0.21809820063958307,-1.9943352302296187,0.3084951499448391,-1.6326248831626204,0,0.0067886000000000005,1,Shared Control,0.01,Good Visuals,-0.4517158268249438,0.33143794302177526,0.0,4.8448840743828505,0.9873782617189807,-2.635809503187038,-1.4073379064038922,0.020869027644352472,-1.4763736161597887,-0.015115986029903484,26.681688841038948,1.0362974202151554,3.3214079336593243,-0.0363287504706121
1264,5.1794952,0.3633251903876596,-1.4305908327104127,0.05483004044282047,0.2020340504522078,-1.939689755464484,0.30234772932168824,-1.635417665748407,0,0.0037621000000000004,1,Shared Control,0.01,Good Visuals,-0.4479017922291344,0.331768477749705,0.0,4.844317381219819,0.9873663053079423,-2.6408591994513633,-1.4123876026682174,0.03001987259980909,-1.4679776343281041,-0.01591119307929351,26.678592066340677,1.036328750470612,3.3244539294358297,-0.03636498022011921
1265,5.183077200000001,0.35767032361119794,-1.433698379509344,0.0553225942895097,0.20171928623906288,-1.8127845259796065,0.29648520771924447,-1.6378722437988837,0,0.003582,1,Shared Control,0.01,Good Visuals,-0.4650602865136678,0.33196765799267347,0.0,4.843713760012546,0.9873546796307078,-2.6477174129803442,-1.4192458161971984,0.0150840295693892,-1.9097275364727357,-0.01819087905266931,26.67554607056417,1.0363649802201191,3.326115151749644,-0.03638681226891696
1266,5.186643500000001,0.35327209389617226,-1.4307571614926922,0.05678688617692779,0.20711508230619158,-1.691191663975539,0.2906399993182798,-1.6401190332339368,0,0.0035663,1,Shared Control,0.01,Good Visuals,-0.4671148324889376,0.3320700336307751,0.0,4.843366860104058,0.9873483909520976,-2.6540587750764315,-1.4255871782932856,0.008092628877280189,-1.8598551431509192,-0.018365312060367386,26.673884848250356,1.036386812268917,3.326944499477417,-0.03639803361242687
1267,5.190916900000001,0.3474601474870311,-1.4217209656973817,0.056820148168751305,0.2183980675365551,-1.5440599987941717,0.28362581226144895,-1.6425540106870304,0,0.0042734,1,Shared Control,0.01,Good Visuals,-0.47952382656698633,0.3318969169267361,0.0,4.843190926722639,0.9873452594617985,-2.661935769778434,-1.433464172995288,-0.011386070144553973,-1.96860887761538,-0.018857223202559406,26.673055500522583,1.0363980336124268,3.3250358367990445,-0.03637905837535537
1268,5.1942,0.34164820107789,-1.4261865399243967,0.05802238881644106,0.21636747076263374,-1.4436755760784628,0.278230338234655,-1.6442354142162872,0,0.0032831,1,Shared Control,0.01,Good Visuals,-0.4908464170845217,0.3314577069134516,0.0,4.843537337961101,0.9873526369211114,-2.669045465175575,-1.4405738683924292,-0.03221544915373557,-1.9736544422011377,-0.01885843199652889,26.674964163200954,1.0363790583753554,3.320719770252865,-0.0363309167810909
1269,5.1977086,0.3372499713628642,-1.4464021659569752,0.05901963312820924,0.19783324825931192,-1.3811583614889738,0.27245848404777745,-1.6458516807652053,0,0.0035086,1,Shared Control,0.01,Good Visuals,-0.4947162247993086,0.3309424685891085,0.0,4.844365362050501,0.987369189280228,-2.6757119724804177,-1.4472403756972718,-0.03931038529525828,-1.9671015948193222,-0.019231967946738253,26.679280229747135,1.0363309167810908,3.3159353808449796,-0.036274441760918784
1270,5.2010725,0.33143802495372315,-1.4577381743115376,0.058979540905945704,0.18811350645366764,-1.270124214569204,0.26691964246569616,-1.6472271585788816,0,0.0033639000000000004,1,Shared Control,0.01,Good Visuals,-0.4813064753474175,0.33062246314627103,0.0,4.845309798898529,0.9873874606146472,-2.682097192457249,-1.453625595674103,-0.022523697727034,-1.780845063960773,-0.019532103082673093,26.68406461915502,1.0362744417609189,3.313247733974097,-0.0362393661211894
1271,5.204748200000001,0.3270397952386975,-1.4607696013029066,0.06012015277300131,0.18645755727597502,-1.149683861862355,0.26086246142566577,-1.6485365487257975,0,0.0036757,1,Shared Control,0.01,Good Visuals,-0.47154995933165056,0.3304281051743092,0.0,4.845868962439478,0.9873976416592242,-2.6875916922556247,-1.459120095472479,-0.014086235799743137,-1.5825628037604291,-0.01949996108956002,26.686752266025902,1.0362393661211895,3.3116053310528293,-0.03621806263915291
1272,5.2083911,0.3194999728700819,-1.4602428917123529,0.058637511444416146,0.18829365701344458,-1.0098900761252867,0.2548549450286287,-1.6496362076887328,0,0.0036429,1,Shared Control,0.01,Good Visuals,-0.47546377146463986,0.33000416840023744,0.0,4.84620954890544,0.9874038666181185,-2.694816335580818,-1.4663447387976725,-0.02305937078284182,-1.5926641958452779,-0.019865388163572816,26.688394668947172,1.0362180626391528,3.307441455321191,-0.036171595137151916
1273,5.2125368000000005,0.31510174315505624,-1.4630287562655355,0.060246798126427525,0.18660745142319723,-0.844223450763786,0.2480138602790307,-1.6506496682047422,0,0.0041457,1,Shared Control,0.01,Good Visuals,-0.47014141460754,0.3296908206901906,0.0,4.847008608852719,0.9874198355044943,-2.6994156019100637,-1.470944005126918,-0.02334065944954882,-1.353561414180966,-0.019350623201273957,26.69255854467881,1.036171595137152,3.304724529537516,-0.036137249248250236
1274,5.216088600000001,0.30944687637859464,-1.4622089530192146,0.06143301609956395,0.18844071518552763,-0.6401945927263276,0.24214984142895746,-1.6513180585192058,0,0.0035518000000000004,1,Shared Control,0.01,Good Visuals,-0.47631205796808596,0.3291464232142012,0.0,4.847564389139614,0.9874301556846998,-2.7045148518320508,-1.4760432550489053,-0.03726437733924356,-1.4175214527526894,-0.01986281631825813,26.695275470462484,1.0361372492482501,3.2994543278863784,-0.036077578107759384
1275,5.2197011,0.3047344873982099,-1.4596608125350183,0.06258464596925245,0.19165724598418743,-0.4409932312762084,0.23618350924453396,-1.6518102129577827,0,0.0036125000000000003,1,Shared Control,0.01,Good Visuals,-0.48393893333460114,0.32836242995452836,0.0,4.8485831023624595,0.9874503467252029,-2.709524231495631,-1.4810526347124857,-0.05539489716999737,-1.464559602263014,-0.02022045751643191,26.70054567211362,1.0360775781077594,3.2920069440620483,-0.03599164499086388
1276,5.224205100000001,0.29436723164136364,-1.457437305028984,0.058183722396829674,0.1943729079287988,-0.069885433667219,0.22874285693256297,-1.6521610835592648,0,0.004504,1,Shared Control,0.01,Good Visuals,-0.49543389221446077,0.32599907782684123,0.0,4.852389212899387,0.9875252467044247,-2.719942284100435,-1.4914706873172892,-0.08743110262184875,-1.448549744780241,-0.020470549201066904,26.720112959123036,1.035853257815927,3.270024216068175,-0.035732599122614284
1277,5.2298843,0.28557077221131216,-1.4692655812715243,0.0568279152787492,0.18289550228774054,0.22351258716730954,0.2193595992339421,-1.652192315070307,0,0.005679200000000001,1,Shared Control,0.01,Good Visuals,-0.4825761358732015,0.32405425210509525,0.0,4.855958652765264,0.9875927293597856,-2.7261446083695335,-1.497673011586388,-0.08809498523473311,-1.1164551209806763,-0.019854521153379195,26.737832696793326,1.035635789060788,3.2521992572576206,-0.035519427728566935
1278,5.2359463,0.27646015351590175,-1.4861567424612767,0.05710055428195965,0.16603557260903035,0.4276177652668859,0.20934516348753693,-1.6517262332102418,0,0.0060620000000000005,1,Shared Control,0.01,Good Visuals,-0.4731939757796195,0.32219122877034156,0.0,4.859284499809419,0.9876563410479068,-2.7307667476601654,-1.5022951508770197,-0.0876119359673467,-0.9339977529423429,-0.01988160641776025,26.754509009589533,1.0354350605372369,3.2350448757730854,-0.03531522265405997
1279,5.2423284,0.2703340478414017,-1.4960479862325555,0.060988884353864764,0.15567824697768629,0.5067507766536142,0.19880670151109392,-1.6506867722624696,0,0.006382100000000001,1,Shared Control,0.01,Good Visuals,-0.4415766476633458,0.321345144564436,0.0,4.861317458607685,0.9876963331372299,-2.73218594847979,-1.5037143516966445,-0.05493401945327959,-0.3572923188300301,-0.018397297747572167,26.764955124226915,1.03531522265406,3.227584224954945,-0.0352224837789836
1280,5.2460454,0.26436502179958105,-1.5149905328800193,0.06555832028848713,0.13569623938245035,0.5390434386354674,0.19267264126131428,-1.6498256735689851,0,0.0037170000000000003,1,Shared Control,0.01,Good Visuals,-0.45034586859548686,0.3203733084054344,0.0,4.862830631485234,0.9877247243247967,-2.7342539563706567,-1.5057823595875113,-0.06483651523681062,-0.5729982241741141,-0.019598481859516344,26.772415775045054,1.0352224837789836,3.218481331987067,-0.03511596129396935
1281,5.2496238,0.25996679208455536,-1.5278863113544836,0.06729415082324108,0.12193936221450152,0.5917749920729765,0.186770651407787,-1.6488210635086267,0,0.0035784000000000002,1,Shared Control,0.01,Good Visuals,-0.4529515825425169,0.3193979930729215,0.0,4.864620204102717,0.987759526204233,-2.7367998073402835,-1.508328210557138,-0.06351176730883505,-0.7439005842932165,-0.021003135964325733,26.781518668012932,1.0351159612939693,3.2095149384837973,-0.03500905745845196
1282,5.2532467,0.2539977660427348,-1.5182721204074454,0.06722711463494777,0.13054894310118126,0.7117591886463992,0.18079924218822993,-1.6476302436785892,0,0.0036229,1,Shared Control,0.01,Good Visuals,-0.44793119223677513,0.31845494287577464,0.0,4.8663999339095,0.9877937601984129,-2.7393474435745806,-1.5108758467914352,-0.05695661595115322,-0.7110145500536316,-0.02149361671848969,26.790485061516204,1.035009057458452,3.20087177656966,-0.03490569018860634
1283,5.2574997,0.24787166036823466,-1.5190119038150351,0.06707241818000473,0.1286183398635541,0.7528060296218709,0.17379522856724103,-1.6460117332805602,0,0.004253,1,Shared Control,0.01,Good Visuals,-0.4562292842269233,0.3171001300233027,0.0,4.868118277861818,0.9878267540218446,-2.7422565047441894,-1.5137849079610441,-0.07325874305281771,-0.724620427840625,-0.021408806950775443,26.79912822343034,1.0349056901886065,3.1879143702183934,-0.034757189815948046
1284,5.260616200000001,0.24174555469373457,-1.5314413533727307,0.06795032612649354,0.11457037990782948,0.750142180564489,0.16866748155292086,-1.6446761172773618,0,0.0031165000000000003,1,Shared Control,0.01,Good Visuals,-0.45374456032829824,0.315795474190397,0.0,4.870639081063003,0.9878763729508422,-2.7447154689624935,-1.5162438721793483,-0.071230368097115,-0.6173338567744828,-0.02126867252585683,26.812085629781606,1.034757189815948,3.175978337948279,-0.03461418712961848
1285,5.2646204,0.2371902453460294,-1.5237924458800662,0.06852276379310854,0.12088367139729561,0.8284340413205722,0.16208560420592635,-1.6427764601709731,0,0.0040042,1,Shared Control,0.01,Good Visuals,-0.4443095126835929,0.3148915862658241,0.0,4.873014451367763,0.9879219357140537,-2.7463826262825757,-1.5179110294994305,-0.05665331315473631,-0.48835822839131104,-0.02145840546050815,26.82402166205172,1.0346141871296184,3.168099212075966,-0.034515112417273154
1286,5.2680878,0.23106413967152928,-1.508455320131798,0.06897853546560292,0.13432114003917506,0.908409603113883,0.1563925351105635,-1.640966465049402,0,0.0034674000000000003,1,Shared Control,0.01,Good Visuals,-0.45344986634772494,0.3136856456672795,0.0,4.874622600922132,0.9879519037081554,-2.7483713514170773,-1.5198997546339321,-0.07144422988861418,-0.554425741427865,-0.021577241786130325,26.831900787924035,1.0345151124172731,3.156596960206843,-0.03438292985939375
1287,5.271720800000001,0.22666590995650354,-1.502067961726838,0.07027337484594004,0.13889850332256404,0.9548743664722941,0.15043459375370738,-1.6389076544058645,0,0.0036330000000000004,1,Shared Control,0.01,Good Visuals,-0.4691076525140518,0.3121523240361291,0.0,4.876863624312811,0.9879959476578065,-2.750654732637648,-1.5221831358545028,-0.0947372063631816,-0.6660194903076118,-0.02163757643471099,26.843403039793156,1.0343829298593938,3.1420877020741638,-0.03421486322700581
1288,5.275634,0.22053980428200348,-1.4864789689261946,0.0701052105282961,0.15242868547966992,1.0678332624084457,0.14402585690112785,-1.6365063886578013,0,0.0039132,1,Shared Control,0.01,Good Visuals,-0.48015199951151954,0.31006347685518176,0.0,4.879702004749206,0.9880514772472646,-2.753722340620782,-1.5252507438376368,-0.10952015102329178,-0.7724637346731669,-0.02193599727602224,26.857912297925836,1.0342148632270058,3.1221740988990034,-0.03398590571141173
1289,5.2790482,0.21457077824018286,-1.485565847903163,0.07054492133905502,0.15094054075463825,1.1299428122005282,0.1384422951842701,-1.634257607166261,0,0.0034142,1,Shared Control,0.01,Good Visuals,-0.49298363637641957,0.30780421210747805,0.0,4.8835831477026055,0.9881277346210412,-2.756639748095983,-1.5281681513128378,-0.13160815744013807,-0.8111570581106982,-0.021737065322067983,26.877825901100998,1.0339859057114118,3.101118359071022,-0.033738268809860646
1290,5.2828681,0.20985838925979816,-1.505052245095814,0.07141609407552807,0.12920536207044697,1.1377420085603434,0.1322046641844113,-1.6315739492440147,0,0.0038199,1,Shared Control,0.01,Good Visuals,-0.493965549889435,0.30558363419320916,0.0,4.887734746837981,0.9882082434702028,-2.7592321092416534,-1.5307605124585082,-0.13483531195053208,-0.7563196247142354,-0.021714023930951846,26.898881640928977,1.0337382688098606,3.08060485130908,-0.033494872353158865
1291,5.286132800000001,0.20373228358529805,-1.5197748043869739,0.07152761940088675,0.11179914485704079,1.1784805030650596,0.12688200043551826,-1.6291417126551222,0,0.0032647,1,Shared Control,0.01,Good Visuals,-0.47704504348317334,0.3036301379374493,0.0,4.891798062986401,0.9882866374294029,-2.7612004725136017,-1.5327288757304562,-0.11144779348744525,-0.5494077851754682,-0.02182358956748398,26.91939514869092,1.033494872353159,3.0627859019173314,-0.03328075058612837
1292,5.290847300000001,0.19336502782845175,-1.5141585961988775,0.06648302739293349,0.1149831164562447,1.3148297154170867,0.11921011292057761,-1.6254070136560734,0,0.0047145,1,Shared Control,0.01,Good Visuals,-0.45928121022683566,0.3004749401518143,0.0,4.898211888127418,0.9884091461470029,-2.7632928981730496,-1.5348213013899041,-0.09108352143209178,-0.2865031670359066,-0.02188412382085618,26.9514869445101,1.033107523819468,3.033865037531219,-0.032934910903457425
1293,5.296467100000001,0.18880971848074657,-1.5083824993471873,0.06959960556016896,0.11702451430888616,1.354858148656822,0.11008893821605172,-1.620617514242532,0,0.0056198,1,Shared Control,0.01,Good Visuals,-0.4394970155290989,0.2993016063637955,0.0,4.901103681010034,0.9884651655980486,-2.7625301872171226,-1.5340585904339772,-0.07508439819262253,0.22320416608437732,-0.019976483677003123,26.966134962468782,1.0329349109034573,3.023397860935577,-0.03280630236209657
1294,5.300047600000001,0.18268361280624645,-1.510054780544328,0.07259467459019474,0.11056273369820402,1.3751420016315896,0.10429207381375537,-1.6173777930499649,0,0.0035805000000000003,1,Shared Control,0.01,Good Visuals,-0.4569411873807506,0.2976475097451065,0.0,4.903215437398424,0.988505080704317,-2.762728267948911,-1.534256671165766,-0.09623390023131197,-0.05512348521977195,-0.020831273746445122,26.976602139064422,1.0328063023620966,3.0074537694282713,-0.03262499764252592
1295,5.303694700000001,0.17797122382586178,-1.5160712854489569,0.07367915001210641,0.10130650760100801,1.3913643000781382,0.09839957800471158,-1.6139296463678945,0,0.0036471000000000003,1,Shared Control,0.01,Good Visuals,-0.4654703269627445,0.2958576443762474,0.0,4.906306782005468,0.9885662105799349,-2.7634432098789254,-1.5349716130957805,-0.10468065859689131,-0.20882752950534744,-0.021607624112527823,26.99254623057173,1.032624997642526,2.9906684799585515,-0.03242881137680015
1296,5.3080593,0.17043140145724625,-1.5116856653248392,0.07203182345253467,0.10224398104305532,1.4602566397422352,0.09136477229491273,-1.6096095472415806,0,0.004364600000000001,1,Shared Control,0.01,Good Visuals,-0.4618903767671062,0.2933327571132451,0.0,4.909607105843204,0.9886304511615069,-2.7642682971717836,-1.5357967003886386,-0.0992345294408376,-0.16466507531047725,-0.02179853976222596,27.00933152004145,1.0324288113768,2.9663412837951912,-0.03215205972154983
1297,5.3122962000000005,0.1643052957827462,-1.514145061740918,0.07294052348783346,0.09546448550066255,1.5016833437218755,0.08455425380278872,-1.6052173574806208,0,0.0042369,1,Shared Control,0.01,Good Visuals,-0.45507886530130304,0.2916561822902184,0.0,4.914325336752025,0.9887237295024079,-2.7640873993803883,-1.5356158025972435,-0.09504333508438847,0.05091123252143781,-0.021129293373226502,27.03365871620481,1.0321520597215499,2.9516500611664807,-0.031968291177020075
1298,5.3156488,0.16006414570039995,-1.523921733174348,0.07550989189761123,0.0812956243062728,1.5278754731429927,0.07917862320203145,-1.6016055399567903,0,0.0033526000000000003,1,Shared Control,0.01,Good Visuals,-0.45306510323461857,0.2900428275446616,0.0,4.917318118616027,0.9887797018075597,-2.763778296358756,-1.535306699575611,-0.09322725428402473,0.08989995684854613,-0.02127355461471151,27.048349938833518,1.03196829117702,2.936590543930078,-0.03179145215419262
1299,5.3190694,0.15393804002589984,-1.5149362599439056,0.07475941682386839,0.08666928001288476,1.6311697321068694,0.07370664801714179,-1.597798212606994,0,0.0034206,1,Shared Control,0.01,Good Visuals,-0.45191846885701437,0.28835765318108464,0.0,4.920286749159674,0.9888373329893426,-2.7636494635481017,-1.5351778667649565,-0.09016929862077151,0.03599385652349518,-0.021901102553574893,27.063409456069923,1.0317914521541927,2.9207548160794463,-0.031606741018238474
1300,5.3241706,0.14309954537101507,-1.511099065256916,0.06939289735387329,0.086699147350078,1.7152097023578812,0.06557090337836383,-1.5918947374297263,0,0.0051012,1,Shared Control,0.01,Good Visuals,-0.4628754782877622,0.2845278393298418,0.0,4.92674661313537,0.9889633653333277,-2.7631908082095995,-1.534719211426454,-0.11335186955962644,0.024791398812542553,-0.0216397435430801,27.09632108514532,1.031408275894644,2.8845492288757537,-0.031186956999299055
1301,5.3294911,0.13885839528866886,-1.5197346242113747,0.07328749191030504,0.07216011321835158,1.7167315186504137,0.0571182311612841,-1.5854555259699938,0,0.005320500000000001,1,Shared Control,0.01,Good Visuals,-0.427889593438587,0.28330360245538666,0.0,4.9304895971202,0.9890366577083504,-2.7608370525360995,-1.532365455752954,-0.07401959876801316,0.6828616070962532,-0.019744211148935063,27.115450771124245,1.031186956999299,2.8739118606301215,-0.031052768995585546
1302,5.3331423000000004,0.13257520998148925,-1.518478875684759,0.07545697882020515,0.06697665028523492,1.7525566708529516,0.05133774093179444,-1.5808735005762697,0,0.0036512000000000003,1,Shared Control,0.01,Good Visuals,-0.4328747124210391,0.2819129754947867,0.0,4.932666975541978,0.9890771808909301,-2.759075981484802,-1.5306043847016564,-0.07646992982514722,0.4916034534510283,-0.020762610473109424,27.126088139369877,1.0310527689955855,2.8606405741521437,-0.030900343056090677
1303,5.336622,0.12817698026646354,-1.5147067423245693,0.0768392393346691,0.06616675825170049,1.7857085920945155,0.045844549891961024,-1.5763854684602503,0,0.0034797,1,Shared Control,0.01,Good Visuals,-0.4386478629413453,0.280420098639801,0.0,4.93525429723092,0.9891280570278062,-2.757739818041345,-1.5292682212581992,-0.08356871279948423,0.3910913049779534,-0.021272301421051135,27.139359425847857,1.0309003430560906,2.846524425405149,-0.03073670955579296
1304,5.3410265,0.12220795422464295,-1.4968071673456504,0.07636340433268193,0.07957830111459985,1.88204605904748,0.03891416992514446,-1.5705380144656633,0,0.0044045,1,Shared Control,0.01,Good Visuals,-0.444884631745389,0.27845585797940076,0.0,4.938019419675617,0.9891821429230804,-2.7565208981718237,-1.5280493013886782,-0.09196612744467436,0.3038412317772945,-0.021547267073635187,27.15347557459485,1.0307367095557929,2.827578533292477,-0.030521410099836516
1305,5.3442378,0.11623892818282233,-1.4740157096681004,0.07732475825767787,0.09652230479756296,1.9957920996357352,0.03387770602343458,-1.566159353608691,0,0.0032113000000000003,1,Shared Control,0.01,Good Visuals,-0.4560877559984901,0.276092906183989,0.0,4.941693481986901,0.9892548275437181,-2.7554943316018683,-1.5270227348187226,-0.11211749312830747,0.25723972484915514,-0.02126383727168484,27.172421466707522,1.0305214100998366,2.8049603226696,-0.03026240811181139
1306,5.348083300000001,0.10995574287564276,-1.4875725669482178,0.07607803685220818,0.07858678666047325,1.9723296857998671,0.027865319976086107,-1.5607903535466203,0,0.0038455000000000004,1,Shared Control,0.01,Good Visuals,-0.4779492796232194,0.27331484101555525,0.0,4.94609695729048,0.9893415649572025,-2.7553121260713294,-1.526840529288184,-0.14572871447399338,0.05095517941124683,-0.021348817227336687,27.1950396773304,1.0302624081118115,2.778384409378096,-0.029957905750449286
1307,5.3516756,0.10571459279329654,-1.5135384317735485,0.07784927281721044,0.0472519217730718,1.9459064677351703,0.022267684801681693,-1.5556533549873655,0,0.0035923,1,Shared Control,0.01,Good Visuals,-0.4544403026519691,0.27125325604797046,0.0,4.951272854960197,0.9894434832017213,-2.75392010981907,-1.5254485130359248,-0.1147446960554421,0.4077256823933535,-0.020793256547036832,27.221615590621905,1.0299579057504493,2.759676095896394,-0.029731936432698506
1308,5.355169400000001,0.09958848711879643,-1.514684096719133,0.07732080231711475,0.04096925826823239,2.01990822494069,0.01684143253199324,-1.550546667330231,0,0.0034938,1,Shared Control,0.01,Good Visuals,-0.4325009663891719,0.2696122889063681,0.0,4.955017138126089,0.9895150003377544,-2.751736083035265,-1.5232644862521194,-0.08279864621832003,0.5955895238083704,-0.02111686873263509,27.240323904103604,1.0297319364326984,2.744557810690244,-0.029552070828675527
1309,5.358989900000001,0.09361946107697583,-1.5182123976714132,0.07677802854498259,0.032334269658817805,2.0378558291395708,0.010928429815162306,-1.544839990532305,0,0.0038205,1,Shared Control,0.01,Good Visuals,-0.4239001030108876,0.268006959698853,0.0,4.958019390510142,0.9895728540506079,-2.7488064588338412,-1.5203348620506953,-0.07613554383620338,0.7463059995985288,-0.02084663849279412,27.255442189309754,1.0295520708286756,2.7293951364041895,-0.029376111481138875
1310,5.362784100000001,0.0892212313619501,-1.514977698782984,0.0782928015467878,0.02986229174932098,2.0719683162570393,0.005077946409764743,-1.5390483992612234,0,0.0037942,1,Shared Control,0.01,Good Visuals,-0.41289419819315043,0.26685618210979595,0.0,4.960992236518609,0.9896309699873269,-2.745703425289366,-1.51723182850622,-0.06331287289637326,0.9112097094248144,-0.020577046002012534,27.27060486359581,1.0293761114811388,2.7189551173576043,-0.029249975313689634
1311,5.366088300000001,0.08325220532012952,-1.494059303374148,0.07817425891036478,0.04498909588707534,2.159817085023453,1.0935638101380873e-06,-1.5339058662257932,0,0.0033042,1,Shared Control,0.01,Good Visuals,-0.41812746269466994,0.2654789729842142,0.0,4.963082355251091,0.9896708880457602,-2.7427881718242166,-1.5143165750410705,-0.07062719544272161,0.8136347935109152,-0.02089291810745572,27.281044882642394,1.0292499753136897,2.7056670981130218,-0.029099020096513963
1312,5.3696543000000005,0.07869689597242431,-1.4836630723729787,0.07869580240861418,0.050242793852814494,2.191479734889377,-0.005458769423027678,-1.5282545468360083,0,0.003566,1,Shared Control,0.01,Good Visuals,-0.4327134612322599,0.2637133254713141,0.0,4.965659716343737,0.9897218876725171,-2.7403705806750547,-1.5118989838919086,-0.09473793968661762,0.7041185813781938,-0.020753621969325696,27.29433290188698,1.029099020096514,2.6885659919430376,-0.02890548833810877
1313,5.374155,0.0681725605828985,-1.4634391140816843,0.07363133000592617,0.064815432754324,2.31789257045693,-0.012320663733680529,-1.520974873471479,0,0.004500700000000001,1,Shared Control,0.01,Good Visuals,-0.4452631190466746,0.25950277802856764,0.0,4.973332157662387,0.9898741643352608,-2.735946092860576,-1.5074744960774293,-0.11677239198361024,0.643348518269728,-0.020437227110480117,27.33399406460363,1.0286508598424735,2.648528713748944,-0.02844397229683235
1314,5.3799317,0.06361725123519331,-1.4731053377914676,0.07593791496887384,0.0478695356800114,2.3117392971331747,-0.021079340075855962,-1.5113970028425117,0,0.0057767,1,Shared Control,0.01,Good Visuals,-0.4306114850763267,0.2578650497196621,0.0,4.97679486229476,0.9899410907600988,-2.7329210268841893,-1.5044494301010425,-0.10518864964109036,0.9918899522548532,-0.01910753468647607,27.351471286251055,1.0284439722968324,2.6331772930873183,-0.02826446169967366
1315,5.383122,0.057962384458731676,-1.4914686362597314,0.07904172453458763,0.0199283665827803,2.2826320024697067,-0.025892557267374994,-1.5059973943516562,0,0.0031903,1,Shared Control,0.01,Good Visuals,-0.4255477843738855,0.2560607704027042,0.0,4.9798173662711775,0.989999923338556,-2.7294411600392228,-1.500969563256076,-0.09621310235234425,0.9785076751023327,-0.019581734219056127,27.366822706912682,1.0282644616996737,2.6158388606835525,-0.028066695528162197
1316,5.3866674,0.05340707511102648,-1.5017790461764458,0.07929963237840147,0.004218348175210496,2.2779893190804046,-0.03122115184684659,-1.4999071437916565,0,0.0035454,1,Shared Control,0.01,Good Visuals,-0.41361018511439707,0.2546254312648756,0.0,4.983188055283635,0.9900664694551137,-2.725965068156089,-1.4974934713729424,-0.07638850624349826,1.0168173764504864,-0.020239484878284836,27.384161139316447,1.028066695528162,2.602526925547968,-0.027909368708838277
1317,5.391021500000001,0.04319689898685965,-1.4633021319247979,0.07441805083370623,0.036605011866858606,2.4237439425893146,-0.0377353894780334,-1.4923014432646564,0,0.0043541000000000005,1,Shared Control,0.01,Good Visuals,-0.40692024929601084,0.2521584970173123,0.0,4.9881801108950174,0.9901634735578575,-2.7179235317389256,-1.4894519349557787,-0.07236160413460872,1.1246701154326155,-0.01996827893290343,27.40947373777649,1.027769811650096,2.579207906847906,-0.02763896925520286
1318,5.3971301,0.03282964323001333,-1.469525482170549,0.07056503270804673,0.0227759610941074,2.3797839008650787,-0.04681810829897788,-1.4814029506507491,0,0.0061086000000000005,1,Shared Control,0.01,Good Visuals,-0.41858918655853605,0.24909471525208077,0.0,4.992812272476593,0.9902546215529364,-2.7100553225447244,-1.4815837257615776,-0.09517064274526328,1.1174469580676423,-0.019160375630787888,27.433226557063833,1.0274972826255622,2.549414479805818,-0.027303149637718103
1319,5.403709000000001,0.028431413514987625,-1.489603676276201,0.0752495218139655,-0.008200725625451932,2.3200312996180283,-0.056524714716482294,-1.4693779505121132,0,0.0065789,1,Shared Control,0.01,Good Visuals,-0.3751092879171459,0.2484054395923682,0.0,4.996153963062482,0.9903213307226845,-2.703903431684079,-1.4754318349009325,-0.040943522876871676,1.7951766496381811,-0.017577376729164665,27.45058552019418,1.027303149637718,2.5438489053504543,-0.027227598470525638
1320,5.4078523,0.021362830044410593,-1.4854339689706335,0.07788754476089288,-0.016056018458520338,2.361681344558209,-0.06259683234502483,-1.4616572105151255,0,0.0041433,1,Shared Control,0.01,Good Visuals,-0.3679259983308599,0.24782145854606488,0.0,4.997341061818901,0.9903424749513472,-2.6962233753273708,-1.467751778544224,-0.0244369403210404,1.6831893479241984,-0.0186923905453136,27.456151094649545,1.0272275984705257,2.5383121769001,-0.027163588594295726
1321,5.411555400000001,0.016807520696705394,-1.4680959550150057,0.07940435304173023,-0.0064387444998801335,2.444806747093935,-0.06799657236872537,-1.4546632515886757,0,0.0037031000000000004,1,Shared Control,0.01,Good Visuals,-0.37341376318332475,0.2472210783267871,0.0,4.998425132914899,0.9903637151163158,-2.6909639097369715,-1.4624923129538248,-0.03231603842702111,1.5337743403223323,-0.019302204945216388,27.4616878230999,1.0271635885942958,2.53255036415893,-0.02709778121275462
1322,5.415042400000001,0.011309733552923255,-1.4516729000238158,0.07930630592164863,0.002990351564859939,2.5255444028698064,-0.07305738551863743,-1.4479987811394097,0,0.003487,1,Shared Control,0.01,Good Visuals,-0.3906088979250163,0.24605927089149085,0.0,4.9995462976305385,0.990385833858287,-2.6862827480857687,-1.457811151302622,-0.05850000376844919,1.3018777014775411,-0.019630429782817444,27.46744963584107,1.0270977812127546,2.520914598358098,-0.026970436069265705
1323,5.4186817000000005,0.006911503837897544,-1.4359084013097223,0.07996888935653497,0.012090379829687414,2.6121768360350903,-0.07831431066555035,-1.4409638544758385,0,0.0036393000000000003,1,Shared Control,0.01,Good Visuals,-0.3996330217279462,0.24463734275549542,0.0,5.0017622358323734,0.9904306037051187,-2.6820728917266785,-1.4536012949435317,-0.0754272519403048,1.2319607746372014,-0.019514051812178385,27.479085401641903,1.0269704360692657,2.5070830744081047,-0.02681457922327892
1324,5.4223584,0.0012566370614359172,-1.422276339636647,0.07957094772698627,0.01868751483919162,2.6990981300037706,-0.0835991137198446,-1.4337763452368835,0,0.0036767,1,Shared Control,0.01,Good Visuals,-0.41217446313162864,0.24266133715099758,0.0,5.004435371073335,0.9904837415388911,-2.6780536298561586,-1.4495820330730116,-0.09643743218849407,1.0909160140379832,-0.019563376595290935,27.492916925591896,1.026814579223279,2.4876504822087186,-0.026597990217566873
1325,5.4259837000000015,-0.004241150082346221,-1.4222653164247365,0.07935796363749838,0.01151102881214694,2.7372583887322546,-0.08878402002957114,-1.4266123198513818,0,0.0036253,1,Shared Control,0.01,Good Visuals,-0.4170159415402107,0.24032974298773307,0.0,5.008170410519005,0.99055844269576,-2.6738310310136284,-1.4453594342304814,-0.10850138931243193,1.0872338540939532,-0.019308792573802618,27.512349517791282,1.0265979902175668,2.464983000562154,-0.026342425324230544
1326,5.429641,-0.00863937979737193,-1.4193384427102926,0.08014464023219921,0.00727387714108918,2.7936646727657193,-0.09398823794573344,-1.4193096023062735,0,0.0036573,1,Shared Control,0.01,Good Visuals,-0.4091893349019874,0.23841082410667427,0.0,5.012552835635396,0.9906455301858837,-2.669697759822524,-1.4412261630393775,-0.1011573531582432,1.202651068175058,-0.01907207900502985,27.535016999437847,1.0263424253242306,2.446933425895387,-0.02613209356629192
1327,5.4331254,-0.014137166941154067,-1.4067218190910413,0.07985107100457937,0.012587783215232129,2.871639366142477,-0.09892145857002864,-1.4122834566594709,0,0.0034844000000000003,1,Shared Control,0.01,Good Visuals,-0.40922003732920076,0.23633008545836762,0.0,5.016102121462666,0.9907147586940357,-2.665433726606648,-1.4369621298235014,-0.10409989482305346,1.1891110225818284,-0.019107349725491534,27.553066574104612,1.0261320935662919,2.4267635953591014,-0.025904024822985955
1328,5.436704300000001,-0.01837831702350029,-1.398799814187292,0.08054314154652835,0.013483642472178925,2.9167939827822127,-0.10396286462611674,-1.4049988367982944,0,0.0035789000000000003,1,Shared Control,0.01,Good Visuals,-0.4133248799291288,0.23415276197210094,0.0,5.020007833086602,0.9907922461433898,-2.661377573235091,-1.4329059764519443,-0.11468639671379034,1.1864607516181556,-0.018871210434454423,27.573236404640898,1.025904024822986,2.4057249144167825,-0.025665369462935073
1329,5.440994,-0.02403318379996192,-1.3846363044663086,0.07992968082615483,0.020362532331985816,2.9996276324375204,-0.10997100541589483,-1.3961793082479383,0,0.0042897000000000005,1,Shared Control,0.01,Good Visuals,-0.4180164602715058,0.2314042770723786,0.0,5.0240886362067965,0.9908730619908088,-2.656880609624418,-1.4284090128412719,-0.1231782750420676,1.1287559263736018,-0.018859399051029485,27.594275085583217,1.025665369462935,2.3787391370653626,-0.025364109380326794
1330,5.4440446,-0.02968805057642354,-1.3869074801988606,0.08028295483947129,0.00927182804907778,3.017877112149076,-0.11422054851773995,-1.3898505043136025,0,0.0030506,1,Shared Control,0.01,Good Visuals,-0.4221676165271825,0.2287306867501411,0.0,5.029280925672795,0.9909768109436105,-2.6528085226640195,-1.424336925880873,-0.13438111859445565,1.137422686628545,-0.018496070008202317,27.621260862934637,1.0253641093803267,2.353019487038239,-0.02507105845564486
1331,5.4476558000000015,-0.03377212102609027,-1.4027730394884945,0.08044842749164968,-0.012922535174892058,3.00339132244411,-0.11922596138577439,-1.3822993394271377,0,0.0036112,1,Shared Control,0.01,Good Visuals,-0.41335608416681957,0.22634926686995904,0.0,5.034281591406059,0.9910755965431501,-2.648507842024825,-1.4200362452416782,-0.12432881552946626,1.253623459218412,-0.018363175394762832,27.64698051296176,1.0250710584556448,2.3302458854759522,-0.02481003218990073
1332,5.4511091,-0.03911282853719292,-1.3988794916444598,0.08011313284858147,-0.01658015221732212,3.070019265203866,-0.1239869026856505,-1.3750197800796677,0,0.0034533000000000003,1,Shared Control,0.01,Good Visuals,-0.39254901885532656,0.22441696927257318,0.0,5.038723202254909,0.9911630464474521,-2.6432562357515215,-1.4147846389683747,-0.09673933638508324,1.4708321728899358,-0.018209442583575965,27.669754114524046,1.0248100321899007,2.3119129562043703,-0.024598233997423467
1333,5.454707300000001,-0.043353978619539144,-1.3835403164431936,0.08063292406611136,-0.008520536363525899,3.1420051778750286,-0.12892076404881123,-1.36737559148189,0,0.0035982,1,Shared Control,0.01,Good Visuals,-0.3875207316887077,0.22256246359189252,0.0,5.0423135174614115,0.991233420806972,-2.637817789129144,-1.409346192345997,-0.09496987925062285,1.5514482291258531,-0.01797874647280968,27.68808704379563,1.0245982339974236,2.2939934874979184,-0.024394962538804278
1334,5.458380400000001,-0.050265482457436686,-1.372031645735221,0.07865528159137454,-0.004656054253331154,3.199355928469919,-0.13392884751134057,-1.359511801415945,0,0.0036731000000000003,1,Shared Control,0.01,Good Visuals,-0.3984103969117217,0.2197131602024947,0.0,5.045790273526436,0.9913022733188028,-2.6314464261563804,-1.4029748293732336,-0.11335588775848689,1.421354341847012,-0.017945862226771744,27.706006512502082,1.0243949625388042,2.265526926197174,-0.0240826517909618
1335,5.462539600000001,-0.05434955290710342,-1.3665468221873631,0.07957929460423716,-0.0070350207714180435,3.2749420208571633,-0.1395646885253737,-1.3505358729244394,0,0.0041592,1,Shared Control,0.01,Good Visuals,-0.3926891430654097,0.2176011052672714,0.0,5.051221002407485,0.9914118281404611,-2.626011659187002,-1.397540062403855,-0.11186590593708583,1.5751121520341416,-0.01728160048505801,27.734473073802825,1.0240826517909618,2.2456527871597847,-0.023851150484797492
1336,5.4661633,-0.05984734005088556,-1.363548307406662,0.07971734847448815,-0.013012434482222668,3.36160499201623,-0.14444436429867702,-1.3426557436950972,0,0.0036237,1,Shared Control,0.01,Good Visuals,-0.395308571430231,0.21525304003756818,0.0,5.055130393098048,0.9914881009719809,-2.620621992767274,-1.3921503959841273,-0.11929925198431444,1.5157394734596457,-0.017316542462271812,27.754347212840216,1.0238511504847976,2.222598241046739,-0.023593780205942595
1337,5.469750900000001,-0.06361725123519331,-1.3570666742565964,0.08082711306348371,-0.014410930561499224,3.456551100527563,-0.14924720174922623,-1.3348009957300855,0,0.0035876000000000003,1,Shared Control,0.01,Good Visuals,-0.390432507341604,0.21300173873587366,0.0,5.05956786973735,0.9915767628416959,-2.6151958043307304,-1.3867242075475836,-0.11854146759254348,1.5840111036150244,-0.01715940160286777,27.77740175895326,1.0235937802059425,2.200763247716937,-0.02334701617380506
1338,5.4741322000000014,-0.07319910882864218,-1.3192709068086494,0.07604809292058405,0.015530088921436036,3.7417567396678546,-0.15507422715422942,-1.3251392387296934,0,0.0043813,1,Shared Control,0.01,Good Visuals,-0.40405424718276467,0.20754584643344598,0.0,5.069336245857044,0.9917720657384251,-2.604825141508751,-1.3763535447256041,-0.15117183214719473,1.4485688230348952,-0.016801780656114457,27.828180264126697,1.023027608797203,2.1473146423760707,-0.022748998492901195
1339,5.4799521,-0.07712609964562941,-1.3140452816738892,0.0779481275086,0.011093957055804182,3.8497266791399456,-0.16274879050060062,-1.3121920598761792,0,0.0058199,1,Shared Control,0.01,Good Visuals,-0.4012792392878704,0.20499290216893323,0.0,5.07409789732623,0.9918662399030683,-2.5999351886950635,-1.3714635919119167,-0.1589347918039716,1.6108686301513684,-0.015783465814851967,27.85268535762393,1.0227489984929012,2.1223301976640134,-0.022469171523468275
1340,5.4831900000000005,-0.08262388678941156,-1.3241892419404253,0.08012490371118906,-0.011997182064246159,3.9034661496492475,-0.1669857990237428,-1.3049353583662882,0,0.0032379,1,Shared Control,0.01,Good Visuals,-0.40689676912919714,0.20170317220480452,0.0,5.07891586807641,0.9919623253965719,-2.594627604118678,-1.3661560073355314,-0.17126448795811053,1.4983864763099657,-0.015978812876621975,27.877669802335987,1.0224691715234682,2.089551053582142,-0.022108585834657517
1341,5.4866899,-0.0863937979737193,-1.3420753133743588,0.08059200105002351,-0.03713995500807066,3.926041178002608,-0.17153915580114634,-1.2970500921396118,0,0.0034999000000000002,1,Shared Control,0.01,Good Visuals,-0.3955472873632879,0.198680518593924,0.0,5.085179946996464,0.9920884904584556,-2.589237822907866,-1.3607662261247193,-0.15857101489959372,1.575544801313117,-0.01616144725115135,27.91044894641786,1.0221085858346575,2.060126326494111,-0.021777274254011002
1342,5.491022900000001,-0.0956614963018092,-1.3067979117615525,0.07587765949933714,-0.009747819621940712,4.183638382872303,-0.17713802198906442,-1.287230383329462,0,0.004333,1,Shared Control,0.01,Good Visuals,-0.3761781945712715,0.19336801176856483,0.0,5.096385555471481,0.9923117172948526,-2.576823606524288,-1.3483520097411412,-0.1438646471818992,1.7759935480628846,-0.015653377137271007,27.968491383185516,1.0214572520648282,2.008347072110434,-0.021194972984964033
1343,5.4970829000000005,-0.10351547793578367,-1.3070621101269784,0.07362254405328075,-0.019831726797516325,4.239770458285678,-0.18489677527114168,-1.273394940313798,0,0.00606,1,Shared Control,0.01,Good Visuals,-0.3792782129699197,0.188321550339341,0.0,5.105654958701456,0.9924966035803185,-2.5657207293103266,-1.3372491325271794,-0.15987440376783968,1.817493382443212,-0.014800440502186842,28.016555772616865,1.0209191329295482,1.958474720963018,-0.020641832821377527
1344,5.504038700000001,-0.1124690169985146,-1.3071229864613976,0.07242775827262708,-0.0337280461475995,4.276640596185233,-0.19369862680334082,-1.2573761241875052,0,0.006955800000000001,1,Shared Control,0.01,Good Visuals,-0.36413664817145797,0.18337201557069782,0.0,5.114446957936614,0.9926721807255121,-2.552008031677635,-1.3235364348944876,-0.14466703388198113,1.955324837334774,-0.014451276941873516,28.062192588130795,1.0204093427580294,1.9093181905069823,-0.020099316741545824
1345,5.509286900000001,-0.11639600781550183,-1.3100107870634072,0.077302618987839,-0.052634662875902016,4.270705299553281,-0.2002656650240723,-1.24519803528174,0,0.005248200000000001,1,Shared Control,0.01,Good Visuals,-0.33733564332348087,0.18141975328827142,0.0,5.119863516214354,0.9927819023729048,-2.54399971511443,-1.3155281183312824,-0.11558907479720142,2.3886883502968486,-0.013281224017718911,28.090681809493017,1.0200993167415457,1.8906018788456371,-0.01988533022972754
1346,5.5129611,-0.12016591899980958,-1.29639427038893,0.08009974602426273,-0.05119623510718996,4.320386902091278,-0.20482503837859314,-1.236627909646078,0,0.0036742000000000003,1,Shared Control,0.01,Good Visuals,-0.34380244371035285,0.17946494132192392,0.0,5.123512974658196,0.992853849413084,-2.5375200318203195,-1.3090484350371723,-0.12060286890488438,2.1444543599781873,-0.014024222065310996,28.109398121154364,1.0198853302297275,1.8711895758819796,-0.01967106424830447
1347,5.516141900000001,-0.12519246724555325,-1.2837036543898614,0.0796325711330399,-0.04707574474378351,4.330491100575834,-0.20874666671415237,-1.2291803890411532,0,0.0031808,1,Shared Control,0.01,Good Visuals,-0.3598556679823143,0.176642005027415,0.0,5.127230649088528,0.9929285759208774,-2.530826762475994,-1.3023551656928471,-0.1429224596341919,1.8830410308975152,-0.014375096220145319,28.128810424118022,1.0196710642483044,1.8425710021261295,-0.01936164358480816
1348,5.5196799,-0.1291194580625405,-1.2844155081875255,0.07962720865161188,-0.05523511914637225,4.284704023747376,-0.2130808093603063,-1.2208668750100382,0,0.0035380000000000003,1,Shared Control,0.01,Good Visuals,-0.3619784473602105,0.17384383374200105,0.0,5.132654689998581,0.9930388270406612,-2.5243792111028376,-1.2959076143196906,-0.14788649714715263,1.8833765768407496,-0.014066457030428416,28.157428997873872,1.019361643584808,1.8147824156965473,-0.01905493740181946
1349,5.524173600000001,-0.13775883785991241,-1.2519429209623607,0.07532197150039388,-0.031076045952322495,4.344947540579644,-0.21854321462857135,-1.2102645219619974,0,0.004493700000000001,1,Shared Control,0.01,Good Visuals,-0.35500205443205884,0.16854264105869504,0.0,5.1437800391851205,0.9932629544418564,-2.5107147228035815,-1.2822431260204346,-0.14027290997469172,1.960134350844184,-0.013482465002386217,28.21564056839459,1.0187218606108757,1.7622991675135562,-0.01847387627033698
1350,5.529896900000001,-0.1413716694115407,-1.2355321621514799,0.07717154521703065,-0.025267640189482465,4.363027059564629,-0.22543112403182755,-1.1966947359551854,0,0.005723300000000001,1,Shared Control,0.01,Good Visuals,-0.35689159952302263,0.1661788233880226,0.0,5.148045311222492,0.9933478261351073,-2.504526790810274,-1.2760551940271272,-0.14873375513774922,2.039327684575497,-0.012694964006424144,28.237700832486443,1.018473876270337,1.7386076264769883,-0.018214779374148962
1351,5.533309600000001,-0.14639821765728436,-1.2339230782151853,0.07903290637454319,-0.037228342259999936,4.3329296415962375,-0.2295012270627127,-1.1885697842171967,0,0.0034127000000000003,1,Shared Control,0.01,Good Visuals,-0.3725293383052719,0.16293554247294284,0.0,5.152562359905784,0.9934390646506052,-2.4980606533849894,-1.2695890566018424,-0.16959258570776803,1.814546772915592,-0.012824276583201736,28.261392373523012,1.018214779374149,1.705619077474783,-0.0178592849428361
1352,5.536646000000001,-0.15001104920891262,-1.2422290130370257,0.07949017785380008,-0.053659228819828986,4.281422255131405,-0.23345348804777927,-1.1806034442357223,0,0.0033364,1,Shared Control,0.01,Good Visuals,-0.3707265794451249,0.15983096808622993,0.0,5.158805611841703,0.9935661712171134,-2.491923839231867,-1.26345224244872,-0.16541512330735808,1.7952299769255982,-0.012877269473349497,28.294380922525217,1.017859284942836,1.6746197285780515,-0.017518994066106464
1353,5.540950500000001,-0.1548805178219768,-1.2300741667227584,0.07857297022580248,-0.0494707224870361,4.318413563360673,-0.23851321846082765,-1.1702933829272328,0,0.0043045,1,Shared Control,0.01,Good Visuals,-0.3572247325977122,0.15661276416490624,0.0,5.164727812674981,0.9936855406051999,-2.48424747222116,-1.2557758754380126,-0.14546663319359418,1.9131132736965268,-0.012704992079719462,28.32538027142195,1.0175189940661065,1.6422521557041703,-0.017166248311786984
1354,5.544150700000001,-0.15990706606772045,-1.2225756717881722,0.0786061523931072,-0.05228228886093933,4.311000504952531,-0.24224609550472545,-1.1626058464113624,0,0.0032002000000000003,1,Shared Control,0.01,Good Visuals,-0.3571276009313562,0.1536850175499941,0.0,5.170889033319087,0.9938102104216625,-2.477289730700958,-1.2488181339178108,-0.14948246671591284,1.9371722360447192,-0.012305530055709803,28.35774784429583,1.017166248311787,1.612995428288774,-0.016845339440447124
1355,5.547660500000001,-0.16351989761934874,-1.2316157203890936,0.07872619788537671,-0.06900987397773117,4.247773966647124,-0.24631178285869923,-1.1541535404255543,0,0.0035098000000000004,1,Shared Control,0.01,Good Visuals,-0.3549383513497859,0.15093367339372565,0.0,5.176476673837106,0.9939228764722577,-2.470560991926632,-1.2420893951434848,-0.14768576452611937,1.9698289687420845,-0.012080587910072191,28.387004571711227,1.016845339440447,1.5853902530024622,-0.016543765956130375
1356,5.551219100000001,-0.1683893662324129,-1.2321084692361386,0.07792241662628632,-0.0779549288105843,4.233094530565905,-0.25040367334391944,-1.145562192338682,0,0.0035586000000000003,1,Shared Control,0.01,Good Visuals,-0.3393407276765422,0.148505436737143,0.0,5.181738332342391,0.9940291977322355,-2.463016791790946,-1.234545195007799,-0.12474698372845962,2.1126887159219994,-0.011882434239161264,28.414609746997538,1.0165437659561303,1.5610864929446935,-0.01627760812647359
1357,5.554707200000001,-0.1718451181513617,-1.212858547972337,0.07855855519255775,-0.06729635563365499,4.255177003701073,-0.2543847925311248,-1.1371209507577038,0,0.0034881,1,Shared Control,0.01,Good Visuals,-0.32663823377425083,0.14611952121478114,0.0,5.186376696149752,0.9941227977039786,-2.4538547894112113,-1.2253831926280647,-0.10954868501425473,2.2670367644218103,-0.011571902512700264,28.438913507055307,1.0162776081264735,1.5370126738418375,-0.016016089095593804
1358,5.559091500000001,-0.17781414419318228,-1.1774563345676603,0.0765706483379425,-0.04033538380995649,4.3042876503111565,-0.2593469648745663,-1.1264840428657652,0,0.004384300000000001,1,Shared Control,0.01,Good Visuals,-0.3408866497406753,0.14304071694638743,0.0,5.19095254506259,0.994215535783218,-2.444913225307752,-1.2164416285246056,-0.12993160175461385,2.053124865894981,-0.011478938472061497,28.462987326158164,1.0160160890955938,1.5054957940653915,-0.01567862286890116
1359,5.5629504,-0.1823694535408875,-1.1727648948729827,0.07697751133367883,-0.04628085200721754,4.256933699522805,-0.2636758517576314,-1.1170983279936886,0,0.0038589,1,Shared Control,0.01,Good Visuals,-0.35782302350952955,0.13999605339167256,0.0,5.19689981199578,0.9943369977904787,-2.437904467441262,-1.2094328706581154,-0.15838120812296175,1.9396573494465112,-0.010952720435309003,28.494504205934607,1.0156786228689012,1.4746898220679128,-0.015344898789099781
1360,5.566695300000001,-0.18582520545983625,-1.185122767199513,0.07785064629779517,-0.06802443920582446,4.212165213422633,-0.26784218682557775,-1.1079699496845865,0,0.0037449000000000002,1,Shared Control,0.01,Good Visuals,-0.35447030136926205,0.13720896773039576,0.0,5.202747537021151,0.9944556794433193,-2.431179484967025,-1.2027078881838782,-0.15254779903650273,1.9675197408535121,-0.010776547786627781,28.525310177932088,1.0153448987890998,1.4465535386587032,-0.01503940769593881
1361,5.5701204,-0.19053759444022095,-1.1806697112932611,0.07730459238535681,-0.07269976160867464,4.24152714515016,-0.27162277321489264,-1.099604742361031,0,0.0034251000000000004,1,Shared Control,0.01,Good Visuals,-0.3377988859439658,0.134724995560537,0.0,5.2080948367475965,0.9945640694271511,-2.4236549353256605,-1.1951833385425135,-0.1286612557264668,2.1014773058606657,-0.010681806815664632,28.553446461341295,1.0150394076959388,1.421471931948138,-0.014767140723992224
1362,5.574479700000001,-0.19619246121668257,-1.1824105351000616,0.07543031199821007,-0.08280579273903066,4.195126704009327,-0.2763930355730456,-1.0889364713356484,0,0.0043593,1,Shared Control,0.01,Good Visuals,-0.3306665205685916,0.13143727420775117,0.0,5.212861272325251,0.9946606928253817,-2.412710495264434,-1.184238898481287,-0.12304842926359505,2.1918689540227447,-0.010414860865926318,28.578528068051863,1.0147671407239922,1.3876043099663251,-0.01440677519808618
1363,5.5785801,-0.19949113350295186,-1.1704595602757952,0.07690190207009376,-0.08152308894014682,4.173071072466093,-0.28083750170527094,-1.0788810394504178,0,0.004100400000000001,1,Shared Control,0.01,Good Visuals,-0.3113138903455069,0.12967019619217088,0.0,5.21923291251511,0.9947912327395312,-2.4044046525241543,-1.1759330557410075,-0.098690890949186,2.4189896144803322,-0.00991435460168496,28.612395690033676,1.014406775198086,1.3703722712574558,-0.014213086642983413
1364,5.5821924,-0.20420352248333654,-1.1445041320400449,0.0766339792219344,-0.06562309258962706,4.172568845301246,-0.2847187198329519,-1.0700068189867973,0,0.0036123,1,Shared Control,0.01,Good Visuals,-0.3205214685207464,0.12758444891627532,0.0,5.222566914448862,0.9948575543826249,-2.3963592250814227,-1.167887628298276,-0.10958525866626849,2.247263328602987,-0.00997188472898017,28.629627728742545,1.0142130866429835,1.3489144350219306,-0.01398446890646255
1365,5.585701200000001,-0.20765927440228532,-1.1358729797008027,0.07705944543066656,-0.06586616071400542,4.099428844696714,-0.28845801714844344,-1.0613734518746452,0,0.0035088000000000003,1,Shared Control,0.01,Good Visuals,-0.3352446161213565,0.1252196154925678,0.0,5.226606746454263,0.994940258240164,-2.3892157479995175,-1.1607441512163708,-0.13088244748005132,2.0994789366363777,-0.009777304007291794,28.651085564978068,1.0139844689064625,1.3246273263478336,-0.01372526067408226
1366,5.590826100000001,-0.2153561764035803,-1.1201538067197354,0.07310184074486314,-0.058780354845090255,4.034861342655382,-0.29386509163593816,-1.0487412569353038,0,0.0051249,1,Shared Control,0.01,Good Visuals,-0.33037270777268946,0.12052440627582955,0.0,5.236213605313469,0.9951367344238332,-2.374598753187175,-1.1461271564040278,-0.1208254500643156,2.136072025361597,-0.00936825611555657,28.70206540032246,1.0134403542589159,1.2767092043357948,-0.013210621093329747
1367,5.5960231,-0.21975440611860603,-1.111744977087936,0.07411068551733213,-0.06300372015263211,4.007791739693358,-0.299282057867628,-1.035905851047601,0,0.005197,1,Shared Control,0.01,Good Visuals,-0.32457204228867864,0.11841334836271065,0.0,5.240242043418874,0.9952185077486037,-2.3665141888137926,-1.1380425920306456,-0.11639371046910936,2.2610371331754786,-0.008810555953444876,28.723290795664205,1.0132106210933298,1.2550509342550327,-0.012979229070269584
1368,5.5996536,-0.22305307840487532,-1.1068352180912056,0.0762289794627527,-0.07092936704360464,3.974703239960126,-0.30302661513639695,-1.0269250710317082,0,0.0036305,1,Shared Control,0.01,Good Visuals,-0.32595285036819366,0.11633268316622007,0.0,5.244325763958097,0.9953019745982049,-2.3589024789842674,-1.1304308822011202,-0.11774547322698552,2.21367160957551,-0.008775694421563144,28.74494906574497,1.0129792290702695,1.2337062682106168,-0.012751168377981171
1369,5.6032098,-0.22729422848722153,-1.0986561775831507,0.07573238664917542,-0.07173110655144255,3.9586996036803375,-0.3066629081192605,-1.0181173381275346,0,0.0035562000000000002,1,Shared Control,0.01,Good Visuals,-0.32947443867779036,0.11406571822468631,0.0,5.248350627613833,0.9953842318162289,-2.351406010120629,-1.1229344133374817,-0.12023273647318018,2.0987930073459973,-0.008867921715924706,28.766293731789382,1.012751168377981,1.2103247557416237,-0.012502687461958846
1370,5.607495400000001,-0.2316924582022472,-1.0979632030792403,0.0749704499170133,-0.07984586495170576,3.903429374167342,-0.31100338390754917,-1.0074896639103077,0,0.0042856000000000005,1,Shared Control,0.01,Good Visuals,-0.3263966429847669,0.11160231945653637,0.0,5.252747696859958,0.9954743485406481,-2.342844960371399,-1.1143733635882516,-0.11751068367771379,2.141654512740783,-0.008638469076007838,28.789675244258376,1.012502687461959,1.1848927306871802,-0.01223267553048891
1371,5.610645100000001,-0.23467697122315756,-1.0885243317993312,0.07632641268439161,-0.08103466788902347,3.88274092417501,-0.31416436116507074,-0.9996699567138204,0,0.0031497,1,Shared Control,0.01,Good Visuals,-0.31466691639412636,0.10979142609503215,0.0,5.257528182498219,0.9955723686783616,-2.3350387014394864,-1.106567104656339,-0.10158761835748897,2.2709116892836843,-0.008366876101438778,28.81510726931282,1.012232675530489,1.166517191026585,-0.012034184396796795
1372,5.6141696,-0.23891812130550374,-1.0626140843879441,0.075246239859567,-0.06294412767412372,3.9116332805834477,-0.31767226542461824,-0.9909112153799617,0,0.0035245000000000003,1,Shared Control,0.01,Good Visuals,-0.3208726134090359,0.10774596434071455,0.0,5.261012700496949,0.9956431637063388,-2.3274190775272228,-1.0989474807440753,-0.10884476465739061,2.139802834189009,-0.008379985697337305,28.833482808973415,1.0120341843967968,1.1453149664792919,-0.011809982336548966
1373,5.617673400000001,-0.24221679359177303,-1.0491544619474258,0.0754554718328452,-0.058243246567464046,3.879464834708607,-0.32112895328186436,-0.9821953676609607,0,0.0035038,1,Shared Control,0.01,Good Visuals,-0.3334956834246247,0.10541801258864751,0.0,5.264990231151522,0.9957248862254933,-2.3204254168168115,-1.0919538200336638,-0.1297533576875981,2.0336320763045848,-0.008107478676681759,28.85468503352071,1.011809982336549,1.121162570311415,-0.011554816686118559
1374,5.6211524000000015,-0.24630086404143975,-1.045552956069096,0.07482808924042461,-0.06335758840813521,3.836574473699305,-0.3245309452937527,-0.9735331328592646,0,0.0034790000000000003,1,Shared Control,0.01,Good Visuals,-0.339614387876528,0.10278811521110721,0.0,5.26951923235354,0.9958179797854968,-2.3132880808340226,-1.0848164840508752,-0.13731428183394098,1.9506247561597894,-0.007954365879557213,28.878837429688584,1.0115548166861186,1.0938532965532537,-0.011266554923687508
1375,5.6250733,-0.25054201412378596,-1.0436547435425765,0.07398893116996674,-0.07012161068331191,3.794322396582335,-0.32832891746047843,-0.9637613815315142,0,0.003920900000000001,1,Shared Control,0.01,Good Visuals,-0.331591791521724,0.09995495586980224,0.0,5.274638044214549,0.9959232405632236,-2.3044470406265356,-1.0759754438433882,-0.12677337559807386,2.0524283144876243,-0.007691438257871777,28.906146703446748,1.0112665549236874,1.0644434190802246,-0.010956013717043012
1376,5.628985700000001,-0.2546260845734527,-1.0456697950471465,0.07370283288702573,-0.08190841351563227,3.7202724642435556,-0.3320804480932517,-0.9540014469809919,0,0.0039124,1,Shared Control,0.01,Good Visuals,-0.32082909005897015,0.09786432666998716,0.0,5.280151694943235,0.9960365939196838,-2.296612129412156,-1.0681405326290085,-0.11292502387945681,2.1693139558599923,-0.007395560349947861,28.935556580919776,1.010956013717043,1.0430544071165926,-0.01072686087523435
1377,5.632823200000001,-0.257610597594363,-1.0421163716176136,0.07446985049888871,-0.08811492463662174,3.662354790448971,-0.3357230462413457,-0.9444196264382942,0,0.0038375,1,Shared Control,0.01,Good Visuals,-0.3078693424662142,0.09622225346725906,0.0,5.284191323294805,0.9961190075068724,-2.288713267535765,-1.0602416707526174,-0.09407065783990172,2.3065737702996247,-0.007212878114159359,28.956945592883407,1.0107268608752344,1.026172315821445,-0.010546874036393544
1378,5.6361408000000015,-0.26169466804402974,-1.0307763851573268,0.07402837819731595,-0.08635675871903259,3.6268148374165197,-0.33884250234654434,-0.9361292084756996,0,0.0033176000000000004,1,Shared Control,0.01,Good Visuals,-0.30597111420183254,0.09458815024363762,0.0,5.287371936870724,0.996184061110437,-2.2806147090644453,-1.0521431122812976,-0.08930917093186305,2.2769866649758796,-0.007165656830372958,28.973827684178556,1.0105468740363936,1.0091923804839558,-0.010367760783055903
1379,5.640838200000001,-0.2686061718819273,-1.0006240942975833,0.07023633046461703,-0.06449488582188367,3.570134787631257,-0.34321228606006277,-0.924380454257726,0,0.0046974,1,Shared Control,0.01,Good Visuals,-0.31384757246631184,0.09118834649173968,0.0,5.293679044536519,0.9963137860254058,-2.265054482471567,-1.0365828856884192,-0.09978901116362479,2.155436853484645,-0.006910564735372519,29.007486545235114,1.0101918666195342,0.9737589923944128,-0.009995109960323647
1380,5.6465946,-0.27143360527015814,-0.9918827234046997,0.07177868078990463,-0.06750226914697377,3.522625991191772,-0.34849191333927243,-0.9099670469406931,0,0.0057564,1,Shared Control,0.01,Good Visuals,-0.3077929585167994,0.08959720629980245,0.0,5.297183979372675,0.9963860726533804,-2.2571525222496978,-1.0286809254665499,-0.09553094781659063,2.3115285130522825,-0.006404734838715829,29.026241007605588,1.0099951099603237,0.9572534309924533,-0.009820705863829323
1381,5.650077000000001,-0.27551767571982483,-0.9878594645351912,0.0729742376194476,-0.07789241759449816,3.473666275470544,-0.3516455874233242,-0.901239183590899,0,0.0034824,1,Shared Control,0.01,Good Visuals,-0.31318447781521974,0.08780760558239772,0.0,5.30027980791716,0.9964496818320446,-2.2493177071025685,-1.0208461103194206,-0.10038025687815952,2.1868465534734156,-0.006431169270660751,29.042746569007548,1.0098207058638293,0.9385199332979874,-0.009624548606419743
1382,5.6537112,-0.27818802947537613,-0.9816415091168794,0.07345755794794806,-0.08040232552598037,3.4445392533919366,-0.3549043102501412,-0.892124314513739,0,0.0036342,1,Shared Control,0.01,Good Visuals,-0.3094176225723388,0.08617319060563432,0.0,5.303777527038637,0.9965218870282897,-2.241754996675954,-1.0132833998928061,-0.09414768350213135,2.2002532371158012,-0.006407693074564625,29.061480066702014,1.0096245486064197,0.9215126823139155,-0.009445401181973024
1383,5.658066100000001,-0.28321457772111985,-0.9700659230749182,0.07168973252902133,-0.07794160856117927,3.4553391631011,-0.3587656238085343,-0.8811931549544458,0,0.0043549,1,Shared Control,0.01,Good Visuals,-0.30970856217128495,0.08398773304903469,0.0,5.306962551841911,0.9965874305755104,-2.231902124096149,-1.003430527313001,-0.0940514078558324,2.154763718629454,-0.006330072142472956,29.078487317686083,1.0094454011819731,0.8984934475133606,-0.0092058542504601
1384,5.661614200000001,-0.28588493147667116,-0.9568470850546567,0.07288069233186312,-0.07565393010021082,3.506890738543966,-0.36187637497366915,-0.8722801487412746,0,0.0035481,1,Shared Control,0.01,Good Visuals,-0.3030793514912168,0.08245646991225389,0.0,5.311247247170951,0.9966761590889368,-2.2241584035349344,-0.9956868067517862,-0.0900928114290062,2.2610063246269516,-0.006021058118004142,29.10150655248664,1.00920585425046,0.882692467096176,-0.009038013248630983
1385,5.6651085000000005,-0.28981192229365843,-0.9469765832215863,0.07206445268001072,-0.07469643448031171,3.5646161616799477,-0.3649090383402165,-0.8634961704921502,0,0.0034943,1,Shared Control,0.01,Good Visuals,-0.3118968885772867,0.0805665541138123,0.0,5.314219043988335,0.996737042634415,-2.216647732629946,-0.9881761358467978,-0.10522854606505569,2.11015393616398,-0.006009484614446504,29.117307532903823,1.009038013248631,0.8627876020020502,-0.008830860504361325
1386,5.6687359000000015,-0.29248227604920973,-0.9410860936403239,0.07242676229100675,-0.0775899231481737,3.610391387412783,-0.36802473630310784,-0.8543711563432945,0,0.0036274000000000002,1,Shared Control,0.01,Good Visuals,-0.30877486926795145,0.07872226035242413,0.0,5.3179242875603405,0.9968137626227117,-2.20918988904101,-0.9807182922578618,-0.10720702537894347,2.1635751636019527,-0.005805984626526349,29.13721239799795,1.0088308605043612,0.8434752348746044,-0.008628708369210113
1387,5.6723929,-0.2962521872335175,-0.9328004725386465,0.07177254906959035,-0.07842931619535198,3.668607159091243,-0.37113234018492036,-0.8451649765560396,0,0.003657,1,Shared Control,0.01,Good Visuals,-0.30807269340472376,0.07669173143384891,0.0,5.321529767044111,0.9968881901040684,-2.201335397955003,-0.9728638011718548,-0.11010789186696256,2.13530096944513,-0.005701598437555768,29.156524765125397,1.00862870836921,0.8221162850930807,-0.00840614308976824
1388,5.6760883,-0.2998650187851457,-0.9307607126832718,0.07126732139977465,-0.08559573612723215,3.6932403194993744,-0.3742383633305354,-0.8358552027201681,0,0.0036954,1,Shared Control,0.01,Good Visuals,-0.30403359160433924,0.07454796196109684,0.0,5.325508314526796,0.9969705081424712,-2.192811514090197,-0.9643399173070488,-0.11074884326286212,2.187630598708038,-0.005504361057567766,29.17788371490692,1.0084061430897682,0.7995689811422501,-0.008171165568691212
1389,5.6796755,-0.30253537254069707,-0.9180175099629204,0.07170299078983833,-0.08216230724275231,3.7462847060476427,-0.37722052388330185,-0.8268112442219443,0,0.0035872,1,Shared Control,0.01,Good Visuals,-0.2944901896259545,0.07253443890959,0.0,5.329708547262934,0.9970574030942531,-2.1836772839783345,-0.9552056871951863,-0.10210977399779125,2.2825303892904443,-0.0053128335647796635,29.20043101885775,1.0081711655686911,0.7784360828826548,-0.00795046429400278
1390,5.683774700000001,-0.30630528372500476,-0.8923705661155847,0.07091524015829709,-0.06555932189364044,3.8046807910981757,-0.38058859230129044,-0.816468098466969,0,0.0040992,1,Shared Control,0.01,Good Visuals,-0.3005113955994509,0.0706052806064339,0.0,5.333649535202392,0.9971388419915469,-2.1763230695253375,-0.9478514727421895,-0.11431259856698639,2.1615420312720226,-0.005200936205080422,29.221563917117344,1.0079504642940027,0.7581527498281945,-0.007739010198027224
1391,5.687112300000001,-0.3097610356439536,-0.9000612485250581,0.07082755665733687,-0.0835931500580891,3.6998345943572244,-0.38329957294153555,-0.8080398919769551,0,0.0033376,1,Shared Control,0.01,Good Visuals,-0.3131281727386929,0.06816905698121292,0.0,5.337428775852649,0.997217006526804,-2.1689243138353085,-0.9404527170521603,-0.13718542969627145,2.0490627257198466,-0.005006990430649215,29.241847250171805,1.0077390101980273,0.7323419930382374,-0.00747197692065304
1392,5.6914452,-0.3141592653589793,-0.9236639359837673,0.06914030758255624,-0.11562404400681214,3.5609528583095598,-0.3867770083399095,-0.7970890282269614,0,0.004332900000000001,1,Shared Control,0.01,Good Visuals,-0.295007532807998,0.06548287318996453,0.0,5.342219563745719,0.9973164782186351,-2.157739125694367,-0.929267528911219,-0.10981802701637736,2.240263607783461,-0.004828247745614083,29.267658006961764,1.007471976920653,0.7039357791726301,-0.007177545632005879
1393,5.695621900000001,-0.3168296191145306,-0.9202960381635039,0.06994738922537891,-0.12320700993654254,3.516250975350979,-0.39008414739010855,-0.786522660510971,0,0.0041767,1,Shared Control,0.01,Good Visuals,-0.25440117320904665,0.06462713123273571,0.0,5.3474971034503085,0.9974259446723868,-2.1485966856871825,-0.9201250889040344,-0.052677982229146096,2.6752618971102637,-0.004527505993743673,29.29606422082737,1.0071775456320058,0.6953634602340876,-0.0070837481755409845
1394,5.699152400000001,-0.3202853710334794,-0.9009467402361765,0.06979877635662912,-0.11442407972520552,3.4810871163609467,-0.3928451869868233,-0.777582907261699,0,0.0035305000000000002,1,Shared Control,0.01,Good Visuals,-0.2512640458920161,0.06381604498731848,0.0,5.349134334315704,0.997458955237196,-2.1391769699988807,-0.9107053732157326,-0.047490902393000224,2.6474004913582387,-0.004520499102855806,29.304636539765912,1.007083748175541,0.6867936822416253,-0.006994845409758456
1395,5.7027920000000005,-0.3229557247890307,-0.8858702247896922,0.06988946219779263,-0.10828731752799325,3.416301958993173,-0.3956584941969529,-0.7683587686707334,0,0.0036396,1,Shared Control,0.01,Good Visuals,-0.25933711117077246,0.06284203395241102,0.0,5.350727223410877,0.9974919782227287,-2.130429411827094,-0.9019578150439459,-0.058882342815815045,2.538172635732003,-0.004454281852034426,29.313206317758375,1.0069948454097584,0.6764502849186286,-0.006888084537662254
1396,5.707472900000001,-0.3290818304635308,-0.8635190106122796,0.06657666373342214,-0.09516024194154626,3.315019872236962,-0.39922731563880026,-0.7564829399853441,0,0.0046809,1,Shared Control,0.01,Good Visuals,-0.2668967343815714,0.06060422630406693,0.0,5.355008264210998,0.9975809812595787,-2.113536388365183,-0.885064791582035,-0.06752148700854016,2.406998570053829,-0.004268538927332233,29.33630255648368,1.0067565720003775,0.6527451376546983,-0.006642799538254149
1397,5.712943000000001,-0.3322234231171206,-0.8597443361431583,0.06700389252167965,-0.10326139615781416,3.2591630525564157,-0.4033273534522388,-0.7425859081856111,0,0.0054701,1,Shared Control,0.01,Good Visuals,-0.26172014843617547,0.059591204700301145,0.0,5.357045424106272,0.997623182037835,-2.1046566374104474,-0.8761850406272993,-0.06157281641019575,2.4818331855936853,-0.004034827195470081,29.347254862345302,1.006642799538254,0.6420166925910902,-0.006531762736827559
1398,5.716734000000001,-0.3348937768726719,-0.8528906645275497,0.06843357657956689,-0.11030475634193859,3.223873040061529,-0.4061242201307112,-0.7329420921382364,0,0.003791,1,Shared Control,0.01,Good Visuals,-0.25605612510716014,0.05874393630954549,0.0,5.359037258212301,0.9976645212536938,-2.0960145402126353,-0.8675429434294871,-0.05324340609171818,2.5091740310702555,-0.003992842674976389,29.357983307408908,1.0065317627368275,0.6330727368069494,-0.006438894063830222
1399,5.7201906000000005,-0.3381924491589412,-0.8459387154239352,0.06793177097177,-0.11299662328569882,3.1841639859009376,-0.4086424968981139,-0.7241395003895208,0,0.0034566,1,Shared Control,0.01,Good Visuals,-0.2568009657394774,0.057839734107253904,0.0,5.360700510609918,0.9976989825562733,-2.087272911472951,-0.8588013146898028,-0.05363274276024094,2.4426827450427124,-0.004020057664024482,29.366927263193052,1.0064388940638302,0.6234684191661938,-0.006339784903658205
1400,5.724573900000001,-0.34227651960860794,-0.8470174322584627,0.06636597728950594,-0.12287793186894191,3.105389269707392,-0.41179212916242136,-0.7129634151994958,0,0.0043833000000000006,1,Shared Control,0.01,Good Visuals,-0.2515420342791315,0.056737745809956705,0.0,5.362481014305648,0.9977359902170939,-2.0749231996672695,-0.8464516028841212,-0.04753831837117779,2.4900620626021426,-0.003929155570442046,29.376531580833806,1.0063397849036582,0.6117293412003807,-0.006218996506563264
1401,5.728629700000001,-0.3444756344661208,-0.835148845809522,0.06731649469630058,-0.12218543061002618,3.0714221623690143,-0.4146627715758143,-0.7026082117543637,0,0.0040558,1,Shared Control,0.01,Good Visuals,-0.23342522063383842,0.056366715818168815,0.0,5.364654126264886,0.9977812241068532,-2.0657117129979277,-0.8372401162147793,-0.023579383243836377,2.667521912817662,-0.0037654559498813476,29.38827065879962,1.0062189965065633,0.6079530758480053,-0.0061783280910345986
1402,5.7322098000000015,-0.3476172271197106,-0.8056457137936788,0.06704554445610372,-0.10303750203931505,3.0856583815021925,-0.41716179919974206,-0.6934557165155071,0,0.0035801,1,Shared Control,0.01,Good Visuals,-0.239261765297466,0.05585628753748208,0.0,5.365369549512712,0.9977957676076233,-2.0566449883471294,-0.8281733915639813,-0.030887686494090495,2.536004881069054,-0.0037944097264216428,29.392046924151995,1.0061783280910346,0.6024991734623354,-0.006122380297389881
1403,5.7357057000000005,-0.35013050124258244,-0.7870670024861524,0.06703129795715962,-0.09361128597064527,3.0503046928362862,-0.4195704129179077,-0.6845072850977113,0,0.0034959,1,Shared Control,0.01,Good Visuals,-0.2569791617117759,0.05493455024980704,0.0,5.3663776387511195,0.9978167832147559,-2.048668997788735,-0.8201974010055867,-0.05818043981779862,2.327601061777993,-0.003744915209247167,29.397500826537666,1.00612238029739,0.5926168889219771,-0.006021349125104319
1404,5.740825600000001,-0.35609952728440303,-0.7812062466722791,0.06347088563350467,-0.09669896157456781,2.946678779541019,-0.4230414299426656,-0.6713809773692586,0,0.0051199,1,Shared Control,0.01,Good Visuals,-0.25896268981553355,0.052625049725295275,0.0,5.3706376122249075,0.9979056481113127,-2.0317178349443794,-0.8032462381612311,-0.06150866359943101,2.279982457550239,-0.0035602709152904046,29.42056313390867,1.00588611529843,0.5680295386583435,-0.005768205904681836
1405,5.7466106,-0.35861280140727486,-0.7758819061526864,0.06442862853539072,-0.10450092878342776,2.914952153740226,-0.42688239396288225,-0.6565178378034722,0,0.005785,1,Shared Control,0.01,Good Visuals,-0.2445127766899642,0.05196744639173092,0.0,5.37275418653094,0.9979495978957287,-2.0233036450161794,-0.7948320482330312,-0.043629758068873585,2.447550738320971,-0.0033401585125717127,29.431970461341656,1.0057682059046817,0.5611172458134663,-0.00569612632563336
1406,5.7501634,-0.3614402347955057,-0.76646179955203,0.06544215916737656,-0.1099439617485578,2.887395564858906,-0.42919862829154554,-0.6473721923970784,0,0.0035528,1,Shared Control,0.01,Good Visuals,-0.24195274200847086,0.05132726957554652,0.0,5.374042447597689,0.9979762265783929,-2.0146474436458695,-0.786175846862721,-0.04047680717489031,2.4317221592578506,-0.0033481912995056624,29.438882754186533,1.0056961263256334,0.5543043394386337,-0.005625956858612785
1407,5.753753300000001,-0.363796429285698,-0.7584209284977159,0.06540219900584754,-0.11104873610063748,2.85027670041512,-0.4315060210739267,-0.6381167636969817,0,0.0035899,1,Shared Control,0.01,Good Visuals,-0.24204717334646453,0.050683663994523204,0.0,5.375304296061047,0.9980024753008756,-2.006401858623274,-0.7779302618401256,-0.04149238082180511,2.3959276543935415,-0.0033589673451897596,29.445695660561366,1.0056259568586128,0.5474490674156601,-0.005555411566358925
1408,5.7579604,-0.3672521812046468,-0.7474713209770152,0.0642538398692799,-0.10935455728003352,2.8339902711003377,-0.4341677928413187,-0.6272510217131355,0,0.0042071,1,Shared Control,0.01,Good Visuals,-0.24080988014991295,0.049855886800403024,0.0,5.376573448615887,0.9980288871147546,-1.9955440081118583,-0.7670724113287098,-0.0402649196002862,2.3784474625782086,-0.0033148230789153163,29.45255093258434,1.005555411566359,0.5385932839051469,-0.005464679313870621
1409,5.7616072,-0.36945129606215965,-0.732983456878523,0.06471649677915903,-0.10573243516538744,2.839909831712017,-0.43643805127135427,-0.6178150224759612,0,0.0036468000000000004,1,Shared Control,0.01,Good Visuals,-0.23642786470877294,0.0492859660298936,0.0,5.3782093601861805,0.9980630073294627,-1.9873055228619758,-0.7588339260788274,-0.037673825285984786,2.4106760058178445,-0.0032034321670140415,29.461406716094853,1.0054646793138706,0.5325695941030836,-0.005402210577578424
1410,5.7651521,-0.3722787294503905,-0.7200825438292978,0.06415932182096379,-0.10226752135333661,2.8451425630865943,-0.43861186249099315,-0.608626593216543,0,0.0035449,1,Shared Control,0.01,Good Visuals,-0.24260123652817955,0.048507556281550686,0.0,5.379328913692598,0.9980862128425735,-1.97901108397044,-0.7505394871872916,-0.04846229212821723,2.3039468046820235,-0.0031896150618313506,29.467430405896916,1.0054022105775784,0.5242291830922411,-0.005316889466622869
1411,5.7687297000000015,-0.3744778443079033,-0.7131030574389741,0.06413401818308984,-0.10447646422243106,2.835723305363823,-0.4407726723172175,-0.5993366932930478,0,0.0035776000000000002,1,Shared Control,0.01,Good Visuals,-0.24315778110290504,0.04770536990399861,0.0,5.380868448373508,0.9981183468785676,-1.9711587558092563,-0.7426871590261079,-0.05286872753930023,2.2908446366903954,-0.003112211914216524,29.475770816907758,1.005316889466623,0.5156684417865038,-0.0052289622109945085
1412,5.7724501,-0.3771481980634546,-0.706720449446328,0.06362447425376289,-0.10738375615328011,2.8350102187055057,-0.44298444526018893,-0.589657494130579,0,0.0037204000000000004,1,Shared Control,0.01,Good Visuals,-0.24091494288172322,0.0468684247997748,0.0,5.38245184333864,0.9981513280019,-1.9628123568447993,-0.7343407600616509,-0.05187068536944157,2.2878755967372086,-0.0030595370608540733,29.484331558213498,1.0052289622109944,0.5067307281590648,-0.005137225068373666
1413,5.776057400000001,-0.37997563145168545,-0.7043251215513996,0.06300881380850348,-0.1146676274208206,2.8181707813931878,-0.4450945614991473,-0.5802538546922378,0,0.0036073000000000003,1,Shared Control,0.01,Good Visuals,-0.23537187598887435,0.04605228023160466,0.0,5.384104408964371,0.9981857610367854,-1.9536985943724363,-0.7252269975892881,-0.04771318687651052,2.3365626130913597,-0.002981978886987694,29.493269271840933,1.0051372250683737,0.498021382590221,-0.005047767862313675
1414,5.779684700000001,-0.38186058704383935,-0.6976065013630852,0.06323397445530793,-0.11735264667084744,2.8202337205215526,-0.44718213787015054,-0.5707788318030855,0,0.0036273000000000004,1,Shared Control,0.01,Good Visuals,-0.22488409447348467,0.04551280421238101,0.0,5.385715335372398,0.9982193134469014,-1.9453564235304452,-0.7168848267472971,-0.03633909768822079,2.4367375031374237,-0.0029016995505702038,29.50197861740978,1.0050477678623138,0.4923094305521183,-0.004988636160286526
1415,5.783410100000001,-0.3845309407993907,-0.67988672145996,0.06265119707075983,-0.10910788965687446,2.8588744224631566,-0.44929035876082346,-0.5610267307547953,0,0.0037254000000000002,1,Shared Control,0.01,Good Visuals,-0.22348099738424726,0.0449367539758193,0.0,5.38677603059704,0.9982413167004632,-1.936700367999684,-0.7082287712165359,-0.03684262677684002,2.407737067330878,-0.002877955498955132,29.50769056944788,1.0049886361602864,0.48614777027744266,-0.004925495576224874
1416,5.7867204,-0.3867300556569035,-0.6700132338022862,0.06256030310391997,-0.10898650304749091,2.8575032883111695,-0.45113315738289705,-0.5523429232849626,0,0.0033103000000000004,1,Shared Control,0.01,Good Visuals,-0.22864069281318472,0.044209477576747716,0.0,5.387914388985895,0.9982650541045514,-1.928732911127722,-0.7002613143445741,-0.049444826284436305,2.338554996173131,-0.0028153414290593057,29.513852229722556,1.0049254955762248,0.4783482386382256,-0.004845779166618442
1417,5.7909922,-0.38908625014709586,-0.6617156351484959,0.062046907235801196,-0.10937271186353326,2.863357920970063,-0.45346867517548206,-0.5411104301608525,0,0.0042718,1,Shared Control,0.01,Good Visuals,-0.22835889411461943,0.043306626380772796,0.0,5.389353463925758,0.9982951015074504,-1.9193753811336653,-0.6909037843505175,-0.05188485164630625,2.3183435309705906,-0.0027657583172672902,29.521651761361774,1.0048457791666185,0.46866489768079683,-0.004746818089586559
1418,5.794206000000001,-0.3919136835353267,-0.6556431700732246,0.061554991640155376,-0.11453273991237212,2.857772355487856,-0.45519408887104423,-0.5326396150053592,0,0.0032138,1,Shared Control,0.01,Good Visuals,-0.22531324340439884,0.04252527108091895,0.0,5.391140039675281,0.9983324055161589,-1.911122396540791,-0.6826507997576431,-0.05136007651141962,2.3194920302617503,-0.0026870422297433105,29.531335102319204,1.0047468180895867,0.46032778192528057,-0.00466117411817374
1419,5.797731300000001,-0.39379863912748053,-0.659880221520988,0.0613954497435637,-0.12724060651562885,2.811832444635473,-0.4570553949784007,-0.523327053771576,0,0.0035253000000000003,1,Shared Control,0.01,Good Visuals,-0.21760108573162346,0.041875902167616344,0.0,5.392682233399034,0.9983645213652715,-1.9028674531393834,-0.6743958563562356,-0.0446765070114235,2.4064785591369784,-0.0026176427058813073,29.53967221807472,1.0046611741181737,0.4534004584360733,-0.004589997109893812
1420,5.8011909,-0.39615483361767284,-0.6559480229686525,0.060900561360727856,-0.13262096919707655,2.808453390609077,-0.45885005735040535,-0.514166343225932,0,0.0034596,1,Shared Control,0.01,Good Visuals,-0.20412893004630878,0.04147504434681843,0.0,5.393963787590196,0.9983912060155412,-1.8938936294119755,-0.6654220326288276,-0.026714984421117836,2.519958363260777,-0.0025709898469982793,29.54659954156393,1.0045899971098937,0.44914995389444273,-0.004546059280648342
1421,5.8048249,-0.39803978920982674,-0.6404925719062385,0.060810268140578605,-0.12632622868030652,2.8344204295496573,-0.4607010178871973,-0.5045199623615106,0,0.003634,1,Shared Control,0.01,Good Visuals,-0.19613367670078946,0.04119730874098531,0.0,5.39475252864984,0.9984075783628842,-1.8849702129826067,-0.6564986161994588,-0.019271056319065148,2.584474883241744,-0.0025258534831823247,29.55085004610556,1.0045460592806483,0.4461957892554974,-0.004515616817033207
1422,5.8088950000000015,-0.40023890406733964,-0.6169036787380249,0.060462113819857666,-0.11238371637651423,2.8792798679668192,-0.462732427825706,-0.4936859922948499,0,0.0040701,1,Shared Control,0.01,Good Visuals,-0.20196312942430325,0.04067629458375622,0.0,5.395299856621282,0.9984189575931238,-1.8751255048909459,-0.646653908107798,-0.031402750268747885,2.477092341207456,-0.0025052193912095196,29.553804210744502,1.0045156168170333,0.4405761736123145,-0.004458508710649659
1423,5.8121486,-0.40259509855753195,-0.5964051026403446,0.060137329268174056,-0.10271911034549475,2.910742796436034,-0.46432456310424713,-0.48500194482377185,0,0.0032536,1,Shared Control,0.01,Good Visuals,-0.21406528041319117,0.03987340877759788,0.0,5.396333764936896,0.998440606078886,-1.866852526831644,-0.6383809300484963,-0.0536336911928462,2.3015017134873825,-0.0024593747528931283,29.559423826387686,1.0044585087106497,0.43193033294691074,-0.004370504790994611
1424,5.8157297,-0.4044800541496858,-0.5899296103298909,0.05984450895456134,-0.10492766550611904,2.9019863804335637,-0.4660442526114383,-0.47541895317719846,0,0.0035811000000000003,1,Shared Control,0.01,Good Visuals,-0.2220544855482021,0.038879625378704936,0.0,5.3979257375481104,0.9984739115332327,-1.8593237431768834,-0.6308521463937358,-0.06995658069815554,2.1998549715873423,-0.0023978803127029055,29.568069667053088,1.0043705047909945,0.42125028626546857,-0.004261576679773963
1425,5.819156700000001,-0.4068362486398782,-0.5912456358737846,0.059208003971560064,-0.11582668269658619,2.8844993583672953,-0.46765776370629686,-0.46622330453781413,0,0.0034270000000000004,1,Shared Control,0.01,Good Visuals,-0.21838216685428702,0.037886296673637625,0.0,5.399894256573382,0.9985150515980282,-1.8514191676285,-0.6229475708453522,-0.06757709581505193,2.220324021343079,-0.002326732089125898,29.57874971373453,1.004261576679774,0.41059936309726497,-0.004152698407320662
1426,5.824176100000001,-0.4107632394568654,-0.578639986987225,0.05689452424943148,-0.11241668244941083,2.8955510704213054,-0.46996403164722256,-0.4527092177847622,0,0.0050194,1,Shared Control,0.01,Good Visuals,-0.1983187594470313,0.03649568670232411,0.0,5.403340628466573,0.9985869291280125,-1.8347318183121177,-0.6062602215289701,-0.04618989816080403,2.3966754361291893,-0.0022003541863123044,29.597410418105238,1.0040704948213974,0.3957291885927844,-0.00400027433001315
1427,5.8295701000000015,-0.4124911154163398,-0.5753417469254004,0.05747291623088274,-0.12263252914063821,2.862830053976876,-0.4723666387321939,-0.43812409479246806,0,0.005394,1,Shared Control,0.01,Good Visuals,-0.19523176625685953,0.0358716361834215,0.0,5.404607395077613,0.998613353418959,-1.8264081666786771,-0.5979365698955293,-0.046326074557196166,2.422412512278662,-0.002076404732085033,29.604270811407215,1.0040002743300132,0.3890309946633828,-0.003931872458532855
1428,5.8331342,-0.4145331506411732,-0.5719713835776075,0.057833488091020735,-0.1338472887851394,2.83661984970774,-0.47391092630098464,-0.42845021134890665,0,0.0035641,1,Shared Control,0.01,Good Visuals,-0.18822390418232204,0.035333741782381745,0.0,5.405842779294384,0.998639152984765,-1.8176249363100878,-0.58915333952694,-0.03827228946374315,2.4689333432436618,-0.002061647541434486,29.610969005336617,1.0039318724585329,0.3832657790678254,-0.0038729141168995654
1429,5.836712500000001,-0.41610394696796804,-0.558363201175315,0.057806979333016595,-0.12991298982640836,2.848477683508119,-0.475426627705877,-0.4187075173105825,0,0.0035783000000000004,1,Shared Control,0.01,Good Visuals,-0.17903216786291354,0.034946672871736154,0.0,5.406906853252032,0.9986613584565709,-1.8088353739143055,-0.5803637771311576,-0.02833967401187264,2.5510266712472505,-0.002043473534582576,29.616734220932173,1.0038729141168996,0.3791280800418983,-0.0038304876833368533
1430,5.841001500000001,-0.41877430072351945,-0.5415773091980655,0.05665232698235756,-0.12286979188748298,2.8684535360158456,-0.47719734960185467,-0.406988780624217,0,0.004289,1,Shared Control,0.01,Good Visuals,-0.182860004651643,0.03426756720502472,0.0,5.407671556427736,0.9986772948869764,-1.7975319381060677,-0.5690603413229198,-0.03732217242932536,2.463910499659472,-0.0020201615964541434,29.620871919958102,1.0038304876833368,0.371789763127327,-0.003756051244092124
1431,5.844646500000001,-0.4203450970503143,-0.5285962611047337,0.05685225255154036,-0.12160748048051667,2.890778205567607,-0.4786626176535637,-0.3969935831342367,0,0.0036450000000000002,1,Shared Control,0.01,Good Visuals,-0.18372285118914256,0.033669197962082176,0.0,5.409020455951095,0.9987055601756941,-1.789191924034208,-0.5607203272510602,-0.044656549730719,2.4239294538493863,-0.0019413374221889728,29.628210236872672,1.0037560512440922,0.36536837591614874,-0.003690464284681383
1432,5.8482191000000014,-0.42223005264246816,-0.5171702127110989,0.05643256501109556,-0.12017662957686215,2.9239391235981502,-0.4800633681242089,-0.3871639778151528,0,0.0035726000000000004,1,Shared Control,0.01,Good Visuals,-0.1861292610500324,0.03293640396899967,0.0,5.410204904088341,0.9987302921898685,-1.780775907323562,-0.5523043105404142,-0.05263615686797481,2.3631866763951437,-0.001914169745748104,29.634631624083852,1.0036904642846813,0.3574701952586426,-0.0036101430943000245
1433,5.851896,-0.4236437693365836,-0.5020623493186316,0.056419598787625314,-0.11489837150347876,2.9737474709206193,-0.481468279447893,-0.3770125719326748,0,0.0036769000000000003,1,Shared Control,0.01,Good Visuals,-0.18536607883600736,0.03214805247964688,0.0,5.411658586610909,0.9987607124062287,-1.772460070353938,-0.54398847357079,-0.057393341082024506,2.3501022946514474,-0.0018586857582122795,29.642529804741358,1.0036101430943,0.34898206576683255,-0.0035237322739856127
1434,5.8554932000000015,-0.4256858045614169,-0.48819943486293416,0.055782474886476086,-0.11118686293025937,3.0141916879560284,-0.4828065541346268,-0.3670462585627245,0,0.0035972,1,Shared Control,0.01,Good Visuals,-0.19065205927128237,0.0311592876887196,0.0,5.413221671562192,0.998793403988849,-1.7643554709971,-0.5358838742139522,-0.0706368282535987,2.2497777472900893,-0.0018137802227052,29.651017934233167,1.0035237322739856,0.3383151639833043,-0.0034153542499240643
1435,5.859192200000001,-0.4275707601535708,-0.48723786557154447,0.05523579398105599,-0.12019160700881998,3.0055332920129314,-0.4841452474222204,-0.3567610706440518,0,0.003699,1,Shared Control,0.01,Good Visuals,-0.19101509505486858,0.030008203801265478,0.0,5.415184048644927,0.9988344865343699,-1.755755062583549,-0.5272834658004012,-0.07784032653094283,2.2363700791926227,-0.0017381421829764845,29.661684836016697,1.003415354249924,0.32590038540157606,-0.0032891845092576626
1436,5.8628123,-0.42882739721500673,-0.48440512032824795,0.05531785020721369,-0.12764404968419613,3.014273364439534,-0.4854184828750371,-0.34665835000812745,0,0.0036201000000000002,1,Shared Control,0.01,Good Visuals,-0.17918089336144227,0.02915478990326421,0.0,5.417468285995982,0.9988822994431399,-1.7476708612614986,-0.519199264478351,-0.06535565053394624,2.3525889247301652,-0.0016575269629082413,29.674099614598425,1.0032891845092577,0.31674030114592294,-0.0031956422302235345
1437,5.866200600000001,-0.4307123528071606,-0.4706243621081368,0.0547061300678765,-0.12396601210000935,3.0548113918926187,-0.4865769978985188,-0.3371687731963843,0,0.0033883000000000003,1,Shared Control,0.01,Good Visuals,-0.17227027285054053,0.028347680856685115,0.0,5.419157765432416,0.9989175757300932,-1.739139522197187,-0.5106679254140394,-0.05964181254759566,2.394829065885797,-0.0016127803006915557,29.683259698854076,1.0031956422302235,0.30804470070296247,-0.0031071754032561127
1438,5.8697158,-0.4318119102359171,-0.45558715689399704,0.05476508766260174,-0.11841838369761276,3.0853928349499364,-0.48774485883502333,-0.327288644320929,0,0.0035152,1,Shared Control,0.01,Good Visuals,-0.17271274358937128,0.02748182117159002,0.0,5.42075856607106,0.9989510632379097,-1.7309889387751178,-0.5025173419919701,-0.0670036731585409,2.3717687827933394,-0.0015507919160684686,29.69195529929704,1.0031071754032561,0.29869988554916654,-0.0030122689475992966
1439,5.8742705000000015,-0.4341681047261094,-0.44008857499047116,0.05357675410891394,-0.11279993066954214,3.132942224702574,-0.48920630598706794,-0.31443250360284625,0,0.0045547,1,Shared Control,0.01,Good Visuals,-0.17866401756677164,0.026102660769401643,0.0,5.42247738646893,0.9989870504714526,-1.7206743083269973,-0.4922027115438494,-0.08005862901709103,2.256931960990904,-0.0015050443455900718,29.701300114450834,1.0030122689475993,0.2837635243967427,-0.0028610998519512498
1440,5.877662900000001,-0.4352676621548658,-0.42788302911562637,0.05393864383220215,-0.11345052551278012,3.1946634699273075,-0.490256686009803,-0.30481647735767126,0,0.0033924000000000003,1,Shared Control,0.01,Good Visuals,-0.17797351511406895,0.025006252626538213,0.0,5.42521991494582,0.9990445702126214,-1.7130435672577973,-0.4845719704746493,-0.08726607843511952,2.242818407900577,-0.0013984958376306261,29.716236475603257,1.0028610998519512,0.2719541521657449,-0.002740923092848518
1441,5.8811833,-0.4371526177470197,-0.42103576601778314,0.0531040682627833,-0.11621928866011189,3.2531627491434225,-0.49131214267952517,-0.2948002821286092,0,0.0035204000000000004,1,Shared Control,0.01,Good Visuals,-0.17939899432278322,0.02371300655065801,0.0,5.427394242614496,0.9990900452354109,-1.7051196412045546,-0.4766480444214066,-0.09649780500283266,2.197732922824198,-0.0013488033540009143,29.728045847834256,1.0027409230928486,0.2579619771359138,-0.0025991710243936897
1442,5.884746,-0.43840925480845566,-0.42179756668335777,0.052902887871069504,-0.12699728455474857,3.2859399501287387,-0.49234431263675194,-0.2846243699013639,0,0.0035627000000000002,1,Shared Control,0.01,Good Visuals,-0.17223341888688437,0.02253243301135366,0.0,5.429964681903595,0.9991439251106046,-1.6973623349845763,-0.4688907382014283,-0.09466669769175769,2.2751367374408566,-0.0012592571185819706,29.742038022864087,1.0025991710243938,0.2452083414354292,-0.0024697689374432
1443,5.888217300000001,-0.4399800511352505,-0.4221373656794526,0.05236426150150142,-0.13751299577808868,3.3214837398227544,-0.493315064456513,-0.27467081116999775,0,0.0034713,1,Shared Control,0.01,Good Visuals,-0.1604900527757581,0.021410393646271845,0.0,5.432309395043972,0.9991930337416478,-1.6885952526966719,-0.46012365591352383,-0.08405063582158645,2.38683463230091,-0.0011920307770620275,29.75479165856457,1.002469768937443,0.23307417006855294,-0.002346782752637005
1444,5.8921817,-0.4413937678293659,-0.4153135403265906,0.05192129662714712,-0.14064272915659287,3.3697832011667237,-0.49438135955216245,-0.26325585336268764,0,0.0039644,1,Shared Control,0.01,Good Visuals,-0.1471671711640852,0.02039874567546146,0.0,5.434539041134766,0.9992397558392011,-1.6787473589770596,-0.4502757621939115,-0.07209236766804467,2.5178701471702567,-0.0011211394517434633,29.76692582993145,1.002346782752637,0.2221316683520807,-0.0022358965144453295
1445,5.8957175,-0.4426504048908018,-0.40282063853759964,0.05173095466136063,-0.139564785174912,3.416420037131488,-0.4952941162886037,-0.2530315979630132,0,0.0035358000000000004,1,Shared Control,0.01,Good Visuals,-0.1417309686082503,0.01952821291775598,0.0,5.436549526066999,0.9992818882686075,-1.6700737285002838,-0.4416021317171358,-0.0715735940548896,2.534889229557157,-0.001059129325037369,29.77786833164792,1.0022358965144453,0.2127135444656846,-0.002140477845590332
1446,5.8991574,-0.4440641215849172,-0.3897086663157827,0.0512299947036865,-0.1366770683527695,3.4509642237129325,-0.4961473542271167,-0.24304479455150654,0,0.0034399,1,Shared Control,0.01,Good Visuals,-0.14185778042060979,0.01853474139072168,0.0,5.438279754264125,0.999318150407571,-1.6611777539041024,-0.43270615712095445,-0.07882763449212436,2.500625325701009,-0.0010102130970658315,29.787286455534314,1.0021404778455902,0.20193775434978695,-0.002031583918491238
1447,5.9028376,-0.44500659938099413,-0.37603629063100785,0.05114075484612257,-0.1329914960795013,3.4857596243101794,-0.4970220800970417,-0.2323162084754597,0,0.0036802000000000002,1,Shared Control,0.01,Good Visuals,-0.1421147845716675,0.017499992936658344,0.0,5.440256863194372,0.9993596392039276,-1.652709544747061,-0.424237947963913,-0.08578340499133495,2.4650566637677818,-0.0009495347032808706,29.798062245650215,1.0020315839184912,0.19071516311180026,-0.001918165647653584
1448,5.907438300000001,-0.447519873503866,-0.343396374115597,0.04950220659317567,-0.11108016564013728,3.5781444765877533,-0.4980599230084551,-0.21883903341156277,0,0.0046007,1,Shared Control,0.01,Good Visuals,-0.1513639149122461,0.014982385431508344,0.0,5.445009457970368,0.9994594117444265,-1.636436914957743,-0.4079653181745948,-0.11287300913517367,2.2696066840923548,-0.000817103781626112,29.823977116685008,1.0017699451137296,0.16338293262825906,-0.0016422119230930692
1449,5.913006800000002,-0.44846235129994294,-0.33991428418075825,0.049597571708512145,-0.12107525076919548,3.5837816150524784,-0.499232887244354,-0.20242837412413317,0,0.0055685000000000005,1,Shared Control,0.01,Good Visuals,-0.15862926449930742,0.013658063267271097,0.0,5.4473286217562915,0.9995080730746935,-1.6299244976809382,-0.40145290089779,-0.12695087597144594,2.13172414952693,-0.0007416611388891114,29.83661706737174,1.001642211923093,0.14898646059934098,-0.0014970536198262792
1450,5.9162651,-0.4498760679940584,-0.3403152140797695,0.049356819250295614,-0.13788683995563633,3.5838859785229347,-0.49987674344787536,-0.19277522620064402,0,0.0032583,1,Shared Control,0.01,Good Visuals,-0.14928273394736497,0.012219441830454668,0.0,5.44996711440486,0.9995634950124269,-1.621992037827463,-0.39352044104431494,-0.11905074036773494,2.2406812760508013,-0.000677406772297874,29.851013539400657,1.0014970536198262,0.13334042702337,-0.0013393670293192176
1451,5.9196881,-0.4506614661574558,-0.3387435671332547,0.04921527729041958,-0.14596834093261069,3.5881201961168117,-0.5005191985654722,-0.18259322096860342,0,0.0034230000000000003,1,Shared Control,0.01,Good Visuals,-0.13129958449835494,0.011050276996891928,0.0,5.452833978561263,0.9996237249886255,-1.613506191051019,-0.3850345942678708,-0.10049379209629249,2.4671027958030463,-0.0006031127817652524,29.86665957297663,1.0013393670293191,0.12063276038404047,-0.001211215445012755
1452,5.924127200000001,-0.45301766064764815,-0.3151044343367081,0.04750153791782408,-0.13251121336810467,3.6394900821698877,-0.5013003264859767,-0.16932558708692147,0,0.0044391000000000005,1,Shared Control,0.01,Good Visuals,-0.12216666857748643,0.008821352809663502,0.0,5.457633025921387,0.9997245604240307,-1.5959884977193335,-0.3675169009361854,-0.0991546949521884,2.481929743535989,-0.00047685785485001013,29.89285522188887,1.001075452216695,0.09636522912004047,-0.0009669041574230496
1453,5.9299547000000015,-0.45458845697444306,-0.3063409872704012,0.04671186951153361,-0.13701540018347974,3.632168843641829,-0.5022360629131156,-0.1517985744059742,0,0.0058275,1,Shared Control,0.01,Good Visuals,-0.1148813591768442,0.006831336693763131,0.0,5.461744977745387,0.9998110121708693,-1.5814529625172116,-0.35298136573406347,-0.09566995712494784,2.497953044005157,-0.00036810550709532745,29.915315636052135,1.0008494775840828,0.07466870491792067,-0.0007487794664238312
1454,5.9360420000000005,-0.45537385513784046,-0.29136783974748925,0.046862207775275166,-0.13956926534151506,3.6635262265067023,-0.5031040416659942,-0.13335518737382368,0,0.0060873,1,Shared Control,0.01,Good Visuals,-0.11821915332681673,0.005831526636674056,0.0,5.463577968124575,0.9998495614570054,-1.574202416652593,-0.3457308198694449,-0.10273326232241861,2.386068339954105,-0.00031910450822841477,29.925331295082078,1.0007487794664238,0.06375600760824221,-0.0006391907761524488
1455,5.94087,-0.45757296999535335,-0.2748219653945564,0.045531071670640855,-0.1414667780207327,3.6538491051660587,-0.5037123641898829,-0.1186277810352348,0,0.004828000000000001,1,Shared Control,0.01,Good Visuals,-0.10937899096975912,0.003216041955568694,0.0,5.468215527489293,0.999947168664741,-1.555644396125522,-0.3271727993423741,-0.10711858322901745,2.495053902846744,-0.0002102526046137399,29.950692273021136,1.0004942177571983,0.0351823640428555,-0.00035250878231282793
1456,5.946582000000001,-0.45835836815875075,-0.27315260910947703,0.045353996031132104,-0.15452482807424223,3.631718623818187,-0.5043399342478424,-0.10108873238966162,0,0.005712,1,Shared Control,0.01,Good Visuals,-0.10762429406117291,0.0020808225838634216,0.0,5.47079783991238,1.0000015301312093,-1.547281318250149,-0.3188097214670012,-0.10575784019495303,2.4295029124053307,-0.00014642983677478616,29.964817635957143,1.0003525087823129,0.022771849216707322,-0.0002280779434412013
1457,5.950200800000001,-0.45914376632214826,-0.26396055305694305,0.04519616792569414,-0.16287182066728143,3.6342599480945257,-0.5046855459445441,-0.08991180715801461,0,0.0036188,1,Shared Control,0.01,Good Visuals,-0.09369296798087554,0.0010729870165246394,0.0,5.4730659773299095,1.0000492901944757,-1.538038712888507,-0.309567116105359,-0.09108502072873324,2.5849103259990533,-9.437361921003168e-05,29.977228150783294,1.0002280779434412,0.01174620876965309,-0.00011760958092528709
1458,5.9537469000000005,-0.45992916448554566,-0.2495161879087571,0.04475638145899841,-0.15960438075074249,3.6414728813954658,-0.504984889920005,-0.0789099781774786,0,0.0035461000000000004,1,Shared Control,0.01,Good Visuals,-0.0845658899763298,0.00017376853048949687,0.0,5.475080310922778,1.000091719337668,-1.5288954028617785,-0.30042380607863056,-0.08579530635487632,2.6832898097515496,-4.8494901380937156e-05,29.988253791230346,1.0001176095809252,0.0019028235153842462,-1.904668344922457e-05
1459,5.958006000000001,-0.4610287219143021,-0.23704768953505606,0.0439561680057029,-0.15813771135757745,3.6323567402740915,-0.5052927223299674,-0.0656309385292086,0,0.0042591,1,Shared Control,0.01,Good Visuals,-0.08550018047691049,-0.0012389680069162968,0.0,5.476878103296183,1.0001295977454339,-1.515817114528849,-0.2873455177457011,-0.09311448246348555,2.6283790210477616,-7.777250636157518e-06,29.998097176484617,1.0000190466834493,-0.013569818453806599,0.00013580267592167808
1460,5.962154100000001,-0.46181412007769956,-0.22797762538280197,0.043478602252267795,-0.16234668685359338,3.6117868621734552,-0.5055380233648324,-0.05262923582122006,0,0.0041481,1,Shared Control,0.01,Good Visuals,-0.08269913766235032,-0.0022652844766550065,0.0,5.479703292386105,1.0001891359204735,-1.506509205600714,-0.2780376088175662,-0.09489367350370027,2.578582410764032,5.446028586570361e-05,30.013569818453806,0.9998641973240783,-0.024821042096074972,0.00024829672109069335
1461,5.9657205000000015,-0.462285358975738,-0.2162718201966506,0.04325266438909442,-0.16364258437543053,3.6049494444980112,-0.5057057046597385,-0.04139626351638369,0,0.0035664000000000004,1,Shared Control,0.01,Good Visuals,-0.07595469835526503,-0.0031841883999932166,0.0,5.481756700074433,1.0002324285029354,-1.4975096200038436,-0.26903802322069553,-0.0907434757622148,2.6305347822023344,9.849140274871964e-05,30.024821042096075,0.9997517032789093,-0.03489975313615755,0.0003490173297001521
1462,5.969181800000001,-0.4630707571391355,-0.20116143040620896,0.04263494752060304,-0.15976516688982528,3.60841082592691,-0.5058300520566745,-0.030445879852802032,0,0.0034613,1,Shared Control,0.01,Good Visuals,-0.07349315711280718,-0.004161727361750935,0.0,5.48359565946601,1.0002712082329297,-1.4881376134462323,-0.2596660166630842,-0.0928841777541134,2.6211003908746275,0.00013772463221655413,30.03489975313616,0.9996509826702998,-0.045625140218923166,0.00045616489612909357
1463,5.9742189,-0.46417031456789193,-0.18240751089310375,0.0416597374887826,-0.15196163104030172,3.571356430389762,-0.5059431032359901,-0.014424578485024153,0,0.0050371,1,Shared Control,0.01,Good Visuals,-0.0702244620432027,-0.006295355770117672,0.0,5.487644259410224,1.0003566056244744,-1.4690706646925582,-0.24059906790941019,-0.09930119255807769,2.572394955316403,0.00021936017159747181,30.05709531233183,0.9994293044466325,-0.06905371440139019,0.0006900308601097834
1464,5.9799986,-0.46464155346593033,-0.16841134168691363,0.04130154977005979,-0.15398676320188948,3.569424152463405,-0.5059730499819586,0.004084256643460432,0,0.0057797000000000005,1,Shared Control,0.01,Good Visuals,-0.07668184032364525,-0.007232645244618968,0.0,5.489824634063951,1.0004026131477426,-1.4618769892823489,-0.23340539249920092,-0.10865211898098688,2.372897285330935,0.00026226286878159504,30.06905371440139,0.9993099691398902,-0.0793595969094749,0.0007927666999700122
1465,5.983186400000001,-0.4652698719966483,-0.15844877122764733,0.04070317798531026,-0.16253302787110777,3.541042679581356,-0.5059436778212163,0.014350436314109483,0,0.0031878,1,Shared Control,0.01,Good Visuals,-0.0727609672384053,-0.008338627124073923,0.0,5.49170271153787,1.000442261537568,-1.4532885054487477,-0.22481690866559978,-0.11073862107304042,2.424550104057011,0.00029871945753981655,30.079359596909473,0.99920723330003,-0.09151698967324563,0.0009139928316476937
1466,5.9867305,-0.46605527016004583,-0.16140946383675214,0.039888407661170466,-0.17575990015086163,3.4659550570313193,-0.5058725225225124,0.025812253128709467,0,0.0035441,1,Shared Control,0.01,Good Visuals,-0.06100743084758556,-0.009307749193819428,0.0,5.493918498238485,1.0004890313860344,-1.4444214315126884,-0.2159498347295405,-0.10171752424758881,2.5792873163241867,0.00033940862398431666,30.091516989673245,0.9990860071683523,-0.10218539675072277,0.0010202178266689624
1467,5.991037800000001,-0.4663694294254047,-0.16715900174572823,0.039503093097107644,-0.1929712548744377,3.38561980792057,-0.5057312206156086,0.03981069093139486,0,0.0043073,1,Shared Control,0.01,Good Visuals,-0.04336809838511274,-0.010156809877876491,0.0,5.495861497308006,1.0005300715231298,-1.4333296169247873,-0.2048580201416393,-0.07841006779453373,2.77011427983846,0.0003712712942510001,30.102185396750723,0.998979782173331,-0.11153767989970274,0.0011132829520565217
1468,5.994175500000001,-0.46684066832344323,-0.159310603722001,0.03889055229216537,-0.19912129465339587,3.3419983365165313,-0.5055902448081859,0.05005527965233378,0,0.0031377,1,Shared Control,0.01,Good Visuals,-0.02409030813661911,-0.01065239268449938,0.0,5.497564288887116,1.0005660475196494,-1.4227973862168375,-0.19432578943368956,-0.0520401713683339,2.9440197646260673,0.0004012254061753776,30.1115376798997,0.9988867170479435,-0.11701095375710752,0.0011676035405660445
1469,5.9977672,-0.4671548275888022,-0.14234277670755327,0.038435417219383705,-0.19239805635988705,3.3077335280289812,-0.5053893292899769,0.06183109450598395,0,0.0035917,1,Shared Control,0.01,Good Visuals,-0.014603816773315487,-0.01104212163983158,0.0,5.49855950079293,1.0005871012975398,-1.4124689559079167,-0.18399735912476864,-0.043565988876448455,3.0188613418644734,0.00041427743473320295,30.117010953757106,0.998832396459434,-0.12130959725290545,0.0012103215403229573
1470,6.001217200000001,-0.4673119072214817,-0.12116153157959998,0.03807742206849524,-0.18299262608558392,3.2845027297549794,-0.5051564291992542,0.07319147341730559,0,0.0034500000000000004,1,Shared Control,0.01,Good Visuals,-0.018855295251597848,-0.011539016137774005,0.0,5.499341632936867,1.0006036364637345,-1.4021032854457371,-0.1736316886625891,-0.053518879943636716,2.8924492737058194,0.00042440855221411214,30.121309597252907,0.998789678459677,-0.1267808348057541,0.0012647859026750506
1471,6.004958500000001,-0.4676260664868407,-0.09800718699706296,0.0375303627124135,-0.17119866041436854,3.27402899429639,-0.5048594682193449,0.08556543179729748,0,0.0037413000000000004,1,Shared Control,0.01,Good Visuals,-0.026331752236190387,-0.012151642955850219,0.0,5.50033797253061,1.0006246818797586,-1.3927428751538633,-0.16427127837071534,-0.06930003513557902,2.726994986707581,0.00043937598773319855,30.126780834805754,0.9987352140973249,-0.13352862393086767,0.001331935627907426
1472,6.0088135000000005,-0.4679402257521996,-0.08262431747798499,0.036919242467145286,-0.16818974927528246,3.241488702689826,-0.5045049432117825,0.09837451551894505,0,0.0038550000000000004,1,Shared Control,0.01,Good Visuals,-0.035165740397302775,-0.013046556838230227,0.0,5.501566574108106,1.0006506371067767,-1.382536496791316,-0.154064900008168,-0.08806528693033928,2.5599785202907848,0.0004560555676848032,30.133528623930868,0.9986680643720925,-0.14338278937148477,0.0014300266998868766
1473,6.0121926000000006,-0.46809730538487915,-0.0737485890025904,0.03640763782690337,-0.17212310452153545,3.2015832992430835,-0.5041534857557871,0.10965151545821,0,0.0033791000000000003,1,Shared Control,0.01,Good Visuals,-0.034874365567413246,-0.013880794727076168,0.0,5.503361028889608,1.000688539983066,-1.3735703793756824,-0.14509878259253442,-0.09296437863518116,2.5077944272183004,0.00048166899527201415,30.143382789371486,0.9985699733001131,-0.15258937303975945,0.0015214671059571715
1474,6.0157554000000015,-0.46841146465023814,-0.06761478654588168,0.03574202110554897,-0.17726630200409169,3.1612359402529306,-0.5037415650726103,0.12159120672346974,0,0.0035628,1,Shared Control,0.01,Good Visuals,-0.028177632338073327,-0.01462691888152677,0.0,5.5050356868697055,1.0007239507587786,-1.364817504812845,-0.13634590802969704,-0.08811198397981139,2.5552107904940504,0.0005053669471729792,30.15258937303976,0.9984785328940429,-0.16082947410753962,0.0016032494087919182
1475,6.0191683000000005,-0.46841146465023814,-0.06217538128800221,0.03533010042237211,-0.18376658801147194,3.119413798905279,-0.5033070011595399,0.13307616631262636,0,0.0034129000000000004,1,Shared Control,0.01,Good Visuals,-0.019414402464023872,-0.015320300967719027,0.0,5.506534003024842,1.0007556432604903,-1.3553948251505998,-0.12692322836745176,-0.07987726567916335,2.629829657338899,0.0005227956433726825,30.16082947410754,0.998396750591208,-0.16848880480889694,0.0016792506793779356
1476,6.024190500000001,-0.46872562391559713,-0.03691182715699368,0.034581377243942724,-0.16998799346962004,3.078125930427891,-0.5025960573176592,0.15006100888098015,0,0.0050222,1,Shared Control,0.01,Good Visuals,-0.009680247822743515,-0.01653700193234686,0.0,5.509144142376212,1.000810867358874,-1.3367705430658199,-0.10829894628267193,-0.07545859814071557,2.6442029341934266,0.0005557575479644121,30.175188375264753,0.9982543236612705,-0.18193598222319513,0.0018126126757092172
1477,6.029571800000001,-0.46872562391559713,-0.03418783048220632,0.03387043340206208,-0.18424883936318648,3.0171270294417396,-0.5017393192902726,0.16837104041157797,0,0.0053813,1,Shared Control,0.01,Good Visuals,-0.020425967874217993,-0.017263313214844492,0.0,5.510370768497926,1.0008368176638824,-1.3286017404488561,-0.10013014366570819,-0.0904271906218263,2.3900063246331804,0.0005718723023062965,30.181935982223195,0.9981873873242908,-0.1899564910298523,0.001892223299361058
1478,6.0331785,-0.46872562391559713,-0.030021787252520454,0.03301369537467547,-0.1983928276640984,2.9753184176177494,-0.5011098254561515,0.1807065747170168,0,0.0036067,1,Shared Control,0.01,Good Visuals,-0.002279339342107306,-0.017841120824741954,0.0,5.511829220819654,1.0008676626814617,-1.3191677432201463,-0.09069614643699837,-0.07018859269407302,2.6249296685336154,0.0005847159005423286,30.189956491029854,0.998107776700639,-0.19635611659569044,0.001955556508252614
1479,6.0367733,-0.46841146465023814,-0.013981114514122732,0.03269836080591332,-0.19468768923113952,2.976727163427636,-0.5004380471265832,0.19305182846972904,0,0.0035948000000000004,1,Shared Control,0.01,Good Visuals,0.016565636128484745,-0.018226893290547077,0.0,5.512991202686748,1.0008922733509906,-1.3094154276090457,-0.08094383082589782,-0.05098160032202071,2.862602915081763,0.0005890013280508096,30.19635611659569,0.9980444434917474,-0.20063718508716732,0.001997840839131853
1480,6.041060600000002,-0.46841146465023814,0.008853724278949787,0.0320265824763451,-0.18419810419077925,2.996299983046432,-0.49957869944191247,0.20784055191878642,0,0.0042873,1,Shared Control,0.01,Good Visuals,0.014573441445165453,-0.01876481266785714,0.0,5.513767758822008,1.0009087364111142,-1.298233410992974,-0.06976181420982615,-0.06056923558280955,2.7737991754698643,0.0005959895331851889,30.200637185087167,0.9980021591608681,-0.20657751998227125,0.002056801918401888
1481,6.0441386,-0.46841146465023814,0.022111472548712163,0.031167234791674325,-0.18572907937007427,2.9852379088241205,-0.4989225685747456,0.21850131539331813,0,0.003078,1,Shared Control,0.01,Good Visuals,0.007747967415087181,-0.019373238283472153,0.0,5.514847930505198,1.00093158024556,-1.2889527372710141,-0.06048114048786609,-0.0790742326107401,2.6127287300357698,0.000600972820560292,30.20657751998227,0.9979431980815981,-0.21330560374799276,0.0021234911518918332
1482,6.0478237,-0.46809730538487915,0.027785340768560048,0.030825263189866448,-0.1907159746247581,2.967361429139854,-0.49809378063796633,0.2313120941029927,0,0.0036851,1,Shared Control,0.01,Good Visuals,0.01398624139325974,-0.019940755743362733,0.0,5.51607051265737,1.0009574527543679,-1.2797856270307146,-0.05131403024756653,-0.0783863807437549,2.667804621471263,0.0006038102662560302,30.213305603747994,0.9978765088481082,-0.21959159577251608,0.002185696462485153
1483,6.051193600000001,-0.4679402257521996,0.03792630385309776,0.03015355488576671,-0.19338579024989494,2.977514497652749,-0.49729447938275056,0.2430718265027009,0,0.0033699000000000003,1,Shared Control,0.01,Good Visuals,0.020833679472896244,-0.020485981436231027,0.0,5.517211826876039,1.000981624566082,-1.2701380731219671,-0.04166647633881909,-0.07325836078597663,2.6964291648026615,0.0006146790439939972,30.219591595772517,0.9978143035375149,-0.22563132269486802,0.0022454583834221214
1484,6.0548248000000005,-0.4676260664868407,0.05014010841236634,0.02966841289590988,-0.19293171809033455,2.9886800106288898,-0.4963887593422249,0.25579070283537997,0,0.0036312000000000002,1,Shared Control,0.01,Good Visuals,0.0271834994904179,-0.020990072461688592,0.0,5.51830836835728,1.0010048489194519,-1.2607543479151717,-0.03228275113202357,-0.07220590734434001,2.7324341059913575,0.0006177251656261902,30.225631322694866,0.9977545416165778,-0.23121880189357677,0.002300711553627561
1485,6.058875500000001,-0.4673119072214817,0.06228392331548724,0.02907685212074318,-0.19350677951989273,2.998261777317942,-0.4953237961388965,0.2700361629392013,0,0.0040507,1,Shared Control,0.01,Good Visuals,0.02938019186346552,-0.02159764947340314,0.0,5.519322491026018,1.001026333795877,-1.2499907442469689,-0.02151914746382074,-0.07635337887516103,2.7060548240654745,0.0006227421365084447,30.231218801893576,0.9976992884463725,-0.2379423265209244,0.002367307772059944
1486,6.0623196,-0.4671548275888022,0.07026549071958657,0.028168968550094264,-0.19977067221961473,2.9935776535567293,-0.49437283840121665,0.28219519596450027,0,0.0034441000000000003,1,Shared Control,0.01,Good Visuals,0.03319034901384982,-0.02215261457202277,0.0,5.520543801690549,1.001052186607124,-1.2403203246695056,-0.01184872788635738,-0.07875906796193367,2.6903378988630857,0.00062799165989379,30.237942326520923,0.99763269222794,-0.24409821980126348,0.002428137224487262
1487,6.0657905,-0.46684066832344323,0.0720236555956361,0.02753217007777342,-0.21017154036886415,2.9697860120798776,-0.4933720393083913,0.294491824181751,0,0.0034709000000000003,1,Shared Control,0.01,Good Visuals,0.04444611068162779,-0.02261233483769395,0.0,5.521660679675092,1.0010758560787971,-1.230731770115663,-0.0022601733325147404,-0.07097663255918943,2.8049011419753223,0.0006240163031816694,30.244098219801263,0.9975718627755127,-0.2492039626110719,0.0024785269374621418
1488,6.069170100000001,-0.46652650905808424,0.07445822489363377,0.02684553025030706,-0.22003359928811725,2.952618927617208,-0.49235648464856935,0.3065058934114021,0,0.0033796000000000004,1,Shared Control,0.01,Good Visuals,0.058352991166911033,-0.022994369265889006,0.0,5.522586451167507,1.0010954872405358,-1.219994038339606,0.008477558443542236,-0.056654340848789106,2.9369360181770126,0.0006225666486069509,30.249203962611073,0.9975214730625379,-0.25344804330394627,0.0025204015438712495
1489,6.0741774,-0.46574111089468684,0.09259304933183624,0.02661537375388251,-0.21391284407956587,2.945503918187844,-0.49077700526259666,0.32437917868396815,0,0.0050073,1,Shared Control,0.01,Good Visuals,0.0792894974928828,-0.023530821702096808,0.0,5.523906591503599,1.0011234950248806,-1.197513767622535,0.030957829160613237,-0.039451439281614056,3.0770913124035113,0.0006119647594137439,30.256488512812464,0.9974496555154828,-0.2594104226374412,0.0025792018324461304
1490,6.0800062000000015,-0.4652698719966483,0.1025994524042384,0.025507133265948334,-0.22177972627972975,2.941933460295038,-0.4888253707021144,0.34529208103366826,0,0.0058288,1,Shared Control,0.01,Good Visuals,0.06712063295383183,-0.023832822702278655,0.0,5.5244365764126275,1.0011347291283588,-1.189230417324167,0.03924117945898118,-0.05629198458493225,2.7488386202853734,0.0006262816143372764,30.25941042263744,0.9974207981675539,-0.2627578314732926,0.0026123040140414366
1491,6.083314900000001,-0.46464155346593033,0.11751570975321135,0.02418381723618407,-0.2277763712804569,2.9661077446123802,-0.4876631906584213,0.3572133919433427,0,0.0033087000000000004,1,Shared Control,0.01,Good Visuals,0.08110620360285575,-0.02411871647638226,0.0,5.525044128852153,1.0011475991168024,-1.1786747983466592,0.04979679843648904,-0.0468361582761512,2.9410211410960585,0.0006079069847707406,30.262757831473294,0.9973876959859586,-0.2659322332421029,0.0026436406904817348
1492,6.086796400000001,-0.4644844738332509,0.12923307830692185,0.023178716825170365,-0.22798031363642082,2.974330582833075,-0.48639766097232606,0.36979564693166134,0,0.0034815000000000002,1,Shared Control,0.01,Good Visuals,0.09440996829830206,-0.024348730874313863,0.0,5.525619779434254,1.0011598037094094,-1.1680337951164979,0.060437801666650526,-0.04185858934745451,3.114774238258198,0.00058328263123617,30.265932233242104,0.9973563593095183,-0.26849079715127055,0.002668852455890731
1493,6.0911352,-0.4630707571391355,0.13480378550651767,0.023326903833190582,-0.23499186142514367,2.929611016674593,-0.4847590787275429,0.385530067947831,0,0.0043388,1,Shared Control,0.01,Good Visuals,0.11769183323329274,-0.024703037757802634,0.0,5.526603802739296,1.0011806684973552,-1.145724321882073,0.0827472749010752,-0.02153138846108914,3.2763742021214033,0.0005546871614919153,30.271359227572827,0.9973027982795106,-0.2724375647485055,0.0027076878597160504
1494,6.097118700000001,-0.462599518241097,0.1562920025234767,0.022159560486445906,-0.22923806542435432,2.9766189307301114,-0.4823871113014965,0.40732414897398606,0,0.0059835,1,Shared Control,0.01,Good Visuals,0.10634720009600454,-0.024904132138628025,0.0,5.526797893794273,1.0011848139896915,-1.1350475977717878,0.09342399901136031,-0.036179143716273274,2.9708732011478407,0.0005762453861639379,30.272437564748504,0.9972923121402839,-0.274659994303509,0.0027297297162260275
1495,6.1007560000000005,-0.462285358975738,0.1646407331915102,0.02010175232575845,-0.24268341578247585,2.961660213025736,-0.48088137369401024,0.4206248082425055,0,0.0036373000000000004,1,Shared Control,0.01,Good Visuals,0.1070312648229225,-0.025145709698569038,0.0,5.527201853100405,1.0011933584530828,-1.124957620648099,0.10351397613504928,-0.04793347270381294,2.9490784835707515,0.0005518646224883691,30.27465999430351,0.997270270283774,-0.27733851977066654,0.002756208914154853
1496,6.1042054000000014,-0.46149996081234057,0.15955220221096278,0.01938141288166967,-0.2610726060315427,2.9130997233522224,-0.4794086646159562,0.43327375076116986,0,0.0034494,1,Shared Control,0.01,Good Visuals,0.13185930958964864,-0.02527135142781402,0.0,5.527687924574063,1.0012036562123725,-1.1130000566358647,0.11547154014728347,-0.026165217751292366,3.307854715824555,0.000505472828416057,30.277338519770666,0.9972437910858452,-0.27874564704740207,0.002769980442510426
1497,6.108247500000001,-0.46071456264894317,0.16059864287253253,0.018694101967013044,-0.27267510788863736,2.9011707125873714,-0.4776273012305292,0.4481386992293651,0,0.0040421,1,Shared Control,0.01,Good Visuals,0.15424893364378897,-0.025265244903136294,0.0,5.5279420019620105,1.0012090657192791,-1.0955349087881172,0.13293668799503083,0.0009706341147754641,3.524752340615006,0.0004897944961002359,30.2787456470474,0.9972300195574896,-0.278691284379792,0.002769311109333792
1498,6.112727900000001,-0.45992916448554566,0.16913861355211543,0.01769813674498355,-0.27900008567724965,2.9088404918162913,-0.4755824529505623,0.4646674295763724,0,0.004480400000000001,1,Shared Control,0.01,Good Visuals,0.16966502853224583,-0.025196704227853885,0.0,5.5279309277317585,1.0012088564877935,-1.0832456306818878,0.14522596610126032,0.016363455373728464,3.5724645657643803,0.00047231106444078647,30.278691284379793,0.9972306888906662,-0.27793640725218016,0.0027617983995133046
1499,6.116223100000001,-0.45914376632214826,0.183381667132328,0.016438686628414023,-0.2812857624440444,2.9298828744294623,-0.47393575868441173,0.4775982026059056,0,0.0034952000000000004,1,Shared Control,0.01,Good Visuals,0.18150490210235667,-0.025099493479568892,0.0,5.527793480401451,1.001205954250744,-1.070183317767632,0.158288279015516,0.023730674017848452,3.6640428931993565,0.00044593471694746325,30.27793640725218,0.9972382016004867,-0.2768596482625484,0.0027511431770444786
1500,6.119790500000001,-0.45835836815875075,0.2003392973506551,0.015577390525660983,-0.2772589052552505,2.955336882413382,-0.4722083863897099,0.49082792788547425,0,0.0035674,1,Shared Control,0.01,Good Visuals,0.190757364717359,-0.02500714912690363,0.0,5.527597983514388,1.0012018145860764,-1.0573860513221118,0.17108554546103638,0.025237079935146112,3.7284813231711564,0.00041260270784255413,30.276859648262548,0.9972488568229555,-0.27583357666717706,0.0027410213578141257
1501,6.124241400000001,-0.4567875718319559,0.22921328577996103,0.015420814557754015,-0.2616146421055132,2.9804438629757257,-0.4699869476757827,0.5073774651309985,0,0.004450900000000001,1,Shared Control,0.01,Good Visuals,0.1909331840822539,-0.024918816818770655,0.0,5.527274791551789,1.0011949563884774,-1.0322006880911776,0.19627090869197067,0.006975053151988604,3.5381939518203454,0.0003728294382470335,30.275075751900125,0.9972664339842688,-0.2748453486437281,0.0027313392968183353
1502,6.1300194,-0.45600217366855844,0.22671391871738936,0.013984774007224254,-0.28066354641360913,2.9211661372317557,-0.4669930924093658,0.5289296596963364,0,0.005778,1,Shared Control,0.01,Good Visuals,0.17669258646492644,-0.024963975292203018,0.0,5.527233447596933,1.0011940706747404,-1.0206944173867276,0.2077771793964206,-0.01242430632532201,3.197607465665272,0.0003842684531609041,30.27484534864373,0.9972686607031817,-0.2753402383777061,0.00273628909495551
1503,6.1337478,-0.455216775505161,0.22004094846924027,0.011776316904204831,-0.30888871122709616,2.85357780694959,-0.46499504256668145,0.5428753748947847,0,0.0037284,1,Shared Control,0.01,Good Visuals,0.20370083860267296,-0.02490582939312425,0.0,5.527323781633494,1.0011959734146227,-1.008639790746086,0.2198318060370622,0.01870078756400762,3.5175449783021904,0.00034911555278338926,30.275340238377705,0.9972637109050445,-0.2747048658740849,0.0027299157514593993
1504,6.1372161,-0.4541172180764046,0.22414169458216274,0.010877824490276855,-0.31873368031262195,2.8228421281799903,-0.46308965351808323,0.5558738770641216,0,0.0034683,1,Shared Control,0.01,Good Visuals,0.24416723061866705,-0.024728117397580258,0.0,5.527207635565865,1.001193530517417,-0.9940384442127731,0.23443315257037511,0.06554890946712527,4.05243999148314,0.00029329893969549063,30.274704865874085,0.9972700842485406,-0.2727433987961209,0.0027104368267385566
1505,6.1413533000000005,-0.45270350138228915,0.24115238701141267,0.01038615213579408,-0.31472149005270894,2.8229149297032086,-0.46075776545493163,0.5714099012231418,0,0.004137200000000001,1,Shared Control,0.01,Good Visuals,0.258991581215098,-0.024453102054661606,0.0,5.526850878531344,1.001185989327208,-0.9734225759407026,0.25504902084244563,0.07997209363923338,4.143393414275765,0.0002689881210258397,30.27274339879612,0.9972895631732615,-0.2696993429471506,0.0026802925298080598
1506,6.145685,-0.45176102358621223,0.26058701731883077,0.008996741868719405,-0.31082288390431106,2.821783313063922,-0.45824729795092495,0.5877098171109737,0,0.0043317,1,Shared Control,0.01,Good Visuals,0.2576940912997907,-0.02429249066788614,0.0,5.526298001463153,1.0011742859947408,-0.9599652984088589,0.26850629837428924,0.07090034041227543,3.929361577856699,0.00025397363813181427,30.26969934294715,0.9973197074701919,-0.26790496015415355,0.0026626879944319707
1507,6.149235300000001,-0.4506614661574558,0.2753279986162127,0.007585831793469167,-0.312381818494761,2.8096747973895555,-0.45613700037942084,0.6010932055879872,0,0.0035503,1,Shared Control,0.01,Good Visuals,0.261469976537395,-0.024156766358869583,0.0,5.525973605132541,1.0011673874434865,-0.9459419314182452,0.2825296653649029,0.06608281972632603,3.9208653443532073,0.00021855326788724664,30.267904960154155,0.9973373120055681,-0.26639575720801706,0.0026478113194499074
1508,6.152906400000001,-0.4495619087286994,0.2887540767672044,0.006575091650721454,-0.3123391288207828,2.8060239015222233,-0.45390489317208355,0.614952934004186,0,0.0036711,1,Shared Control,0.01,Good Visuals,0.270827644891887,-0.024041274824447758,0.0,5.525700123142402,1.0011615851210054,-0.9322674444819689,0.29620415230117925,0.06949551526889723,3.980696010793064,0.00018324916627251927,30.266395757208016,0.9973521886805501,-0.265111767620718,0.0026351523489734855
1509,6.1574942,-0.447205714238507,0.31254521272131,0.006699178933576522,-0.3024077212828761,2.805684009138538,-0.45104382834596213,0.6323010894360486,0,0.0045878,1,Shared Control,0.01,Good Visuals,0.2844615275944471,-0.023852668905629825,0.0,5.52525559734009,1.001152156290454,-0.9045892853661053,0.3238823114170429,0.07212581362776943,3.987260954131287,0.00013027320919848566,30.263943310071603,0.9973763761605374,-0.26301523495074064,0.002614479346662561
1510,6.163052200000001,-0.44610615680975063,0.3250222079146542,0.0049376715362114965,-0.3072788815213944,2.815881046120401,-0.4474710085554854,0.6533546240119851,0,0.0055580000000000004,1,Shared Control,0.01,Good Visuals,0.26574151371510435,-0.02377850234231001,0.0,5.525087456184269,1.0011485881491131,-0.8919127535453264,0.33655884323782176,0.048072311586218094,3.5300840492283165,0.00015979329704217106,30.26301523495074,0.9973855206533374,-0.2621911928630474,0.002606349986011987
1511,6.166803,-0.4448495197483147,0.3338720907591718,0.002621488807170669,-0.3194825332528133,2.8145892193782918,-0.4449937277068704,0.6675825104261708,0,0.0037508000000000003,1,Shared Control,0.01,Good Visuals,0.28035051542671985,-0.023717073949026585,0.0,5.5249380719273145,1.0011454199542436,-0.8792250023690471,0.349246594414101,0.05662601470717951,3.6936684647101163,0.00011741043418936254,30.262191192863046,0.997393650013988,-0.2615082300346814,0.002599616849935115
1512,6.170239200000001,-0.4437499623195582,0.33825085294099705,0.00124376538731219,-0.32933165748517373,2.801803641991276,-0.4426773681029992,0.6806293243151937,0,0.0034362000000000004,1,Shared Control,0.01,Good Visuals,0.30536439716993874,-0.023670946583726524,0.0,5.5248143035598005,1.0011427941674513,-0.864873115193719,0.3635984815894291,0.07769472073591968,4.025097367996436,6.217404389621224e-05,30.261508230034682,0.9974003831500649,-0.26099485481697493,0.0025945608520352528
1513,6.174666800000001,-0.44186500672740436,0.34044135724723446,0.0008123613755948167,-0.3401879670679593,2.7782364730034073,-0.43962657008877243,0.6974552943495329,0,0.0044276,1,Shared Control,0.01,Good Visuals,0.32283590861037054,-0.023634034076323383,0.0,5.5247213161521715,1.001140820398627,-0.8439671410246838,0.38450445575846426,0.09376620767329666,4.171183992225689,2.9441104045754785e-05,30.260994854816975,0.9974054391479648,-0.2605843361295404,0.0025905148901925403
1514,6.1787033000000005,-0.4399800511352505,0.35834993261458403,-0.000353481046478088,-0.3391053617349489,2.8056148981491518,-0.43678031132449396,0.7128071821967851,0,0.0040365,1,Shared Control,0.01,Good Visuals,0.3360875137316895,-0.023615464915727875,0.0,5.524646932052143,1.0011392420739278,-0.8298769679536387,0.39859462882950936,0.1069441071740422,4.135896756793789,1.9199376433096835e-05,30.26058433612954,0.9974094851098074,-0.26037652140813605,0.002588479533601884
1515,6.1822473,-0.43872341407381454,0.3927740222692484,-0.00194310274932058,-0.32003315992753667,2.877774470141462,-0.4342302266408119,0.7262935584584624,0,0.0035440000000000003,1,Shared Control,0.01,Good Visuals,0.34144425860671695,-0.02362363784289513,0.0,5.524609394342609,1.0011384431071748,-0.8150643609168138,0.4134072358663343,0.1030027092988273,4.142807170137041,-8.347619251478061e-06,30.260376521408137,0.9974115204663981,-0.26046466684587977,0.0025893753641424875
1516,6.185770900000001,-0.4371526177470197,0.4166279354014967,-0.002922391106207789,-0.30966562305696577,2.904703921999711,-0.43164742709170356,0.7397076087071983,0,0.0035236000000000004,1,Shared Control,0.01,Good Visuals,0.3311325231639175,-0.023655195273909677,0.0,5.524625614129645,1.001138782045839,-0.8014780848670755,0.4269935119160726,0.07455237560467266,3.960089789477168,-4.5903155641483226e-05,30.26046466684588,0.9974106246358575,-0.2608126271715131,0.0025928343586871937
1517,6.190836900000001,-0.4338539454607504,0.4286421276917842,-0.0022065183690468393,-0.3110654810154141,2.9081214434952085,-0.4278512044867106,0.7589993346915594,0,0.005066,1,Shared Control,0.01,Good Visuals,0.3377651848869411,-0.023762027353004957,0.0,5.524771166175577,1.001141861165962,-0.772246021350964,0.45622557543218417,0.06635942318676132,3.8918971936992754,-9.695192432827745e-05,30.261265518445907,0.997402683482145,-0.26199489319558933,0.002604544170509958
1518,6.1966471,-0.4318119102359171,0.4467871434408796,-0.0039607057492064834,-0.31221219125067984,2.9677995272108495,-0.4233769812338482,0.781127642038653,0,0.005810200000000001,1,Shared Control,0.01,Good Visuals,0.3236123483923356,-0.023786182760010124,0.0,5.524903684058405,1.0011446654565135,-0.7604258781944508,0.4680457185886973,0.050062240091435506,3.449927954151293,-5.2431349840198883e-05,30.261994893195588,0.9973954558294901,-0.2622669550306403,0.0026071918328313152
1519,6.2001784,-0.4305552731744811,0.47112478378373046,-0.007178291940632908,-0.3100028582549226,3.0318759385218987,-0.4205948412727187,0.7945748958089218,0,0.0035313000000000002,1,Shared Control,0.01,Good Visuals,0.3344526081260013,-0.023831515549854368,0.0,5.524952671562259,1.0011457113943507,-0.7475407232162228,0.4809308735669254,0.050065538802134726,3.5948874196434586,-9.421007080924824e-05,30.26226695503064,0.9973928081671687,-0.26276804987568786,0.0026121607377049493
1520,6.203782500000001,-0.42835615831696827,0.48475140514067006,-0.007761317044249594,-0.30982349066825177,3.057444445489064,-0.41770638689400225,0.8082957146906784,0,0.0036041000000000003,1,Shared Control,0.01,Good Visuals,0.3500190062990658,-0.02391404567494326,0.0,5.525043744777975,1.0011476379971525,-0.7342976120853816,0.4941739846977665,0.05242660131156216,3.856355706252342,-0.00017106957600458744,30.26276804987569,0.997387839262295,-0.26368041535681686,0.0026212068242613875
1521,6.208012100000001,-0.4256858045614169,0.505779324733525,-0.007979417667414668,-0.30251638995715335,3.1442450126761097,-0.41425357879111757,0.8243905064608751,0,0.0042296,1,Shared Control,0.01,Good Visuals,0.3530630457936437,-0.024033482316468856,0.0,5.52520955645577,1.0011511458380764,-0.7153013405648944,0.5131702562182537,0.04836498883238698,3.8129810358264264,-0.0001856044902939004,30.263680415356816,0.9973787931757386,-0.2650024440674729,0.0026342982159936437
1522,6.212070200000001,-0.424115008234622,0.5229315001857573,-0.009861429443504433,-0.3014590062751178,3.2257624617606684,-0.4108768035539068,0.8398224818276376,0,0.0040581,1,Shared Control,0.01,Good Visuals,0.3469560387926152,-0.024086843485253914,0.0,5.525449668385271,1.0011562286961955,-0.7024377644466971,0.526033832336451,0.028967372219714495,3.5732155883881016,-0.00019177319340552958,30.265002444067473,0.9973657017840064,-0.2656011066670052,0.002640147107547636
1523,6.215919100000001,-0.4219158933771092,0.5272537032444418,-0.011039089823202397,-0.31256877858319587,3.2728423383012966,-0.40761626242000343,0.8544470626933326,0,0.0038489,1,Shared Control,0.01,Good Visuals,0.35629815277900834,-0.024145468246100657,0.0,5.525557672517807,1.0011585302580839,-0.689843692331127,0.5386279044520211,0.027055820749806912,3.677638229105037,-0.00023753070754656586,30.265601106667006,0.9973598528924523,-0.26625135101072966,0.002646572938847406
1524,6.219179800000001,-0.4203450970503143,0.5326503110204909,-0.012728834630310881,-0.3217967516728417,3.337738465991888,-0.404809982294007,0.8668257820220286,0,0.0032607,1,Shared Control,0.01,Good Visuals,0.37393011023650385,-0.024245430618982315,0.0,5.5256756512631355,1.0011610302435732,-0.6761631925154058,0.5523084042677423,0.03995157178823797,3.8485666345180096,-0.00026654399279198637,30.26625135101073,0.9973534270611526,-0.2673569303455007,0.0026575297655394826
1525,6.224168500000001,-0.41531854880457064,0.5730043755724386,-0.010508566510563644,-0.2938214064495901,3.539608233255702,-0.4004384533856951,0.8857416173779779,0,0.0049887,1,Shared Control,0.01,Good Visuals,0.3944159156506115,-0.024540251676442373,0.0,5.526185147652307,1.0011718131352583,-0.6466330321088143,0.5818385646743338,0.045628672377478516,3.9346623921347392,-0.0003138867737397322,30.26905595856059,0.9973256420848545,-0.27062572471566787,0.002689844957132513
1526,6.230023600000001,-0.41343359321241674,0.6060282610881995,-0.012995139826721624,-0.27971335628977834,3.6628701846944764,-0.39518745202935257,0.9079005895105479,0,0.0058551,1,Shared Control,0.01,Good Visuals,0.35224275817729295,-0.024510430543989572,0.0,5.5264697267486325,1.0011778482709282,-0.6371109945671084,0.5913606022160397,-0.01459046004542496,3.154350396430894,-0.0002578828669278656,30.270625724715668,0.9973101550428675,-0.27031154357641507,0.002686576277422062
1527,6.2332044,-0.41170571725294236,0.6148319731356726,-0.01651826522358979,-0.29306861637487525,3.69774864793347,-0.39228048734994897,0.9199164791017173,0,0.0031808,1,Shared Control,0.01,Good Visuals,0.3518589647889599,-0.02440782621019323,0.0,5.526411220705674,1.0011766400808084,-0.625527638702588,0.6029439580805601,-0.034020864755323836,3.2397370544611697,-0.00031851647213229303,30.270311543576415,0.9973134237225779,-0.2691796273017848,0.0026753298666891607
1528,6.2368363,-0.40903536349739106,0.6124429463878904,-0.016754876147442088,-0.3074735327138268,3.7238797673664004,-0.3889145594596728,0.9336151151922878,0,0.0036319000000000004,1,Shared Control,0.01,Good Visuals,0.3846955019625556,-0.02438335026066201,0.0,5.526205293336914,1.0011722881712313,-0.6127237271846294,0.6157478695985187,-0.006707822644301492,3.7355325936394355,-0.0004031749468712582,30.269179627301785,0.9973246701333108,-0.26890025078958274,0.0026726470698586464
1529,6.2410569,-0.4065220893745192,0.6262435806923543,-0.01760752991484643,-0.3073715344999335,3.823737367044418,-0.38494060331104835,0.9495027956553659,0,0.004220600000000001,1,Shared Control,0.01,Good Visuals,0.40042369802693406,-0.02441670198349212,0.0,5.526155319232066,1.0011712142006735,-0.5974205965769538,0.6310510002061943,0.007773939895980821,3.8211972152605864,-0.00040854001367709173,30.26890025078958,0.9973273529301414,-0.26926479975260753,0.002676302735849732
1530,6.244169000000001,-0.4044800541496858,0.6387970664326229,-0.01953945083863745,-0.310705729222743,3.896100686011972,-0.38196745786652947,0.9611941843876469,0,0.0031121,1,Shared Control,0.01,Good Visuals,0.4050350815153982,-0.02442244079744255,0.0,5.5262219489082165,1.0011726158525667,-0.583917862839813,0.6445537339433351,0.001428905827408714,3.785034965840894,-0.0004299178105962277,30.26926479975261,0.9973236972641503,-0.2693312011469724,0.002676931764433791
1531,6.2477914000000006,-0.40149554112877556,0.6495364566863544,-0.019528083262246088,-0.3116577277012925,3.9628150434109144,-0.3784610206173615,0.9747753898994609,0,0.0036224,1,Shared Control,0.01,Good Visuals,0.41904971962786813,-0.02445060374901059,0.0,5.526233747700067,1.0011728710958505,-0.570333322160483,0.658138274622665,0.006547476182772778,3.938004603238027,-0.00047720108132116233,30.269331201146972,0.9973230682355662,-0.2696416711551571,0.0026800186917502696
1532,6.251253,-0.39961058553662165,0.6698316596505498,-0.021149564919260178,-0.3049437302489111,4.065647500794798,-0.37506431748412944,0.9877243577182444,0,0.0034616,1,Shared Control,0.01,Good Visuals,0.4199414902120152,-0.024447605355333638,0.0,5.526290250919662,1.0011740647733125,-0.5567091615391064,0.6717624352440417,-0.0006775557259010573,3.8345512584791965,-0.00047747342582286516,30.269641671155156,0.9973199813082497,-0.2696114408594131,0.002679690039289089
1533,6.2549916,-0.3967831521483908,0.6826180708426277,-0.02171883466426139,-0.3051062868756167,4.125326669441206,-0.3713455217723073,1.0016749719955087,0,0.0037386000000000003,1,Shared Control,0.01,Good Visuals,0.4221802311068945,-0.024393444730749572,0.0,5.526284491911223,1.001173948497692,-0.543483742405156,0.6849878543779921,-0.01157925381125083,3.8283503542958677,-0.0005170562165830816,30.269611440859414,0.9973203099607109,-0.2690151904938377,0.0026737535197768445
1534,6.258920700000001,-0.39379863912748053,0.7005556285676338,-0.022453117355173247,-0.30111934342787494,4.2167396796572705,-0.3673811043283619,1.0162951028917335,0,0.0039291000000000005,1,Shared Control,0.01,Good Visuals,0.42548586729106963,-0.024301525303547095,0.0,5.526175904137855,1.0011716560531032,-0.528416454057583,0.7000551427255651,-0.016630806160693238,3.78994072531769,-0.0005297971929989481,30.26901519049384,0.9973262464802232,-0.26799844300043774,0.0026636782764181775
1535,6.262294600000001,-0.39144244463728817,0.7200584487035946,-0.02406134030892626,-0.29623665418813894,4.307373789668551,-0.3639310989888766,1.0288133459418431,0,0.0033739000000000004,1,Shared Control,0.01,Good Visuals,0.42554670299481245,-0.02415567923358796,0.0,5.525991175504891,1.0011677469659421,-0.5152250284644799,0.7132465683186682,-0.028435945107197436,3.704624127472217,-0.000545644999550255,30.267998443000437,0.9973363217235818,-0.26638464372703163,0.002647692160180675
1536,6.265777700000001,-0.38845793161637787,0.7323717797591784,-0.02452683262750127,-0.2964415661826647,4.367826526242642,-0.3603251856623455,1.0416997768343081,0,0.0034831000000000003,1,Shared Control,0.01,Good Visuals,0.4295364461484529,-0.023961105219385,0.0,5.525698021210628,1.0011615423774873,-0.5024159378557137,0.7260556589274344,-0.03662102675702978,3.7309479811156474,-0.000581218018432623,30.266384643727033,0.9973523078398193,-0.2642295288302163,0.002626364997860034
1537,6.269189500000001,-0.38610173712618556,0.7464102477014583,-0.02577655146384006,-0.2952895291328499,4.442234550461534,-0.35674963580811375,1.054284026626338,0,0.0034118000000000004,1,Shared Control,0.01,Good Visuals,0.4323017127050979,-0.023725033431396102,0.0,5.525306728191421,1.001153256572207,-0.4892961931395214,0.7391754036436267,-0.04204588569693514,3.685735677096386,-0.000587690017285803,30.264229528830217,0.9973736350021399,-0.2616132964787977,0.0026004892848960647
1538,6.2742795000000005,-0.38060394998240343,0.7692691992938809,-0.02385431417428968,-0.2850148273324571,4.545976657719512,-0.35133570122813307,1.0729833478468784,0,0.00509,1,Shared Control,0.01,Good Visuals,0.44084505538372853,-0.023160514933018638,0.0,5.524291746007064,1.0011317554885988,-0.46355335205346737,0.7649182447296807,-0.05089831621490561,3.6562204222036696,-0.0006148091348211094,30.258637210638007,0.9974289347542356,-0.2553544735035338,0.002538612689004169
1539,6.2796985,-0.3771481980634546,0.7855750651185021,-0.025812496835321552,-0.2874082827283764,4.605570886604261,-0.34546749789432535,1.092786229444029,0,0.005419,1,Shared Control,0.01,Good Visuals,0.4170977774687519,-0.022727621232852435,0.0,5.523696023677195,1.0011191340015875,-0.45276734063792845,0.7757042561452197,-0.08120206587976563,3.1229403600494834,-0.0005524781996505544,30.255354473503534,0.9974613873109959,-0.25056439729619273,0.0024911634227244637
1540,6.2833299,-0.37479200357326226,0.8057957255832034,-0.029324505678936907,-0.2869905038608255,4.67026300774649,-0.34147515995248356,1.1059920879546354,0,0.0036314000000000003,1,Shared Control,0.01,Good Visuals,0.4302825635727081,-0.022264534940910453,0.0,5.522825887815294,1.0011007166879966,-0.4408695834109387,0.7876020133722095,-0.07755318037904313,3.323488708340954,-0.0005866566511473904,30.25056439729619,0.9975088365772755,-0.2454305903875218,0.0024404047612599975
1541,6.2867908,-0.371493331286993,0.8180704061143951,-0.030018171334509458,-0.28792168184024036,4.70258064090131,-0.3376257260338958,1.1185271530330603,0,0.0034609000000000003,1,Shared Control,0.01,Good Visuals,0.4492275515841949,-0.021814477334310432,0.0,5.521894186099584,1.0010809775948333,-0.42839191175312424,0.8000796850300239,-0.06944142515658845,3.6483353287373,-0.0006528964813136178,30.24543059038752,0.99755959523874,-0.24043859970889073,0.0023910741676094727
1542,6.291017200000001,-0.36803757936804427,0.8277820219924432,-0.030411853334148475,-0.29074513104061706,4.74985933342889,-0.3328661554794557,1.1337645119214241,0,0.0042264,1,Shared Control,0.01,Good Visuals,0.4539573698002325,-0.02118080471848746,0.0,5.520988458136362,1.0010617834886615,-0.4116907268723573,0.8167808699107908,-0.0713089510127787,3.643841881739955,-0.0006548307181941037,30.24043859970889,0.9976089258323906,-0.23342933028109625,0.002321617622802289
1543,6.294763700000001,-0.3645818274490955,0.8432858315242182,-0.031715671969639814,-0.2904786803972059,4.843375645579837,-0.328593310583285,1.147204199568465,0,0.0037465000000000003,1,Shared Control,0.01,Good Visuals,0.45891076553841204,-0.020690830276602293,0.0,5.519714969090808,1.0010348321584082,-0.39947528687503614,0.828996309908112,-0.0729517166303535,3.566968404286973,-0.0006441475265978806,30.233429330281098,0.9976783823771977,-0.22798686074382282,0.0022679117644025634
1544,6.298228900000002,-0.36191147369354415,0.8593779244227719,-0.03331816311025915,-0.28782627514569303,4.938339595029091,-0.32459656672142484,1.159575897554783,0,0.0034652000000000003,1,Shared Control,0.01,Good Visuals,0.4658033716812151,-0.020125428157568882,0.0,5.518728204758635,1.00101390522665,-0.38646022034622857,0.8420113764369196,-0.07708298132596951,3.6294106326847633,-0.0006562235858322102,30.227986860743822,0.9977320882355974,-0.22172850315351253,0.002205938315283702
1545,6.301922900000001,-0.3582986421419159,0.8743897294990814,-0.033702075420491084,-0.2851861680557015,5.026162824431868,-0.3202888327415073,1.1726996962728613,0,0.0036940000000000002,1,Shared Control,0.01,Good Visuals,0.47194719175707806,-0.019525717341671838,0.0,5.517591529554836,1.0009898403255524,-0.37396934284457795,0.8545022539385703,-0.08202093848894468,3.6757334770321437,-0.0006705422980176822,30.221728503153514,0.9977940616847163,-0.21508861158807416,0.0021402043067190292
1546,6.305391700000001,-0.35562828838636457,0.8866879649734729,-0.03533945564485724,-0.2860117312993884,5.107146786960683,-0.3161996892372916,1.1849603082409959,0,0.0034688,1,Shared Control,0.01,Good Visuals,0.4713748228179874,-0.018769888440640575,0.0,5.516385717853396,1.0009643078152977,-0.3605809398215336,0.8678906569616146,-0.0931216086711461,3.594974228839577,-0.000658057198488215,30.215088611588076,0.997859795693281,-0.20673158032722833,0.0020573582713686416
1547,6.309337600000001,-0.3518583772020568,0.8870096798373748,-0.035658687964765234,-0.2979506284036211,5.139168782449139,-0.31149656238621487,1.198830153621436,0,0.0039459000000000004,1,Shared Control,0.01,Good Visuals,0.4811707423720204,-0.01795742469715633,0.0,5.514867039059366,1.0009321714088337,-0.34643058429821316,0.882041012484935,-0.09237763314873212,3.6748443160339797,-0.0006633176400069363,30.20673158032723,0.9979426417286313,-0.1977431500357221,0.001968304518698208
1548,6.313066800000001,-0.3482455456504286,0.8992192206066476,-0.03674898326421372,-0.29961093301478847,5.209867081498712,-0.3070015652241724,1.2118601441407004,0,0.0037292000000000002,1,Shared Control,0.01,Good Visuals,0.49481276476381186,-0.01731645344809261,0.0,5.5132340891734275,1.0008976060868935,-0.3336581202804349,0.8948134765027134,-0.08150216539579432,3.718979739627966,-0.0006403382039266664,30.197743150035723,0.9980316954813018,-0.1906394633471979,0.0018980479742791443
1549,6.3162828000000015,-0.3452610326295183,0.9260593171908162,-0.038259467405345915,-0.2858008269498842,5.302330163613567,-0.30308623966937176,1.2230339136735247,0,0.003216,1,Shared Control,0.01,Good Visuals,0.502430043541493,-0.016622504423603867,0.0,5.511944677714704,1.0008702880414653,-0.3202425146397192,0.908229082143429,-0.08255806852905906,3.7628265898285367,-0.0006363620579594913,30.190639463347196,0.9981019520257208,-0.18296834192263217,0.0018219845618643504
1550,6.3197881,-0.34164820107789,0.9424520118466032,-0.03856196140851825,-0.28058190182692144,5.333817575628122,-0.29877789260214915,1.2351441843758924,0,0.0035053000000000003,1,Shared Control,0.01,Good Visuals,0.49687185118791344,-0.015756301602401223,0.0,5.5105504844371795,1.0008407869065892,-0.30768743892519507,0.9207841578579531,-0.1024787948537109,3.6726855973450663,-0.0006359681661900904,30.18296834192263,0.9981780154381357,-0.17340352981591492,0.001727040495226984
1551,6.3241972,-0.3367787324648258,0.9527305596383965,-0.03800083986267666,-0.28241362473749587,5.375601550609814,-0.2932986248291011,1.2502719214395404,0,0.0044091,1,Shared Control,0.01,Good Visuals,0.493238053989989,-0.014165093412079836,0.0,5.508811170330377,1.0008040019848197,-0.28785705617009194,0.9406145406130562,-0.1139074148076205,3.547347636060092,-0.0006075938943327703,30.173403529815914,0.998272959504773,-0.15586499976310433,0.0015526289454631053
1552,6.328689500000001,-0.33285174164783854,0.9660374168154424,-0.039553116818737466,-0.28423450462409794,5.467353653283086,-0.2876476398833065,1.2655604988559834,0,0.0044923,1,Shared Control,0.01,Good Visuals,0.4918397806538176,-0.013136934957452042,0.0,5.505618967354258,1.0007365480088672,-0.2765073602773872,0.9519642365057609,-0.12198697395675913,3.313005981874235,-0.0005382854463923019,30.155864999763104,0.9984473710545368,-0.14448133748921801,0.0014399330012333004
1553,6.332262500000001,-0.32986722862692824,0.9804250348051464,-0.04221958874362175,-0.285135464050837,5.568325897075704,-0.28310420954572957,1.277627532114692,0,0.0035730000000000002,1,Shared Control,0.01,Good Visuals,0.5021140341247636,-0.012018819499085962,0.0,5.503551665790578,1.0006927643987285,-0.2641986611001243,0.9642729356830237,-0.12189984567643894,3.432718626004096,-0.0005196067230122565,30.144481337489218,0.9985600669987666,-0.13214793612791007,0.001317376913918799
1554,6.3357914000000015,-0.32594023780994097,0.989065213662221,-0.0428360282642114,-0.28856231845247093,5.638286083666459,-0.27857468316083517,1.2894623284609394,0,0.0035289,1,Shared Control,0.01,Good Visuals,0.517582417835137,-0.010927251157767987,0.0,5.501307697682673,1.0006453256757433,-0.2517534077361104,0.9767181890470377,-0.11722727352235747,3.646960692751332,-0.0005074296164352313,30.13214793612791,0.9986826230860812,-0.12010893699961692,0.0011977306430910944
1555,6.3408044000000015,-0.3187145747066845,1.0028950244299506,-0.04013989154584935,-0.28656730403098885,5.780769989351075,-0.27206876410994196,1.3061275329276478,0,0.005013,1,Shared Control,0.01,Good Visuals,0.5391645315633474,-0.008705530683110002,0.0,5.496659199867244,1.0005470836540737,-0.22587268358048612,1.002598913202662,-0.10841296150510189,3.7590648582480677,-0.0004290496966411382,30.106607964183404,0.998936596251997,-0.09562688437361176,0.0009542089509051244
1556,6.346245700000001,-0.31243138939950493,1.0634611633746132,-0.04036262528956297,-0.24266636955303467,6.049887784664218,-0.26491297047108725,1.3240147450675857,0,0.0054413000000000005,1,Shared Control,0.01,Good Visuals,0.5123079039378263,-0.006179059498670228,0.0,5.492317838457459,1.000455369271571,-0.20696845445988157,1.0215031423232668,-0.16251651759619415,3.2544009974742885,-0.00032788006239091027,30.082766874627087,0.9991739014142117,-0.06783653664258489,0.000677283682802449
1557,6.352098700000001,-0.3059911244596459,1.0854865727523746,-0.04107815398855863,-0.23852817231521106,6.1250510841916865,-0.25710779237451425,1.3430115533946065,0,0.0058530000000000006,1,Shared Control,0.01,Good Visuals,0.48685936644223915,-0.0024729672446070585,0.0,5.485899409964039,1.0003198913911395,-0.1907044025442345,1.0377671942389137,-0.21262824615558845,2.8904424266873416,-0.0001909184302077454,30.047552803359682,0.9995250746954033,-0.027126783529107617,0.0002710607274841329
1558,6.358668900000001,-0.3014358151119406,1.0730633787954635,-0.044328022737426365,-0.269948174599143,6.062317517723771,-0.2482147290114114,1.3640226755723206,0,0.0065702,1,Shared Control,0.01,Good Visuals,0.463783352579295,0.0004821796903347157,0.0,5.482174865988366,1.0002413003304784,-0.17985946675982112,1.048612130023327,-0.2398719596343883,2.391175152007186,-0.00010158492928263029,30.02712678352911,0.9997289392725158,0.005287019255739836,-5.285147950310579e-05
1559,6.362719500000001,-0.2971946650295944,1.063637233139506,-0.04897993601818301,-0.3003854424328145,6.0049381235109935,-0.2426636857917945,1.3768050146482902,0,0.0040506000000000006,1,Shared Control,0.01,Good Visuals,0.5127314552667906,0.002321963484903057,0.0,5.4762607587030265,1.0001165751160603,-0.16942716162878954,1.0590444351543586,-0.18464506242361065,3.022629985232533,2.137407227668248e-05,29.99471298074426,1.000052851479503,0.025436746545457103,-0.00025450927940188806
1560,6.3663205000000005,-0.29405307237600464,1.0660471164998782,-0.051389386584210134,-0.31075789814841204,5.964059224584888,-0.23768552200897,1.3880555699404529,0,0.003601,1,Shared Control,0.01,Good Visuals,0.568443862827462,0.0036998261495248294,0.0,5.472581564886074,1.0000390348218766,-0.15592567638218757,1.0725459204009606,-0.12382604424064708,3.807418078058139,0.00011372962292710899,29.974563253454544,1.000254509279402,0.04050888947188273,-0.0004055361306713832
1561,6.369770500000001,-0.28934068339561997,1.0744190549648203,-0.05165516138664997,-0.3136365149756326,5.916870946141295,-0.23287828388281184,1.3987323213763472,0,0.0034500000000000004,1,Shared Control,0.01,Good Visuals,0.5918430993779462,0.004819134916659671,0.0,5.469827811420389,0.9999810311478893,-0.1419954252549394,1.0864761715282087,-0.09964352575400624,4.058339731172081,0.0001901317962923011,29.959491110528116,1.0004055361306714,0.052742900449609255,-0.0005282230159750932
1562,6.374211800000001,-0.28164378139432494,1.1323874725808254,-0.0487654975115131,-0.2663448487955218,5.98330852864332,-0.22663584283030752,1.4123264714617654,0,0.0044413000000000005,1,Shared Control,0.01,Good Visuals,0.5797439705115056,0.0073409446882285794,0.0,5.465052900152739,0.9998804914076233,-0.11499217391081899,1.1134794228723293,-0.12516761057154185,3.6952201629022072,0.0003180276458858196,29.933367595366263,1.0006675224119523,0.08029119158544452,-0.0008046373488979209
1563,6.380034800000001,-0.27803094984269666,1.1466607543749474,-0.05139510701238914,-0.26566571708681797,5.987538190034002,-0.21836059280327944,1.4298864945068883,0,0.005823,1,Shared Control,0.01,Good Visuals,0.5326832333483278,0.009110212322344522,0.0,5.462555096177943,0.999827920845588,-0.10621336173339141,1.1222582350497567,-0.18332595824675052,2.89300121187266,0.0003579848199259661,29.919708808414555,1.000804637348898,0.09961306946593051,-0.000998565907015075
1564,6.383258700000001,-0.2745751979237479,1.1474751506228575,-0.05621460512046847,-0.2824113438840308,5.9614592145046945,-0.21373529700498956,1.4394768413983425,0,0.0032239,1,Shared Control,0.01,Good Visuals,0.546167263915059,0.011203520798318677,0.0,5.459022003206334,0.9997535504006565,-0.09510308363174332,1.1333685131514049,-0.17526630558199122,3.1183244271936044,0.0004682203372124829,29.90038693053407,1.000998565907015,0.12244605198108124,-0.0012280124229702082
1565,6.386811000000002,-0.2700198885760427,1.1391451631308116,-0.056284591571053144,-0.30033167826753093,5.907155773891719,-0.208603237113338,1.449932872484708,0,0.0035523000000000004,1,Shared Control,0.01,Good Visuals,0.5889588444821625,0.012845130827884462,0.0,5.454844362901306,0.9996656605408268,-0.08229273434238434,1.1461788624407638,-0.13200008350710468,3.7429800699368823,0.0006298014976364401,29.877553948018917,1.0012280124229702,0.14030137636041615,-0.0014079484936277292
1566,6.391033100000001,-0.2651504199629785,1.1451261184095012,-0.0565471828496405,-0.30480675407520685,5.920901837656612,-0.20245550709378424,1.462205802734723,0,0.0042221,1,Shared Control,0.01,Good Visuals,0.6070501728170128,0.014649011602868836,0.0,5.45157282729222,0.9995969274529729,-0.0648340632017861,1.163637533581362,-0.10941482701981131,3.8159361646700116,0.0007229829423242207,29.859698623639584,1.0014079484936278,0.1599349007427174,-0.0016056709811488284
1567,6.394727100000001,-0.26059511061527335,1.161894163509229,-0.058139603521489114,-0.30031163922549386,5.974869936791246,-0.19703450476556697,1.4728031625435414,0,0.0036940000000000002,1,Shared Control,0.01,Good Visuals,0.6127285916453877,0.01597514914931404,0.0,5.44797670253847,0.9995213452888007,-0.0521512429847478,1.1763203537984004,-0.10744783659895318,3.710922613757292,0.0008283603376739293,29.840065099257284,1.0016056709811487,0.17431968616042315,-0.00175102826756957
1568,6.398247400000001,-0.25682519943096555,1.1775031645154839,-0.059790694665398575,-0.2952999980280575,6.019936827683594,-0.19183220289230582,1.4827778718638855,0,0.0035203,1,Shared Control,0.01,Good Visuals,0.6167410243885368,0.017484919168221667,0.0,5.445337469556004,0.9994659668933726,-0.03872645298182791,1.1897451438013202,-0.11259573546486638,3.726003331368272,0.0009287888377377724,29.825680313839577,1.0017510282675697,0.19072829339607014,-0.0019165134192840887
1569,6.401994400000001,-0.25211281045058087,1.190344055912349,-0.06028060755827505,-0.2924338159515365,6.054481249109352,-0.18625655331454566,1.4932592279408103,0,0.0037470000000000003,1,Shared Control,0.01,Good Visuals,0.6205243261343225,0.0190174525419971,0.0,5.442329860565822,0.9994027942553844,-0.026011262870247433,1.2024603339129007,-0.11690835958760518,3.721809539743729,0.0010454354632363164,29.80927170660393,1.001916513419284,0.20736016318359554,-0.0020844936511675433
1570,6.4053792000000005,-0.24818581963359365,1.2026879214346367,-0.06192926631904799,-0.2905713065061737,6.090958939790011,-0.18118631953473158,1.5026050757596832,0,0.0033848000000000003,1,Shared Control,0.01,Good Visuals,0.6201234970590028,0.02079915652739589,0.0,5.439279122426936,0.9993387595383201,-0.012593253120188242,1.2158783436629599,-0.12422576666984697,3.624529916277469,0.0011463835934422476,29.792639836816406,1.0020844936511675,0.2266974406393599,-0.0022797853516527684
1571,6.409162100000001,-0.24347343065320895,1.2014019736433292,-0.06228711111847737,-0.3012031021163539,6.068451051504244,-0.17548257594454228,1.5129103856191155,0,0.0037829,1,Shared Control,0.01,Good Visuals,0.626988445817126,0.022714370178335195,0.0,5.4357322659307306,0.9992643051115939,0.0015636399192470868,1.2300352367023952,-0.12398937601736623,3.6508479354863264,0.0012880765037966656,29.77330255936064,1.0022797853516527,0.2474544123699412,-0.002489710981134221
1572,6.412893500000001,-0.23844688240746528,1.2109052456740401,-0.062964306462923,-0.3020051399450754,6.0870449799416155,-0.16981856556481278,1.5229285172284004,0,0.0037314,1,Shared Control,0.01,Good Visuals,0.6392961847925875,0.024234924235785313,0.0,5.4319223299367705,0.9991843806595936,0.014121574949773459,1.2425931717329215,-0.11111166944815029,3.655237813053432,0.001414812499284193,29.75254558763006,1.0024897109811342,0.2638717837940904,-0.0026563781660272705
1573,6.416295700000001,-0.23451989159047806,1.2421630843563183,-0.06470132602566528,-0.2807654328720821,6.160234638693978,-0.16462190436738922,1.5319336243913968,0,0.0034022,1,Shared Control,0.01,Good Visuals,0.6435668525810293,0.025832176244150122,0.0,5.428903213365226,0.9991211638054573,0.026950454624645175,1.2554220514077932,-0.11192430957025026,3.6178453679841276,0.0015259351966877065,29.73612821620591,1.0026563781660274,0.2811480705696758,-0.0028314521757243343
1574,6.419800500000001,-0.22933626371205487,1.2701714636563213,-0.06471435934466566,-0.2617621607350755,6.19497139824972,-0.1592367171453072,1.541079481552649,0,0.0035048,1,Shared Control,0.01,Good Visuals,0.6315518682068589,0.027812337269028427,0.0,5.425728997471118,0.9990546362677457,0.038781986085259554,1.2672535828684075,-0.1383544676455622,3.4570860976549724,0.0016713760571252026,29.718851929430325,1.0028314521757242,0.30257793572039465,-0.003048496655027385
1575,6.424163500000001,-0.2241526358336317,1.3051767808575097,-0.0649159186883245,-0.2359027006951393,6.2808814559134,-0.15248848470056592,1.5522764087333476,0,0.0043630000000000006,1,Shared Control,0.01,Good Visuals,0.612360942203938,0.03067966824802009,0.0,5.421792748458191,0.9989721098480856,0.05141412793433192,1.27988572471748,-0.16917536835090116,3.1474129435834977,0.0017998575882429426,29.697422064279607,1.0030484966550275,0.3336188477082453,-0.0033627833981284922
1576,6.427230900000001,-0.22038272464932399,1.3149763624320912,-0.06789423994875807,-0.23730004630125645,6.280403883169722,-0.14771512650959967,1.5600214232706633,0,0.0030674,1,Shared Control,0.01,Good Visuals,0.5872226098026165,0.03391219258921403,0.0,5.416092072364538,0.9988525630701961,0.061340105659143884,1.289811702442292,-0.21080086603035308,2.7752551934272676,0.001991598849373243,29.666381152291756,1.0033627833981285,0.3684931516840911,-0.00371709880665038
1577,6.430826100000001,-0.21488493750554186,1.302311510816815,-0.06716981099594219,-0.2577099124538482,6.233015683029456,-0.14209041876864612,1.5689637183025793,0,0.0035952000000000002,1,Shared Control,0.01,Good Visuals,0.6042817539468982,0.03692612019962319,0.0,5.409676410999616,0.998718244464578,0.07163225777849173,1.3001038545616397,-0.19733626801214518,3.0187575876540897,0.002302442540840593,29.631506848315908,1.0037170988066504,0.40088026114027303,-0.004047453934662531
1578,6.4342316,-0.2109579466885546,1.3084532266642044,-0.0688675279199085,-0.2605104916383749,6.2770550647026475,-0.13673308423962194,1.577297675980987,0,0.0034055,1,Shared Control,0.01,Good Visuals,0.6203133871639086,0.039689026742671205,0.0,5.403706497172428,0.998593498483993,0.08253477639002399,1.311006373173172,-0.1760607566618673,3.050252807971421,0.002480320514622133,29.599119738859727,1.0040474539346624,0.4305109221954258,-0.004350294766526547
1579,6.437804300000002,-0.20546015954477245,1.3206751290747887,-0.06872707530515051,-0.25662254690619823,6.303035044103596,-0.1310824685408225,1.5858961676578571,0,0.0035727000000000003,1,Shared Control,0.01,Good Visuals,0.6318777442812207,0.04236114383908142,0.0,5.3982392825170535,0.9984793631083616,0.09358123093321269,1.3220528277163608,-0.1695162169500095,3.149560785558319,0.002733285157314904,29.569489077804572,1.0043502947665266,0.4591456479563245,-0.0046431842116476975
1580,6.441555900000001,-0.20027653166634932,1.3318647213610282,-0.06919406312552681,-0.25403144629682894,6.33092974044066,-0.12511613467373403,1.5947637122361111,0,0.0037516000000000003,1,Shared Control,0.01,Good Visuals,0.6268459539932454,0.04605727551463545,0.0,5.392953825741885,0.9983690575245209,0.10714750242389692,1.3356190992070451,-0.18089818734365604,2.9836965537706153,0.0029113575226408614,29.540854352043674,1.0046431842116477,0.4988907930076336,-0.005048315392838096
1581,6.4457264,-0.1944645852572082,1.352191411293446,-0.06934845058347416,-0.24257230094266502,6.440589882478235,-0.11844495484615945,1.6044245405475395,0,0.004170500000000001,1,Shared Control,0.01,Good Visuals,0.6262318846442244,0.048938987472834775,0.0,5.385630351698485,0.9982159367063039,0.11685142891189852,1.3453230256950468,-0.1874750369213304,2.8595628371892143,0.0031868900293494655,29.501109206992368,1.005048315392838,0.5295296171250482,-0.005364178428020897
1582,6.449307900000001,-0.19053759444022095,1.377581020580664,-0.0720926395940615,-0.22684351996687546,6.583919855733375,-0.11268410516475133,1.6125533407409847,0,0.0035815,1,Shared Control,0.01,Good Visuals,0.6152022913305768,0.052406909199301466,0.0,5.379952741726579,0.9980979012799599,0.12640851795775807,1.3548801147409064,-0.2119493897839383,2.6657803257536834,0.0033938429543651435,29.47047038287495,1.005364178428021,0.5666398737962195,-0.0057442956285556155
1583,6.4529640000000015,-0.18488272766375932,1.3909542713607757,-0.07219862249900799,-0.221599069380209,6.677073226245556,-0.10677352522257344,1.6206896434748232,0,0.0036561000000000002,1,Shared Control,0.01,Good Visuals,0.6137404441414291,0.05616508767261063,0.0,5.37309828482047,0.9979549163381601,0.13566564963657804,1.3641372464197263,-0.22957872939645155,2.7007619555432285,0.0037781524171439465,29.43336012620378,1.0057442956285556,0.6067155895542631,-0.006156227728833901
1584,6.457573,-0.17514379043763095,1.4319211229732356,-0.06837026521505751,-0.18876852050158766,6.95600157400821,-0.09928057169709219,1.6307105770230728,0,0.004609,1,Shared Control,0.01,Good Visuals,0.5982876278061164,0.06474463584010526,0.0,5.356456538310824,0.9976082720491327,0.15298143246310952,1.3814530292462577,-0.27003030932077804,2.380993567365139,0.004417684848035515,29.343401213980627,1.0066686521499741,0.6977955238026381,-0.00709662779795644
1585,6.463148700000001,-0.16666149027293853,1.4086654960402294,-0.06738091857584634,-0.22204508098284337,6.962537923581999,-0.09015523433482224,1.642476439669193,0,0.0055757,1,Shared Control,0.01,Good Visuals,0.5807916931235375,0.07453781475808378,0.0,5.339580605649533,0.9972580093552426,0.1650949961375182,1.3935665929206662,-0.3057465423526414,2.0360557502940537,0.004972290097855055,29.252511073016418,1.0076095300027346,0.8015572259684339,-0.0081700533387429
1586,6.469700000000001,-0.1608495438637974,1.3895451571540482,-0.07069430952897517,-0.25293128251514485,6.927210033596836,-0.07935095511078627,1.655793252156917,0,0.0065513,1,Shared Control,0.01,Good Visuals,0.5804989015168885,0.07913369688248614,0.0,5.329534599621684,0.9970496244847238,0.17106950614752586,1.399541102930674,-0.2977780556590786,1.732545531263094,0.005022426427035961,29.198442774031566,1.008170053338743,0.8497536930446582,-0.008673805725592556
1587,6.4741979,-0.15063936773963058,1.452646993681231,-0.0712884126288443,-0.20314625847568601,7.122322415718507,-0.071883427329673,1.6646133719062797,0,0.0044979,1,Shared Control,0.01,Good Visuals,0.6428159161731186,0.08721186640381193,0.0,5.31173351569058,0.9966818648580457,0.18842144117155232,1.4168930379547005,-0.24235738721258335,2.6764534357937304,0.006330163052259684,29.103022147647103,1.0091673516984832,0.9340982971277506,-0.00955924992707394
1588,6.480040000000001,-0.14639821765728436,1.4695410730182235,-0.07451479032761137,-0.19507229888805622,7.121643024976804,-0.06212606913896469,1.6756709616779155,0,0.0058421,1,Shared Control,0.01,Good Visuals,0.5806120223652395,0.09185928530691366,0.0,5.304773631769742,0.9965388106089829,0.19361091635698058,1.4220825131401287,-0.3225893492043958,1.7179141900914479,0.006217195518326588,29.06590170287225,1.009559249927074,0.9830235573557555,-0.010068651234974576
1589,6.4833075000000004,-0.14215706757493812,1.449313584546959,-0.08003099843597343,-0.2263573771309566,6.995497864063786,-0.05664099583148893,1.6816568107881464,0,0.0032675,1,Shared Control,0.01,Good Visuals,0.588965669511159,0.09759088138113137,0.0,5.295664688741034,0.9963502080621953,0.20052090960484917,1.4289925063879974,-0.3197516181625778,1.9267212937398472,0.006844875384288903,29.016976442644243,1.0100686512349746,1.0431411490750906,-0.010696888671160074
1590,6.486819500000001,-0.136345121165797,1.4181316645591278,-0.07970412533430807,-0.2635251462290187,6.8511251167408735,-0.05072395260009013,1.6879299323238044,0,0.0035120000000000004,1,Shared Control,0.01,Good Visuals,0.6483987105273984,0.10209828913500249,0.0,5.284451744895034,0.9961184568165344,0.20999800010877487,1.438469596891923,-0.2473938792231536,2.755208449552491,0.007810295675178593,28.95685885092491,1.01069688867116,1.0894910249848178,-0.011190943425624104
1591,6.491005000000001,-0.1303760951239764,1.4184224373564116,-0.07965214252388628,-0.2695074949673928,6.834023074419079,-0.043643851618584646,1.6951867422937539,0,0.0041855,1,Shared Control,0.01,Good Visuals,0.6829518652108724,0.10675994320554759,0.0,5.275720323988674,0.9959398373726125,0.22366273107023016,1.4521343278533783,-0.19663114684850286,2.989243970305008,0.008137654833634662,28.910508975015183,1.011190943425624,1.1378688897880198,-0.011701905043250423
1592,6.494759200000001,-0.12440706908215579,1.444238148679967,-0.08076321746357115,-0.25094859361378696,6.897381181411559,-0.037267886929148494,1.7014910224312527,0,0.0037542,1,Shared Control,0.01,Good Visuals,0.6878629086888831,0.11013770132227858,0.0,5.266649476863354,0.9957533610220408,0.23345390829296578,1.461925505076114,-0.1920131046254661,2.876205047510613,0.00850365821205028,28.86213111021198,1.0117019050432505,1.172243647356377,-0.012072139454718342
1593,6.4981989,-0.12016591899980958,1.4696470389209413,-0.08289803207066108,-0.23184398351031144,6.948106629610626,-0.03140558181869585,1.7070957287778845,0,0.0034397000000000004,1,Shared Control,0.01,Good Visuals,0.6746755290433841,0.11426141365714858,0.0,5.260140379549897,0.9956209121673971,0.24309227104177214,1.4715638678249203,-0.21760430516171503,2.688525174004562,0.008895075122829034,28.827756352643622,1.0120721394547183,1.2151178222557726,-0.012524137542385193
1594,6.501842100000001,-0.11419689295798897,1.4787847043303377,-0.08279131113929313,-0.2283110244475468,6.944923119750652,-0.02517574888778466,1.7128518085272,0,0.0036432,1,Shared Control,0.01,Good Visuals,0.6661799492873859,0.11871309168091085,0.0,5.25210959927097,0.9954556326803689,0.25200509338695554,1.4804766901701036,-0.2370596170255199,2.5967492192359067,0.009472046333789376,28.784882177744226,1.0125241375423852,1.2610811348893334,-0.01301208378844955
1595,6.505498000000001,-0.10948450397760429,1.484587269565256,-0.08430875508981962,-0.22826453896194399,6.954420454910389,-0.018903461185400722,1.7184401726941434,0,0.0036559,1,Shared Control,0.01,Good Visuals,0.6613468343190444,0.1236463537745822,0.0,5.243470387392434,0.9952784653155154,0.2609603003493551,1.4894318971325031,-0.24563205956120365,2.4401773787840373,0.00982841250966172,28.738918865110666,1.0130120837884495,1.3119604098538902,-0.013552816228354119
1596,6.5092245,-0.10351547793578367,1.480311464418052,-0.08461201675038295,-0.23812870827609145,6.915806651532907,-0.012489382336306011,1.723941404698966,0,0.0037265,1,Shared Control,0.01,Good Visuals,0.6684058038138236,0.12888686694708426,0.0,5.2339023404463,0.995082347271521,0.27063564484884733,1.4991072416319953,-0.2414414933591228,2.4836596415166454,0.010424470158130444,28.68803959014611,1.013552816228354,1.365774373605706,-0.014127226308401216
1597,6.512929600000001,-0.09754645189396308,1.488925373459907,-0.08505706955765707,-0.235016031239059,6.9106793292538855,-0.006092177794042135,1.7292143996646654,0,0.0037051000000000002,1,Shared Control,0.01,Good Visuals,0.6789012221096339,0.13328609042368808,0.0,5.223760837774924,0.994874932631605,0.2792511240432019,1.5077227208263497,-0.22856395392306642,2.4920395679609406,0.010905377745031072,28.634225626394294,1.0141272263084011,1.4102745006512099,-0.014609423037263664
1598,6.5163001000000005,-0.09314822217893737,1.51027494038631,-0.08705604438489523,-0.21893945927835534,6.915718347566425,-0.00025601979728272217,1.733839721850105,0,0.0033705000000000002,1,Shared Control,0.01,Good Visuals,0.6773703336293795,0.13794923825844468,0.0,5.2153109855626125,0.9947034810054064,0.28779341633200173,1.5162650131151496,-0.23349250926883086,2.3969617511644348,0.011336924264235807,28.58972549934879,1.0146094230372638,1.4579263478146067,-0.015120548385652995
1599,6.5198687,-0.08717919613711675,1.5122068678463156,-0.08692317633983403,-0.2216328540037893,6.827055256433527,0.005939833886949554,1.7385576910080243,0,0.0035686000000000003,1,Shared Control,0.01,Good Visuals,0.6709803635967085,0.14283018114629267,0.0,5.206309704244391,0.9945198349360505,0.2957575379934688,1.5242291347766166,-0.24704595406834304,2.327261524054551,0.012009315008689648,28.542073652185394,1.015120548385653,1.5076367769681387,-0.015655546143053055
1600,6.524121800000001,-0.08089601082993716,1.5293258426047793,-0.08683584471688671,-0.20923184840324494,6.829721443807074,0.013345629462540361,1.7439383142903546,0,0.0042531,1,Shared Control,0.01,Good Visuals,0.6721072360964108,0.14843081276779868,0.0,5.196904239560241,0.9943282707360575,0.3047160345445805,1.5331876313277284,-0.24274364627219724,2.2358232382728644,0.012415253022429636,28.492363223031862,1.015655546143053,1.5647931464876,-0.01626942862977288
1601,6.5271498,-0.07618362184955248,1.5421231019189015,-0.08952925131209284,-0.20181521237145317,6.798835667311691,0.01863186383558935,1.7476074985408234,0,0.0030280000000000003,1,Shared Control,0.01,Good Visuals,0.6583385873216573,0.15385097969981817,0.0,5.186101834024359,0.9941079972466128,0.31177518812898297,1.5402467849121309,-0.2629382618464564,1.9799606160498282,0.012889115008705852,28.4352068535124,1.0162694286297729,1.6194438199299368,-0.016863530470338138
1602,6.530983500000001,-0.07021459580773187,1.5329254709919053,-0.08884645964332122,-0.21468202754891808,6.688727617890793,0.025340269133087946,1.7520590906574038,0,0.0038337,1,Shared Control,0.01,Good Visuals,0.6639611186100495,0.1591697796953319,0.0,5.17571056924815,0.9938974568873943,0.318914688120924,1.5473862849040718,-0.2597888337240617,2.0838562773827416,0.013774163026156715,28.380556180070062,1.0168635304703382,1.6729684409163181,-0.017446521530680964
1603,6.534287000000001,-0.06534512719466769,1.5312471609648393,-0.09068539632775563,-0.22081192969256458,6.627875509432473,0.031134288447294045,1.7557203414153524,0,0.0033035,1,Shared Control,0.01,Good Visuals,0.6722661990793498,0.16433254535870556,0.0,5.165524256383354,0.9936912704505731,0.3262539928204682,1.554725589603616,-0.24381050544911512,2.045172128279601,0.014141671408137633,28.327031559083682,1.017446521530681,1.7247326837912935,-0.018012409744362714
1604,6.537935800000001,-0.05937610115284708,1.5342102623631693,-0.09051038960014113,-0.22151007905218312,6.560099364649843,0.03754765436793947,1.75957535953012,0,0.0036488000000000002,1,Shared Control,0.01,Good Visuals,0.6869175219398556,0.16902987397508884,0.0,5.155655471702305,0.993491893597437,0.33384641443750546,1.5623180112206534,-0.22578371590880372,2.1917443540998516,0.014902562005403092,28.275267316208705,1.0180124097443628,1.77149068757767,-0.018527281631471434
1605,6.5415528,-0.052935836212988016,1.5414562740587854,-0.09048349058092749,-0.21811908547133463,6.508945420524741,0.04391865296191149,1.7632001062328813,0,0.0036170000000000004,1,Shared Control,0.01,Good Visuals,0.6858592283527628,0.17513579989865516,0.0,5.146709059674526,0.9933118490342434,0.3432310459525177,1.5717026427356657,-0.22512899381342108,2.073539299368578,0.015298959747548047,28.22850931242233,1.0185272816314714,1.8334185644296488,-0.019196549178955306
1606,6.5457999000000004,-0.046809730538487915,1.5573913635583212,-0.09072838350039941,-0.20580874267456006,6.512972370369331,0.05141574120020235,1.7672051012310905,0,0.0042471,1,Shared Control,0.01,Good Visuals,0.6812384956424935,0.17986599502859962,0.0,5.1349728603809535,0.9930732412930554,0.34974170431259644,1.5782133010957444,-0.23020651683995613,1.9009221489281067,0.015846898500513164,28.16658143557035,1.0191965491789554,1.8795657821221772,-0.019715023548504983
1607,6.549225300000002,-0.04209734155810323,1.5700750772598855,-0.09351308275830558,-0.19713002397120505,6.507071657172137,0.0574743684357826,1.770236659704201,0,0.0034254000000000003,1,Shared Control,0.01,Good Visuals,0.6694251993101493,0.18522144014833022,0.0,5.126053905803436,0.9928956955138821,0.3558298056895485,1.5843014024726965,-0.2481179141538668,1.7051117145923698,0.01631895097563572,28.120434217877822,1.019715023548505,1.9332171553123925,-0.020302031262950545
1608,6.552922200000001,-0.03549999698556466,1.5796668455247425,-0.09297436542134727,-0.1905698141794585,6.4936397393815755,0.06402449885704654,1.7733086847872037,0,0.0036969000000000004,1,Shared Control,0.01,Good Visuals,0.6740853581585522,0.19053711490496067,0.0,5.115824666666645,0.9926890829991352,0.3620459282428325,1.5905175250259804,-0.24714363208962647,1.805857461299178,0.01732062786120335,28.06678284468761,1.0203020312629505,1.9858133368488955,-0.020884679767391303
1609,6.5574891000000015,-0.024504422698000385,1.6335973875672742,-0.08852892155504694,-0.13971129721992948,6.629392761011582,0.07213115241991218,1.7768160557399972,0,0.0045669000000000005,1,Shared Control,0.01,Good Visuals,0.6389078071492871,0.20265657460255684,0.0,5.093398310292368,0.992237634768152,0.3721517802808619,1.60062337706401,-0.2996184774252158,1.2654738089027404,0.01839960144454346,27.94951821500995,1.0215932125982405,2.1054909965302464,-0.02221308780413707
1610,6.5633161000000015,-0.019792033717615697,1.614681722992909,-0.09192318613752787,-0.16213433274708833,6.540274532397543,0.08249659994672431,1.7808274952408618,0,0.005827000000000001,1,Shared Control,0.01,Good Visuals,0.5885680965313513,0.21054105376361784,0.0,5.082755300615818,0.9920260852023922,0.3738212681144448,1.602292864897593,-0.3623102342105903,0.46275683498709164,0.01794096799560427,27.894509003469754,1.022213087804137,2.1845848493484317,-0.023077301700172827
1611,6.5670856,-0.01335176877775662,1.5846518782155543,-0.09584836872448094,-0.1961756170253075,6.454685137535294,0.08921386472165414,1.7831443802834042,0,0.0037695000000000003,1,Shared Control,0.01,Good Visuals,0.6266304913272192,0.21718814296917813,0.0,5.067691859434833,0.9917215343623382,0.3771909898482137,1.6056625866313619,-0.31343389938539035,0.9881012619912894,0.019353604474704304,27.815415150651567,1.0230773017001729,2.2484558576277456,-0.023805885889729043
1612,6.570294700000002,-0.008325220532012952,1.5820661341376776,-0.0975390852536671,-0.20107824614572656,6.461827051562248,0.09493908354613953,1.7849440373363124,0,0.0032091000000000003,1,Shared Control,0.01,Good Visuals,0.6790419090372285,0.22287373688779535,0.0,5.055260513188475,0.9914760984069647,0.3831358194332356,1.6116074162163838,-0.24743081219840699,1.6568182561862574,0.020817129209895067,27.751544142372254,1.023805885889729,2.3030423056255898,-0.024429081052188474
1613,6.574701600000001,-0.0004712388980384689,1.5771650580971046,-0.095410322444178,-0.20777897923920774,6.382780562664971,0.10281013732160924,1.7871557521392103,0,0.0044069,1,Shared Control,0.01,Good Visuals,0.6913710228232011,0.23046620598343623,0.0,5.044633301263048,0.9912663801203172,0.39195216277396067,1.620423759557109,-0.23505081925777663,1.7749120914650263,0.02173890042310204,27.69695769437441,1.0244290810521886,2.378349667139983,-0.025261287868090808
1614,6.578735400000001,0.006126105674500096,1.5865836977658647,-0.09668403164710913,-0.20057205437334558,6.318091915601761,0.11002280165373378,1.7889161261982867,0,0.004033800000000001,1,Shared Control,0.01,Good Visuals,0.6858385327898238,0.23563708378628334,0.0,5.030214834049348,0.9909766342274634,0.3970672816055206,1.6255388783886688,-0.23648902672855537,1.4847950164179764,0.021988855025365996,27.621650332860018,1.025261287868091,2.4261351438830867,-0.025828065249403842
1615,6.5823076,0.010995574287564275,1.619490396739625,-0.0990272273661695,-0.16942572945866163,6.306808723360106,0.11641563408299398,1.790263820912005,0,0.0035722,1,Shared Control,0.01,Good Visuals,0.6841498505294061,0.2411183510532219,0.0,5.020729502685046,0.9907934633322459,0.4022194820880186,1.6306910788711668,-0.238328450860744,1.444528691086445,0.022782343266025525,27.573864856116913,1.0258280652494038,2.479318096757987,-0.02642886426772946
1616,6.5858335000000015,0.01743583922742335,1.6359633086832817,-0.09897979485557062,-0.15430051222872332,6.213244678012439,0.12272998369454316,1.791399107858284,0,0.0035259,1,Shared Control,0.01,Good Visuals,0.6640008388881591,0.24725969511165785,0.0,5.010435701078076,0.9905891156565856,0.40657308597994213,1.6350446827630902,-0.26789906076291853,1.2676461367119423,0.02387728177190328,27.520681903242014,1.0264288642677295,2.5388949644769716,-0.027102013979615158
1617,6.590851800000001,0.028745572780346604,1.6282310710122667,-0.09398441091419656,-0.16316803684601733,6.002257149977616,0.13172314118696987,1.7926803694195372,0,0.005018300000000001,1,Shared Control,0.01,Good Visuals,0.6557390244397954,0.26041856940115987,0.0,4.985567876557049,0.9900955510196444,0.4140262876327016,1.6424978844158498,-0.2703373557153729,1.1079232839872315,0.02554457459276116,27.39220015263463,1.0278808796332188,2.664486739419677,-0.02854435174028025
1618,6.596257100000001,0.03848451000647496,1.6634447546870077,-0.09323863118049491,-0.12923561473252954,5.951444242652184,0.1414158620480638,1.79362011500986,0,0.0054053,1,Shared Control,0.01,Good Visuals,0.6352604133059454,0.27177175720211216,0.0,4.964024384648148,0.9896755019534607,0.4175147975166931,1.6459863942998412,-0.29031749546143,0.6970792067237177,0.02614077108237897,27.282624707090307,1.0291586207994114,2.7720231476326456,-0.029788769090045467
1619,6.6023482000000016,0.04822344723260332,1.655062943020972,-0.09319241481546048,-0.13855717198888806,5.663319714284614,0.15234283263169912,1.794131088864246,0,0.0060911,1,Shared Control,0.01,Good Visuals,0.6124539572397636,0.28461103057085047,0.0,4.940998046415192,0.989222602143252,0.4185718479658306,1.6470434447489788,-0.31072021204952616,0.3955595235945033,0.027299763131383232,27.16454237115949,1.030514543984201,2.8935285308001752,-0.031196075550447393
1620,6.608725900000001,0.05497787143782138,1.6325182483616811,-0.09736496119387775,-0.16161284050256497,5.462391062339599,0.16378532116233296,1.7940432812471088,0,0.0063777,1,Shared Control,0.01,Good Visuals,0.5964297423863708,0.293747889408113,0.0,4.9295499669360785,0.989000244787863,0.41846909383447217,1.6469406906176205,-0.3175408475313978,-0.022664019444702532,0.0265235892220144,27.106471469199825,1.0311960755504475,2.982377619570334,-0.032197562168901066
1621,6.612738500000001,0.06157521601035994,1.6222611924651598,-0.10221010515197303,-0.171782088781949,5.3244696033637,0.17098341749731577,1.7936614473129664,0,0.0040126,1,Shared Control,0.01,Good Visuals,0.6380750489998157,0.2996091912163055,0.0,4.912393695581808,0.9886592362560904,0.4204255531583083,1.6488971499414566,-0.2576905682936119,0.5660887485420432,0.028600751853004418,27.017622380429664,1.032197562168901,3.033362271599976,-0.032840016587008476
1622,6.616331000000001,0.06644468462342412,1.630609335292514,-0.10453873287389165,-0.16305211202045244,5.2350237821438395,0.17742620837599163,1.7931056400542036,0,0.0035925,1,Shared Control,0.01,Good Visuals,0.6708312453233537,0.3048473886039126,0.0,4.9019678192547795,0.9884650970874532,0.4242083205996391,1.6526799173827875,-0.21389653428349978,1.0626945278488513,0.030623086938716182,26.966637728400023,1.0328400165870084,3.0816361077790964,-0.03341417283500838
1623,6.6198114000000015,0.0727278699306037,1.6310203573297457,-0.10469833844538792,-0.16208528272445788,5.0888610145466435,0.1836657159173895,1.7923745167572183,0,0.0034804000000000002,1,Shared Control,0.01,Good Visuals,0.6725856813676523,0.3099187667775853,0.0,4.892391861474884,0.9882805776003385,0.42801774990371827,1.6564893466868666,-0.20971428392085337,1.1110742880706983,0.031868359724567856,26.918363892220903,1.0334141728350084,3.1285377466029214,-0.03397004411074026
1624,6.624360600000001,0.07948229413582175,1.630264393880167,-0.10418342178156775,-0.16211012287705118,4.9749440630405815,0.19181688529371285,1.7911332408529348,0,0.004549200000000001,1,Shared Control,0.01,Good Visuals,0.6714098203459942,0.3165087558012998,0.0,4.883106545638864,0.9881012999685527,0.43269908765485493,1.6611706844380034,-0.2039760280665287,1.0238250702337233,0.03244797993465687,26.871462253397077,1.0339700441107402,3.1912697469095668,-0.034692369577353686
1625,6.6277588000000005,0.08592255907568085,1.6399413406566,-0.105894326218032,-0.15119190019633488,4.944872165146521,0.1979016314809804,1.7899950874175934,0,0.0033982,1,Shared Control,0.01,Good Visuals,0.6676062809911208,0.3213798826176551,0.0,4.8708709339447065,0.9878610736593976,0.43565734227329833,1.6641289390564469,-0.2024477607770525,0.8645317138474997,0.032974965203206044,26.808730253090435,1.0346923695773538,3.2340848869451335,-0.035226291399969065
1626,6.6313084,0.0909491073214245,1.6501255072262744,-0.10695252415955589,-0.139869580191319,4.923723827614905,0.20425300477652372,1.7886138848956974,0,0.0035496000000000004,1,Shared Control,0.01,Good Visuals,0.6642082831608114,0.32668591118333584,0.0,4.862171037553406,0.9876981305767322,0.4386168906856574,1.667088487468806,-0.20764176578839907,0.8302144334490276,0.0340323061298268,26.765915113054866,1.035226291399969,3.283529236030406,-0.03580788259014819
1627,6.6348219,0.09754645189396308,1.656329433624372,-0.10670655288256065,-0.1322844512713255,4.890315328717203,0.2105346146779448,1.78705349017037,0,0.0035135,1,Shared Control,0.01,Good Visuals,0.6571016424638471,0.33207779545682414,0.0,4.852425445848418,0.9875091677931045,0.4411351929525727,1.6696067897357212,-0.21698570833006264,0.7359153322370755,0.03493988280842226,26.716470763969593,1.0358078825901482,3.3330411515873433,-0.036398884382375415
1628,6.6383513,0.10225884087434776,1.6537102588321333,-0.10827577380359703,-0.13334323133823678,4.836173258585064,0.21683879112794677,1.785292831879369,0,0.0035294000000000002,1,Shared Control,0.01,Good Visuals,0.647343689238839,0.3381566016446545,0.0,4.842594610662051,0.9873202033362228,0.44316653438670356,1.671638131169852,-0.22790667561529176,0.5528964164754662,0.03543487684203776,26.666958848412655,1.0363988843823755,3.3894605606042574,-0.0370651793489188
1629,6.6422547000000005,0.10869910581420685,1.6201554080856444,-0.10813968531373992,-0.16513742379372465,4.665522432908232,0.22380334038282754,1.7831205861843997,0,0.0039034000000000004,1,Shared Control,0.01,Good Visuals,0.6547533209595198,0.3444211551064468,0.0,4.831455504367903,0.9871047544405287,0.44568043068762325,1.6741520274707717,-0.2167176618841605,0.6402547628666717,0.03661416770986968,26.610539439395744,1.0370651793489187,3.4467369034044464,-0.03775183398311169
1630,6.645828400000001,0.11545353001942489,1.610165761806809,-0.10834981036340265,-0.1729548243775907,4.59029971599952,0.2301718141678674,1.7809250883152796,0,0.0035737000000000004,1,Shared Control,0.01,Good Visuals,0.684211887480797,0.34862638140872476,0.0,4.820062268110284,0.986886357257757,0.4486184107572056,1.677090007540354,-0.1687446710243981,0.8589580369495735,0.03724559532860596,26.553263096595554,1.0377518339831118,3.4823420872061797,-0.038212766776789676
1631,6.6492451,0.12016591899980958,1.6373209000804438,-0.11000589516805781,-0.14360418823483578,4.600971828616557,0.2362528514086743,1.7786417565396793,0,0.0034167000000000004,1,Shared Control,0.01,Good Visuals,0.6921176055764345,0.35266746874394267,0.0,4.812691111887728,0.9867515224274848,0.45171352837917467,1.6801851251623232,-0.15482975671003096,0.8634485359507451,0.03777360231331461,26.51765791279382,1.0382127667767898,3.5189335280620915,-0.038655708378745726
1632,6.652989100000001,0.12692034320502762,1.650641972675811,-0.10933250820364668,-0.12799978386386823,4.5208000300695845,0.24290708336364678,1.7759334376259783,0,0.0037440000000000004,1,Shared Control,0.01,Good Visuals,0.6703016333502197,0.3573950716058903,0.0,4.805378752011372,0.9866121862821465,0.4538934406920144,1.682365037475163,-0.18554131595982698,0.6379235376447934,0.038795500595830465,26.481066471937908,1.0386557083787458,3.562568603545236,-0.03917389861107094
1633,6.6574749,0.1380729971252714,1.6913905277960166,-0.10483408623837537,-0.08454290982996171,4.534269066987781,0.25086576785234316,1.7724054832598592,0,0.0044858,1,Shared Control,0.01,Good Visuals,0.623441461301041,0.3689493720556439,0.0,4.785563512435397,0.9862293100224102,0.45521244505034286,1.6836840418334915,-0.24256860440550088,-0.0008279536161879264,0.03981965435043097,26.38068004672054,1.039842567146649,3.6673849448311366,-0.04044035981969002
1634,6.6630719,0.14309954537101507,1.6746322354555674,-0.10776622248132808,-0.09777324780429186,4.42516344791681,0.26077261980990507,1.7675728955993972,0,0.005597,1,Shared Control,0.01,Good Visuals,0.584032882456226,0.3752754234407234,0.0,4.775828436004595,0.9860468784916513,0.4532877874933736,1.6817593842765224,-0.28891174782589957,-0.6335486872409319,0.038678470287675806,26.332615055168862,1.04044035981969,3.725333720642359,-0.04113375521110942
1635,6.666325500000001,0.14812609361675874,1.6401488701575095,-0.11264652619314633,-0.1274240254418877,4.279682788049888,0.26651871256544873,1.7645449256262058,0,0.0032536,1,Shared Control,0.01,Good Visuals,0.609820798708534,0.38190842707215383,0.0,4.764325526321452,0.9858262482846029,0.45235654164182315,1.680828138424972,-0.2515554380738161,-0.2608970279460028,0.040442014774287605,26.27466627935764,1.0411337552111095,3.7849261823030007,-0.04186079548778972
1636,6.6698328,0.15440927892393833,1.6094392189533866,-0.11210943364151041,-0.1551057066728192,4.14679894015419,0.2727015168299835,1.7611015926390063,0,0.0035073,1,Shared Control,0.01,Good Visuals,0.6609283091724882,0.3866244692269434,0.0,4.752380994490069,0.985599839287195,0.45383388542291553,1.6823054822060644,-0.1807294437167473,0.4338748255777922,0.04302065763356669,26.215073817697,1.0418607954877896,3.824252039322888,-0.04237771855667016
1637,6.6741624,0.1610066234964769,1.6174351638941773,-0.1116948933335066,-0.14366642874482904,4.139759413779416,0.2803167293294214,1.7565956376730831,0,0.0043296,1,Shared Control,0.01,Good Visuals,0.684717280542807,0.39092255101911877,0.0,4.744187010537458,0.9854515670687933,0.45616446302042274,1.6846360598035715,-0.14160105356424554,0.5812638976199516,0.043344250276982195,26.17574796067711,1.0423777185566703,3.862039818237436,-0.042848829195079964
1638,6.6772667000000006,0.16603317174222057,1.6258767466499142,-0.11428355758720085,-0.13071889102316891,4.082325893706516,0.28576448357247913,1.7531920809871877,0,0.0031043000000000004,1,Shared Control,0.01,Good Visuals,0.6706020712408779,0.39521319661025983,0.0,4.736531068728002,0.9853083979687814,0.45735122341644857,1.6858228201995973,-0.15901277817042198,0.33285476973855843,0.04366405263774276,26.137960181762566,1.04284882919508,3.900072639806508,-0.043319124755139465
1639,6.6808195,0.17263051631475915,1.6214850360711095,-0.11313396725771999,-0.1317070449160782,3.983256901291815,0.29198604734431105,1.7491205857573147,0,0.0035528,1,Shared Control,0.01,Good Visuals,0.6692104605558844,0.39946579248053327,0.0,4.728859483491809,0.9851642287084746,0.4586012691913969,1.6870728659745455,-0.15950913471814746,0.3641157481425772,0.04516637011403036,26.09992736019349,1.0433191247551394,3.9376081215663823,-0.04378524970394586
1640,6.684352700000002,0.17734290529514382,1.6255422760547027,-0.11464314204916723,-0.12357830970261197,3.937586062823905,0.29815861366762664,1.7448859695726497,0,0.0035332000000000002,1,Shared Control,0.01,Good Visuals,0.6638706769800659,0.4038482625754435,0.0,4.721272904015868,0.9850220458976882,0.4592666445824444,1.687738241365593,-0.15965609447744128,0.18634834230872954,0.045193149887071814,26.06239187843362,1.043785249703946,3.976449138047858,-0.04426561010285303
1641,6.6878809000000015,0.1839402498676824,1.6246070752505846,-0.11421836379994424,-0.12027889432206518,3.8619258166057278,0.304307190443807,1.7404736861637944,0,0.0035282000000000004,1,Shared Control,0.01,Good Visuals,0.6620728044138419,0.40818379973403124,0.0,4.713440500152078,0.9848749016514255,0.45987866310591435,1.688350259889063,-0.16019941010997416,0.17646575268724796,0.046298433732745954,26.023550861952142,1.0442656101028531,4.014514120710008,-0.04474082620561545
1642,6.691644,0.19038051480754145,1.6273670163914562,-0.11392667563626555,-0.11310666977233819,3.835830107422189,0.3108475988771966,1.735566571162288,0,0.0037631,1,Shared Control,0.01,Good Visuals,0.6559229608907944,0.41393919309949806,0.0,4.705728586458682,0.9847308784009243,0.4599947402686786,1.6884663370518271,-0.16317805066021165,0.02560826922967152,0.04662208573526516,25.985485879289993,1.0447408262056155,4.067116643631761,-0.04537167205122982
1643,6.695700800000001,0.19682077974740053,1.636129614568654,-0.11402681912979606,-0.09943695659363416,3.8815977039359133,0.3178773271426149,1.7300455016586724,0,0.0040568,1,Shared Control,0.01,Good Visuals,0.6462758835954521,0.4185562020691772,0.0,4.6952905934683455,0.9845311099647369,0.4594864387062827,1.6879580354894312,-0.17322960491821046,-0.14827068502301977,0.047158716185384,25.93288335636824,1.0453716720512298,4.105675291117062,-0.04587774014123433
1644,6.699337,0.2018473279931442,1.6420658547678026,-0.11602999914947071,-0.08797964689086979,3.9349956624493676,0.32415881144193925,1.7248945864972776,0,0.0036362,1,Shared Control,0.01,Good Visuals,0.6323594367309436,0.42396748959143243,0.0,4.6872751703102065,0.9843861078172229,0.45825525283943586,1.6867268496225845,-0.19326258178259073,-0.343120747685985,0.04772663234899644,25.894324708882937,1.0458777401412342,4.154253006191806,-0.046470868714047826
1645,6.702936000000001,0.20813051330032378,1.6410639783379186,-0.11602829814161547,-0.08383060815935894,3.9639512242259722,0.330357252003511,1.719609432554858,0,0.003599,1,Shared Control,0.01,Good Visuals,0.6293260417451789,0.4294290874969226,0.0,4.677551443632143,0.9842020828560727,0.4571277448278829,1.6855993416110315,-0.20074094016361457,-0.329603604873995,0.04919294745669714,25.845746993808195,1.0464708687140478,4.201762637506168,-0.0470695117833066
1646,6.707594800000001,0.21975440611860603,1.632291677119595,-0.11060284588490499,-0.0873177554352631,4.0169849466404415,0.3383521131593003,1.7124939456021118,0,0.0046588,1,Shared Control,0.01,Good Visuals,0.6310282930154744,0.44080463698331657,0.0,4.657111972027999,0.9838209770270858,0.4543803005462091,1.6828518973293578,-0.19913787528070492,-0.3497048586708189,0.05103811577012545,25.744832427203193,1.0477325406204787,4.3000618324269135,-0.048316380186451846
1647,6.7132000000000005,0.2246238747316702,1.6587314030403462,-0.11372823842763011,-0.0537625425617656,4.146177588086351,0.3479260599034848,1.7035271858912102,0,0.0056052,1,Shared Control,0.01,Good Visuals,0.5999540189481598,0.4463126812251339,0.0,4.647834365300016,0.9836522997661751,0.4513817090949489,1.6798533058780976,-0.23634601939210625,-0.9767717030718313,0.04875424732961725,25.699938167573087,1.048316380186452,4.347969844357105,-0.04892011421586841
1648,6.716418300000001,0.22933626371205487,1.6598099334710525,-0.11858979619142992,-0.04371725242015767,4.109977384069685,0.3533999563688595,1.6981804706786927,0,0.0032183000000000003,1,Shared Control,0.01,Good Visuals,0.5803565799252914,0.45378385969788326,0.0,4.638097330277205,0.9834717328747251,0.4476146654322388,1.6760862622153876,-0.27013290382495614,-1.06742332682839,0.0507583550236469,25.652030155642894,1.0489201142158684,4.415307207697584,-0.04973902642604975
1649,6.7198627,0.23593360828459345,1.629895522437633,-0.11746634808426606,-0.06828494824105968,3.9705921750352915,0.3592390876478167,1.692299346875453,0,0.0034444000000000002,1,Shared Control,0.01,Good Visuals,0.5914212741504357,0.46091022084897715,0.0,4.624662023013159,0.983217036925215,0.44498351844940776,1.6734551152325565,-0.25546366410955756,-0.7706707427524275,0.053814135436532406,25.584692792302416,1.0497390264260498,4.4755462204407985,-0.05052014337862674
1650,6.724185,0.24221679359177303,1.6343879708330797,-0.11702229405604367,-0.057911376042373286,4.005633637875877,0.3665373579633701,1.684689036078128,0,0.0043223,1,Shared Control,0.01,Good Visuals,0.6089069291970461,0.46810478431946007,0.0,4.612243828777574,0.9829910087855966,0.4422721272623937,1.6707437240455425,-0.22255251404958537,-0.677153714196475,0.054141440437841894,25.524453779559202,1.0505201433786266,4.537148894500143,-0.051308735954000595
1651,6.7273624000000005,0.2472433418375167,1.6324468251086013,-0.11929401612585341,-0.05224221096952664,3.9743370553170707,0.37188117984344954,1.678932623697353,0,0.0031774000000000004,1,Shared Control,0.01,Good Visuals,0.5951726495229415,0.4750046870339764,0.0,4.5996336851166495,0.9827596538458068,0.4391694916381563,1.667641088421305,-0.24039686297212523,-0.8706464317649001,0.054778695719672754,25.46285110549986,1.0513087359540005,4.595324570843785,-0.05206503090834955
1652,6.730846900000001,0.2536836067773758,1.6138816722006508,-0.11819757306607376,-0.06505095149670215,3.889034177804024,0.3777201971532087,1.6724635889857828,0,0.0034845,1,Shared Control,0.01,Good Visuals,0.5986073707189776,0.4815988874944674,0.0,4.587633447561509,0.9825417281058778,0.43653088181297917,1.665002478596128,-0.23395172484986423,-0.7686913200422687,0.05666521679488714,25.404675429156214,1.0520650309083495,4.65073581759197,-0.05278781798848368
1653,6.7343282,0.2583959957577605,1.6077882738126306,-0.11932420139544819,-0.06467531517315228,3.8627368243001574,0.383531059780648,1.6658387385055995,0,0.0034813,1,Shared Control,0.01,Good Visuals,0.6047960255370309,0.4879643102790286,0.0,4.57618735461224,0.9823343833709725,0.43369812743077363,1.6621697242139224,-0.21873896342037355,-0.7910070317785998,0.05692381969316714,25.349264182408028,1.0527878179884838,4.704141380508036,-0.05348552885970122
1654,6.738024600000001,0.26483626069761956,1.599226889793826,-0.11869479908302843,-0.0666118487117735,3.7958578236288254,0.38967539696800174,1.6586293239260803,0,0.0036964000000000003,1,Shared Control,0.01,Good Visuals,0.6082527920503992,0.4940657017675647,0.0,4.565150351748545,0.9821347125683998,0.43111783385132274,1.6595894306344716,-0.21179990537627194,-0.7346240688563004,0.05822595163352578,25.295858619491966,1.0534855288597011,4.755069342085257,-0.05415429938998412
1655,6.7415679000000015,0.2712765256374786,1.597067605388152,-0.11839887133052313,-0.061561718537928245,3.7669845483020046,0.3955399258354139,1.6515508244905572,0,0.0035433,1,Shared Control,0.01,Good Visuals,0.6060165469635053,0.5017165279471346,0.0,4.554600614753837,0.9819445542621589,0.4273970648196631,1.655868661602812,-0.20886958057058214,-0.8286237070261766,0.05864302920511654,25.244930657914743,1.0541542993899842,4.821956287655688,-0.05499290269725048
1656,6.7457645,0.27740263131197873,1.6030430443244055,-0.11813729452343519,-0.04850778016615176,3.7950760541321578,0.4024528713736286,1.6429572934545205,0,0.0041966,1,Shared Control,0.01,Good Visuals,0.5980930873853599,0.5077231933041805,0.0,4.541076664992633,0.9816934461896523,0.4241295767727752,1.652601173555924,-0.21529223562621463,-0.9536491395639377,0.0594026706368096,25.178043712344312,1.0549929026972504,4.86900273179731,-0.05565129034269351
1657,6.749286100000001,0.2824291795577224,1.60596083158838,-0.12002369181590622,-0.03699646186614047,3.8170552449855046,0.4082257525737042,1.6355723473309467,0,0.0035216,1,Shared Control,0.01,Good Visuals,0.5828919897159972,0.5145368471109807,0.0,4.531004831626486,0.98151960926577,0.42000955783428284,1.6484811546174316,-0.23467109307006892,-1.1546167470482764,0.05998104442375499,25.13099726820269,1.0556512903426936,4.927486047654333,-0.05639813159654512
1658,6.752978200000001,0.28855528523222246,1.6047202073083215,-0.11967046734148173,-0.030852140022625152,3.8221185889854215,0.4142498985467486,1.627661771643605,0,0.0036921000000000002,1,Shared Control,0.01,Good Visuals,0.5787008903404806,0.5213693358731544,0.0,4.519076379923901,0.9813008539927309,0.4160875414103409,1.6445591381934896,-0.2403291086623201,-1.14104981494879,0.0617566119655764,25.072513952345666,1.0563981315965452,4.984041686310779,-0.057147037340622715
1659,6.757460700000001,0.29970793915246624,1.6248209387909436,-0.11454195939428236,-0.002840832852661457,3.9202747374110034,0.4215239486033879,1.6178294358840577,0,0.0044825,1,Shared Control,0.01,Good Visuals,0.5506656264853713,0.5363339563321752,0.0,4.492977368046555,0.980827736467932,0.4065352222255169,1.6350068190086657,-0.2747753426199787,-1.498264820277467,0.06323751113990822,24.94559797207061,1.058046643558292,5.107126767745588,-0.058787302053789445
1660,6.7631709,0.30442032813285097,1.6219422944048554,-0.1171036204705369,0.00411285852079768,3.9097935271380635,0.43072548710422137,1.6049473122635778,0,0.0057102,1,Shared Control,0.01,Good Visuals,0.5161269472924178,0.544031637515931,0.0,4.481686305182255,0.980633726377356,0.40033933316845915,1.628810929951608,-0.3185293192313309,-2.029044097805132,0.06143274224797481,24.892873232254413,1.0587873020537895,5.172328701500314,-0.059631041115097275
1661,6.766515500000001,0.31054643380735103,1.605578041920236,-0.12017905329687034,0.0006307296566581133,3.8476676938056276,0.4360805075349532,1.597219258162125,0,0.0033446,1,Shared Control,0.01,Good Visuals,0.5192239220144698,0.554061802928535,0.0,4.46831728500712,0.9803909982689982,0.392843911822636,1.6213155086057849,-0.3127902451571092,-1.8901102849059734,0.06370807440363029,24.827671298499688,1.0596310411150973,5.258432343439982,-0.060730442629393776
1662,6.7703018,0.31510174315505624,1.5638314069430814,-0.12097876437989696,-0.03338785121904353,3.6774932195254824,0.44211124620604836,1.588310320095064,0,0.0037863000000000003,1,Shared Control,0.01,Good Visuals,0.5342736962346786,0.5626210408431217,0.0,4.450791055850075,0.980070102992671,0.3870439588029318,1.6155155555860807,-0.28791956063653035,-1.6179293181500283,0.06658662294390848,24.74156765656002,1.0607304426293938,5.324759828434649,-0.06166861650165074
1663,6.774732700000001,0.3245265211158256,1.5174926406805191,-0.11758472509022277,-0.07081767941454475,3.4451215077156654,0.449125405262119,1.5776717279392063,0,0.004430900000000001,1,Shared Control,0.01,Good Visuals,0.5694435246783112,0.5730397499274852,0.0,4.436557152336712,0.9798271255372695,0.38041161653520666,1.6088832133183555,-0.23039132968229767,-1.2227544233559762,0.06806519833533241,24.67524017156535,1.0616686165016507,5.413021757225005,-0.06281060609735274
1664,6.779156500000001,0.3290818304635308,1.4944759201949736,-0.12004357479858824,-0.08319580774423274,3.1861420634953026,0.45608079962564413,1.5668249221982105,0,0.0044238,1,Shared Control,0.01,Good Visuals,0.5889126192191146,0.578474194623038,0.0,4.418488352544935,0.9794994914295448,0.3760999333530247,1.6045715301361736,-0.18701843032539744,-1.1987220056665269,0.06738072146099335,24.586978242774997,1.0628106060973528,5.446595376224183,-0.06340627291658021
1665,6.782946000000001,0.3352079361380309,1.4914874239890326,-0.12087286348761322,-0.0753374982091779,2.9205099855842156,0.4620003950539662,1.557357495834318,0,0.0037895000000000003,1,Shared Control,0.01,Good Visuals,0.6109107095576491,0.5824651361011999,0.0,4.410316943280066,0.9793822537551574,0.3730312943859438,1.6015028911690927,-0.14284019909804493,-0.9036305447984105,0.06944211025128375,24.55340462377582,1.0634062729165803,5.476977352007493,-0.06384371805572482
1666,6.786310500000001,0.3397632454857361,1.5024790382323885,-0.12223714956823006,-0.05487845760192944,2.7015432787015077,0.46722579393164554,1.5488180921991082,0,0.0033645000000000003,1,Shared Control,0.01,Good Visuals,0.6060691068745134,0.5864017875179767,0.0,4.403744675245078,0.9792716729784354,0.3695167704576276,1.5979883672407766,-0.13263566942741453,-0.9819848919575822,0.0704042288822544,24.523022647992505,1.0638437180557248,5.5085945550772495,-0.06427521248785285
1667,6.790820100000001,0.34588935116023617,1.4975919053445876,-0.12133644277140937,-0.05122618685452052,2.4182229159570414,0.4741841815275226,1.537178367769458,0,0.0045096,1,Shared Control,0.01,Good Visuals,0.5912233028684226,0.5910934234236832,0.0,4.397098237697941,0.9791555788705215,0.36503150308682425,1.5935030998699733,-0.1385469172294149,-1.1133563448352675,0.07168008300791238,24.49140544492275,1.064275212487853,5.54758313611697,-0.06478946039973474
1668,6.794097300000001,0.3518583772020568,1.4834215556707173,-0.1223258043254658,-0.053756812098740614,2.120081107860534,0.4792077685914732,1.5285825672285267,0,0.0032772,1,Shared Control,0.01,Good Visuals,0.5827025026801924,0.5954699555431192,0.0,4.3890479700608225,0.9790116719474569,0.35995843198914534,1.5884300287722943,-0.13139218719439938,-1.271541995056996,0.07172117334380418,24.45241686388303,1.0647894603997348,5.581676867171996,-0.06526916994006086
1669,6.797888200000001,0.3578274032438774,1.4995587118936298,-0.12138036534759578,-0.02902385533489693,1.9550700486511499,0.48498340515031735,1.5184981213485282,0,0.0037909000000000003,1,Shared Control,0.01,Good Visuals,0.588625277615063,0.5984901092382201,0.0,4.381768998011609,0.9788872983808389,0.35581765660139997,1.584289253384549,-0.10505766825414155,-1.2117451093718117,0.07284134126346142,24.418323132828004,1.065269169940061,5.603081223409204,-0.06560020750616417
1670,6.8013046,0.36222563295890314,1.5209135762897874,-0.1227577721914142,0.0024154549412591653,1.792408119350692,0.49015549380547924,1.5092823081173767,0,0.0034164000000000004,1,Shared Control,0.01,Good Visuals,0.5596859287848064,0.6024310871623906,0.0,4.376960542456241,0.9788106611494631,0.35013960517949566,1.5786112019626446,-0.13135156871501846,-1.583305845157641,0.07264494811625766,24.396918776590795,1.0656002075061641,5.636557410897261,-0.06603217616464688
1671,6.804965900000001,0.36803757936804427,1.5159656420848158,-0.12211791443743497,0.006683333967439031,1.5558179647480048,0.49566314869558437,1.4992740210900708,0,0.0036613,1,Shared Control,0.01,Good Visuals,0.5341034742106826,0.6069450941384769,0.0,4.370130204956833,0.9786868286577401,0.3439213636165192,1.572392960399668,-0.15413459123583226,-1.7974393880550537,0.07395309815890674,24.36344258910274,1.066032176164647,5.673240524588617,-0.0665269542566231
1672,6.8091311,0.37400660540986486,1.5159728346514858,-0.12165654328571951,0.016698813561415005,1.403022547699468,0.5018839337015494,1.4877256556395337,0,0.0041652,1,Shared Control,0.01,Good Visuals,0.5261964281927071,0.6119029072894183,0.0,4.362475578607,0.9785522140423902,0.3363296378602968,1.5648012346434457,-0.14869897740435287,-1.9177320221846568,0.07411886907422344,24.326759475411382,1.0665269542566231,5.713248147006665,-0.06707037772588063
1673,6.8122787,0.37840483512489054,1.5069483913676454,-0.12347909857665884,0.019222735728111617,1.2271084638661716,0.5065528123916435,1.4788860683762017,0,0.0031476000000000004,1,Shared Control,0.01,Good Visuals,0.5133664450388019,0.6165106354858567,0.0,4.354099209196493,0.9784056702615145,0.32896291131965527,1.5574345081028043,-0.15414783579690636,-2.0675628797758927,0.07444199252731273,24.286751852993334,1.0670703777258805,5.748782304527567,-0.06757542855487945
1674,6.8158776,0.3842167815340317,1.4790793079934639,-0.1223360308576118,0.000193239617262142,1.001714857324461,0.5118568158681567,1.4686626718549491,0,0.0035989000000000004,1,Shared Control,0.01,Good Visuals,0.5178946143237336,0.6204991772358937,0.0,4.3464827212636346,0.9782766793917961,0.32228866652466875,1.5507602633078177,-0.13653434064322956,-1.9444267428948407,0.0761261775327167,24.251217695472434,1.0675754285548795,5.778997133778647,-0.06801261066100057
1675,6.819274400000001,0.3886150112490574,1.46345138985477,-0.12324180461909928,-0.005211282000179063,0.8500910990600146,0.5168290215118709,1.4589016515721847,0,0.0033968,1,Shared Control,0.01,Good Visuals,0.5307428178390338,0.6236378589969084,0.0,4.3399465784570115,0.9781674490354866,0.3156287535677117,1.5441003503508606,-0.104401373675538,-1.8690819928595257,0.07590940649345301,24.221002866221355,1.0680126106610006,5.802034163874026,-0.06835664003030871
1676,6.824169300000001,0.39866810774054473,1.441711809571132,-0.1181609137713262,-0.017189842001052558,0.5254738592833165,0.5239354060079566,1.44464930197583,0,0.004894900000000001,1,Shared Control,0.01,Good Visuals,0.5364797900431301,0.6283309713339267,0.0,4.33079575648817,0.978017644918484,0.3031049454719939,1.5315765422551428,-0.07520229805891948,-1.8300366406978226,0.07664284084280232,24.179303211545353,1.0686327007205665,5.837146018183556,-0.06887104977310296
1677,6.8296986,0.40416589488432686,1.4327346567705077,-0.11976951112362977,-0.01191464520532226,0.35898556247076197,0.5318782082693515,1.4282924844427929,0,0.0055293,1,Shared Control,0.01,Good Visuals,0.5281212248891285,0.6304173344188404,0.0,4.327236987170313,0.977958283675578,0.29608096796899164,1.5245525647521405,-0.07443013307724833,-2.0434578020545953,0.07424416172364175,24.162853981816443,1.0688710497731029,5.853356429236801,-0.06909973500814845
1678,6.833320500000001,0.40840704496667307,1.421791305996535,-0.12347116330267843,-0.00650117844625786,0.18855550242095948,0.5370317114343934,1.4174345719570285,0,0.0036219000000000004,1,Shared Control,0.01,Good Visuals,0.5295083225049296,0.6322229189618135,0.0,4.323779834275493,0.9778994965238459,0.28895572125836666,1.5174273180415154,-0.061129827083687624,-1.993577882718724,0.07550477594720634,24.1466435707632,1.0690997350081484,5.866891234808353,-0.06929764424484364
1679,6.8368737,0.4142189913758142,1.4156354496926116,-0.12281272005857924,-0.0017991222644169191,0.05131473151170307,0.5420490560474245,1.4066752530521425,0,0.0035532000000000003,1,Shared Control,0.01,Good Visuals,0.5398561030766016,0.6332909859604925,0.0,4.3208382137572485,0.9778507748831667,0.2828836912872367,1.5113552880703855,-0.03648628292856309,-1.7657922968359925,0.07806129927083011,24.133108765191647,1.0692976442448436,5.873753258031014,-0.06941471454502456
1680,6.841090900000001,0.41987385815227585,1.4228258272593344,-0.12217519789514864,0.016150574207191903,-0.00017516051969518331,0.5479541273806873,1.3937708944385254,0,0.0042172,1,Shared Control,0.01,Good Visuals,0.5322136324108245,0.6346922592378212,0.0,4.31921385652758,0.9778269163583825,0.2742163959689913,1.5026879927521402,-0.0362772053661814,-1.9003475889068886,0.0777761885743876,24.126246741968984,1.0694147145450246,5.885577465397994,-0.06956830742207747
1681,6.844805300000001,0.425371645296058,1.4313337697387953,-0.1225824820846293,0.037562875300269916,0.004716692205157212,0.5531098566344393,1.3822875153384329,0,0.0037144,1,Shared Control,0.01,Good Visuals,0.5116138989497085,0.6363581055653099,0.0,4.3167981021118225,0.9777834055072349,0.2669183923491282,1.495389989132277,-0.05767611561871838,-2.1286287355587277,0.0775436523748998,24.114422534602006,1.0695683074220774,5.899010563254279,-0.06975090002147018
1682,6.8483228,0.4294557157457247,1.426031229772848,-0.12365414088871463,0.04374371443441505,-0.004687807602973292,0.5579527814139777,1.371314212057569,0,0.0035175000000000002,1,Shared Control,0.01,Good Visuals,0.4920930214207472,0.6387839509347774,0.0,4.3139894655921385,0.9777343897371136,0.2586206315844361,1.487092228367585,-0.0807514528184195,-2.331814181450639,0.07800635607486824,24.10098943674572,1.0697509000214702,5.919459406215754,-0.07001679574331843
1683,6.8519065,0.43495350288950685,1.4103141518421807,-0.1229992785244709,0.03899993978461169,-0.02911110809130759,0.5628469841269349,1.360038402947636,0,0.0035837000000000004,1,Shared Control,0.01,Good Visuals,0.49015945166138497,0.6411294987056306,0.0,4.30981034742471,0.9776591859118403,0.2507561879442939,1.4792277847274427,-0.08045126299326075,-2.2953837021020984,0.07898828066633873,24.080540593784246,1.0700167957433184,5.937340129232021,-0.07027389008474279
1684,6.855423200000001,0.43903757333917354,1.392571467239632,-0.12380941078776136,0.032533064291996094,-0.046314152451216895,0.5676102402487156,1.3488818522470878,0,0.0035167,1,Shared Control,0.01,Good Visuals,0.49150399341422,0.6434293805528065,0.0,4.305961252925935,0.9775946901600159,0.2423009975433723,1.470772594326521,-0.07430408530087051,-2.313448177991022,0.07885846578154827,24.06265987076798,1.0702738900847428,5.955165331067611,-0.07052597900665737
1685,6.8591414,0.4445353604829557,1.3631267729581544,-0.12307487976575993,0.014244920711066644,-0.11895447729381126,0.5726035752438974,1.336990328041553,0,0.0037182,1,Shared Control,0.01,Good Visuals,0.500845612834026,0.645391085293238,0.0,4.302158151448921,0.9775302051843183,0.2337921985638011,1.46226379534695,-0.05870225357529249,-2.1711104538213384,0.07966261248977725,24.04483466893239,1.0705259790066575,5.969678689909522,-0.07074100050166908
1686,6.862961500000001,0.4498760679940584,1.352446054556335,-0.122727507249839,0.015455726514782109,-0.13258711463612097,0.5776875179970635,1.3246736338220102,0,0.0038201000000000003,1,Shared Control,0.01,Good Visuals,0.5151729136266245,0.6463507766010955,0.0,4.298984604626212,0.9774782173257077,0.2267201007613292,1.455191697544478,-0.03285248510317686,-2.0541703852886863,0.07943143022435857,24.03032131009048,1.070741000501669,5.975073402005452,-0.07084619179550258
1687,6.866280600000001,0.4538030588110456,1.361090215059672,-0.12388445918601793,0.03641658123766178,-0.11404050038090689,0.5820663715320775,1.313893166744282,0,0.0033191,1,Shared Control,0.01,Good Visuals,0.5123269567005813,0.6473475781264161,0.0,4.297604717171824,0.9774601904748417,0.2191447810467289,1.4476163778298778,-0.032936769905544644,-2.117963406100677,0.07932501962125002,24.024926597994547,1.0708461917955026,5.983146897717821,-0.07095545072208154
1688,6.869880800000001,0.45914376632214826,1.355434108515172,-0.12292260520992926,0.04154094177089007,-0.16770711542312483,0.5867754802043,1.3021192599695752,0,0.0036002,1,Shared Control,0.01,Good Visuals,0.49660326048571557,0.6488729680306231,0.0,4.2959217842681054,0.9774307541796381,0.21150125874729986,1.4399728555304487,-0.052252136969965675,-2.23331550019841,0.08019630462156954,24.01685310228218,1.0709554507220815,5.996051165811782,-0.07112264796176718
1689,6.874259,0.46841146465023814,1.371727951301945,-0.1183640155540619,0.06960869133236969,-0.08466181912484463,0.5924448793611862,1.287692280733367,0,0.0043782000000000005,1,Shared Control,0.01,Good Visuals,0.466179857511106,0.6529663078543545,0.0,4.28992471255072,0.9773241144282871,0.19427791634140865,1.4227495131245576,-0.08465352409449844,-2.6022744978866443,0.07959421599159205,23.9877272298513,1.0713403483894308,6.02871760024774,-0.0715713169333761
1690,6.8800895,0.4761083666515331,1.339726460071625,-0.11633651270965306,0.052034179338257935,-0.158371106379784,0.5998963398509628,1.2683028567666643,0,0.005830500000000001,1,Shared Control,0.01,Good Visuals,0.4420017694194489,0.6586841813222275,0.0,4.281334890071443,0.9771736290197783,0.17678779281600265,1.4052593895991514,-0.11258649840447407,-2.8650160338574997,0.07878282477409965,23.946441533037614,1.071897459984376,6.073959984790127,-0.07219805024140669
1691,6.8861536,0.4800353574685204,1.3153197240933698,-0.11986098238244242,0.047016867326705514,-0.2204626194872028,0.6075257978347857,1.2479344176155032,0,0.0060641,1,Shared Control,0.01,Good Visuals,0.4467159844847015,0.6611620901317806,0.0,4.276891252802349,0.9771006240769342,0.1679704650253752,1.396442061808524,-0.10141701940572374,-2.8918753003041893,0.07662902063204075,23.92604001520987,1.0721980502414068,6.092572029365686,-0.07246965261140231
1692,6.890870100000001,0.4888318168985718,1.2473266540629964,-0.11869398093621386,-0.0006077635525068015,-0.43851480337768467,0.6133740500814504,1.2319586338962716,0,0.0047165,1,Shared Control,0.01,Good Visuals,0.49757632643465327,0.6637788883162703,0.0,4.269474050727761,0.9769789224910593,0.15148614865903606,1.379957745442185,-0.018286395455470665,-2.125667766287421,0.08205956345404317,23.89199868351793,1.0727002105937768,6.108575890748858,-0.07275647857770404
1693,6.8964523,0.4963716392671873,1.2617101910044435,-0.1170024108142631,0.0297515571081719,-0.4378437525986127,0.6201979895947861,1.2129091590827588,0,0.005582200000000001,1,Shared Control,0.01,Good Visuals,0.49237166383886305,0.6642224444672811,0.0,4.2691424243314025,0.9769843452561986,0.13672391300720485,1.3651955097903539,-0.01697895522697309,-2.290095997500262,0.08015943052098923,23.89263750282232,1.0727504095435003,6.112511889470848,-0.0728050965499943
1694,6.9032494,0.5050110190645593,1.2567703783763182,-0.11518697053022686,0.04386121929355946,-0.5513792516755507,0.628362886243753,1.1895219573714029,0,0.0067971,1,Shared Control,0.01,Good Visuals,0.47046287356976113,0.6661926185793628,0.0,4.266163087874722,0.9769274492788282,0.11990322090732464,1.3483748176904737,-0.03208650202372727,-2.5584530321042243,0.07904667653371487,23.877362567416263,1.0729316658444386,6.127985322645392,-0.0730210463686811
1695,6.909195800000001,0.5098804876776234,1.2611250577437034,-0.11848239856612963,0.07160310037230055,-0.6107794806148993,0.6353750268575267,1.168903677588101,0,0.0059464,1,Shared Control,0.01,Good Visuals,0.4484142804970741,0.6680030151918647,0.0,4.264915500535877,0.9769089019226499,0.10881003651163282,1.337281633294782,-0.058698998744579,-2.8567120920096345,0.07673670952375573,23.872014677354606,1.0730210463686811,6.144180856098396,-0.07321948305395856
1696,6.913135200000001,0.5134933192292517,1.2382951006294731,-0.121881707628275,0.06939142304137214,-0.7767898775153012,0.639952773340371,1.1551699724448012,0,0.0039394,1,Shared Control,0.01,Good Visuals,0.4349919321273979,0.6700101108977645,0.0,4.2617076428698315,0.9768489216772028,0.09843861541146659,1.3269102121946157,-0.06876472135924064,-2.89163328412363,0.07914659948933886,23.855819143901606,1.0732194830539585,6.159687969531369,-0.07343947983044556
1697,6.916869100000001,0.5180486285769569,1.2045049584514143,-0.12190414476341416,0.04933498600661301,-0.9470895707399609,0.6442416801878057,1.1421020777904227,0,0.0037339,1,Shared Control,0.01,Good Visuals,0.4512399928955577,0.6710082014707737,0.0,4.258399934864855,0.9767930957330819,0.08947838492372659,1.3179499817068756,-0.03465530125318115,-2.6031290455652076,0.08166197644442943,23.84031203046863,1.0734394798304456,6.165094569314893,-0.07354888004890979
1698,6.9203271000000015,0.5218185397612646,1.1835089906835452,-0.12242314042654112,0.04140691289312248,-1.0608652954278135,0.6481700843691505,1.1299587774459696,0,0.003458,1,Shared Control,0.01,Good Visuals,0.47075541625547856,0.6708959827088593,0.0,4.256989103431711,0.9767753792223215,0.08091315422211857,1.3093847510052676,0.0037595937422590744,-2.40704549842851,0.08179868092953137,23.834905430685108,1.0735488800489097,6.162095195470335,-0.07353657980542368
1699,6.9247283,0.5276304861704058,1.1662102270707895,-0.12053959819874471,0.036251449624819854,-1.1946176116216187,0.6531091522730835,1.1144505095074726,0,0.0044012,1,Shared Control,0.01,Good Visuals,0.48075733049470765,0.6698007518860527,0.0,4.257390354766326,0.9767877856977324,0.06951606766421795,1.297987664447367,0.02601891746082759,-2.282155898658517,0.08213319310276898,23.837904804529664,1.0735365798054237,6.15183956861695,-0.07341653209179527
1700,6.9287884,0.5323428751507904,1.1645642711693633,-0.12076627712229315,0.05011376166189074,-1.2898112013923455,0.6576048074305083,1.1000960817126237,0,0.0040601000000000005,1,Shared Control,0.01,Good Visuals,0.4780122339194594,0.6688398891685172,0.0,4.2593770171348755,0.9768260488734106,0.06132981116794931,1.2898014079510982,0.03336812309613093,-2.361329322795844,0.0807375135055619,23.84816043138305,1.0734165320917952,6.145029301477794,-0.07331121240032118
1701,6.9323630000000005,0.5357986270697392,1.1766283915411442,-0.12180618036076907,0.07653230982852044,-1.34979336786945,0.6615145702490582,1.0874234212563065,0,0.0035746000000000003,1,Shared Control,0.01,Good Visuals,0.46561917817958626,0.6680717438405956,0.0,4.26089818661859,0.9768500984969528,0.05235221728250929,1.2808238140656583,0.025802408051975,-2.506447564196777,0.08077330340576899,23.854970698522205,1.0733112124003212,6.139491218641241,-0.0732270163674566
1702,6.9359056,0.5403539364174443,1.1761689025882363,-0.1211606338316139,0.08874548133192972,-1.45120260149159,0.6653445869360124,1.0748351224812558,0,0.0035426000000000003,1,Shared Control,0.01,Good Visuals,0.4443909296197847,0.6679557414016285,0.0,4.262123854335705,0.9768697360484697,0.043223124722511545,1.2716947215056604,0.004075657352713836,-2.6793532988957933,0.0813752673241811,23.86050878135876,1.0732270163674567,6.1399850706081445,-0.0732143013969834
1703,6.9409112,0.5480508384187394,1.1398954447423573,-0.11729374851727303,0.06506032226110148,-1.6425791343646372,0.6706801747841283,1.0570043178589246,0,0.005005600000000001,1,Shared Control,0.01,Good Visuals,0.4350961108997805,0.6678848270058497,0.0,4.261808126753736,0.9768594726660033,0.023705710616222734,1.2521773073993716,0.009691635145665196,-2.7325057580488172,0.08141324705306288,23.858048651480594,1.073235413213368,6.1388641090827205,-0.07320652850482286
1704,6.946157300000001,0.5515065903376881,1.1464346453978245,-0.11917358444644022,0.0894303275388999,-1.5938810959431762,0.6761762020113421,1.0382695032453595,0,0.0052461,1,Shared Control,0.01,Good Visuals,0.43639133026885596,0.667447340933305,0.0,4.2623490450393655,0.9768713788070043,0.015179512889396144,1.243651109672545,0.0179865134622711,-2.8272698633241333,0.07833871493732654,23.86113589091728,1.073206528504823,6.135273025401213,-0.07315857587085783
1705,6.949350500000001,0.5546481829912779,1.148241909064822,-0.12152801902006416,0.10997240581946244,-1.6105058211741854,0.6794733691917595,1.02684609659853,0,0.0031932,1,Shared Control,0.01,Good Visuals,0.4206847929946364,0.6675017079260654,0.0,4.263091466085432,0.9768844668917682,0.004725169468857029,1.233196766252006,-0.001872140481019326,-2.937933740034598,0.0795420920482672,23.86472697459879,1.073158575870858,6.136800199398334,-0.07316453501028473
1706,6.9529812,0.5590464127063037,1.1214751380924692,-0.12042695648545576,0.09462904149393925,-1.73137619601901,0.6831779375662153,1.0138424317044556,0,0.0036307,1,Shared Control,0.01,Good Visuals,0.41063088816358695,0.6678050823412601,0.0,4.262889587973874,0.9768781355979317,-0.005458878900610932,1.223012717882538,-0.010602781445935999,-2.948650289382118,0.08112016025676419,23.863199800601667,1.0731645350102847,6.139522292618005,-0.07319778773122637
1707,6.957594,0.5664291554422397,1.1069004253857269,-0.11674878212397555,0.09305799368127121,-1.7405246307115338,0.6878164495212111,0.9973026157173903,0,0.0046128,1,Shared Control,0.01,Good Visuals,0.4163773991831486,0.6671075098789593,0.0,4.2632187027749024,0.9768869921224663,-0.025536704359951673,1.2029348924231973,0.011095278072200798,-2.896711437606802,0.08001231112991448,23.86539845789031,1.0731510783817804,6.1330828554920505,-0.07312132715556913
1708,6.9632281,0.5728694203820988,1.0830091832999462,-0.11494702913911237,0.0857065675825559,-1.7925678879335025,0.6933783943549355,0.9770808084163183,0,0.0056341,1,Shared Control,0.01,Good Visuals,0.40920310045506786,0.6669003442146754,0.0,4.2635549860760324,0.9768897717558418,-0.043488483083158114,1.1849831136999909,0.008669269002523078,-2.9657101781650343,0.07877779559260914,23.8663994367787,1.0731213170971075,6.131488644698255,-0.07309861982865527
1709,6.969180400000001,0.5760110130356886,1.0615977992335792,-0.11736738131924696,0.08451699081726094,-1.8570024378712893,0.6991306569719344,0.9557046731306437,0,0.005952300000000001,1,Shared Control,0.01,Good Visuals,0.4064016246818106,0.6666904899223914,0.0,4.263948205925088,0.9768977612092286,-0.05449458399869653,1.1739770127844524,0.007334339456172287,-3.0327356412163944,0.07665821329932836,23.868511355301745,1.0730986198286552,6.1299436461767565,-0.07307561780254426
1710,6.9742418000000015,0.5830795965062655,1.0238959516936796,-0.11605106046566893,0.06819127856303597,-1.9525300532652479,0.7039218582937165,0.9375276710111106,0,0.005061400000000001,1,Shared Control,0.01,Good Visuals,0.4279491419753694,0.6643822431245261,0.0,4.265813384048588,0.9769326079047317,-0.07373828342258952,1.1547333133605595,0.05165838495063525,-2.6994329950090616,0.07915489699191244,23.87792252583504,1.0729831711180475,6.10966509466883,-0.07282261200248494
1711,6.979698600000001,0.5871636669559323,1.014499018421555,-0.1167581913377842,0.07697134741044442,-1.9883948623409182,0.7089843098928025,0.9179400738095135,0,0.0054568,1,Shared Control,0.01,Good Visuals,0.42872387701357845,0.6628721700992708,0.0,4.268338980531881,0.9769781342714353,-0.0829940116207714,1.1454775851623777,0.05532820460711266,-2.7058785587855567,0.07710226386916114,23.89033490533117,1.0728226120024849,6.0981257593810705,-0.07265709363839318
1712,6.983441000000001,0.5903052596095221,1.0119907280467573,-0.11867905028328041,0.09405065423724379,-1.9959618771864667,0.7123944884006285,0.9045170990833212,0,0.0037424000000000003,1,Shared Control,0.01,Good Visuals,0.4234501742821488,0.6613084999667861,0.0,4.2708154724771275,0.9770196099165649,-0.09287237801938562,1.1355992187637636,0.054481851892254005,-2.7590890144999634,0.0773957556689429,23.90187424061893,1.0726570936383932,6.0859820796059,-0.0724857005216502
1713,6.986894600000001,0.5940751707938299,1.0087390290107134,-0.11831931760679859,0.10422192992739221,-2.0067009169711847,0.7154969539665228,0.8921408526952809,0,0.0034536000000000002,1,Shared Control,0.01,Good Visuals,0.41526958646562523,0.6599302222889143,0.0,4.273399885796495,0.9770634155247818,-0.10272191599576302,1.1257496807873861,0.047997978550023045,-2.78566038135002,0.07848346472031895,23.9140179203941,1.0724857005216502,6.0757993714165,-0.0723346281809818
1714,6.991322700000001,0.5987875597742146,1.0033836633830904,-0.11670939419230819,0.1112428106878095,-2.011076943798446,0.7194123433796406,0.8762917788559438,0,0.0044281,1,Shared Control,0.01,Good Visuals,0.4040538465797042,0.6584598240591577,0.0,4.275625321606203,0.9770997705188875,-0.11688992731468552,1.1115816694684637,0.037281305157913704,-2.903043053627263,0.07808249356932724,23.9242006285835,1.0723346281809818,6.0642243339154165,-0.07217345855177688
1715,6.995246400000001,0.6019291524278043,0.9918114139240383,-0.11748319095183624,0.11551963506809448,-2.01927861859291,0.7228231336154363,0.8622701168730688,0,0.0039237000000000005,1,Shared Control,0.01,Good Visuals,0.39059118976311014,0.6577863195826155,0.0,4.278071853747095,0.9771416591039983,-0.12776744525031894,1.1007041515328302,0.023622535563863584,-3.0379036853134758,0.07684844716591814,23.935775666084584,1.0721734585517768,6.060797121402601,-0.07209963605624102
1716,6.998858200000001,0.6056990636121121,0.9769359440015466,-0.11712407000332414,0.11466582712847784,-2.0247355256186506,0.7259142042320917,0.849384616600658,0,0.0036118,1,Shared Control,0.01,Good Visuals,0.38983056655879866,0.6570493595688283,0.0,4.279002689563658,0.9771527016692073,-0.13806753112180917,1.0904040656613398,0.026788576336469076,-2.99769670299483,0.07727883578902998,23.9392028785974,1.072099636056241,6.054745814451998,-0.07201885823037231
1717,7.002376400000001,0.6083694173676635,0.9648894781292174,-0.11754478686442826,0.11550486152855943,-2.016824687532007,0.7288804625699038,0.8368556558023516,0,0.0035182000000000004,1,Shared Control,0.01,Good Visuals,0.38927225622208245,0.6561894683062977,0.0,4.280254362753492,0.9771747886800298,-0.1487812825011953,1.0796903142819536,0.030185652499304782,-3.002817169591672,0.07695629518577873,23.945254185548002,1.0720188582303722,6.047900287337952,-0.0719246059705872
1718,7.0074682,0.6157521601035993,0.9370233054655204,-0.11312830246630445,0.10016764966316882,-2.031863923472121,0.7330954900012484,0.8187675811267006,0,0.0050918000000000005,1,Shared Control,0.01,Good Visuals,0.3943439794925561,0.6538253605446868,0.0,4.2833574411721,0.9772283990579154,-0.1704582507472221,1.058013346035927,0.04499145479163953,-2.899515174763135,0.07648828298540256,23.96002527992779,1.0718156738461388,6.02862304872362,-0.07166547727767361
1719,7.0131675000000016,0.6184225138591508,0.9374791909854265,-0.1146729761420976,0.11871160985872597,-2.004015111363938,0.7377043627740384,0.7985927710353506,0,0.0056993,1,Shared Control,0.01,Good Visuals,0.3869426057781141,0.6529677798326917,0.0,4.285695319983717,0.9772699168704091,-0.17969949713442648,1.0487720996487224,0.03601705580419084,-3.0048924976277482,0.07396615314783989,23.97137695127638,1.0716654772776737,6.023208837757886,-0.07157147827620011
1720,7.0163902,0.6210928676147021,0.9171588590387458,-0.11661149515933633,0.11856608800339519,-2.0710912266249126,0.7402596578629542,0.7872220430559045,0,0.0032227000000000002,1,Shared Control,0.01,Good Visuals,0.3755861156113518,0.6523282336450216,0.0,4.28698749159859,0.9772885640441542,-0.19045391843333118,1.0380176783498178,0.023412032747615236,-3.0763834598388584,0.0748777586383127,23.976791162242115,1.0715714782762,6.018578080516055,-0.07150137793206186
1721,7.0198854000000015,0.6247056991663303,0.8939557320598189,-0.11555395869662388,0.10673368900391444,-2.1251694894797923,0.7429896521898726,0.7749230222463391,0,0.0034952000000000004,1,Shared Control,0.01,Good Visuals,0.3841561647164053,0.6511612319511838,0.0,4.288011232818225,0.9773050486344701,-0.2004666279147228,1.0280049688684263,0.04281998746046469,-2.9182214104490227,0.07606897065999485,23.981421919483946,1.071501377932062,6.008384303961043,-0.07137346344844032
1722,7.024220100000001,0.6280043714525997,0.8922009383372678,-0.11498528073727288,0.11727791609092864,-2.0900172292445403,0.7463157425295076,0.7597214292424415,0,0.0043347,1,Shared Control,0.01,Good Visuals,0.39141754876432494,0.6492932450743034,0.0,4.290055889976894,0.9773427052488302,-0.211925061382061,1.016546535401088,0.058970867290987015,-2.8553285490501317,0.07524425810172981,23.991615696038956,1.0713734634484404,5.992590338805572,-0.07116871432251388
1723,7.0272512,0.6306747252081509,0.8826492360384833,-0.11564101732135668,0.12292780679604187,-2.100340823067998,0.7486024709634667,0.7491276336760258,0,0.0030311,1,Shared Control,0.01,Good Visuals,0.3790360339327363,0.6480493222856722,0.0,4.293276064434014,0.9774007199270927,-0.22259900258286797,1.005872594200281,0.044040539572891765,-2.961857262003156,0.0746591660656837,24.00740966119443,1.071168714322514,5.984477211998442,-0.07103236855539717
1724,7.031081,0.6339733974944203,0.8612718660746052,-0.11462907346904638,0.1121442323985794,-2.1357013220162355,0.7514459185948162,0.735787597779507,0,0.0038298000000000004,1,Shared Control,0.01,Good Visuals,0.3765454932573968,0.6468432269114104,0.0,4.295177428746138,0.9774289260516146,-0.23261582244107976,0.9958557743420693,0.04497637049017532,-2.9399841091285226,0.07494108290353088,24.015522788001558,1.071032368555397,5.975019016535579,-0.07090016903262726
1725,7.034405000000001,0.636486671617292,0.8478610847339172,-0.11495924697752424,0.11207348695441022,-2.12583314710389,0.7538724938789112,0.7242525344611984,0,0.003324,1,Shared Control,0.01,Good Visuals,0.38296515180450474,0.645190503842203,0.0,4.297182171856845,0.9774631894893453,-0.24294441737439906,0.98552717940875,0.058822909144633825,-2.8757642647620334,0.0741470397805831,24.02498098346442,1.0709001690326272,5.961273047372255,-0.07071901486714201
1726,7.0379805000000015,0.6397853439035613,0.8381997030043127,-0.11408714997534986,0.11394716854311426,-2.1145255346140432,0.7564399461371609,0.7118918797912119,0,0.0035755,1,Shared Control,0.01,Good Visuals,0.3847724391402924,0.643470094552504,0.0,4.300008960170941,0.977513557351264,-0.2525845132747272,0.9758870835084219,0.06399425255943718,-2.813066007274253,0.07417061447874912,24.038726952627744,1.070719014867142,5.94790810693903,-0.07053044164820706
1727,7.041567000000001,0.6429269365571512,0.8318152183478785,-0.11351300958000976,0.11992333855666659,-2.0781480600135174,0.7589709890447389,0.6995447299381229,0,0.0035865000000000003,1,Shared Control,0.01,Good Visuals,0.3795102107266253,0.641354720041171,0.0,4.302856386346672,0.9775619049520531,-0.2656386682192098,0.9628329285639393,0.05989265669538141,-2.8768853456634798,0.07341166918186408,24.052091893060968,1.070530441648207,5.930650383004558,-0.07029857648493254
1728,7.045794800000001,0.6463826884760999,0.830998605169627,-0.112588300568639,0.1314538752315041,-1.9904813620493929,0.7618978765591063,0.6850594066924649,0,0.0042278,1,Shared Control,0.01,Good Visuals,0.37159706586856167,0.6400038627745089,0.0,4.306441303838005,0.977624943741479,-0.27564247566426947,0.9528291211188796,0.05088788688164716,-2.914947243526817,0.07280210448021793,24.069349616995442,1.0702985764849324,5.921883082902324,-0.07015050968209592
1729,7.0493304000000006,0.6487388829662922,0.83352277975487,-0.11315899359281412,0.1484633730624051,-1.877596605355891,0.7642986484232304,0.673006268561306,0,0.0035356000000000003,1,Shared Control,0.01,Good Visuals,0.3565704534105242,0.639185618017247,0.0,4.308503170812887,0.9776554427137283,-0.28665437085469414,0.941817225928455,0.029960702149100536,-3.085342296496216,0.0720569472671464,24.078116917097674,1.070150509682096,5.916424778210699,-0.07006082227533907
1730,7.052988900000001,0.6518804756198819,0.828411804163378,-0.11241817280334843,0.15540553560207204,-1.7938668614732107,0.7667381190380319,0.660594826695634,0,0.0036585000000000003,1,Shared Control,0.01,Good Visuals,0.3425400497850809,0.6389551060104455,0.0,4.309767147575633,0.9776745621490031,-0.2975539442230051,0.930917652560144,0.00877680129889495,-3.1766068338514084,0.07232960125383259,24.083575221789303,1.0700608222753392,5.915759076815867,-0.07003555596726574
1731,7.0574996,0.6572211831309848,0.8173099410577656,-0.10951693590704714,0.1567151143621316,-1.5990783067782048,0.7696835138906745,0.6453809216536305,0,0.0045107,1,Shared Control,0.01,Good Visuals,0.32181333913877896,0.6395835561614691,0.0,4.309708074774192,0.9776688461515161,-0.32058362740713914,0.90788796937601,-0.02102350543521952,-3.341875265965525,0.07139900528068821,24.082351095766725,1.0700526908796486,5.921903958275904,-0.07010444008026621
1732,7.063179300000002,0.6614623332133308,0.7575979214626394,-0.10822118067734365,0.1122169998090089,-1.611171376789703,0.7732950171199428,0.6263700801918559,0,0.0056797,1,Shared Control,0.01,Good Visuals,0.3326666911442451,0.6403812572239641,0.0,4.307756667826766,0.9776333441145727,-0.3400765235698379,0.8883950732133112,-0.006613099396027511,-3.1401271868737273,0.07069495875054704,24.072722315598824,1.0701758652058582,5.927301416119382,-0.07019187570270978
1733,7.0692009,0.6636614480708438,0.7257660031181614,-0.10963356904909893,0.0993959229263055,-1.631605522494875,0.7770065478147302,0.6064018972330459,0,0.0060216,1,Shared Control,0.01,Good Visuals,0.35646933083132754,0.6396395033786283,0.0,4.307627103569735,0.977634052072633,-0.35042627469959203,0.8780453220835571,0.027779424860817192,-2.8666494376673204,0.0693028157404191,24.072698583880616,1.0701918757027098,5.9197956168177885,-0.07011057242731487
1734,7.074275500000001,0.6694733944799849,0.7032539843852164,-0.10753315333474533,0.09685208715217042,-1.6100314485013516,0.7800414339553259,0.5897311518932006,0,0.0050746,1,Shared Control,0.01,Good Visuals,0.3815573601899057,0.6359921433802105,0.0,4.312150151213007,0.9777205702854969,-0.36945425112000896,0.8590173456631403,0.07360565142972988,-2.5347201340134786,0.07029608752824985,24.095866473135374,1.0699171913827952,5.889473240935873,-0.0697107870857485
1735,7.0801932,0.6737145445623312,0.7246508403937458,-0.10632688939299473,0.13491968850054525,-1.560719912801347,0.7834742242625308,0.5704809052575558,0,0.0059177000000000006,1,Shared Control,0.01,Good Visuals,0.34262663579461267,0.6342384427422662,0.0,4.317247157654111,0.9778039545867511,-0.3863142260568001,0.8421573707263491,0.022142617199687242,-2.9410955248194752,0.0688838764700722,24.119129226179783,1.069571601632075,5.8785866306601715,-0.0695185648184511
1736,7.0862269000000015,0.6777986150119978,0.7115299024852673,-0.10567560925053299,0.14104899722771147,-1.5912529037341967,0.786857671610436,0.5510735787360956,0,0.0060337,1,Shared Control,0.01,Good Visuals,0.31658344886405887,0.6343195148982856,0.0,4.31792922778584,0.9778098630879347,-0.40556494877640636,0.8229066480067427,-0.006258725190107694,-3.1674301200629067,0.06831216071885433,24.121184290330422,1.0695119401065418,5.880254793249284,-0.0695274510977325
1737,7.0924157,0.6804689687675491,0.6957752969316182,-0.10638870284288682,0.14470171819552258,-1.6297556064449836,0.7902071760397404,0.5314086803911899,0,0.0061888,1,Shared Control,0.01,Good Visuals,0.3183530766890458,0.6343498880165224,0.0,4.317660538952043,0.977804408485363,-0.4175699756025084,0.8109016211806407,-0.001097420264383969,-3.111964856287949,0.06703210119637887,24.119745206750714,1.0695274510977324,5.880214739181748,-0.06953078028033417
1738,7.0962303,0.6825110039923825,0.6776592551495935,-0.10769617204735793,0.14625057475840353,-1.678456385211803,0.7922113789703003,0.519413978052507,0,0.0038146,1,Shared Control,0.01,Good Visuals,0.3178578896745678,0.6341981263675713,0.0,4.3176381007860405,0.9778047488137048,-0.42861503586430827,0.7998565609188408,0.005854789025107876,-3.0741351726460104,0.06748766173460832,24.11978526081825,1.0695307802803342,5.878683251191631,-0.06951414576038306
1739,7.099886600000001,0.6848671984825748,0.6572087471555149,-0.10734418048772543,0.13779476910300792,-1.7400097257959806,0.7940896360842277,0.5080100092413299,0,0.0036563000000000003,1,Shared Control,0.01,Good Visuals,0.3220186451718481,0.6337159910156583,0.0,4.3179250558944045,0.9778105472172595,-0.4387732382997743,0.7896983584833748,0.019330001152943914,-2.972233500736181,0.068300710529394,24.12131674880837,1.0695141457603832,5.874272269123887,-0.06946129914079262
1740,7.1033705000000005,0.6869092337074083,0.6413185579313849,-0.10718040237681936,0.13330854869005504,-1.7866258557469221,0.7958406896760687,0.4972303103923809,0,0.0034839000000000003,1,Shared Control,0.01,Good Visuals,0.32885761521859946,0.6327802694655394,0.0,4.31879081747488,0.9778270006783153,-0.4490331161181555,0.7794384806649937,0.03589903457011346,-2.8701367438893195,0.06802572371754262,24.125727730876115,1.0694612991407926,5.866102103918984,-0.06935873516035539
1741,7.107774600000001,0.690050826360998,0.6333136151997361,-0.10578986331507068,0.13608330480735514,-1.8213989448185446,0.7980007554734145,0.4837269761927989,0,0.0044041,1,Shared Control,0.01,Good Visuals,0.33270887752417266,0.6312600809916405,0.0,4.320431695058684,0.9778572437755867,-0.46132379109395183,0.7671478056891973,0.047261140924948035,-2.7852958451280054,0.0678216438974287,24.133897896081017,1.0693587351603553,5.853121413336765,-0.06919210804689618
1742,7.1112915,0.6917787023204723,0.6257948295389876,-0.1062220531529422,0.14206785334618866,-1.8787677376416119,0.7996831646835286,0.47304509340328177,0,0.0035169000000000003,1,Shared Control,0.01,Good Visuals,0.3242602250674429,0.630164600082072,0.0,4.323068115294594,0.9779051158384249,-0.47171170433317644,0.7567598924499727,0.04193225151630046,-2.859557144609961,0.0667809176843661,24.146878586663235,1.0691921080468962,5.845596403200947,-0.0690720329213804
1743,7.114952200000001,0.6942919764433442,0.6161012829769001,-0.10539118824018445,0.14305618957361838,-1.9425542590223106,0.8013946376063577,0.46202389671440913,0,0.0036607000000000002,1,Shared Control,0.01,Good Visuals,0.32045472882160686,0.6290963917460362,0.0,4.324783534863,0.9779317025015583,-0.48134438198274865,0.7471272148004005,0.04376343097815525,-2.844854592313119,0.06693737764502042,24.154403596799053,1.0690720329213803,5.837173703837845,-0.06895494712928107
1744,7.118327300000001,0.6960198524028186,0.6108327392717298,-0.10537478520353905,0.14880884255732063,-1.9744161439302257,0.8029369935812845,0.45195221314499484,0,0.0033751000000000002,1,Shared Control,0.01,Good Visuals,0.3160783550125362,0.6279452511978348,0.0,4.326565881479418,0.9779623283201228,-0.491604852956448,0.736866743826701,0.045224452928123764,-2.8828025886995294,0.06630121624372731,24.162826296162155,1.068954947129281,5.828008237041061,-0.06882877117805794
1745,7.122143100000001,0.6983760468930109,0.604018844478107,-0.10456094668827354,0.1520666313331122,-2.011394661249968,0.8046399933006825,0.44067088336666455,0,0.0038158000000000003,1,Shared Control,0.01,Good Visuals,0.3105798943471485,0.6268540539969462,0.0,4.328495709961776,0.9779957215140258,-0.5018998013090439,0.7265717954741051,0.042904809275479364,-2.8897289486880045,0.06616959596455421,24.17199176295894,1.068828771178058,5.8196161720082635,-0.06870916558775077
1746,7.125752700000001,0.7007322413832032,0.6013148190328071,-0.10390775191747925,0.1606439356661426,-2.0251776833071418,0.8062115368038845,0.43010394122344925,0,0.0036096,1,Shared Control,0.01,Good Visuals,0.3040546428519565,0.6257652193364927,0.0,4.330295311616736,0.9780260999185908,-0.5132524588210522,0.7152191379620968,0.03979132119582505,-2.9366143749213083,0.06554445332130283,24.180383827991736,1.0687091655877508,5.811078500662515,-0.06858981895434263
1747,7.129320100000001,0.7023030377099982,0.5941197626165653,-0.10390849909388622,0.16401582139311605,-2.054527898098178,0.8077274128706426,0.41976227591441995,0,0.0035674,1,Shared Control,0.01,Good Visuals,0.2930206232553346,0.6250161364698559,0.0,4.332107672243999,0.9780571260314175,-0.524165080901341,0.704306515881808,0.029551299424847403,-3.0207114212170687,0.06502185716940327,24.188921499337486,1.0685898189543426,5.805919571002436,-0.06850771234851545
1748,7.133085300000001,0.704502152567511,0.5741175932540103,-0.10322526030313162,0.1543553173395904,-2.1194554578292992,0.8092875266980931,0.40895864968880524,0,0.0037652000000000002,1,Shared Control,0.01,Good Visuals,0.2898450457574404,0.6242943363967851,0.0,4.333282523337285,0.9780753833973596,-0.534355071214764,0.694116525568385,0.030197552457416735,-2.9881793241908134,0.06494448865004228,24.194080428997566,1.0685077123485154,5.800230893110375,-0.06842859619631758
1749,7.1363252,0.7060729488943059,0.5567269282696441,-0.10321457780378718,0.14776827858083885,-2.1548433744422324,0.8105975793950871,0.3997552508522728,0,0.0032399000000000004,1,Shared Control,0.01,Good Visuals,0.29645421970909913,0.6231218645161005,0.0,4.334487018467201,0.9780960815270816,-0.5447381315650306,0.6837334652181184,0.04664394681454349,-2.8852253175498324,0.06444294538032896,24.199769106889626,1.0684285961963176,5.790108123374254,-0.06830008212819715
1750,7.1408568,0.7103140989766522,0.5259172831004837,-0.10028348041843493,0.12616203224821088,-2.2359487502356417,0.8123802103378732,0.3870290670993246,0,0.0045316,1,Shared Control,0.01,Good Visuals,0.3109369428400706,0.6195641782446353,0.0,4.339445989010391,0.978185911202008,-0.5645626220102784,0.6639089747728706,0.07843887182957056,-2.616896965900229,0.06368579485962272,24.22411835482456,1.0681146758462892,5.760990347400353,-0.06791012587988586
1751,7.147156800000001,0.7132986119975625,0.5411623874868549,-0.09908159834031072,0.15413332038753025,-2.21451192887481,0.8147634942456846,0.36962553030048934,0,0.0063,1,Shared Control,0.01,Good Visuals,0.29071998618627726,0.6167193910605231,0.0,4.3454184804236355,0.9782881076903823,-0.5807276621572721,0.6477439346258769,0.05545357694919787,-2.802171218133374,0.06209016948673463,24.252220934986532,1.0677212966574259,5.740150485610078,-0.06759831015109098
1752,7.1532839,0.7148694083243574,0.5257528302635694,-0.0998940859213272,0.1561272999630801,-2.295852530833605,0.8169772136429128,0.3530284964907346,0,0.006127100000000001,1,Shared Control,0.01,Good Visuals,0.27993354599227926,0.6156944141457312,0.0,4.3471694394533085,0.9783150713017825,-0.591070310627371,0.637401286155778,0.042469053155425755,-2.875673822526524,0.06110554299373976,24.25984951438992,1.067598310151091,5.732135494043119,-0.06748596293388308
1753,7.157813900000001,0.7172256028145497,0.5047069580427969,-0.09975161082836304,0.15167846155206227,-2.374079057702022,0.8185490517714383,0.34097014567653916,0,0.00453,1,Shared Control,0.01,Good Visuals,0.2816805965979564,0.6140749806375086,0.0,4.348874461151214,0.9783442262914226,-0.6034130194260842,0.6250585773570648,0.054466521314548925,-2.806372933474253,0.06150423070795489,24.26786450595688,1.067485962933883,5.71815808289773,-0.0673084576208595
1754,7.161267200000001,0.7186393195086651,0.4881798951103782,-0.09990973226277322,0.14720974943383902,-2.4417423105498037,0.8197108338505584,0.3319009782046939,0,0.0034533000000000003,1,Shared Control,0.01,Good Visuals,0.28568757794197,0.612380790271833,0.0,4.351700890155213,0.9783959711596645,-0.613162112180015,0.615309484603134,0.0699213677467419,-2.7198674126578877,0.06125496848798733,24.28184191710227,1.0673084576208596,5.704806292573731,-0.06712275824533477
1755,7.164891900000001,0.7203671954681394,0.4728482644175461,-0.099343638382419,0.14094728621285224,-2.5181180440864313,0.82089679703346,0.3224975762072871,0,0.0036247000000000002,1,Shared Control,0.01,Good Visuals,0.291023349225352,0.6104010598344622,0.0,4.3545301148804,0.9784446290852954,-0.6221330729549112,0.6063385238282378,0.08484926783610887,-2.6064735821070872,0.06118280079892432,24.295193707426268,1.0671227582453349,5.688609048255193,-0.06690576096251737
1756,7.168387000000001,0.7217809121622549,0.4598119816810005,-0.09911588487120504,0.13731440547371343,-2.585191077882146,0.8220082787380888,0.3135439280143673,0,0.0034951,1,Shared Control,0.01,Good Visuals,0.2950117983847856,0.6080236010614813,0.0,4.357896476101951,0.978504070215498,-0.6312182510365004,0.5972533457466486,0.0979894992291051,-2.5287883991397053,0.060639462156440116,24.311390951744805,1.0669057609625174,5.669100516353068,-0.06664516887179191
1757,7.172106900000001,0.7235087881217293,0.45086533880292157,-0.09849949061635954,0.13732141078855425,-2.6360816376416794,0.8231570966128107,0.3041380438037671,0,0.0037199000000000004,1,Shared Control,0.01,Good Visuals,0.2979655381088935,0.6054701106050309,0.0,4.361945431346542,0.9785757190978233,-0.6397246053879099,0.5887469913952391,0.10897906631660309,-2.4485763820982958,0.06026479724178529,24.33089948364693,1.066645168871792,5.648649220377068,-0.06636528203452842
1758,7.175906900000001,0.7250795844485242,0.44620759331038706,-0.0980775121642865,0.14206954950661999,-2.66798403502427,0.8242947749483989,0.29466251604167004,0,0.0038000000000000004,1,Shared Control,0.01,Good Visuals,0.2956831740095551,0.6025283225079938,0.0,4.366244365756114,0.9786505334619922,-0.6493243091694507,0.5791472876136983,0.11200677007674936,-2.4501541045280484,0.05963849747802641,24.351350779622933,1.0663652820345284,5.624612166142319,-0.06604283408321569
1759,7.179351800000001,0.7264933011426397,0.4379940072318457,-0.09780147380575921,0.14333149119017563,-2.7076023580984585,0.8252952314896558,0.286189554881677,0,0.0034449000000000003,1,Shared Control,0.01,Good Visuals,0.2896719238626104,0.5999163814922962,0.0,4.371245718728901,0.9787388062536897,-0.6582425130430474,0.5702290837401016,0.10873608751639047,-2.475147476782939,0.059094478880104905,24.37538783385768,1.0660428340832158,5.6046634931698796,-0.06575654050880439
1760,7.183027300000001,0.727907017836755,0.42433227953675673,-0.09738821365290073,0.1381427246550797,-2.7553580775263735,0.8263306959460012,0.27727324857768304,0,0.0036755000000000004,1,Shared Control,0.01,Good Visuals,0.28764047832172346,0.5973886901669996,0.0,4.375547031257607,0.9788112080375891,-0.6666302222674285,0.5618413745157205,0.11139734522051209,-2.4567129120675677,0.05867270627016465,24.39533650683012,1.0657565405088043,5.584677866673616,-0.06547948150166048
1761,7.1864399,0.7293207345308704,0.4133198720576156,-0.09700996141513074,0.13604662347993257,-2.7833548526727094,0.8272629580486076,0.2691100401121256,0,0.0034126,1,Shared Control,0.01,Good Visuals,0.29131309029264635,0.594504054774543,0.0,4.379778715141555,0.9788842322867419,-0.6750910048463508,0.5533805919367982,0.12227640124117903,-2.3770249421032412,0.058178617391810274,24.415322133326384,1.0654794815016604,5.561027481477159,-0.06516329803028174
1762,7.1907721,0.7308915308576653,0.4050652037737398,-0.09637142719094227,0.1359551636616142,-2.803126144209787,0.8284066332544844,0.25890832087946736,0,0.0043322000000000005,1,Shared Control,0.01,Good Visuals,0.29217321072596414,0.5910904791906902,0.0,4.384693429726978,0.9789712254686914,-0.6844802115983409,0.543991385184808,0.1282499009226276,-2.3304062427376846,0.0576728154148172,24.438972518522842,1.0651632980302816,5.532889035553061,-0.06478913768379958
1763,7.1939349,0.7324623271844602,0.40273242041572127,-0.09594430607002413,0.1438240995362539,-2.799364838548659,0.8292138861329332,0.25157510852221804,0,0.0031628000000000003,1,Shared Control,0.01,Good Visuals,0.2900109368526881,0.5881841916771959,0.0,4.390525615917082,0.9790748603189283,-0.6923904565026412,0.5360811402805078,0.1294604795057409,-2.312801854950063,0.05696423307858478,24.46711096444694,1.0647891376837997,5.510836164211379,-0.06447058093404733
1764,7.197357200000001,0.7335618846132166,0.40218068477497254,-0.09565200151971665,0.1506055762527545,-2.7886678475298963,0.8300614291069586,0.2437500348101545,0,0.0034223,1,Shared Control,0.01,Good Visuals,0.2808780247919852,0.585390087670938,0.0,4.395300982287666,0.9791549425762418,-0.7009478642980679,0.5275237324850811,0.12025767893407109,-2.401809704293316,0.05643292411182663,24.48916383578862,1.0644705809340473,5.4886128094664635,-0.06416432056353323
1765,7.200957600000001,0.7349756013073321,0.3937868607018616,-0.09508582779962649,0.15003682589170708,-2.8008895478033144,0.8309243918090875,0.23564166545716608,0,0.0036004,1,Shared Control,0.01,Good Visuals,0.2733899132527649,0.5828960181167262,0.0,4.39999542854312,0.97923635920015,-0.7093299306636124,0.5191416661195366,0.11178445357819564,-2.4378519517041743,0.05599373355552763,24.511387190533537,1.0641643205635332,5.469247397995501,-0.06389094682223723
1766,7.2044043,0.7360751587360885,0.3808209089233462,-0.09484923307299897,0.1451792434661801,-2.813179477226181,0.8317233735101949,0.22799917015402624,0,0.0034467,1,Shared Control,0.01,Good Visuals,0.27183910362881836,0.580242954751444,0.0,4.404139210347263,0.9793070338471201,-0.7181020199524674,0.5103695768306816,0.11343654793680087,-2.4200869834344876,0.05542515040373499,24.530752602004497,1.0638909468222373,5.447623383635862,-0.06360014584724528
1767,7.208198900000001,0.7378030346955629,0.3681630522943296,-0.09392033881463202,0.14016388214030337,-2.821459125620748,0.8325727886075549,0.21972145999780615,0,0.0037946000000000004,1,Shared Control,0.01,Good Visuals,0.2759705131673756,0.5767975199394756,0.0,4.408650560137687,0.979386639259173,-0.7281839099642852,0.5002876868188638,0.12285173015144309,-2.3170899339978015,0.055035599254185316,24.55237661636414,1.0636001458472453,5.418492797742725,-0.0632224934263861
1768,7.2123165,0.7389025921243193,0.3582520791513923,-0.0936701964832356,0.13853061915358614,-2.8297841721749806,0.8334592970113539,0.21090149462954066,0,0.0041176,1,Shared Control,0.01,Good Visuals,0.2773324112103666,0.573839345358132,0.0,4.414615364331431,0.9794945562830173,-0.7362965737017204,0.4921750230814286,0.12861966067854666,-2.254833024107179,0.05417301850015502,24.581507202257274,1.063222493426386,5.39585157563285,-0.06289824936056085
1769,7.215887500000001,0.7400021495530756,0.3473427735740743,-0.09345714745827827,0.13644127894453362,-2.8494008340381622,0.8341989761285097,0.20338986432609285,0,0.0035710000000000004,1,Shared Control,0.01,Good Visuals,0.2782740346793794,0.5709473385996306,0.0,4.419500220368217,0.979577079416393,-0.7437703825029365,0.4847012142802125,0.13343430521030128,-2.1995375971088205,0.05375164422950751,24.60414842436715,1.0628982493605608,5.3725846409734315,-0.06258125791736324
1770,7.2193504000000015,0.7411017069818322,0.33398030199815865,-0.09309726914667749,0.1305904376720658,-2.875422806462628,0.834890859873813,0.19622816337681,0,0.0034629,1,Shared Control,0.01,Good Visuals,0.2798244544600504,0.5677372397712906,0.0,4.424390109709596,0.9796626465980696,-0.7515039444712948,0.47696765231185423,0.13993763443101093,-2.1467804708967027,0.05335910961441721,24.627415359026568,1.0625812579173632,5.346107630538971,-0.06222940055831275
1771,7.2241927000000015,0.7431437422066655,0.311519150787319,-0.09174711766714749,0.115290987410509,-2.9073541911747127,0.8358172051518383,0.1864168968047519,0,0.0048423,1,Shared Control,0.01,Good Visuals,0.28761682753184603,0.560893827363384,0.0,4.435663411385489,0.9798625634100475,-0.7655417516704576,0.4629298451126914,0.1589637761003267,-1.9773365509567038,0.05230866464194946,24.681575375432153,1.0618572889667703,5.290474340989809,-0.06147929747878091
1772,7.2297554,0.744557458900781,0.308717882559284,-0.09125974625105737,0.1223009857545321,-2.891902671505518,0.8368235092277174,0.17543976341166612,0,0.0055627,1,Shared Control,0.01,Good Visuals,0.29451530418467586,0.5572033033473653,0.0,4.441518345237406,0.9799656035066292,-0.7718946217439034,0.45657697503924555,0.17020858382402448,-1.8417319166944541,0.05146039197788511,24.70952565901019,1.061479297478781,5.260132908949629,-0.061074780950403425
1773,7.2333219,0.7453428570641784,0.31297607110444914,-0.09148065216353907,0.13753630769278302,-2.852984955862713,0.8374369220173847,0.16856774775914765,0,0.0035665000000000002,1,Shared Control,0.01,Good Visuals,0.28604321722964665,0.5536151502038971,0.0,4.447828426053714,0.9800777611133307,-0.7788191157851739,0.44965248099797506,0.16122452933166448,-1.9423545697813385,0.05085023207373151,24.73986709105037,1.0610747809504035,5.231260138877063,-0.06068148524318611
1774,7.236972600000001,0.7464424144929348,0.30934936890821685,-0.09099450752444993,0.1407816211490692,-2.8421604759744676,0.8380396766812982,0.16166819081931766,0,0.0036507,1,Shared Control,0.01,Good Visuals,0.2726349620632642,0.5505554036688236,0.0,4.453902158369107,0.9801841733170943,-0.785912531362212,0.4425590654209371,0.1435738638099404,-2.0748261311097402,0.05064507498826814,24.76873986112294,1.060681485243186,5.207351053913639,-0.06034610792530099
1775,7.241129300000001,0.7475419719216913,0.29883905239616954,-0.09049770475960695,0.13717086157685188,-2.832550406254717,0.8386956398629536,0.1539786399950323,0,0.0041567,1,Shared Control,0.01,Good Visuals,0.26774128324165614,0.5466171337181291,0.0,4.459011463695596,0.9802719120351151,-0.7955379624754497,0.4329336343076993,0.13887913254168896,-2.1029540786169734,0.05009751782176934,24.79264894608636,1.060346107925301,5.173534421877355,-0.05991443608646361
1776,7.244867300000001,0.7484844497177682,0.2864353227725175,-0.09021119014518542,0.13245668277748518,-2.809469783944468,0.8392585263919632,0.14721519313364073,0,0.0037380000000000004,1,Shared Control,0.01,Good Visuals,0.2696710251199327,0.5435611232000448,0.0,4.465892803329065,0.980397890177638,-0.8024724815945568,0.42599911518859235,0.14388556382067835,-2.0139166262326835,0.04946759598376584,24.826465578122644,1.0599144360864636,5.1504301111915805,-0.05957946827156935
1777,7.2483384000000015,0.7495840071465245,0.2778530930456081,-0.08967451924543868,0.1306378999119674,-2.7674510153486476,0.8397588124029292,0.14106338745544722,0,0.0034711000000000004,1,Shared Control,0.01,Good Visuals,0.2734556510508639,0.5402275499895678,0.0,4.470920762644481,0.9804822925415297,-0.8094033755717287,0.4190682212114204,0.15105954157148244,-1.9336273789677292,0.0490352958405298,24.849569888808418,1.0595794682715693,5.122474945369568,-0.05921407694601741
1778,7.252108700000001,0.7505264849426015,0.2776987385896953,-0.08923232746032761,0.13663535113424807,-2.700839993337124,0.8402782860365217,0.13452193187846276,0,0.0037703000000000003,1,Shared Control,0.01,Good Visuals,0.2733424966884732,0.537040772977642,0.0,4.476680946325483,0.9805861474717789,-0.815947683246239,0.41252391353691015,0.15152278452701515,-1.9054060660659984,0.04844464582845568,24.877525054630432,1.0592140769460174,5.096733183418261,-0.0588647758798322
1779,7.255564400000001,0.7511548034733195,0.2720072108160393,-0.08912348256320213,0.13748527893757653,-2.6652802108670217,0.8407329808926174,0.12865503766922062,0,0.0034557000000000004,1,Shared Control,0.01,Good Visuals,0.2659516446054996,0.5339281387239848,0.0,4.482090586971224,0.9806812749821534,-0.8231355517184321,0.4053360450647171,0.13987436764810385,-1.9652408673118442,0.04792139811388841,24.903266816581738,1.0588647758798322,5.071307826708935,-0.05852360156503759
1780,7.2592833,0.752254360902076,0.25691647437932735,-0.08847861999054141,0.12826143671010673,-2.6581623626737665,0.8411999077275963,0.1224789339432194,0,0.0037189000000000002,1,Shared Control,0.01,Good Visuals,0.2650908441908991,0.5306241354037491,0.0,4.487403500454244,0.98077542903419,-0.8306616997383383,0.39780989704481096,0.1390559755178597,-1.9244522910673427,0.047585535161570026,24.928692173291065,1.0585236015650377,5.043811178345557,-0.058161451380660444
1781,7.263020300000001,0.7531968386981528,0.24958789017082145,-0.08800306902944355,0.12710895622760204,-2.6163536993516407,0.8416462390420377,0.11641654276089,0,0.0037370000000000003,1,Shared Control,0.01,Good Visuals,0.2717340505156749,0.5275211326191326,0.0,4.493094685820963,0.9808775731785148,-0.836786680843877,0.3916849159392723,0.150968914288707,-1.8018890049243002,0.046948891234197904,24.956188821654443,1.0581614513806605,5.018683340618333,-0.05782133276646623
1782,7.266332400000001,0.7538251572288708,0.2474380237673668,-0.08782108181316695,0.1310214810064768,-2.5707953841537674,0.8420230924256199,0.11116392083962146,0,0.0033121,1,Shared Control,0.01,Good Visuals,0.2711803383382357,0.524279612306262,0.0,4.498371345811079,0.9809705738120976,-0.8431644177453212,0.385307179037828,0.15061061788632624,-1.7828353510872146,0.04642347864837177,24.98131665938167,1.0578213327664663,4.991677882262866,-0.0574660313138985
1783,7.2699028000000006,0.7547676350249478,0.2403076364407255,-0.08725545740067209,0.12914371560110405,-2.549103810456541,0.8424100709912851,0.10562841915951282,0,0.0035704,1,Shared Control,0.01,Good Visuals,0.2670012463073942,0.5212414107441753,0.0,4.503959764415692,0.9810709790420873,-0.8494576576544801,0.37901393912866915,0.144384463110592,-1.793916909198382,0.04604280272532368,25.008322117737134,1.0574660313138986,4.966993291352655,-0.057133015529941565
1784,7.274282300000001,0.7557101128210247,0.2346997985076727,-0.08669995817026033,0.12907137934815988,-2.5088951802501644,0.8428581232899526,0.09901797046359873,0,0.004379500000000001,1,Shared Control,0.01,Good Visuals,0.2667357805021966,0.5173298099788659,0.0,4.509136240776821,0.981162452070945,-0.8574326538857312,0.3710389428974181,0.14531052877874484,-1.7666074986711242,0.04548115771065461,25.033006708647346,1.0571330155299417,4.933051321512551,-0.05670426688744156
1785,7.277964000000001,0.7564955109844221,0.2308102627217797,-0.08636261230553044,0.13179229225818098,-2.4569941227110617,0.8432126863412535,0.0936136139723884,0,0.0036817000000000004,1,Shared Control,0.01,Good Visuals,0.26488209056766443,0.5144284184343099,0.0,4.516016870986021,0.9812894530348811,-0.8633877965860082,0.36508380019714115,0.14291465914858403,-1.7382202861287155,0.0448524728853964,25.06694867848745,1.0567042668874416,4.910971430820824,-0.05638624678244472
1786,7.281354500000001,0.7569667498824606,0.22086506288941649,-0.08624593645879286,0.12725144891702808,-2.42717303401139,0.8435218218541289,0.08876001358825317,0,0.0033905000000000003,1,Shared Control,0.01,Good Visuals,0.26109222576911323,0.5115417760493651,0.0,4.52081389617896,0.981370532645973,-0.8696498769304156,0.3588217198527337,0.13742712202444285,-1.7586161380609535,0.044427382060189494,25.089028569179177,1.0563862467824447,4.886845327923809,-0.05606984332560315
1787,7.2849342,0.7579092276785375,0.20896854985728108,-0.08561259417559142,0.12020853626902792,-2.3975708849682675,0.8438305741550665,0.08376367220208136,0,0.0035797000000000003,1,Shared Control,0.01,Good Visuals,0.26543975119161034,0.5086186421984495,0.0,4.525801736231682,0.9814603985999045,-0.8753471931611955,0.3531244036219539,0.14410714506884098,-1.6565336640536776,0.04411839951317159,25.113154672076192,1.056069843325603,4.862507191074881,-0.05574944005706387
1788,7.2884633,0.7585375462092555,0.20512908541273742,-0.08529302794581095,0.12136541321065605,-2.335750421232097,0.8441176822166111,0.07896652182596163,0,0.0035291000000000003,1,Shared Control,0.01,Good Visuals,0.2699065126907938,0.5053612947582442,0.0,4.530844199426327,0.9815510336425702,-0.8811271406210677,0.3473444561620817,0.15146015469235366,-1.5762919875292418,0.04354416140467619,25.137492808925117,1.055749440057064,4.834816620179667,-0.05539240380082711
1789,7.292440000000001,0.7591658647399735,0.20066580323230537,-0.0849518174766376,0.12169928140634374,-2.2868296389272187,0.8444212101307417,0.07371355980144666,0,0.0039767000000000005,1,Shared Control,0.01,Good Visuals,0.2677946798591947,0.5020094602826215,0.0,4.536520637423433,0.9816544804121322,-0.8872407651626356,0.3412308316205137,0.1471157523316059,-1.5675960362994794,0.04310379503654613,25.165183379820334,1.055392403800827,4.806766051721072,-0.05502501086695384
1790,7.295989800000001,0.7599512629033709,0.1935078651157296,-0.08446994722737078,0.11979430531428294,-2.2456789211044628,0.8446747597993032,0.06916076255487494,0,0.0035498,1,Shared Control,0.01,Good Visuals,0.2663988614557654,0.49914296645919337,0.0,4.542318785033317,0.9817590828014471,-0.8925096897668088,0.3359619070163406,0.14445665985665015,-1.5449579533700215,0.042646616041474614,25.193233948278927,1.0550250108669539,4.783676646895382,-0.0547108158840637
1791,7.299340300000001,0.7602654221687298,0.1861798061888814,-0.08440933763057334,0.11701904363400648,-2.2012646793894626,0.8448994492073726,0.06498115122584563,0,0.0033505,1,Shared Control,0.01,Good Visuals,0.26648141044161117,0.4961326114398588,0.0,4.547189073158318,0.9818447570806638,-0.8979744106600104,0.33049718612313894,0.14485018965123905,-1.522079183689839,0.04216258003572137,25.216323353104617,1.0547108158840637,4.758165147287789,-0.05438085234600803
1792,7.3030136,0.7612078999648069,0.17878009551576163,-0.08369154924256572,0.113798944289916,-2.1568053274302295,0.8451299268388801,0.060529668383078036,0,0.0036733000000000004,1,Shared Control,0.01,Good Visuals,0.26936189118377996,0.49318767232503924,0.0,4.552429799865598,0.9819401121747539,-0.9029216280158266,0.3255499687673226,0.1482221390201768,-1.441244932650562,0.0418782251085651,25.24183485271221,1.054380852346008,4.733638592971107,-0.05405805901318072
1793,7.307614000000001,0.7623074573935633,0.17985866446002732,-0.0828224694453168,0.11932899607694929,-2.0112869464154164,0.8453959243819412,0.05514694467437198,0,0.0046004,1,Shared Control,0.01,Good Visuals,0.26413804547443204,0.4874423733814915,0.0,4.562847721211157,0.9821285625619469,-0.9129737705050027,0.3154978262781465,0.13824513008114492,-1.459754493395646,0.040901155920112967,25.292293140966486,1.0537221488285147,4.685850712578774,-0.053428319612204817
1794,7.313262400000001,0.7627786962916017,0.17426132520986984,-0.08261722809033956,0.11911438053549786,-1.962397873878586,0.8456894226684751,0.04882899344128838,0,0.0056484000000000005,1,Shared Control,0.01,Good Visuals,0.2610798296213168,0.4847748810275773,0.0,4.5674314484650065,0.98220990552183,-0.918219358868601,0.31025223791454826,0.1305216719684222,-1.4573102829832616,0.04037118107574128,25.314149287421227,1.0534283196122047,4.66335875933778,-0.05313593708284171
1795,7.3172087,0.7637211740876787,0.1603830334593306,-0.08196824858079643,0.11155404001804223,-1.8623841794782028,0.8458737293192936,0.04460419609795814,0,0.003946300000000001,1,Shared Control,0.01,Good Visuals,0.25993404110740714,0.48011174734098666,0.0,4.57638231790455,0.9823716090960493,-0.9273377328450523,0.3011338639380969,0.12841886914266873,-1.4229264757080782,0.039682744377185074,25.357424254234708,1.0528619211977561,4.624857112233912,-0.05262481328522591
1796,7.3243194,0.7645065722510761,0.1385359632540238,-0.08136715706821751,0.09393176715606565,-1.8387760152658967,0.8461649223376679,0.03738195252409615,0,0.0071107,1,Shared Control,0.01,Good Visuals,0.2689505622434788,0.4747252999349563,0.0,4.585535032074388,0.9825402746356691,-0.9362561580198606,0.2922154387632885,0.13979669950076531,-1.2329248753550976,0.03889269328604797,25.40236556561009,1.0522913089310202,4.57910309732586,-0.05203440742537571
1797,7.330165800000001,0.7649778111491146,0.12395336687111908,-0.08118711118855337,0.08657141434702292,-1.8561917888323907,0.846367041205921,0.031816894442520116,0,0.005846400000000001,1,Shared Control,0.01,Good Visuals,0.28113542348367887,0.4720344181129255,0.0,4.5894884606672255,0.9826090549840455,-0.9393998280982457,0.2890717686849033,0.15764232659458027,-1.0330146156628401,0.038627048044064256,25.42089690267414,1.0520344074253758,4.555609521817288,-0.05173946118787737
1798,7.333417200000001,0.7654490500471531,0.11784580406980888,-0.08091799115876785,0.08602890962728876,-1.8404020338051823,0.8464656662310616,0.02886643820421171,0,0.0032514,1,Shared Control,0.01,Good Visuals,0.2879201347807477,0.4686081285836053,0.0,4.594246956827266,0.9826973992805761,-0.9427810699358309,0.28569052684731816,0.17163568660451012,-0.9492270956978008,0.03832311078815818,25.44439047818271,1.0517394611878774,4.525396515554127,-0.051363907272064635
1799,7.3369593,0.7659202889451915,0.12112397134486919,-0.08054537728587008,0.09225753314065747,-1.7976422569204824,0.8465623923414481,0.025768911536367456,0,0.0035421000000000003,1,Shared Control,0.01,Good Visuals,0.2876997939339801,0.4653088006465287,0.0,4.600336245013375,0.982811173984144,-0.9460196031892656,0.2824519935938834,0.17285879634429588,-0.9478541438916925,0.03791882840565492,25.474603484445872,1.0513639072720646,4.497666161434968,-0.05100226955414378
1800,7.341174800000001,0.7665486074759095,0.12658283072517268,-0.08001378486553867,0.10081391918880522,-1.7547385679324687,0.8466635234134413,0.02224012515282961,0,0.0042155000000000005,1,Shared Control,0.01,Good Visuals,0.2803160385920416,0.46121073392819184,0.0,4.606066369711527,0.9829150192199149,-0.950742400249236,0.2777291965339131,0.1611218014953546,-1.0314486459269518,0.03747847290251036,25.502333838565033,1.0510022695541439,4.461449842883813,-0.05055308246993418
1801,7.3448346,0.7668627667412684,0.12871057599672284,-0.0798007566721729,0.10647045084389323,-1.720080758882286,0.8467395252164615,0.01931447455842164,0,0.0036598000000000004,1,Shared Control,0.01,Good Visuals,0.27002709808915326,0.45847956448841776,0.0,4.613359740329385,0.9830515119176582,-0.9546299563457955,0.27384164043735354,0.1453204621296238,-1.1396781380081358,0.03690321644220754,25.538550157116187,1.0505530824699343,4.440465840202723,-0.050253720326403156
1802,7.3483491,0.7670198463739479,0.11948954463394251,-0.07971967884251352,0.10017507007552087,-1.7197282126734608,0.8468026452417229,0.016624797058568425,0,0.0035145000000000003,1,Shared Control,0.01,Good Visuals,0.26383855129086214,0.4557983868506863,0.0,4.617910656017757,0.983129238903274,-0.9589284391712675,0.2695431576118816,0.13589881357070993,-1.195883269939893,0.03658701616490403,25.559534159797277,1.050253720326403,4.417424624722664,-0.04995983775978907
1803,7.351948500000001,0.7676481649046659,0.1078774602935044,-0.07915448033705696,0.09125266323493597,-1.7126424248078227,0.846857707878526,0.013990957959457526,0,0.0035994000000000004,1,Shared Control,0.01,Good Visuals,0.27002002103845973,0.4530424759545515,0.0,4.622619432188332,0.9832158383568186,-0.9626340897546425,0.2658375070285066,0.1459883916011897,-1.077756619077732,0.03633610101667245,25.582575375277337,1.049959837759789,4.393733390927481,-0.04965776371735409
1804,7.3555837,0.7679623241700249,0.1073691196442001,-0.07889538370850113,0.09337816168474257,-1.661016582639017,0.8469039194406325,0.011454086655584436,0,0.0036352000000000003,1,Shared Control,0.01,Good Visuals,0.2765550678718119,0.4499075919714593,0.0,4.627460854827896,0.9833049052075327,-0.9662152225228858,0.26225637426026327,0.15687059884144808,-0.9786387473678968,0.035860341754796146,25.60626660907252,1.049657763717354,4.366276381589175,-0.04931415062062246
1805,7.3592745000000015,0.7684335630680634,0.11021187750336908,-0.07847035637256905,0.09875779084778465,-1.61102479530995,0.8469416341061009,0.009004048133711189,0,0.0036908,1,Shared Control,0.01,Good Visuals,0.27369492741330365,0.446688620582194,0.0,4.633018775754555,0.9834083791301107,-0.9701043999317311,0.258367196851418,0.15100049530067952,-0.9927195570986249,0.03549563210195605,25.633723618410826,1.0493141506206225,4.338564255904037,-0.04896132074451809
1806,7.362972800000001,0.7687477223334224,0.10988549992805892,-0.07819391177267854,0.10088145179434774,-1.5753913804348612,0.8469705882577194,0.006674958817939433,0,0.0036983000000000003,1,Shared Control,0.01,Good Visuals,0.26686927956862794,0.4441161688715695,0.0,4.638679258721487,0.9835126335601949,-0.9737156591723868,0.2547559376107624,0.13961682112354645,-1.0597350825059788,0.035051815244656045,25.66143574409596,1.048961320744518,4.317464093467958,-0.04867935557347901
1807,7.3663729,0.7690618815987814,0.106580957664833,-0.07790870665893801,0.09990599884689357,-1.5452463728747636,0.8469898011717697,0.004643956499847841,0,0.0034001,1,Shared Control,0.01,Good Visuals,0.26383605694889867,0.4415284709889128,0.0,4.643100661379054,0.9835915795593255,-0.9775581273919525,0.25091346939119674,0.13440679386606005,-1.0749064871361629,0.034727180525563506,25.682535906532042,1.048679355573479,4.295069662026414,-0.04839571927699683
1808,7.369960600000001,0.7695331204968198,0.10382157957479399,-0.07745668067494993,0.09917762307494615,-1.5081456738610797,0.8470027869818454,0.0026144702474935264,0,0.0035877,1,Shared Control,0.01,Good Visuals,0.2638183484584049,0.439069061787967,0.0,4.6476637761822825,0.9836759200031603,-0.981142553408131,0.24732904337501824,0.13387313102502277,-1.0472510053988062,0.03439891212784463,25.704930337973586,1.0483957192769968,4.274072388447915,-0.048126144640032543
1809,7.374271500000001,0.7696902001294992,0.10180920397764393,-0.07731258685234621,0.09919473373015039,-1.465329824844905,0.8470090711921312,0.00032869068195093276,0,0.0043109,1,Shared Control,0.01,Good Visuals,0.26275991504956087,0.4362472251404542,0.0,4.651972997807643,0.9837548927381196,-0.985324477445333,0.24314711933781621,0.13158285698888328,-1.040823324921483,0.03400883211316042,25.725927611552084,1.0481261446400325,4.249132264886557,-0.04781684450830446
1810,7.3773274,0.7701614390275378,0.09698262966873555,-0.07684763216459345,0.09665393898678462,-1.428589186474148,0.8470077317153683,-0.0011915743954776029,0,0.0030559000000000003,1,Shared Control,0.01,Good Visuals,0.26245216107661523,0.4337857374027624,0.0,4.65700118589903,0.983849080589037,-0.9889121922241328,0.23955940455901636,0.12954558241048153,-1.0059483467825174,0.0337274014827664,25.750867735113445,1.0478168445083045,4.228451452995558,-0.04754704204394628
1811,7.3809787,0.7703185186602172,0.09238034603521686,-0.07668921305515108,0.09357192043069446,-1.3872679987494483,0.8470002259285068,-0.0029002480680682743,0,0.0036513,1,Shared Control,0.01,Good Visuals,0.2631081133328015,0.4314289225969479,0.0,4.661282330148301,0.9839267554606037,-0.9922626063719677,0.23620899041118146,0.12993812651575218,-0.9787374818400674,0.03333540678617441,25.771548547004443,1.0475470420439463,4.208154942485308,-0.04728871272834269
1812,7.3844916000000005,0.7706326779255762,0.08653439964250328,-0.07636754800293055,0.08943464771057155,-1.3563737353314729,0.8469873116003902,-0.0044344250563591835,0,0.0035129000000000002,1,Shared Control,0.01,Good Visuals,0.26571312281623105,0.42890819627101084,0.0,4.665430499907058,0.9840032176462404,-0.9955603303242541,0.2329112664588951,0.1321193046915193,-0.9144848873537481,0.033085944563191624,25.791845057514692,1.0472887127283428,4.186045001914245,-0.047012417151364484
1813,7.388005300000001,0.7707897575582557,0.07871461234210778,-0.07619755404213446,0.08314903739846696,-1.336557131137783,0.8469691905862206,-0.00586239610871863,0,0.0035137000000000002,1,Shared Control,0.01,Good Visuals,0.2686179062424918,0.42645862110219074,0.0,4.669907081704272,0.9840866961717918,-0.9984841825033388,0.22998741427981034,0.13564028262527367,-0.8536794683459095,0.03275466726757678,25.813954998085755,1.0470124171513644,4.164911224990301,-0.04674392041784105
1814,7.391634700000001,0.7712609964562942,0.07328939825577827,-0.07570819412992635,0.0791517943644969,-1.313391931361973,0.8469454040150523,-0.007226667145769101,0,0.0036294,1,Shared Control,0.01,Good Visuals,0.2743318945237483,0.42301345529320133,0.0,4.674223267677195,0.9841663605548351,-1.001922895582789,0.22654870120036014,0.14358688944123654,-0.754832092249144,0.03249510382816832,25.835088775009698,1.046743920417841,4.13345905390311,-0.04636629748226654
1815,7.395849200000001,0.7714180760889737,0.07143656019643285,-0.07552732792607852,0.07866322734220195,-1.2906334128954113,0.846911850642483,-0.008671310366264853,0,0.0042145,1,Shared Control,0.01,Good Visuals,0.2764414950756005,0.4204038931309697,0.0,4.680463920913731,0.9842856588731694,-1.0043307321569535,0.2241408646261956,0.1463873409916762,-0.7073342657867097,0.03202558479290861,25.86654094609689,1.0463662974822665,4.112109941382027,-0.046080264652817574
1816,7.399374700000001,0.7717322353543327,0.07051762833103417,-0.07517961528815031,0.07918893869729902,-1.2738232705370733,0.8468793201021743,-0.009765942641339046,0,0.0035255000000000004,1,Shared Control,0.01,Good Visuals,0.276408306695811,0.4176785991938508,0.0,4.684949130116067,0.9843656964976739,-1.0068025909168425,0.22166900586630647,0.145664351489295,-0.6902898042081917,0.03175198269790282,25.887890058617973,1.0460802646528176,4.088061392147194,-0.04578154652025253
1817,7.402941800000001,0.7718893149870122,0.06914391720664124,-0.07499000511516207,0.0789098598479803,-1.2591387894530919,0.8468426636058565,-0.010769227888685312,0,0.0035671,1,Shared Control,0.01,Good Visuals,0.27461969910408296,0.41512397907874293,0.0,4.689805519242282,0.9844566285550536,-1.0092128346663742,0.21925876211677486,0.14297924601446607,-0.7015495836336021,0.03140091640148723,25.911938607852804,1.0457815465202525,4.066029374512781,-0.045501535861657345
1818,7.407506900000001,0.7723605538850506,0.06570235627838529,-0.07448210972080582,0.0764715841670706,-1.231802807964185,0.8467908508773112,-0.011902194652086846,0,0.0045651,1,Shared Control,0.01,Good Visuals,0.2738679193146941,0.4100044022491633,0.0,4.6995728205779175,0.9846391494201558,-1.0139626905193742,0.21450890626377495,0.14141942411540792,-0.6749789342429338,0.030765477844860264,25.96021228986822,1.0451798709925109,4.021794700118621,-0.044940381554877486
1819,7.413215600000001,0.772831792783089,0.06988586187928239,-0.07395905809422221,0.08178805653136924,-1.1765462042180106,0.8467194079759269,-0.013084176600842923,0,0.005708700000000001,1,Shared Control,0.01,Good Visuals,0.2716027657759786,0.4056884072944257,0.0,4.707384448278538,0.9847826272348776,-1.0179173142672606,0.2105542825158885,0.1368810349880324,-0.6775831649332278,0.030220192296543855,25.99825615998185,1.0446922973309558,3.9840456825024253,-0.044467307463499896
1820,7.4192602,0.7729888724157685,0.06998040664644176,-0.0737305355601584,0.08306458324728468,-1.1594361102523636,0.8466372368695496,-0.014056789792160788,0,0.006044600000000001,1,Shared Control,0.01,Good Visuals,0.26787246873692216,0.40366403908147336,0.0,4.711003629687154,0.9848494487982821,-1.020074913333408,0.20839668344974116,0.12962646664641633,-0.7066681076075414,0.03000433248324091,26.015954317497574,1.0444673074634998,3.9662701630215653,-0.0442454174559815
1821,7.4241679000000005,0.7733030316811275,0.05122691112941258,-0.07333420518842215,0.06528370092157337,-1.17189384184582,0.8465667448455737,-0.01463978591664116,0,0.0049077,1,Shared Control,0.01,Good Visuals,0.2729494917753388,0.39861976962362916,0.0,4.719346486931886,0.9850073542932825,-1.0250623224470496,0.20340927433609934,0.1375427578115618,-0.5957874946544794,0.02953650963836993,26.057597687855967,1.0439586454809746,3.921347339524539,-0.04369251755330345
1822,7.429768300000001,0.773460111313807,0.04840319974341062,-0.07310663353176672,0.06304298566005177,-1.1455648851930542,0.8464834043870992,-0.015083594956979165,0,0.0056004,1,Shared Control,0.01,Good Visuals,0.28209430141130226,0.39597279613105013,0.0,4.723640510878551,0.9850869381174584,-1.0266451279035207,0.2018264688796283,0.15137935474300074,-0.4602382764301811,0.029232463977740788,26.078652660475463,1.0436925175533034,3.8976607372968055,-0.043402384086273366
1823,7.4335053,0.773460111313807,0.0464600525439309,-0.07302329307329225,0.06154364750091007,-1.1292503063458104,0.8464266925724377,-0.015250915640456917,0,0.0037370000000000003,1,Shared Control,0.01,Good Visuals,0.2835684730765329,0.3932184729458416,0.0,4.728393868929038,0.9851767653902678,-1.0281842579817728,0.20028733880137609,0.15241028299556894,-0.4318183312998971,0.028948238095301657,26.102339262703193,1.0434023840862734,3.873204400719372,-0.04310048407205475
1824,7.43693,0.773774270579166,0.04239796511108422,-0.07265242199327171,0.057648880751541134,-1.1212833751429856,0.8463743284209997,-0.01531529990836263,0,0.0034247,1,Shared Control,0.01,Good Visuals,0.2850056773289279,0.39055657622337875,0.0,4.733321916707445,0.9852694578126945,-1.0295487463351085,0.19892285044804042,0.1536196909032687,-0.3988798974905474,0.02871410779175663,26.126795599280626,1.0431004840720548,3.8497944431360094,-0.04280871487711216
1825,7.4411696,0.7739313502118454,0.04398599028777273,-0.07244297820915424,0.059301290196135364,-1.083009760034261,0.8463094295330632,-0.015279066143377838,0,0.0042396000000000005,1,Shared Control,0.01,Good Visuals,0.28742696864719525,0.38693061650168253,0.0,4.738063120741421,0.9853581178182675,-1.031213820387078,0.1972577763960709,0.15709982397882685,-0.36375978764572015,0.028374881188028302,26.15020555686399,1.0428087148771121,3.8163186706511,-0.04241127520938728
1826,7.4448316000000005,0.7739313502118454,0.0435977724754887,-0.07237807932121776,0.058876838618866535,-1.051703130112346,0.8462536923522664,-0.015146231675149203,0,0.0036620000000000003,1,Shared Control,0.01,Good Visuals,0.2852779696602118,0.3843066294414703,0.0,4.7446769904120885,0.9854855092089583,-1.0325185364135314,0.1959530603696175,0.15174835994701033,-0.37929996699035273,0.028030406219686003,26.1836813293489,1.0424112752093873,3.794513229380202,-0.042123661273941446
1827,7.448343300000001,0.774088429844525,0.03696526466783871,-0.07216526250774147,0.052111496342987916,-1.038094522087654,0.8462008548717386,-0.014931959769976466,0,0.0035117000000000004,1,Shared Control,0.01,Good Visuals,0.28571289653729387,0.3816169030324819,0.0,4.749228054969703,0.9855676646548369,-1.0337988354726326,0.1946727613105163,0.15043248069268533,-0.35965477248754674,0.02781537570938458,26.2054867706198,1.0421236612739415,3.770402864945134,-0.041828841680700314
1828,7.452152000000002,0.774402589109884,0.0363306431738583,-0.07179826576185455,0.051262602943834765,-0.9949850690563997,0.846144575158591,-0.014605023692008334,0,0.0038087000000000004,1,Shared Control,0.01,Good Visuals,0.2917141728682236,0.37886873881033334,0.0,4.754064998695364,0.9856591989495702,-1.0347387096151144,0.19373288716803458,0.1584638615952427,-0.2716163750200067,0.027539483984730377,26.229597135054867,1.0418288416807002,3.7458747418038554,-0.041527616747403705
1829,7.4555831,0.7745596687425634,0.044387683220853735,-0.07158490641602755,0.05899270691286207,-0.9269489837130644,0.8460950889455392,-0.014227695511727659,0,0.0034311000000000003,1,Shared Control,0.01,Good Visuals,0.291155519701969,0.3760330436525273,0.0,4.758997236421398,0.9857522977112749,-1.0357605587087333,0.19271103807441559,0.15545136977042762,-0.27936166373749116,0.027202118397962972,26.254125258196144,1.0415276167474037,3.720481281009592,-0.041216797591155534
1830,7.4594272,0.7745596687425634,0.04765471073328537,-0.07153542020297576,0.06188240624501303,-0.8835373085474962,0.8460413540604954,-0.013713390292874647,0,0.0038441,1,Shared Control,0.01,Good Visuals,0.28287943241543295,0.3733230616124126,0.0,4.764095317479032,0.985848727525648,-1.0372546709660984,0.19121692581705058,0.13940202422571255,-0.3818426888918762,0.02691829023920017,26.27951871899041,1.0412167975911555,3.696463407800927,-0.04091975778811554
1831,7.463042600000001,0.7748738280079225,0.04523411970451452,-0.07116752605257293,0.058947509997389166,-0.8482310206503191,0.8459927807186626,-0.013142981328394233,0,0.0036154000000000004,1,Shared Control,0.01,Good Visuals,0.28013605517485274,0.3710716340235664,0.0,4.768943627361509,0.9859398629585944,-1.0386210383322116,0.18985055845093732,0.13255282221746126,-0.39925411743951633,0.026705822083905345,26.303536592199073,1.0409197577881155,3.6769335663195375,-0.040672979913705214
1832,7.466368300000001,0.775030907640602,0.04737035532445324,-0.07096187307806057,0.06051333665284747,-0.7850535918307288,0.8459500455828425,-0.012545423687853698,0,0.0033257,1,Shared Control,0.01,Good Visuals,0.28155461362266243,0.3687201496343114,0.0,4.7729307562613945,0.9860138337186984,-1.0399595093842031,0.18851208739894582,0.13281241955131093,-0.37341564892073964,0.02640825018174297,26.323066433680463,1.040672979913705,3.655706034032166,-0.040415234862447844
1833,7.470258800000002,0.775030907640602,0.047575117242523626,-0.07091913794224047,0.060120540930377324,-0.7363557603721044,0.8459027364310725,-0.011759443802082388,0,0.0038905000000000003,1,Shared Control,0.01,Good Visuals,0.2793254952277749,0.36660410148076633,0.0,4.777176129413115,0.9860945411340384,-1.0412916999705122,0.18717989681263678,0.1258635111088534,-0.3902139971614065,0.026165072459673505,26.344293965967836,1.0404152348624478,3.6370632923002404,-0.04018329586158068
1834,7.474618100000001,0.775345066905961,0.029472944832770815,-0.07055766952511155,0.041232388634853206,-0.702490691448958,0.8458535894160905,-0.010769678753759476,0,0.0043593,1,Shared Control,0.01,Good Visuals,0.2902906341354006,0.3617519538088653,0.0,4.785369632970637,0.9862499649776145,-1.0434963440912595,0.18497525269188966,0.13767915520203644,-0.20702263305183188,0.025809689659476394,26.385178584126958,1.0399169526239331,3.593098104934013,-0.039651454333685755
1835,7.481256700000001,0.7755021465386405,0.03774427654530926,-0.07035144287744999,0.04851395529906874,-0.5992018767499409,0.8457876701612735,-0.009046989050576743,0,0.006638600000000001,1,Shared Control,0.01,Good Visuals,0.294048802711339,0.3568661936388734,0.0,4.794178345353241,0.9864170854677167,-1.0444608757134803,0.18401072106966895,0.1385077877236431,-0.15779838330696028,0.025276427790985757,26.42912731254107,1.0393813793558655,3.5491138356265446,-0.03911592855635123
1836,7.488355700000001,0.77565922617132,0.03120401521908253,-0.07012844398995355,0.040251004269659274,-0.5591787656504562,0.8457308042519063,-0.006926920016849664,0,0.007099,1,Shared Control,0.01,Good Visuals,0.29271785055845023,0.35213067271131926,0.0,4.802509488855251,0.986574627748961,-1.0458159738799462,0.18265562290320309,0.1320806456788545,-0.15960054085475983,0.024871403993610694,26.470565490637682,1.0388735617844862,3.506217804690313,-0.03859687042873615
1837,7.4953226000000015,0.7759733854366788,0.02988041241983541,-0.06975741881522746,0.036807332436685075,-0.5244738886832955,0.8456905752841476,-0.00457841195941408,0,0.006966900000000001,1,Shared Control,0.01,Good Visuals,0.2974010572465404,0.3497181397090131,0.0,4.807111345838865,0.9866631216833195,-1.046143705897486,0.18232789088566323,0.1374909901096144,-0.09109233907939518,0.024694376158380417,26.493782195309688,1.038596870428736,3.484570851723249,-0.038332433868927006
1838,7.498969200000001,0.7761304650693583,0.036141375968056305,-0.06956011021478925,0.040719787927470386,-0.4671490610856197,0.8456762859343467,-0.0032472126961953923,0,0.0036466000000000003,1,Shared Control,0.01,Good Visuals,0.2993153734046756,0.34742505348429265,0.0,4.81145730058734,0.986745472154357,-1.0463656288141645,0.18210596796898473,0.13777057498063341,-0.0647043316457181,0.024395434738963856,26.515429148276752,1.038332433868927,3.4639457877764577,-0.038081089811858704
1839,7.5024639,0.7761304650693583,0.04104308701910481,-0.0695458208649884,0.0442902997153002,-0.4249910376394208,0.8456672605237817,-0.00190771050648246,0,0.0034947000000000003,1,Shared Control,0.01,Good Visuals,0.2947899373065345,0.3452314942559195,0.0,4.815593286596649,0.9868239621066196,-1.046785513202786,0.18168608358036334,0.12694520186865316,-0.1175554030520749,0.024166925011746446,26.536054212223544,1.0380810898118586,3.444173716747246,-0.03784065486007395
1840,7.507557800000001,0.7764446243347173,0.029258509594045506,-0.06922263618906443,0.031166220100527966,-0.4022459151712255,0.8456627386327514,0.00015349977870242337,0,0.0050939,1,Shared Control,0.01,Good Visuals,0.29888196531614947,0.341052197309966,0.0,4.8231905724715345,0.9869681428030332,-1.0474569208185156,0.18101467596463366,0.1286699847778793,-0.04089798217408713,0.023865955952711793,26.57393400834513,1.0376194461692552,3.406236086862215,-0.03738256417043266
1841,7.512914400000001,0.7766017039673968,0.03425052044841366,-0.06906103466535463,0.03409702066971124,-0.34711686439081846,0.8456696664380083,0.0024557435248336174,0,0.0053566,1,Shared Control,0.01,Good Visuals,0.30338406194996037,0.33882406609354165,0.0,4.827127415902772,0.9870437576360042,-1.0474279112142109,0.18104368556893843,0.13457012836605395,0.008441122095260933,0.023608532175868797,26.593763913137785,1.0373825641704326,3.3858956249797356,-0.03713833979998409
1842,7.516389800000001,0.7766017039673968,0.03933961062155985,-0.06906796247061153,0.03688386709672623,-0.30741045768292224,0.8456809049293829,0.004020921352013457,0,0.0034754,1,Shared Control,0.01,Good Visuals,0.2999881543060832,0.3366610629194268,0.0,4.83117652605192,0.9871212960238108,-1.047546813097349,0.1809247836858002,0.1256028185013162,-0.03318130354920967,0.023399540573942487,26.614104375020265,1.037138339799984,3.3662787201100857,-0.03690125408232866
1843,7.519980800000001,0.7766017039673968,0.033908884861080034,-0.06907920096198605,0.029887963509066577,-0.3063261405185153,0.8456983335004922,0.0056954643941720395,0,0.003591,1,Shared Control,0.01,Good Visuals,0.2975385601209967,0.33472505854426077,0.0,4.835095113774908,0.9871960454568939,-1.0477286504932595,0.18074294628988977,0.118469076605239,-0.0534690060898706,0.02325249365903516,26.633721279889915,1.0369012540823286,3.348895854868209,-0.03668904959175589
1844,7.5242542000000014,0.7769158632327557,0.027791274850317516,-0.06878247026773643,0.022095810456145476,-0.2978475092426577,0.8457270598785668,0.0077619704502183,0,0.0042734,1,Shared Control,0.01,Good Visuals,0.3047383816283497,0.3322518391155106,0.0,4.838585777849513,0.9872622362702402,-1.047524584865914,0.18094701191723517,0.12799905544964527,0.05078154220366171,0.023122539586191537,26.65110414513179,1.0366890495917558,3.325649331412947,-0.03641796122249145
1845,7.527320000000001,0.7770729428654353,0.031278518568808304,-0.06865411701313151,0.023516548118590004,-0.26125468215187925,0.8457531925966523,0.009292504993495057,0,0.0030658,1,Shared Control,0.01,Good Visuals,0.3113072177780652,0.3299126057407926,0.0,4.843145918852727,0.9873510831852632,-1.0470545914617075,0.18141700532144167,0.13662528770538013,0.13148139769666267,0.022853102245363355,26.674350668587053,1.0364179612224915,3.3044721075698567,-0.03616155899893229
1846,7.5309942,0.7770729428654353,0.03548040029721842,-0.068680249731217,0.02618789530372336,-0.23863543086499422,0.845790782178945,0.011178061367983966,0,0.0036742000000000003,1,Shared Control,0.01,Good Visuals,0.3095716826211397,0.327769233202403,0.0,4.847381110078012,0.9874317948493085,-1.046689237243738,0.1817823595394113,0.13103812361438652,0.1067818845446804,0.0226498586386355,26.695527892430142,1.0361615589989324,3.285077449214257,-0.03592662498563616
1847,7.5344636000000005,0.7772300224981148,0.03357922793161634,-0.0685607596808302,0.022401166563632377,-0.23866533056799727,0.8458327246842398,0.013008433788224555,0,0.0034694,1,Shared Control,0.01,Good Visuals,0.30732512766906567,0.3256313527064574,0.0,4.851261102779404,0.9875057190062196,-1.0464063894552096,0.18206520732793963,0.1254633383825192,0.07937359015808565,0.02251127279055054,26.714922550785744,1.0359266249856363,3.2654812083259923,-0.03569229295242023
1848,7.5380375000000015,0.7772300224981148,0.02968091474235137,-0.06860270218612496,0.016672480954126816,-0.23854425482688715,0.845882658088105,0.014943131573976434,0,0.0035739,1,Shared Control,0.01,Good Visuals,0.31075020856103575,0.3234833164487146,0.0,4.8551557081115675,0.9875804946572897,-1.0459733292680615,0.18249826751508771,0.12956246578819647,0.1247113569900935,0.02232553291745108,26.734518791674006,1.0356922929524202,3.245765196690334,-0.035456847751131865
1849,7.541628800000002,0.7775441817634737,0.027731871823507677,-0.0683384763246313,0.012788740249531243,-0.23526120060343653,0.8459398874791257,0.016936016021099565,0,0.0035913000000000004,1,Shared Control,0.01,Good Visuals,0.31687877558888444,0.32052091197488103,0.0,4.859071676923797,0.9876557429851361,-1.045031150007084,0.18344044677606539,0.13736008349055018,0.20875155336944617,0.022191829620511187,26.754234803309664,1.035456847751132,3.2176018254910694,-0.03513214004886419
1850,7.545814700000001,0.7777012613961533,0.03190044891675603,-0.06823862608297249,0.014964432895656465,-0.22082606480662015,0.846015744366707,0.01931850611529179,0,0.0041859,1,Shared Control,0.01,Good Visuals,0.31980481382552967,0.31820586184499033,0.0,4.864566534686183,0.9877635238684948,-1.044223763338896,0.18424783344425338,0.14067502674627466,0.23356476168364093,0.02190391075454464,26.78239817450893,1.0351321400488642,3.197122143856743,-0.03487838853891643
1851,7.549458400000001,0.7777012613961533,0.035839553471037816,-0.06831448297055376,0.016521047355746027,-0.21746945335482043,0.8460899914789047,0.02144286913521999,0,0.0036437,1,Shared Control,0.01,Good Visuals,0.31745183477638783,0.31591267848543764,0.0,4.868713534738668,0.9878414857967724,-1.0435228241465717,0.1849487726365777,0.1353818007505989,0.19670516706637242,0.021713930823850296,26.802877856143258,1.0348783885389163,3.175977487503035,-0.03462703383494677
1852,7.5529492000000005,0.7780154206615123,0.03703405211539206,-0.06807457081739243,0.01559118298017207,-0.2190874822825908,0.8461684588346826,0.023520606544668796,0,0.0034908,1,Shared Control,0.01,Good Visuals,0.31656843883167607,0.31375073898286127,0.0,4.872904463496417,0.9879222427934448,-1.0428759495953377,0.18559564718781174,0.13235395198676145,0.18844482513300043,0.021581411294575453,26.824022512496967,1.0346270338349468,3.1561942790420594,-0.03439006470580727
1853,7.557591100000002,0.7781725002941917,0.04481670630668988,-0.0679959585404909,0.021296099762021084,-0.18177874641564784,0.8462841687298275,0.026345507285583034,0,0.0046419,1,Shared Control,0.01,Good Visuals,0.313127548084564,0.3095003158967468,0.0,4.881433225282729,0.9880871829626324,-1.041758485278217,0.18671311150493233,0.12401810335182206,0.13184807210588945,0.021164441807093648,26.867182980259724,1.0341170878666817,3.117400696047947,-0.0339241779148075
1854,7.5632956,0.7783295799268712,0.033916504995836816,-0.06795458880295624,0.007570997710253782,-0.19658079717522706,0.8464445751394745,0.02990961430412563,0,0.0057045,1,Shared Control,0.01,Good Visuals,0.3188597111054126,0.30594223497595163,0.0,4.887757260871329,0.9882074226761769,-1.0408443987327738,0.18762719805037528,0.13062012511301532,0.20827944551931155,0.02091386767942804,26.898706900329277,1.033733686351116,3.0843434119639004,-0.0335341784091766
1855,7.569288100000001,0.7788008188249097,0.040158756591788525,-0.06764375631456476,0.010249142287662896,-0.1443871936881514,0.8466352860514289,0.03375741383779908,0,0.0059925,1,Shared Control,0.01,Good Visuals,0.3290882677541767,0.30145507531382065,0.0,4.894831981091988,0.988344868120486,-1.0387803247199634,0.18969127206318576,0.1434764121048735,0.3333016046818802,0.02060593287509306,26.934640761963703,1.033312365110004,3.0420190494496273,-0.033042343038123013
1856,7.575836200000001,0.7791149780902686,0.05058725540796201,-0.06752030796116026,0.01682984157016293,-0.09582001607118629,0.8468704083303291,0.03807555088153053,0,0.0065481,1,Shared Control,0.01,Good Visuals,0.32128297333072614,0.29907705787897043,0.0,4.899396404298226,0.988434236323593,-1.037973389579972,0.19049820720317703,0.12970162516780206,0.20742767466744172,0.02039155365431685,26.957980950550372,1.033042343038123,3.0200412105101817,-0.0327816897127439
1857,7.5797682,0.779272057722948,0.05813847656765786,-0.06759835060738106,0.02006292568612733,-0.057846901993604816,0.8470253115008022,0.04072193544989744,0,0.003932000000000001,1,Shared Control,0.01,Good Visuals,0.31446608176093394,0.29721716830145745,0.0,4.903749661899355,0.9885182522716414,-1.0375612958760847,0.1909103009070644,0.11514355919572193,0.12000049616707997,0.020193775052105838,26.979958789489817,1.032781689712744,3.0032952222710487,-0.032577828127832
1858,7.583448500000001,0.779272057722948,0.05718706443732003,-0.06775325377785413,0.01646512898742259,-0.04515816960157276,0.847179791594413,0.0432331809225967,0,0.0036803,1,Shared Control,0.01,Good Visuals,0.3118788318302684,0.29542412165943416,0.0,4.907112070213532,0.9885821575589921,-1.037194613213303,0.1912769835698462,0.10685280438541545,0.10288803355363729,0.020091390349374905,26.99670477772895,1.032577828127832,2.986633958112729,-0.032381293164314096
1859,7.586954100000002,0.7795862169883071,0.0506152792321498,-0.06759357460610593,0.007382098309553095,-0.04213598260430333,0.8473355859071251,0.04565458981542597,0,0.0035056,1,Shared Control,0.01,Good Visuals,0.316417633950248,0.29362250172621923,0.0,4.9104035218133575,0.9886458847225347,-1.0365945041337479,0.19187709264940142,0.11106103118553277,0.17460258351911473,0.020015945486891295,27.01336604188727,1.0323812931643142,2.969824106640115,-0.03218381848655113
1860,7.5912044000000005,0.7797432966209866,0.04889088485874703,-0.06759228928613847,0.0032362950433210552,-0.012869583479413471,0.8475359343962516,0.04862689570586447,0,0.0042503,1,Shared Control,0.01,Good Visuals,0.32483697563738223,0.2909884104359917,0.0,4.913717516640151,0.9887102028319148,-1.0352979374319615,0.19317365935118774,0.12214058858436279,0.2831549905626396,0.019846994476462668,27.030175893359885,1.032183818486551,2.944343954005278,-0.0318950970314062
1861,7.5948659,0.779900376253666,0.04889279259361474,-0.0676355581425856,0.0002658968877502707,0.018800816503428065,0.8477187168477702,0.05121786380412971,0,0.0036615000000000003,1,Shared Control,0.01,Good Visuals,0.32926272607583884,0.288974740811428,0.0,4.91864980166692,0.9888079340118957,-1.0341603321537227,0.19431126462942652,0.12555885030799024,0.334088654735182,0.019668572817103148,27.055656045994724,1.0318950970314062,2.926237503984791,-0.03167437969091685
1862,7.5984584,0.7802145355190251,0.05013209517888172,-0.06750418132874514,-0.0010857686252479862,0.053322126432510136,0.8479073223518879,0.053785875193273075,0,0.0035925,1,Shared Control,0.01,Good Visuals,0.3326588188165465,0.28682124389443664,0.0,4.922288915619921,0.9888770519052992,-1.0328009219562306,0.1956706748269186,0.1270707930870783,0.37804449442200094,0.01954496788388994,27.07376249601521,1.031674379690917,2.905900485120959,-0.031438335949444944
1863,7.602065400000001,0.7803716151517046,0.05509650714857382,-0.06753570720018331,0.0013106319553007478,0.09820177036758841,0.8481060149490736,0.05638863849436765,0,0.0036070000000000004,1,Shared Control,0.01,Good Visuals,0.33361789499730893,0.2847938550184977,0.0,4.926274375872017,0.9889549470525585,-1.0314967874818495,0.1969748093012997,0.12533253134060074,0.3792301242784353,0.019361633256786286,27.09409951487904,1.031438335949445,2.8870528806231683,-0.03121611484853725
1864,7.6056097000000005,0.7806857744170635,0.06015204934096462,-0.06742024053201001,0.003763410846596968,0.13733902259527117,0.8483104389495777,0.05896863183861063,0,0.0035443000000000002,1,Shared Control,0.01,Good Visuals,0.3316546546224496,0.28276287784634596,0.0,4.929998054466788,0.9890270691555932,-1.0302289263280573,0.19824267045509186,0.11845888050293613,0.3480075630742603,0.01923375440494072,27.11294711937683,1.0312161148485373,2.867995720403779,-0.030993500436240582
1865,7.6092555000000015,0.7808428540497431,0.06342328567511384,-0.06746758489983462,0.004454653836503203,0.17108665005072188,0.8485302978882722,0.061644386681285246,0,0.0036458000000000003,1,Shared Control,0.01,Good Visuals,0.3289119150694005,0.2807160285923566,0.0,4.933745449060096,0.9891000429322923,-1.0290423756312947,0.1994292211518544,0.11101402594203921,0.3023367213888135,0.01906394123792401,27.13200427959622,1.0309935004362405,2.8487643458001912,-0.030769146292833855
1866,7.6131247,0.781157013315102,0.06508359226389276,-0.06737328457317016,0.0034392055826075185,0.20397130306076525,0.8487743427478075,0.06450683459628338,0,0.0038692,1,Shared Control,0.01,Good Visuals,0.3287164459336604,0.2789934872985692,0.0,4.937524780618006,0.9891736955213389,-1.0280298304052353,0.20044176637791386,0.10730754723328603,0.29654275181123224,0.018939232491799223,27.15123565419981,1.030769146292834,2.8329118802904576,-0.03058033938597583
1867,7.616398700000001,0.7814711725804611,0.06923583977790133,-0.06730317016734644,0.004729005181617951,0.24979261106949918,0.8489895269912373,0.066946048034276,0,0.003274,1,Shared Control,0.01,Good Visuals,0.329467234547877,0.27722242858976437,0.0,4.940673694204917,0.9892343313734766,-1.026949708014956,0.20152188876819305,0.10529817900681256,0.3014912047895899,0.018796707613827637,27.167088119709543,1.0305803393859758,2.816183395667307,-0.030386214509039975
1868,7.619985700000001,0.7814711725804611,0.07030533465422317,-0.06751835441077625,0.003359286619947166,0.2787672005222698,0.8492344804318858,0.06963521786914767,0,0.0035870000000000003,1,Shared Control,0.01,Good Visuals,0.328065287032199,0.27562277937189705,0.0,4.943952619160113,0.9892984284765715,-1.0259915465011096,0.20248005028203966,0.09927983804999373,0.2788920461772688,0.018657948285581958,27.183816604332694,1.0303862145090399,2.8012998404604503,-0.030210877742384405
1869,7.624374000000001,0.7819424114784995,0.06197781025102703,-0.06729206895338624,-0.007657407618120643,0.279815352854361,0.8495473190491843,0.07294715551320599,0,0.0043883,1,Shared Control,0.01,Good Visuals,0.33704949639838816,0.27225186954714786,0.0,4.9503812874915205,0.9894241441013152,-1.0235681214976575,0.20490347528549172,0.10779271878108374,0.38918071745268823,0.01842129825490884,27.21662253253108,1.0300057570436858,2.769622201453484,-0.029841393968843718
1870,7.6302526,0.7824136503765379,0.06220501200141318,-0.06713366867264647,-0.010742143511792812,0.2772620576341879,0.8499892694917581,0.07741808038144968,0,0.0058786,1,Shared Control,0.01,Good Visuals,0.34088244029745585,0.2706420632508101,0.0,4.953118823429424,0.9894767622135884,-1.022287014371985,0.20618458241116408,0.11339677318148583,0.4231427948448814,0.01832039157825499,27.230377798546517,1.0298413939688438,2.754291722199384,-0.02966494388979579
1871,7.6335601,0.7824136503765379,0.06651308972999748,-0.06757561911522025,-0.010904990651452201,0.29220744016278866,0.8502495124049286,0.07994897718998928,0,0.0033075,1,Shared Control,0.01,Good Visuals,0.3433516968400477,0.2687092687822177,0.0,4.956111748074272,0.9895355455407359,-1.0206867535714519,0.20778484321169727,0.11567800379160184,0.448013886316299,0.018169194603161316,27.245708277800617,1.0296649438897958,2.7357109987854664,-0.02945309123550913
1872,7.6370138,0.7828848892745763,0.07009218691553903,-0.0673646231303523,-0.009856790274450244,0.3086940553428833,0.850530211121934,0.08260229891279405,0,0.0034537,1,Shared Control,0.01,Good Visuals,0.3459479389827748,0.26684088205684836,0.0,4.959722013384933,0.9896068354230214,-1.0189841958192585,0.20948740096389074,0.11545266984978705,0.4953327569514352,0.018158195199956487,27.264289001214532,1.029453091235509,2.718117249953684,-0.02924829828238582
1873,7.641334400000002,0.7830419689072559,0.07346936227642423,-0.0674882422146782,-0.009132936636369826,0.33558970747928635,0.8508942975823245,0.0859352094224053,0,0.0043206,1,Shared Control,0.01,Good Visuals,0.34409755819627724,0.26446159893641685,0.0,4.963176977031514,0.9896742588298828,-1.0169159469805618,0.21155564980258754,0.11079112997896609,0.45204660649505235,0.017975635455530378,27.281882750046314,1.0292482982823858,2.6950793756123383,-0.028987506225830552
1874,7.644883400000001,0.7835132078052943,0.07825172508322299,-0.06738108977703017,-0.0076834843391823116,0.38301936551514953,0.8512041549059899,0.0886828768921843,0,0.003549,1,Shared Control,0.01,Good Visuals,0.3442965601216712,0.2627348055775437,0.0,4.967637459921287,0.9897626964581367,-1.0154100173793257,0.21306157940382361,0.10780550821955072,0.4421012832798261,0.01784804844550198,27.304920624387663,1.0289875062258305,2.679372102486154,-0.02879823325220275
1875,7.648353100000001,0.7838273670706534,0.08602135423550161,-0.06737678783533652,-0.002661522656682694,0.44810945981597655,0.8515165292562504,0.0913767010426618,0,0.0034697,1,Shared Control,0.01,Good Visuals,0.34254173411141897,0.261039566429353,0.0,4.970778113636065,0.9898227729868664,-1.0139446241117287,0.21452697267142054,0.10102883712797625,0.4100263766744823,0.01770335752217104,27.320627897513845,1.0287982332522028,2.663281182441776,-0.028612418920140634
1876,7.6520144000000005,0.7841415263360123,0.09333578821659824,-0.06737500292023813,0.001959087173936447,0.5089494215544923,0.8518563012814018,0.09422624497004378,0,0.0036613,1,Shared Control,0.01,Good Visuals,0.3377617309791605,0.25959514958029273,0.0,4.973925617103377,0.9898844784304048,-1.0127704067596042,0.21570119002354507,0.08893879152187828,0.33945747510177227,0.01758800748393875,27.336718817558225,1.0286124189201407,2.6498035708320167,-0.02845409709733832
1877,7.655634900000001,0.7844556856013714,0.09513855427403858,-0.06740061568003042,0.0009123093039948016,0.5496490866832624,0.8522025573898421,0.09704993717361748,0,0.0036205,1,Shared Control,0.01,Good Visuals,0.33335808036009135,0.2582589886162508,0.0,4.976585335358476,0.9899361132579705,-1.0117527910213733,0.21671880576177585,0.07769086249374069,0.2777942067675232,0.017490223961051876,27.350196429167983,1.0284540970973384,2.6371934961453793,-0.02830764114902807
1878,7.659341000000001,0.7846127652340508,0.0906392970508049,-0.0675897921557913,-0.006410640122812589,0.5719744715824568,0.8525675980626372,0.09994530199197951,0,0.0037061000000000004,1,Shared Control,0.01,Good Visuals,0.3346884989992701,0.25687692085664326,0.0,4.979059429148298,0.9899844590328678,-1.0106074905314193,0.21786410625172975,0.07583131168204135,0.2951425048199732,0.01740681483763727,27.36280650385462,1.0283076411490282,2.623996662312492,-0.028156153379358437
1879,7.6630272,0.7850840041320893,0.08484921509034186,-0.06748359393054781,-0.015096086901637648,0.5936482906271969,0.8529413302081039,0.1028288975534433,0,0.0036862,1,Shared Control,0.01,Good Visuals,0.34305431644486256,0.2555057564647642,0.0,4.981633276723993,0.9900350905877625,-1.0092087975308361,0.21926279925231296,0.08497325596598035,0.4082225726244628,0.01736225769032017,27.376003337687507,1.0281561533793584,2.6109551491854432,-0.028005860722480916
1880,7.666372900000001,0.7855552430301277,0.08972154503686469,-0.06738608717797623,-0.013107352516578602,0.6521441734534701,0.8532897464663248,0.10544844174440798,0,0.0033457,1,Shared Control,0.01,Good Visuals,0.35129692678726293,0.2539137484573425,0.0,4.984182024539101,0.9900851170715718,-1.0073924628876243,0.2210791338955247,0.09450127101598403,0.5068888017223618,0.017242446716185588,27.389044850814557,1.028005860722481,2.5955768733445175,-0.027831361505156724
1881,7.670014400000001,0.7857123226628072,0.09762563336027881,-0.06757742380351761,-0.007822808384129173,0.7032033201029025,0.8536789305908438,0.10830108288015075,0,0.0036415,1,Shared Control,0.01,Good Visuals,0.3490436324756418,0.2525159940518288,0.0,4.9871639382699895,0.990144161004736,-1.0058030079188685,0.22266858886428062,0.08659615407006441,0.4623196535066716,0.017110253989233208,27.404423126655484,1.0278313615051566,2.5824416459953428,-0.027678154329918582
1882,7.674338400000002,0.7861835615608457,0.09753444006417203,-0.06749536902999809,-0.010766642815978722,0.7155761877847198,0.8541545491764087,0.11168899611944992,0,0.004324000000000001,1,Shared Control,0.01,Good Visuals,0.3449403585710017,0.2510857127286882,0.0,4.989747131856351,0.9901945169555445,-1.0041842105623704,0.22428738622077865,0.07599257386043946,0.4049828271034801,0.017064380347206965,27.417558354004658,1.0276781543299185,2.5687524650126323,-0.027521381895183376
1883,7.6775483000000015,0.7864977208262046,0.09610837685863335,-0.06765682835020403,-0.015580619260816567,0.726844154664834,0.8545170955371035,0.11420347980062773,0,0.0032099000000000003,1,Shared Control,0.01,Good Visuals,0.3476264766129203,0.24977985838829864,0.0,4.992414222440933,0.9902470529472407,-1.0026566723234407,0.22581492445970833,0.07785387637998445,0.42827774663686036,0.016947122838782896,27.431247534987367,1.0275213818951834,2.556399012650527,-0.02737824784103599
1884,7.6810738,0.7866548004588841,0.09248201495995492,-0.06786229507821939,-0.021721464840672805,0.7240255395578816,0.8549245861755171,0.11696377605410986,0,0.0035255000000000004,1,Shared Control,0.01,Good Visuals,0.35336413315480497,0.24841602925783468,0.0,4.994835567456187,0.9902944338503212,-1.0009129535326708,0.22755864325047825,0.08353351612554379,0.5033830227395852,0.01689931300431539,27.443600987349473,1.027378247841036,2.543304960518768,-0.027228759198566585
1885,7.6845026,0.7872831189896021,0.09004549989432196,-0.06764146718591502,-0.026918276159787896,0.7226467150834025,0.8553302309362033,0.11964612453446322,0,0.0034288,1,Shared Control,0.01,Good Visuals,0.3606456050694703,0.24686487870089774,0.0,4.997382819637677,0.9903446983057105,-0.99881021233551,0.22966138444763906,0.09257074584370903,0.5931067038503985,0.01685808187965476,27.456695039481232,1.0272287591985665,2.52829887551962,-0.027058738346362556
1886,7.688107800000001,0.7875972782549611,0.09791729515512698,-0.06773295268124224,-0.021728829379336234,0.7537041595438251,0.8557666583594308,0.12246321000821797,0,0.0036052000000000002,1,Shared Control,0.01,Good Visuals,0.36488693381058707,0.24529252620678718,0.0,5.000290864443805,0.9904023283298844,-0.9966753355493319,0.23179626123381722,0.09775322531991641,0.6251286305461541,0.016698302592001665,27.47170112448038,1.0270587383463625,2.513236379229189,-0.026886393560217676
1887,7.6920792,0.7880685171529996,0.10701545226609716,-0.06769814120643114,-0.015447757742120816,0.7731713322224689,0.8562591629401854,0.12556150898174423,0,0.0039714,1,Shared Control,0.01,Good Visuals,0.3604047147453929,0.24362626542972138,0.0,5.003224601914613,0.990460146497814,-0.9944542153166074,0.23401738146654175,0.08782027656985708,0.5522427232035092,0.01661438707062669,27.486763620770812,1.0268863935602177,2.4971876069483563,-0.02670375553320996
1888,7.695457800000002,0.7883826764183586,0.10985750543168318,-0.06787648652182687,-0.015704003550061046,0.7686266480814885,0.8566878308208857,0.12819240919656222,0,0.0033786000000000003,1,Shared Control,0.01,Good Visuals,0.3542213838888366,0.24234606401909303,0.0,5.006341939260556,0.99052177102542,-0.99284257479312,0.2356290219900292,0.07620551506358902,0.45244112278920645,0.01649304531865675,27.502812393051645,1.02670375553321,2.485266142972565,-0.026563433284119167
1889,7.6990026,0.7888539153163969,0.11046955464216526,-0.0678339155044888,-0.017722854554396955,0.7657222442758427,0.857147131424504,0.13094704567759807,0,0.0035448000000000003,1,Shared Control,0.01,Good Visuals,0.3555287083369444,0.2411089822418786,0.0,5.00869816277742,0.9905674657863522,-0.9912411042953267,0.23723049248782246,0.07636984411830366,0.46747343621731585,0.016449599348009762,27.514733857027434,1.0265634332841191,2.4734177740857763,-0.026427837356910518
1890,7.702490600000001,0.7893251542144354,0.11429391531213653,-0.06782197721006866,-0.016653130365461538,0.7781202955201382,0.8576085925634156,0.13365110397282692,0,0.003488,1,Shared Control,0.01,Good Visuals,0.35747267255887305,0.2397879594409,0.0,5.011006378946597,0.9906129513769273,-0.9895159412658426,0.23895565551730652,0.07802758068147286,0.48148563479878925,0.016355366328768887,27.526582225914225,1.0264278373569105,2.4606562541987063,-0.02628304069523323
1891,7.7075177,0.7902676320105124,0.11473316060962904,-0.06734096055290317,-0.01891794336319788,0.7733528328510881,0.8582902406009629,0.13753561715180374,0,0.0050271000000000005,1,Shared Control,0.01,Good Visuals,0.36021208588825493,0.23726841560634113,0.0,5.015862618520958,0.9907088775115033,-0.9861602917781546,0.24231130500499462,0.07805185530136144,0.5053277159429608,0.016248941724161893,27.551562839646063,1.0261431635427338,2.436507853835426,-0.026006874730555355
1892,7.7129224,0.790424711643192,0.12123918893751615,-0.06786552895777098,-0.01629642821428759,0.8024490393273359,0.8590448233392519,0.14169295851280306,0,0.0054047,1,Shared Control,0.01,Good Visuals,0.3566724252861482,0.23607030568468787,0.0,5.018184794841728,0.9907546824563771,-0.9847519470472649,0.24371964973588436,0.07426887243665112,0.40952158502173197,0.015977883015796453,27.563492146164574,1.0260068747305553,2.4250180262271406,-0.025875550489331572
1893,7.716421,0.7908959505412304,0.12204408573512601,-0.06814887279802151,-0.019648872777677046,0.7989922592560592,0.8595452404044214,0.14437247656017752,0,0.0034986,1,Shared Control,0.01,Good Visuals,0.3568600748757968,0.23488841309418293,0.0,5.020421981287576,0.990798800337041,-0.9832221982014981,0.24524939858165112,0.06991070240036384,0.4277821157065862,0.01602103616651403,27.57498197377286,1.0258755504893315,2.413650471101489,-0.02574600382182556
1894,7.720024400000002,0.7915242690719484,0.12274134868035666,-0.06802097133247298,-0.021631127879820855,0.8011584710208572,0.8600704290416513,0.14712187194238557,0,0.0036034,1,Shared Control,0.01,Good Visuals,0.36175565443898644,0.23368250097185975,0.0,5.022632114255605,0.9908424566442269,-0.9815211598017531,0.2469504369813961,0.07454406081941083,0.4991016958350376,0.016007380585684603,27.58634952889851,1.0257460038218256,2.4020099791021217,-0.025613824385210822
1895,7.724288100000001,0.7919955079699869,0.1300140786640287,-0.06807492107166446,-0.017107793278356875,0.8349794305245218,0.8607046226512034,0.1503605116933835,0,0.0042637000000000005,1,Shared Control,0.01,Good Visuals,0.3632319884255764,0.2318928530733311,0.0,5.02489121555607,0.9908871706794783,-0.9790004999857297,0.24947109679741952,0.07537720014691623,0.5029450129740645,0.01589531069950746,27.59799002089788,1.0256138243852109,2.3842470160233216,-0.025417661956301376
1896,7.728311700000001,0.7926238265007047,0.13488390338341172,-0.06808079615049867,-0.015476608309971773,0.8647253719565495,0.8613157359352709,0.15340134320630458,0,0.0040236000000000004,1,Shared Control,0.01,Good Visuals,0.35925353020924977,0.23077044914304784,0.0,5.028290345189174,0.9909554995927867,-0.9774572434609581,0.25101435332219113,0.06605277118603733,0.43065620894980516,0.0157860876700501,27.615752983976677,1.0254176619563014,2.3740166429595977,-0.02529463581168215
1897,7.7321957,0.7930950653987432,0.13971714011367042,-0.0682206705365277,-0.013684203092634156,0.9039280366453971,0.8619172228029734,0.1563215928296077,0,0.0038840000000000003,1,Shared Control,0.01,Good Visuals,0.3578064987788741,0.22977974023452463,0.0,5.030335742261769,0.9909946826980954,-0.9760589257746554,0.25241267100849385,0.06059242928005597,0.40559162498628964,0.01571103590566686,27.625983357040404,1.0252946358116821,2.364537209320954,-0.02518604469384388
1898,7.7354517000000005,0.7935663042967817,0.14325362742319972,-0.0683509185061918,-0.013067965406407978,0.9356551897787508,0.8624301748928304,0.1587576782622083,0,0.003256,1,Shared Control,0.01,Good Visuals,0.35686043162348097,0.22885034376628974,0.0,5.0321839160159865,0.9910310829163571,-0.9746678005597382,0.253803796223411,0.055198284922238224,0.39265156084482644,0.01567572795450842,27.635462790679046,1.025186044693844,2.3556065179928543,-0.025084174002531524
1899,7.7392757,0.7946658617255382,0.14799151391306026,-0.06776431316729215,-0.010766164349148039,0.9888471670957303,0.8630427117981703,0.1616041305427635,0,0.003824,1,Shared Control,0.01,Good Visuals,0.3570353267097929,0.22706658634905358,0.0,5.035556760791524,0.9910976827859694,-0.9718009936203936,0.25667060316275553,0.04950133316420624,0.38173675243978966,0.015556056177555927,27.652802290312486,1.0249883182704134,2.3383726027158707,-0.024888657226389152
1900,7.7463034,0.795608339521615,0.14803666761217932,-0.06743437227655524,-0.013567462930584195,1.0260327452735354,0.864196680178211,0.16679198121330635,0,0.0070277000000000004,1,Shared Control,0.01,Good Visuals,0.355536814796116,0.22585819789661418,0.0,5.038357064326635,0.9911526653604941,-0.9699666990842973,0.25850489769885177,0.04389598044912625,0.33220243873174926,0.015378640421609744,27.6671237641476,1.024823357144789,2.3269204193740847,-0.024756206360444226
1901,7.7523684,0.796550817317692,0.15275102545515185,-0.0676458628605191,-0.014040955758154505,1.070218365225643,0.8652217289894538,0.17122146822491047,0,0.006065,1,Shared Control,0.01,Good Visuals,0.3596409815429563,0.22464519823823037,0.0,5.040604712665867,0.991197228075537,-0.9679527469828596,0.26051884980028955,0.04428223905417914,0.3912185108746631,0.015344948170294184,27.678720797478576,1.0246920700345175,2.3151607549262576,-0.024623250062476048
1902,7.7590343000000015,0.7973362154810895,0.15581907570218267,-0.06788551350836436,-0.015402392522727792,1.087445484483852,0.8663791523952518,0.17603583045943444,0,0.006665900000000001,1,Shared Control,0.01,Good Visuals,0.35497369686173275,0.22385075297193804,0.0,5.041786678294989,0.9912207466158299,-0.9666023408355383,0.26186925594761085,0.03730439270909849,0.2988351473414528,0.01519631827229746,27.684839245073743,1.0246232500624761,2.307324648126543,-0.024536171306258337
1903,7.762973200000001,0.7978074543791279,0.15829750243953272,-0.06857169801612384,-0.017738328019901717,1.0971128200182145,0.8670780949490942,0.17885292193849717,0,0.0039389,1,Shared Control,0.01,Good Visuals,0.3576340491338467,0.22323567066941147,0.0,5.043291215067235,0.9912508854878039,-0.9654128619700696,0.26305873481307956,0.037519212954843915,0.34312550206794445,0.015196223314734034,27.692675351873458,1.0245361713062584,2.3015191582125927,-0.024468752436578985
1904,7.7664814,0.7984357729098459,0.15859940636227798,-0.06864232203924825,-0.020253515576219183,1.0954103993923379,0.8677099214748546,0.18134406247234022,0,0.0035082000000000004,1,Shared Control,0.01,Good Visuals,0.36348874635609296,0.2225268107065102,0.0,5.044431270818693,0.9912731668223587,-0.963822035821794,0.26464956096135517,0.04176828998193051,0.44769126703315143,0.015307648995569757,27.698480841787408,1.024468752436579,2.294560586530155,-0.024391054643513824
1905,7.769982500000001,0.7989070118078843,0.15824778396704303,-0.06880290966697034,-0.02309627850529719,1.0903452192936685,0.8683491521412156,0.18381294237438972,0,0.0035011,1,Shared Control,0.01,Good Visuals,0.3664307188529704,0.2217984273213475,0.0,5.04577059879431,0.9912999251317545,-0.9621827317178349,0.26628886506531435,0.04454111741280857,0.47921658792071353,0.015274757002883109,27.705439413469847,1.0243910546435138,2.287482509235967,-0.024311216897704567
1906,7.7744298,0.7998494896039613,0.1597881043791962,-0.06849966253725426,-0.024024837995193532,1.084876446375728,0.8691735512994259,0.18692369803196063,0,0.0044473,1,Shared Control,0.01,Good Visuals,0.3701538842154438,0.22073094708310337,0.0,5.047139988823428,0.9913271301530495,-0.959791846139395,0.2686797506437541,0.04861577485704022,0.5216743205340821,0.015260377159266756,27.712517490764032,1.0243112168977047,2.276842130588202,-0.0241942109120473
1907,7.777897000000001,0.8003207285019998,0.16367689386438491,-0.0688528227974261,-0.023246804167575713,1.0743050486446089,0.8698258277902384,0.18932881214021297,0,0.0034672,1,Shared Control,0.01,Good Visuals,0.3696840546929265,0.21995960824660504,0.0,5.04917227977145,0.9913680766916455,-0.9581435579182719,0.2703280388648773,0.04747148250820079,0.48386561606434353,0.015119995386721107,27.7231578694118,1.0241942109120472,2.269610142516292,-0.024109664840273017
1908,7.7814070000000015,0.8009490470327177,0.16537203340041304,-0.06887678075752068,-0.023956778739799928,1.0464790967166304,0.8704946183589315,0.1917453465643819,0,0.00351,1,Shared Control,0.01,Good Visuals,0.3707946783658873,0.2191382763694889,0.0,5.050597486287487,0.9913958260789445,-0.9563295211820333,0.2721420756011159,0.04736678749573602,0.5015723549751516,0.015144839929194763,27.730389857483708,1.024109664840273,2.261580039732417,-0.024019639055822165
1909,7.7850526,0.8015773655634357,0.16673389501460265,-0.06891725279549576,-0.025011451549779268,1.0201757374922922,0.8711981903478176,0.19423546366825573,0,0.0036456,1,Shared Control,0.01,Good Visuals,0.3717269661668973,0.21834369931354933,0.0,5.052146343572579,0.991426700714164,-0.9546345687579101,0.27383702802523907,0.04891771897060446,0.5004435986073317,0.015093539017082262,27.738419960267585,1.0240196390558223,2.253882615288043,-0.02393254585420582
1910,7.788587700000001,0.8020486044614741,0.16772719786693946,-0.06914958588634357,-0.026508265801316266,0.9933968865303181,0.8718890713187136,0.19663057453038107,0,0.0035351000000000002,1,Shared Control,0.01,Good Visuals,0.37308061046817814,0.21744741941837206,0.0,5.053638030144722,0.9914562838709765,-0.9527764702814822,0.275695126501667,0.050962195633305146,0.5069569126999618,0.015047647921895594,27.746117384711958,1.023932545854206,2.245084476870739,-0.023834305054233253
1911,7.792381000000001,0.8026769229921921,0.16353461368986277,-0.06921214832652156,-0.0330959608405183,0.9466414462025596,0.8726397905670445,0.19917893424282151,0,0.0037933000000000003,1,Shared Control,0.01,Good Visuals,0.3758567723372983,0.21641385328064197,0.0,5.055331629938899,0.9914901188135868,-0.9506705140779421,0.27780108270520704,0.05467897486167936,0.5363443788463114,0.015036399004834491,27.75491552312926,1.0238343050542333,2.234922551184946,-0.02372101637650934
1912,7.7961618,0.8034623211555896,0.16340298209920298,-0.06917746941145497,-0.035775952143618533,0.9198239341704959,0.8733976122081113,0.20169626601452117,0,0.0037808000000000004,1,Shared Control,0.01,Good Visuals,0.38284125524473833,0.21532538950383884,0.0,5.057286214480783,0.9915292019032897,-0.9485787094421727,0.27989288734097645,0.06595830987163065,0.6105319700453613,0.014978467713173866,27.765077448815052,1.0237210163765094,2.2242892712959184,-0.023601710395476313
1913,7.7994454000000015,0.804247719318987,0.17587064974311614,-0.06914989288912432,-0.025825616271405033,0.9352949427964767,0.8740634658104035,0.2038640093829463,0,0.0032836000000000002,1,Shared Control,0.01,Good Visuals,0.3854665760206746,0.21412818770498906,0.0,5.059338178162733,0.9915700864146951,-0.9463518518918862,0.28211974489126296,0.0699135825242674,0.6259261742942117,0.014895665545911438,27.77571072870408,1.0236017103954762,2.2125447109231176,-0.02347048569314788
1914,7.803003500000001,0.8047189582170255,0.18804931253171348,-0.06934450759337796,-0.015814696851232823,0.9374936601040066,0.8747929843788216,0.20619331245279998,0,0.0035581000000000002,1,Shared Control,0.01,Good Visuals,0.3756181614599917,0.2132434063450792,0.0,5.061599835027676,0.9916152532853137,-0.9447058620680339,0.28376573471511524,0.05342075251130413,0.47844368917021374,0.0148069412443423,27.78745528907688,1.0234704856931478,2.2041783311036376,-0.02337350524198963
1915,7.807498600000001,0.8058185156457819,0.1763703595574571,-0.0689744687330397,-0.02982295289534287,0.8345385807575307,0.8757264038819728,0.20910650429360755,0,0.0044951,1,Shared Control,0.01,Good Visuals,0.3714561447350626,0.21181639201968974,0.0,5.064651672390268,0.9916752333534136,-0.9420405544556609,0.2864310423274882,0.04674614586943049,0.4126143350899456,0.014756516192763603,27.803071906312972,1.023290921235092,2.1904186720926275,-0.02321709090127651
1916,7.8132442000000015,0.8064468341764999,0.17062005917475603,-0.06927956970547289,-0.03848644511885152,0.7994506939194278,0.8769384303453075,0.21278165048231254,0,0.0057456,1,Shared Control,0.01,Good Visuals,0.37899421823768986,0.21092099610857076,0.0,5.0659148925225255,0.9917002512441777,-0.9405986075585976,0.28787298922455157,0.06166650659468931,0.4767869910602076,0.014609923108507368,27.809581327907374,1.0232170909012765,2.1815032972636206,-0.023118946994363263
1917,7.8164721,0.8073893119725768,0.17870956086344994,-0.0695491183727307,-0.0340720896188626,0.8105790714310588,0.8776285664066827,0.2148222925775814,0,0.0032279,1,Shared Control,0.01,Good Visuals,0.38925080077303786,0.20960735761035598,0.0,5.067618988521252,0.9917345626267291,-0.9384118294789027,0.29005976730424643,0.07633118600265762,0.6123713468761927,0.014612515852251503,27.81849670273638,1.0231189469943633,2.1683556954844043,-0.02297495972249228
1918,7.820011000000001,0.8080176305032948,0.1958608732506616,-0.06961093590338796,-0.018961419326919804,0.8407974257404064,0.8783927304696738,0.21703951095102686,0,0.0035389,1,Shared Control,0.01,Good Visuals,0.38641495519531904,0.2084655112980116,0.0,5.070125547459746,0.9917851739779261,-0.9364620945927601,0.29200950219038907,0.06909146290302011,0.5709326167328317,0.014578006926237943,27.831644304515596,1.0229749597224922,2.157350498593355,-0.02284980250790559
1919,7.824414500000001,0.8091171879320511,0.20050542453552928,-0.06927554253762269,-0.016534086415497584,0.7884340172542639,0.8793544856418353,0.21976901815744682,0,0.0044035,1,Shared Control,0.01,Good Visuals,0.3641114445579108,0.2071171681545174,0.0,5.073899425490293,0.991859625144661,-0.9342207036685682,0.29425089311458097,0.032815549416900874,0.2577011586350819,0.014446014474533631,27.851020651687865,1.0227536621711626,2.144680882361111,-0.022702011276877033
1920,7.830297400000001,0.8099025860954486,0.1892215660874213,-0.06945189954638664,-0.030547452070025516,0.7331439397957947,0.8806579691651126,0.22336439835554522,0,0.0058829,1,Shared Control,0.01,Good Visuals,0.36795645331192645,0.20650987501171406,0.0,5.074759074146432,0.9918761031354495,-0.9333579257388611,0.2951136710442881,0.04166872255133401,0.28562185245377036,0.014348154192760221,27.85531911763889,1.022702011276877,2.138622052710437,-0.022635446173176862
1921,7.833465,0.8106879842588461,0.19055816622287763,-0.06996998490626649,-0.03280623213266759,0.7367991109733757,0.8813685303116711,0.2252759902483679,0,0.0031676,1,Shared Control,0.01,Good Visuals,0.3828320158280542,0.20539596388583412,0.0,5.075916108924731,0.9918994243994496,-0.9316328553275098,0.2968387414556394,0.06446105595106744,0.4825506759213696,0.014342503094650426,27.86137794728956,1.0226354461731768,2.127332865573046,-0.022513350920685286
1922,7.837017900000001,0.8111592231568846,0.1961248142339702,-0.07020930715478646,-0.02915117601439768,0.7415123534499318,0.8821726925921458,0.2273998086356926,0,0.0035529000000000003,1,Shared Control,0.01,Good Visuals,0.387853344618763,0.2042485413303727,0.0,5.078055051918849,0.9919429074089372,-0.9297210282797067,0.29875056850344245,0.06860168871804415,0.5565240438398653,0.014371552492899871,27.872667134426955,1.0225133509206852,2.116088140935095,-0.022387582496823898
1923,7.841243800000001,0.8122587805856409,0.1950192004143726,-0.06991391200650487,-0.032380608221319995,0.7081851959059686,0.8831389506065389,0.22989795413547748,0,0.0042259,1,Shared Control,0.01,Good Visuals,0.38559643269480853,0.202826612249408,0.0,5.080222040071375,0.9919861570812516,-0.9273493516898338,0.3011222450933153,0.0635141751145292,0.5176524772727615,0.014340148574181234,27.883911859064906,1.0223875824968238,2.1019470863614784,-0.0222317255472595
1924,7.8449255,0.8130441787490384,0.1991299743590791,-0.07009477185750046,-0.03076797977639839,0.692122746414392,0.8839893338637573,0.23204961212558717,0,0.0036817000000000004,1,Shared Control,0.01,Good Visuals,0.38749019041586646,0.201709816969738,0.0,5.082927028271031,0.9920405820138362,-0.9256177491503199,0.3028538476328292,0.06740449166211143,0.5084574053071076,0.014180401921382596,27.898052913638523,1.0222317255472595,2.091239411348133,-0.02210931416408475
1925,7.8484102,0.8138295769124358,0.20911865371513522,-0.07015975695132148,-0.02293095841045195,0.6875527125209979,0.884801474464521,0.23406488967773562,0,0.0034847000000000003,1,Shared Control,0.01,Good Visuals,0.3869572383061259,0.20055500000725648,0.0,5.0850138791310755,0.992081728408585,-0.9238372247474994,0.3046343720356497,0.06577319760017704,0.4946863008975322,0.01413880360191196,27.908760588651866,1.0221093141640847,2.079872225159975,-0.02198273524289447
1926,7.852164800000001,0.8143008158104744,0.21111474227891208,-0.07050065865404653,-0.022950147398823534,0.6494568540678387,0.8856843349274854,0.236213153688534,0,0.0037546000000000003,1,Shared Control,0.01,Good Visuals,0.3796670842651222,0.19965137036780167,0.0,5.087199729825431,0.9921254598487235,-0.9225100163000055,0.3059615804831436,0.05413693493228602,0.3883906260955998,0.014070890055881394,27.920127774840026,1.0219827352428945,2.0711934644784566,-0.021883688841054336
1927,7.855616400000001,0.8154003732392308,0.20862342981176585,-0.07028396168825468,-0.02758972387676814,0.6067837213044202,0.8865030259134978,0.23816694691102774,0,0.0034516000000000004,1,Shared Control,0.01,Good Visuals,0.3815402703687649,0.19862765090270418,0.0,5.088889752211399,0.9921588138122757,-0.9209978352890938,0.3074737614940552,0.05715432244501089,0.41436428204955167,0.014075553112113006,27.928806535521545,1.0218836888410543,2.0610413780723156,-0.021771479452291045
1928,7.859350900000001,0.8163428510353077,0.21748964526538472,-0.07016017487819015,-0.02067730164564302,0.6132152963789401,0.8873963725375356,0.24025816356650642,0,0.0037345000000000004,1,Shared Control,0.01,Good Visuals,0.3851784940356631,0.19740251169463818,0.0,5.090834662568375,0.9921978839925634,-0.9192677079016881,0.3092038888814609,0.06395411106615316,0.4418211362408915,0.013960338206273687,27.938958621927686,1.021771479452291,2.048854849649598,-0.02163719254423276
1929,7.8631557,0.8169711695660257,0.22758040395872248,-0.07042520297150989,-0.012677759607783945,0.6138932289476494,0.8883145217085593,0.24236454467517432,0,0.0038048,1,Shared Control,0.01,Good Visuals,0.3778543469913845,0.19652643945143117,0.0,5.093165784998426,0.9922447901514979,-0.9181371550115941,0.3103344417715549,0.05212813472404046,0.3286204371985013,0.013849794741889791,27.951145150350403,1.0216371925442327,2.0405061159266458,-0.02154116669508728
1930,7.866440800000001,0.8175994880967437,0.2231245039888322,-0.07071503361181564,-0.019240040686342108,0.5640803217488527,0.8891136735294751,0.24416363698239324,0,0.0032851,1,Shared Control,0.01,Good Visuals,0.371382045486142,0.19580913752919465,0.0,5.094798208070854,0.9922768669744627,-0.9172519340250315,0.3112196627581175,0.04109744051117779,0.24875540565465504,0.01384041438763519,27.959493884073353,1.0215411666950873,2.033557304355208,-0.02146254358299746
1931,7.869999,0.8185419658928205,0.21570033423933818,-0.07057170763665466,-0.028463302743055058,0.5239483672192872,0.8899858934500773,0.24609191392880547,0,0.0035582,1,Shared Control,0.01,Good Visuals,0.3794660618483735,0.19489821568776058,0.0,5.0961455026755695,0.9923035843432655,-0.9160191795131617,0.3124524172699873,0.05377601912551731,0.3583172049383121,0.013846649741877631,27.96644269564479,1.0214625435829974,2.0244446451916214,-0.02136269788647286
1932,7.874337000000001,0.8194844436888975,0.21917359184740698,-0.07050144976117978,-0.026918322081398494,0.5279963550685061,0.8910584886446883,0.2484142633137073,0,0.004338,1,Shared Control,0.01,Good Visuals,0.38801159573542326,0.19356915837495495,0.0,5.097883724774807,0.9923386684929698,-0.91420505922745,0.314266537555699,0.06754955302797008,0.4528620998306807,0.0137542998964223,27.975555354808378,1.021362697886473,2.011055143270068,-0.02121702056589256
1933,7.877356800000001,0.8201127622196155,0.2236095970553434,-0.0709457264250728,-0.024804666258363917,0.5226461135902605,0.8918110670290725,0.2500125176517783,0,0.0030198,1,Shared Control,0.01,Good Visuals,0.3863011013636093,0.1924551432235923,0.0,5.100428752070789,0.9923902336198598,-0.9127411207044186,0.31573047607873045,0.06384816572587512,0.41172756300805236,0.013646906294485738,27.988944856729933,1.0212170205658926,2.000246474116237,-0.021094913911218822
1934,7.8810044,0.8210552400156924,0.22330021233426484,-0.07075582701338012,-0.02671230531751345,0.5022606359666424,0.892726503717393,0.2519230305178763,0,0.0036476000000000004,1,Shared Control,0.01,Good Visuals,0.3866191334327202,0.1913947001941898,0.0,5.102522902815595,0.9924317963196164,-0.9112945376189143,0.3171770591642347,0.062431153742764874,0.42056724197705697,0.013653869940239182,27.99975352588376,1.0210949139112189,1.9898236136991794,-0.02097867927057319
1935,7.8844496,0.8218406381790898,0.22669078378826119,-0.07088586553830323,-0.025232246729615104,0.5054310229131136,0.8935975085128219,0.25370755270145545,0,0.0034452000000000003,1,Shared Control,0.01,Good Visuals,0.3876863864551555,0.19026388305467395,0.0,5.104529045250343,0.9924718974841228,-0.9098195843600442,0.3186520124231049,0.06450354606009014,0.41433599046861525,0.013542290298217845,28.01017638630082,1.0209786792705733,1.9786153798244381,-0.02085473095821396
1936,7.8880812,0.8226260363424873,0.23060179047957646,-0.07097147217033462,-0.02310576222187899,0.507040890903143,0.8945222570878097,0.2555677635680416,0,0.0036316,1,Shared Control,0.01,Good Visuals,0.38703461846184484,0.18921299995411217,0.0,5.106677212084163,0.9925150354976596,-0.9084525542987351,0.32001904248441404,0.062025966100875504,0.3981099834903372,0.013487020031009067,28.02138462017556,1.0208547309582139,1.9683009895431276,-0.020739544176682483
1937,7.892226500000001,0.8234114345058847,0.22888955944373707,-0.07111082258192503,-0.02667820412430455,0.4889784639542522,0.8955860188039344,0.25766515019263186,0,0.0041453,1,Shared Control,0.01,Good Visuals,0.38550313729887803,0.18804844936892898,0.0,5.108663987085935,0.9925547182382851,-0.9069617887526157,0.3215098080305335,0.05852664374664707,0.3701466284591963,0.013428725160508796,28.031699010456872,1.0207395441766824,1.956714901546859,-0.020611898357879094
1938,7.895856,0.8243539123019618,0.22606596709628618,-0.07123210650197265,-0.031599183096345684,0.47575133836621913,0.8965245125495624,0.25947903866315014,0,0.0036295000000000003,1,Shared Control,0.01,Good Visuals,0.38991967905100516,0.18691478421028712,0.0,5.110880434638027,0.9925993182541064,-0.9054771530702865,0.3229944437128626,0.06451119638177376,0.41812478731776115,0.01337227991988002,28.04328509845314,1.0206118983578791,1.9455353636862687,-0.020487637875539505
1939,7.8989937,0.8249822308326796,0.22522360364365274,-0.07154228171688282,-0.034255435019497404,0.4687625441103219,0.8973411177582351,0.26103035024754545,0,0.0031377,1,Shared Control,0.01,Good Visuals,0.3955784975437385,0.18569187128656217,0.0,5.113028778967538,0.9926423387919501,-0.9038227479504527,0.3246488488326965,0.07193565673565551,0.4823197923774478,0.013314333815660408,28.05446463631373,1.0204876378755394,1.9333772348789617,-0.02035359498941656
1940,7.9025014,0.8260817882614361,0.22741666105861896,-0.07125932949679903,-0.03361368918892649,0.4665995316775969,0.8982597490887773,0.26274632228220346,0,0.0035077000000000003,1,Shared Control,0.01,Good Visuals,0.39996920938604996,0.18431910584346298,0.0,5.115355594656653,0.9926891406206393,-0.9019111174020764,0.32656047938107285,0.07695822874257817,0.5333344163089926,0.013284820168118374,28.06662276512104,1.0203535949894165,1.9196890713358739,-0.020203126842099604
1941,7.907480600000001,0.827652584588231,0.24138023553093618,-0.07060716450054627,-0.021366086751267277,0.4845192719338971,0.8995740141029015,0.2651493838185063,0,0.0049792000000000005,1,Shared Control,0.01,Good Visuals,0.3925011916690902,0.18193148787764368,0.0,5.120439412027596,0.9927912631352506,-0.898847199120189,0.32962439766296037,0.0637128369596931,0.3966848585536842,0.013066047665395077,28.0931539782543,1.0200603960196784,1.8962373879163883,-0.01994142120722695
1942,7.912947800000001,0.8285950623843078,0.2429057159126195,-0.0709789517185937,-0.022243667905886777,0.47837991327083296,0.9010307528760623,0.2677442728368947,0,0.0054672,1,Shared Control,0.01,Good Visuals,0.3828972596619667,0.18106554273134248,0.0,5.122487582893913,0.992832075031816,-0.8980585970745887,0.33041299970856064,0.05116091383102194,0.22903172792758553,0.012845666492405927,28.10376261208361,1.0199414212072269,1.887796719427094,-0.019846505384209227
1943,7.916532800000001,0.8295375401803848,0.24823073689080472,-0.07149321269567743,-0.01951353594609001,0.495298903723492,0.9019936279942908,0.2694213465392748,0,0.003585,1,Shared Control,0.01,Good Visuals,0.38578957759640964,0.18012266600097326,0.0,5.124119469248685,0.9928645438217737,-0.8970713162360843,0.33140028054706505,0.05359957399588839,0.27731828839201,0.012851842415428923,28.112203280572906,1.0198465053842092,1.8783842942244287,-0.01974315712797207
1944,7.9200509000000014,0.8303229383437823,0.253126771488219,-0.07167068965050849,-0.016294575051055804,0.506720834047587,0.90294434690809,0.2710485365023445,0,0.0035181,1,Shared Control,0.01,Good Visuals,0.3858432993106088,0.17926656695471252,0.0,5.125917277363837,0.9929007840052919,-0.8960706837236678,0.33240091305948144,0.05031136599270439,0.2926853025670966,0.012877548071720047,28.12161570577557,1.019743157127972,1.8699476876414525,-0.019649320531153425
1945,7.924340300000001,0.8312654161398592,0.2515082848949265,-0.07167893076823084,-0.019540251607418013,0.4946146340864111,0.904111194292179,0.273007876388634,0,0.0042894000000000005,1,Shared Control,0.01,Good Visuals,0.38367370528750677,0.17835832444558553,0.0,5.1275393287217375,0.9929332515404357,-0.8950073088110629,0.33346428797208627,0.04525993852269859,0.26442245744245474,0.012848158484923301,28.130052312358547,1.0196493205311534,1.8608903382983395,-0.019549768514929653
1946,7.927382400000001,0.8323649735686156,0.2509593408644969,-0.0717462207235634,-0.022048535524137103,0.49410303099265607,0.9049438039713467,0.2743812961458988,0,0.0030421000000000003,1,Shared Control,0.01,Good Visuals,0.38706345593692654,0.17747480353386844,0.0,5.129270275371914,0.9929681237898144,-0.8939435575571104,0.33452803922603885,0.049814015790692556,0.2992773052983835,0.01278453398987278,28.13910966170166,1.0195497685149297,1.8521297746768686,-0.01945292622087997
1947,7.9310303000000015,0.8329932920993336,0.2529180910225798,-0.07195051187201307,-0.021463205123319007,0.4979680127935677,0.9059476973100729,0.27601075687486926,0,0.0036479000000000004,1,Shared Control,0.01,Good Visuals,0.3900204647051967,0.17656980876367426,0.0,5.130949400616786,0.9930018464555727,-0.8928045845526026,0.3356670122305467,0.05282863119917936,0.3320427393469221,0.012733146427211975,28.147870225323132,1.01945292622088,1.8431184062528305,-0.019353730187728648
1948,7.9344622000000005,0.8339357698954106,0.24887394685793301,-0.07201192741466222,-0.02713681001693624,0.47145486792454444,0.9068975444107694,0.27752656867905445,0,0.0034319000000000003,1,Shared Control,0.01,Good Visuals,0.3906121917604858,0.17563581534925493,0.0,5.132672933013543,0.9930365402592223,-0.8916041373091466,0.33686745947400276,0.05224514983950561,0.3363068338579802,0.012704288121689822,28.15688159374717,1.0193537301877287,1.8338103306551687,-0.019251355627398346
1949,7.9381045000000015,0.8348782476914874,0.2465658768482633,-0.07201929671928198,-0.030960691830791143,0.456426536816857,0.9079112820681421,0.27911735641187224,0,0.0036423000000000002,1,Shared Control,0.01,Good Visuals,0.39669063510557057,0.17458163247470465,0.0,5.134452471014564,0.9930723777782926,-0.890215178444934,0.33825641833821524,0.061333307238401955,0.4049560815803632,0.012647873586345563,28.16618966934483,1.0192513556273983,1.8232409349045404,-0.019135807159257466
1950,7.942190700000001,0.8359778051202439,0.25247421500957,-0.0719334769478982,-0.02664314140230223,0.46817600683075994,0.9090554211006627,0.2808803354359561,0,0.0040862,1,Shared Control,0.01,Good Visuals,0.40067221060192676,0.17323770959113963,0.0,5.136467022121954,0.9931130807723104,-0.8884429930299665,0.34002860375318267,0.06692904426504459,0.4422171964984296,0.012573246390932389,28.17675906509546,1.0191358071592576,1.809670868630042,-0.018988500430753025
1951,7.945429900000001,0.8369202829163209,0.26007508505468785,-0.07213513818434181,-0.020805250381268237,0.4768979090515479,0.9099674899480212,0.2822618263836512,0,0.0032392000000000002,1,Shared Control,0.01,Good Visuals,0.396130371558741,0.17218024292697448,0.0,5.139044326915802,0.9931653529425623,-0.8871394047406781,0.34133219204247106,0.05892293084305107,0.3636128111596326,0.012461590789380925,28.190329131369957,1.018988500430753,1.7993298372960977,-0.018872592028042107
1952,7.9490262000000005,0.8377056810797183,0.26259865672004423,-0.07226180886830291,-0.019663169663606983,0.4680772763328407,0.9109853218151988,0.2837792370118406,0,0.0035963,1,Shared Control,0.01,Good Visuals,0.39151355894461315,0.17132032519269028,0.0,5.1410406445158126,0.9932051411287909,-0.8861151413082532,0.342356455474896,0.05038061452192465,0.3013159863574717,0.012420245616150846,28.2006701627039,1.0188725920280421,1.790880163918703,-0.01877833686670105
1953,7.952481700000002,0.8388052385084747,0.26238400139301105,-0.0721800833067241,-0.021395235618829556,0.4574770418451311,0.911968416865186,0.2852212366576684,0,0.0034555000000000002,1,Shared Control,0.01,Good Visuals,0.3911486829545275,0.17043216512075987,0.0,5.142667865413817,0.9932376582691965,-0.8850674020773261,0.343404194705823,0.04926439508319678,0.2923297985343578,0.012379916594329686,28.209119836081296,1.018778336866701,1.7819991605066168,-0.018680986076574403
1954,7.957519000000001,0.8406901941006286,0.26460256914251445,-0.07127822276455742,-0.020618667515153954,0.45091049032857833,0.9134104003318432,0.287295722419324,0,0.005037300000000001,1,Shared Control,0.01,Good Visuals,0.3942266953544782,0.16860745268581823,0.0,5.146113374660127,0.9933071672414092,-0.882910820923074,0.3455607758600751,0.05242330801615504,0.3171786020337872,0.01226912489165689,28.227170461841943,1.018580464359533,1.7637746077689278,-0.018480980241016635
1955,7.9629475,0.841475592264026,0.2671783764378544,-0.07193480806781716,-0.02011734598146958,0.4531379630854774,0.9149759722859984,0.28949539604616326,0,0.0054285,1,Shared Control,0.01,Good Visuals,0.38741054586671864,0.1678440286349264,0.0,5.147843794653167,0.9933420333410278,-0.8822998603545947,0.3461717364285544,0.04482657370991497,0.1780136267822423,0.012018039572304327,28.236225392231074,1.0184809802410166,1.756241300504191,-0.018397301705013018
1956,7.966431900000002,0.8424180700601029,0.26644062562444726,-0.07255790222589542,-0.023054770421715998,0.44021207395238215,0.9159871206925541,0.29088807847221637,0,0.0034844000000000003,1,Shared Control,0.01,Good Visuals,0.39039728501773785,0.16701341856917706,0.0,5.1492915082349215,0.9933710294601301,-0.8814519819555596,0.3470196148275895,0.04653348649934775,0.2378607414675049,0.012073827985182637,28.24375869949581,1.018397301705013,1.7478950379812592,-0.018306258942854058
1957,7.969968700000001,0.84336054785618,0.26384815612108947,-0.07262657283637408,-0.0270399223511269,0.4231911731068296,0.917018411275541,0.29228662226512653,0,0.0035368,1,Shared Control,0.01,Good Visuals,0.3966397843580135,0.1660811454205034,0.0,5.150880755255732,0.99340317522091,-0.8803020344763113,0.3481695623068378,0.05371285390791432,0.33456910745930357,0.012118143294954897,28.25210496201874,1.018306258942854,1.7385112983787854,-0.018204072940008895
1958,7.974326400000001,0.8444601052849363,0.26504552998751335,-0.07255830599060464,-0.027241092277613177,0.42130553090540085,0.9182958266005592,0.29398924263226484,0,0.0043577,1,Shared Control,0.01,Good Visuals,0.4010829976818201,0.16487378754806883,0.0,5.152666042450472,0.9934393190726001,-0.8787809945664364,0.34969060221671266,0.060012236933753696,0.38206523570743056,0.012061904404630626,28.261488701621214,1.0182040729400088,1.7262624985987016,-0.01807173503543313
1959,7.9773382,0.8457167423463723,0.2733269099141251,-0.07257908425418691,-0.02066233271813972,0.4407372111400526,0.9191830185182067,0.29515297874143964,0,0.0030118000000000002,1,Shared Control,0.01,Good Visuals,0.40110079595570347,0.1637946281320239,0.0,5.1549871943970205,0.9934865111571504,-0.8774702371689447,0.35100135961420437,0.05936774954562863,0.3640588261003568,0.01196296272674272,28.2737375014013,1.0180717350354331,1.7155471012681185,-0.017953448900822004
1960,7.9810856,0.8465021405097697,0.28418451128958067,-0.07268087800843703,-0.010968467451858976,0.46252706095774887,0.9202917655050046,0.29658634464382605,0,0.0037474,1,Shared Control,0.01,Good Visuals,0.39482184491047223,0.16296019530726905,0.0,5.157040041253672,0.9935277654339629,-0.8765311129972215,0.3519404837859275,0.04823231924848188,0.27422886518809375,0.011888064115577376,28.28445289873188,1.017953448900822,1.7073405299147937,-0.017861987127922287
1961,7.9845500000000005,0.8476016979385261,0.2871886720396904,-0.07269006756647844,-0.009397672604135654,0.45431819599243217,0.9213215339607144,0.29789729445434276,0,0.0034644000000000003,1,Shared Control,0.01,Good Visuals,0.3858308524012326,0.1623573580137143,0.0,5.158619973715816,0.9935593507057983,-0.8759699693742342,0.3525016274089149,0.03327474346574291,0.15673527260693731,0.011844090075358695,28.292659470085205,1.0178619871279222,1.7014397315597456,-0.017795910427674085
1962,7.9881323,0.848230016469244,0.2802732796067391,-0.07309151749147036,-0.017624014847603675,0.4190853788942852,0.9223910984866397,0.29923878594328845,0,0.0035823,1,Shared Control,0.01,Good Visuals,0.384400573188808,0.16182537691443247,0.0,5.159758779402064,0.9935820580972858,-0.8755036200676457,0.35296797671550334,0.030826274361115267,0.13676734899069443,0.011801767323931822,28.298560268440255,1.0177959104276741,1.6961472711420804,-0.017737600240147908
1963,7.992118600000001,0.8493295738980006,0.26586864883758726,-0.07306152458863913,-0.03337013710570119,0.35890444454837583,0.9235869021874666,0.30071504058423315,0,0.0039863,1,Shared Control,0.01,Good Visuals,0.3947199027586157,0.16088795761706792,0.0,5.160771750566792,0.9936024358807112,-0.8743887651591862,0.35408283162396287,0.045949783741224465,0.2780256137209185,0.011828062367305024,28.30385272885792,1.017737600240148,1.6864969882592944,-0.017634850170467273
1964,7.995482200000001,0.850429131326757,0.258434392309951,-0.07315777086070963,-0.04228064827428213,0.3199812157860569,0.9246004632330319,0.30194738193852527,0,0.0033636,1,Shared Control,0.01,Good Visuals,0.410344383822117,0.1596066942433831,0.0,5.162587218116065,0.99363963473411,-0.8727430693202249,0.3557285274629241,0.07079447614679592,0.46206644175685363,0.011754719471455337,28.313503011740707,1.0176348501704673,1.6734412561005978,-0.01749441152012641
1965,7.9990112,0.8515286887555134,0.267336833706512,-0.07307177447751856,-0.03461054823201326,0.3256281015867505,0.9256682980731019,0.3032274529161637,0,0.003529,1,Shared Control,0.01,Good Visuals,0.41987783993407246,0.15811209142840854,0.0,5.165056021905566,0.9936899436410063,-0.8707895725127943,0.35768202427035467,0.08542251236905868,0.5677119463616893,0.011676469965292764,28.3265587438994,1.0174944115201263,1.6583150533926354,-0.017330588838200343
1966,8.002686,0.8524711665515903,0.2805614474117389,-0.07319713152151164,-0.022666005504424824,0.32977468884857897,0.9267850264508994,0.30454663576033375,0,0.0036748,1,Shared Control,0.01,Good Visuals,0.4120237118501614,0.1567802117056787,0.0,5.16792624677976,0.9937482179842732,-0.869201538393144,0.359270058390005,0.07316399124725625,0.4433125229329229,0.011553531087025464,28.341684946607366,1.0173305888382003,1.6450371768814063,-0.017184602154651743
1967,8.0075009,0.8546702814091032,0.2952781025330983,-0.07211474504179627,-0.009268533227235476,0.320877509832335,0.9282555083799872,0.3062542192583194,0,0.0048149,1,Shared Control,0.01,Good Visuals,0.3946665674044689,0.15495174632279468,0.0,5.172367885617754,0.9938374366807616,-0.867468219518123,0.36100337726502585,0.04675050920239229,0.20417270979495616,0.011405079942218604,28.364857993241316,1.0170746040015306,1.626944916689308,-0.016984184960309626
1968,8.0128763,0.8552985999398212,0.29473290534974245,-0.072956908440166,-0.011521313908576969,0.3004343589217411,0.9299068102407577,0.30813320037190073,0,0.005375400000000001,1,Shared Control,0.01,Good Visuals,0.38232892214321906,0.15441754620612344,0.0,5.173937924799999,0.9938689982917859,-0.8674619943701465,0.36100960241300245,0.03104800003146247,0.001816818811752663,0.011174305679849431,28.373055083310692,1.0169841849603096,1.6217383757171566,-0.016925631547375107
1969,8.0164491,0.8567123166339365,0.28770343128511705,-0.07319449360682118,-0.020429769086783678,0.2632268417246008,0.9310099152566185,0.30936642667208203,0,0.0035728,1,Shared Control,0.01,Good Visuals,0.38899890466833714,0.1537049355234789,0.0,5.17494511764583,0.9938890328160994,-0.8670297433360326,0.36144185344711643,0.039073622157217935,0.12038406787555522,0.011265826780115252,28.378261624282842,1.0169256315473751,1.6144544184948657,-0.016847522639757417
1970,8.0201343,0.8576547944300135,0.2911354903587431,-0.073355120826605,-0.01823093631333894,0.2689734964534668,0.9321523165344167,0.3106255955993102,0,0.0036852,1,Shared Control,0.01,Good Visuals,0.39918365223257574,0.15275728123705146,0.0,5.176320466733949,0.9939171038646735,-0.8661485857596749,0.36232301102347414,0.05405854105796041,0.25606113459191326,0.01125035492051014,28.385545581505134,1.0168475226397575,1.6047760695909021,-0.016743650717942576
1971,8.0243832,0.8587543518587699,0.29622385011119756,-0.07339796467564674,-0.014401745488112627,0.26361642304197996,0.9334751899872269,0.3120614327557981,0,0.0042489,1,Shared Control,0.01,Good Visuals,0.3979644438767242,0.15172749655250778,0.0,5.178148712811244,0.9939544014021876,-0.865203373116215,0.36326822366693406,0.050899313819530174,0.238533448609477,0.011205528822287592,28.3952239304091,1.0167436507179426,1.5943563151529725,-0.016630776523448836
1972,8.027421400000001,0.8600109889202059,0.29783902537212276,-0.073464201067021,-0.014222407383675362,0.24525275037230299,0.9344248411950218,0.3130778259964946,0,0.0030382,1,Shared Control,0.01,Good Visuals,0.3945259836996906,0.15089213649325028,0.0,5.1801263009608025,0.9939945444944118,-0.8645245410212401,0.363947055761909,0.04538860040122433,0.18844930736075916,0.011136489432285278,28.40564368484703,1.0166307765234488,1.586049086569204,-0.016539213116829796
1973,8.031025000000001,0.8607963870836032,0.2994401326308087,-0.0736284541114186,-0.013637693365685877,0.23293832684072183,0.9355552043554733,0.31427238092480964,0,0.0036036,1,Shared Control,0.01,Good Visuals,0.3948081439735059,0.15009285319510002,0.0,5.18171692008368,0.9940265317052239,-0.8638766550667433,0.36459494171640583,0.04577462220264362,0.189745483818073,0.011085170254772517,28.413950913430796,1.0165392131168298,1.5780052185496172,-0.01645160406631164
1974,8.0345103,0.8620530241450391,0.2976278574575232,-0.0735021802104342,-0.016644523467286454,0.20610396243081192,0.9366525349036317,0.3154165249221609,0,0.0034853,1,Shared Control,0.01,Good Visuals,0.395191175237146,0.1492513481487487,0.0,5.183247811531896,0.9940575164836225,-0.8631819229727341,0.36528967381041494,0.046018099138966616,0.194717367081231,0.011051104753927312,28.421994781450383,1.0164516040663116,1.5694894122445928,-0.01635936711066939
1975,8.038097700000002,0.8629955019411162,0.29782945696460433,-0.07365703296251547,-0.017587067957556546,0.19038124003638698,0.9377861555785656,0.3165828362535652,0,0.0035874,1,Shared Control,0.01,Good Visuals,0.39764496787069614,0.14835084914272206,0.0,5.184864000499013,0.9940903247813054,-0.8624317374207517,0.3660398593623973,0.05045374934719304,0.21503914234430654,0.010970299488279583,28.430510587755407,1.0163593671106694,1.560365928768486,-0.016260663856024742
1976,8.041724700000001,0.864252139002552,0.2965340888045732,-0.07353401657601355,-0.020048747448991988,0.1649077283560365,0.938936522503297,0.3177504592902089,0,0.003627,1,Shared Control,0.01,Good Visuals,0.3995129155009455,0.1471258917797436,0.0,5.18659451568276,0.9941254755080615,-0.8613615086900422,0.36711008809310686,0.05292763311763523,0.23706473157814578,0.010927083385322639,28.439634071231513,1.0162606638560248,1.5478107148714921,-0.016126396879917366
1977,8.045875700000002,0.8653516964313085,0.29346447118410324,-0.07358482607198846,-0.02428598810610566,0.13416520009650137,0.9402582540942241,0.31907267564147174,0,0.004151,1,Shared Control,0.01,Good Visuals,0.4014971675769928,0.14613624262410638,0.0,5.188962124094852,0.9941738645871173,-0.8605197259989416,0.36795187078420755,0.056575157399775276,0.24627210763310226,0.010818757764892443,28.452189285128508,1.0161263968799175,1.5379466572763392,-0.016017921921073455
1978,8.0495709,0.8664512538600649,0.2933246263967553,-0.0738070002341592,-0.025748049244716464,0.11899005549538999,0.9414394466118983,0.3202371897898198,0,0.0036952,1,Shared Control,0.01,Good Visuals,0.4061131218891127,0.14479689500072965,0.0,5.1908487811633846,0.9942118498831604,-0.8593029143033656,0.3691686824797835,0.06395634469858134,0.2975089720234698,0.010753409996308775,28.46205334272366,1.0160179219210734,1.5242037126634125,-0.015871116684595555
1979,8.053546500000001,0.8677078909215008,0.29372858767950494,-0.07373155569039747,-0.02650860211031486,0.10474276605991065,0.9427150506143599,0.32147704165540436,0,0.0039756,1,Shared Control,0.01,Good Visuals,0.4089125326932742,0.14344038074424242,0.0,5.193438996015935,0.9942648180808418,-0.8580200452389388,0.3704515515442103,0.06743190302464415,0.327471362967906,0.010687024463224379,28.47579628733659,1.0158711166845955,1.5104728767490967,-0.01572242982187714
1980,8.058089800000001,0.8692786872482957,0.2972473600592288,-0.07343636336606418,-0.024229681596175556,0.10291307216174597,0.9441788053323327,0.3228775608683504,0,0.0045433,1,Shared Control,0.01,Good Visuals,0.4094704411779567,0.14168837856962763,0.0,5.1960448253481,0.9943177183886842,-0.8564323770067689,0.3720392197763802,0.06832024003789298,0.3175908127802902,0.010576082421095926,28.4895271232509,1.0157224298218772,1.4925139291790426,-0.015530393722312737
1981,8.0624132,0.8705353243097316,0.30603638417035506,-0.0736434810226011,-0.01684117669799534,0.11988932519052717,0.9455775860054606,0.32419420837541474,0,0.004323400000000001,1,Shared Control,0.01,Good Visuals,0.405921020464023,0.1405275803837279,0.0,5.19943151031535,0.9943869332292035,-0.8555497103597388,0.37292188642341023,0.06300621644790018,0.24481795280136476,0.010405079253387637,28.507486070820956,1.0155303937223128,1.4810750598795612,-0.01540315920215546
1982,8.066079700000001,0.8714778021058085,0.3139126118284753,-0.0740997838996521,-0.010281596546939442,0.13161298966189244,0.946768272099373,0.3252985937687072,0,0.0036665,1,Shared Control,0.01,Good Visuals,0.3998137024279589,0.13961588722267546,0.0,5.201632370513378,0.9944309690369112,-0.8549740859036521,0.373497510879497,0.05205264911566298,0.16845901553607057,0.010348940199141116,28.51892494012044,1.0154031592021555,1.4719536327958025,-0.015303228961665579
1983,8.0695671,0.8727344391672445,0.31698935644404913,-0.07403383293212851,-0.008309237324658048,0.13106810151179404,0.9479045349461598,0.3263386830590675,0,0.0034874000000000003,1,Shared Control,0.01,Good Visuals,0.39579357448887703,0.13880825274799322,0.0,5.203373815478348,0.9944660993206182,-0.8545074443317124,0.3739641524514367,0.043968276948917466,0.13103860378526022,0.010345507072158451,28.528046367204198,1.0153032289616655,1.4638101864733675,-0.015214704542781324
1984,8.0741837,0.8747764743920778,0.31306419319239076,-0.07312806055408194,-0.01327448986667673,0.11332049050398536,0.9494142593908769,0.3277000778653363,0,0.0046166,1,Shared Control,0.01,Good Visuals,0.3956284452250199,0.13732206459036667,0.0,5.206316292848075,0.9945257238022672,-0.8537146675186809,0.37475692926446824,0.04226203422519017,0.12877624848065983,0.010249479269042348,28.543523853831275,1.0151350727549595,1.4487415539120843,-0.015051804187322486
1985,8.079877300000001,0.8758760318208343,0.3091763621172502,-0.07353822757004258,-0.01852371574808609,0.10249176475050883,0.9512847760289025,0.32935484137222976,0,0.0056936,1,Shared Control,0.01,Good Visuals,0.39403706651455767,0.13656796316792377,0.0,5.207779973304818,0.9945555277065349,-0.8534950526340355,0.37497654414911363,0.042825462973008176,0.06349269555216841,0.010042096254775885,28.551258446087914,1.0150518041873224,1.4410826157257222,-0.014969147500053395
1986,8.0834902,0.8769755892495906,0.3090762770394783,-0.07430918677931186,-0.020278564332751436,0.10304312567002993,0.9524765771456901,0.3303909961236924,0,0.0036129,1,Shared Control,0.01,Good Visuals,0.40150103654306385,0.13560860022785615,0.0,5.209231153226003,0.9945850380520006,-0.852881749027243,0.3755898477559061,0.05236192212087265,0.17132821375882035,0.010042965954219971,28.558917384274277,1.0149691475000533,1.4312227823603967,-0.014863992198452396
1987,8.087040100000001,0.8780751466783471,0.31026246112973505,-0.07440143046734304,-0.020128534993957337,0.10218079599409575,0.9536512236073956,0.3313985591358314,0,0.0035499000000000004,1,Shared Control,0.01,Good Visuals,0.4074012553413064,0.13458248721155114,0.0,5.211088222119131,0.994623040833731,-0.8519670417045637,0.3765045550785854,0.05816211240924123,0.2681010969808577,0.010076964803212796,28.568777217639603,1.0148639921984524,1.420754873887273,-0.01475152045371452
1988,8.091447500000001,0.8796459430051421,0.31243377059190475,-0.07400528060225353,-0.018964788543926636,0.10502849661883236,0.9551145601560415,0.3326349321017529,0,0.0044074000000000006,1,Shared Control,0.01,Good Visuals,0.4078807761807476,0.1330819293399004,0.0,5.213067236917431,0.9946633790120152,-0.8506292346766336,0.3778423621065154,0.05798372616050025,0.26764169809543414,0.010013129564392306,28.579245126112728,1.0147515204537145,1.4052408912520211,-0.014587045040945226
1989,8.095363200000001,0.8810596596992574,0.3196850861095744,-0.07405490045678409,-0.012949845992178466,0.12911826082768174,0.9564191868702974,0.3337197511465388,0,0.0039157,1,Shared Control,0.01,Good Visuals,0.40487482251474455,0.1320903376406554,0.0,5.21598059681034,0.9947231833453175,-0.8499075765533874,0.3785640202297616,0.05354315674381047,0.2006947336465319,0.009848765523888607,28.59475910874798,1.0145870450409453,1.3954091336175924,-0.014478357160848663
1990,8.0990385,0.8818450578626549,0.32615765436116023,-0.07457412900764249,-0.007562096785378558,0.145456976517381,0.957647560107532,0.3347262195187348,0,0.0036753000000000003,1,Shared Control,0.01,Good Visuals,0.3992905903984271,0.13132618163450965,0.0,5.217866552249248,0.9947610406028353,-0.8494732439362006,0.3789983528469485,0.043365289601898116,0.12705356653118827,0.009781936805281735,28.60459086638241,1.0144783571608487,1.387731547153335,-0.01439459839558845
1991,8.1025591,0.8832587745567704,0.32493083521267774,-0.07438878555076167,-0.009795384306057087,0.13358249678123169,0.9588276785088388,0.3356795620495705,0,0.0035206,1,Shared Control,0.01,Good Visuals,0.39674964597644025,0.13063450132533322,0.0,5.2193293874363835,0.9947906140166014,-0.8490737830324122,0.3793978137507369,0.03715194847142028,0.11137903353921708,0.009793535611293012,28.612268452846664,1.0143945983955884,1.3807143564973363,-0.014318783655946963
1992,8.107467600000001,0.8854578894142832,0.32887844753360884,-0.0733697890945556,-0.006801114515961659,0.1491209265896989,0.9604785886559378,0.3369909597895179,0,0.0049085000000000005,1,Shared Control,0.01,Good Visuals,0.3981913340925723,0.1292299080123319,0.0,5.222058096536042,0.9948461796522556,-0.8482433959643004,0.38022820081884867,0.03830914435024344,0.11942275030602101,0.009674332728702897,28.6266886922243,1.0142394007432836,1.366392544025687,-0.014164826871411393
1993,8.113064900000001,0.8865574468430396,0.3269606749378807,-0.07392114181289822,-0.01003028485163715,0.1391766363459939,0.9623689544028586,0.33846073343833183,0,0.0055973,1,Shared Control,0.01,Good Visuals,0.39000367634336675,0.12873297712834503,0.0,5.223368323230062,0.9948728386964695,-0.848334464885797,0.3801371318973521,0.02829444074614909,-0.026487383368209994,0.009481571095573613,28.633607455974314,1.0141648268714114,1.361411689174922,-0.014110358520802805
1994,8.116494800000002,0.887971163537155,0.32955124513143663,-0.07439779086570364,-0.008909488306895197,0.15262682846300096,0.9635313648812932,0.3393476367271378,0,0.0034299,1,Shared Control,0.01,Good Visuals,0.39616664168405846,0.1280797549654656,0.0,5.224318534880985,0.9948920234044726,-0.8480718025933702,0.3803997941897788,0.0356868531524008,0.07384169475885516,0.009516088658300975,28.638588310825078,1.014110358520803,1.3546632992502075,-0.014038759159725545
1995,8.1199866,0.8887565617005524,0.3323064025383544,-0.07477480318074081,-0.007041234188783385,0.15885022199526477,0.9647178595221778,0.340239631715647,0,0.0034918,1,Shared Control,0.01,Good Visuals,0.39763629353814417,0.12745364758563338,0.0,5.225586383708279,0.9949180364810499,-0.8476959780466091,0.38077561873654,0.035176719423283806,0.1093498637612842,0.009528850824051275,28.64533670074979,1.0140387591597255,1.3482845230377616,-0.013970131836726987
1996,8.124425100000002,0.8901702783946678,0.32522180616792495,-0.07454758112751003,-0.015017825547722019,0.12102203528438832,0.9662305002517739,0.341357291442944,0,0.004438500000000001,1,Shared Control,0.01,Good Visuals,0.3978380609798844,0.12674884026701527,0.0,5.226793256437854,0.9949426159522458,-0.847205209046109,0.38126638773704014,0.033799142784896485,0.12249625611525206,0.009530321412883238,28.651715476962238,1.013970131836727,1.3410452356469418,-0.013892878252015184
1997,8.1275551,0.8915839950887833,0.3243739056595353,-0.07464650516299065,-0.016983385783408744,0.10999725053977838,0.9673001671221596,0.34213437261914914,0,0.0031300000000000004,1,Shared Control,0.01,Good Visuals,0.4046887759405371,0.1259111730028151,0.0,5.2281573244441955,0.9949705169810122,-0.8465149518016506,0.38195664498149845,0.045387462317944494,0.1940451041432394,0.00944881945262313,28.65895476435306,1.0138928782520151,1.332420466215001,-0.01380106195379332
1998,8.131498400000002,0.893468950680937,0.32497015065978757,-0.07383121644122259,-0.01716422195936157,0.06441168518162736,0.9686512145024415,0.3431000529544154,0,0.0039433,1,Shared Control,0.01,Good Visuals,0.40470254719286514,0.12435246773061599,0.0,5.231457576992268,0.9950380060873844,-0.8451725995230077,0.3832989972601412,0.04414136862791231,0.19260911723827023,0.009369592418423191,28.676465983415255,1.0137059365486545,1.316552855284729,-0.013630213032952568
1999,8.1375627,0.8948826673750525,0.3267261646092884,-0.073768547127389,-0.01637388834512704,0.07260241843929262,0.970736307560607,0.3445554448857141,0,0.006064300000000001,1,Shared Control,0.01,Good Visuals,0.40342231979661025,0.12348618168955675,0.0,5.232783957725246,0.9950649009362678,-0.8447048092581055,0.3837667875250434,0.04663404824225111,0.12940256290517116,0.009181093960019256,28.68344714471527,1.0136302130329526,1.3076018581599813,-0.013535259844627511
2000,8.1417072,0.8966105433345268,0.34015924762984556,-0.07412576422608019,-0.004396197255868539,0.1275808761772706,0.9721663407047749,0.34552879682302395,0,0.004144500000000001,1,Shared Control,0.01,Good Visuals,0.4024325666517597,0.12235501522417505,0.0,5.234465570510933,0.9950994035987686,-0.8441527099069197,0.3843188868762293,0.044214552927968734,0.11080324948037923,0.009109396213547389,28.69239814184002,1.0135352598446274,1.2958969788910788,-0.013411273242831362
2001,8.146066500000002,0.8975530211306039,0.34567537675814464,-0.07461331957417106,0.00014657993512068312,0.14739278810524287,0.9736748012328142,0.3465333514750806,0,0.0043593,1,Shared Control,0.01,Good Visuals,0.3925464962992097,0.12190472778799533,0.0,5.236662970457477,0.9951445226425931,-0.8441590759373279,0.3843125208458212,0.025515101537066157,-0.0018614668288887692,0.009069659010385653,28.70410302110892,1.0134112732428313,1.2916087105192526,-0.013361917457673263
2002,8.1495466,0.8988096581920398,0.33909159896402274,-0.0748651430407744,-0.007441752511057831,0.13790712591824172,0.974882145878806,0.34732076182913296,0,0.0034801000000000003,1,Shared Control,0.01,Good Visuals,0.390641620454916,0.1215322355240186,0.0,5.237503080182756,0.9951610180827462,-0.8441775830787338,0.3842940137044152,0.0201680728615435,-0.005204629321969634,0.009095716412048026,28.708391289480748,1.0133619174576733,1.2878210000685526,-0.013321088763206755
2003,8.153128,0.8997521359881168,0.32961605432409224,-0.07513000989068919,-0.017704707505040718,0.1285422229660498,0.9761274709771973,0.3481172556465594,0,0.0035814,1,Shared Control,0.01,Good Visuals,0.3995659755168553,0.12095547207456891,0.0,5.238220471849984,0.9951756124231432,-0.8437797830234696,0.38469181375967937,0.032154947001443446,0.11556900010580495,0.009098528196570737,28.712178999931446,1.0133210887632067,1.2818130862313537,-0.013257870004230055
2004,8.1574497,0.9022654101109886,0.3271501353024735,-0.07386206086620872,-0.020967120344085877,0.13071165630264045,0.9776339723745754,0.34905919435721977,0,0.0043217,1,Shared Control,0.01,Good Visuals,0.4160686205481201,0.11909838811435813,0.0,5.241311372246684,0.9952393649286381,-0.8418347064499367,0.3866368903332122,0.055176783222774126,0.29928505457625176,0.008972655244962165,28.728714595667622,1.0131474421308966,1.2626478981315075,-0.013054315941655388
2005,8.163336500000002,0.9033649675397449,0.3336226966606081,-0.07426900483483045,-0.01543649769661165,0.1282641856811445,0.9796925079122695,0.35030732709078033,0,0.0058868,1,Shared Control,0.01,Good Visuals,0.408122911597454,0.11837929870601518,0.0,5.24294753932043,0.9952726453308731,-0.841354154142348,0.38711744264080095,0.04528957746190984,0.15556889206498692,0.00879685239197007,28.737352101868492,1.0130543159416554,1.255326564076489,-0.012975496904089629
2006,8.166569500000001,0.9046216046011809,0.3398820871539481,-0.07507090331108857,-0.010425239936832253,0.12521925151833663,0.9808261343642305,0.3509750746168001,0,0.003233,1,Shared Control,0.01,Good Visuals,0.404855379270688,0.11766397985635466,0.0,5.2443333632110525,0.9953008554703503,-0.8409134946213905,0.38755810216175846,0.03933822159134415,0.12526565494272912,0.00879191270794088,28.74467343592351,1.0129754969040896,1.2479830825733844,-0.0128970911556128
2007,8.170186500000002,0.9055640823972578,0.3414280334526485,-0.07526205196697267,-0.009547041164151615,0.11117748761675958,0.982096939408244,0.35170675223877645,0,0.0036170000000000004,1,Shared Control,0.01,Good Visuals,0.40417730232816623,0.11701395847765521,0.0,5.245717577480607,0.995329156423693,-0.8404240906190835,0.3880475061640654,0.03613337491872672,0.14214464197123977,0.008833141254994273,28.752016917426616,1.0128970911556128,1.241336624072254,-0.01282584263092055
2008,8.1744173,0.9072919583567322,0.3363078669758257,-0.0748049810515119,-0.015398885262950746,0.07336632735302136,0.983586714092809,0.3525413797099229,0,0.0042308,1,Shared Control,0.01,Good Visuals,0.404400644399256,0.11613823064209534,0.0,5.246972958210934,0.9953547686341042,-0.8397515203748814,0.3887200764082675,0.03634611346678187,0.14622045876950018,0.008806710623806467,28.758663375927746,1.0128258426309205,1.2322363998037542,-0.012729854532128453
2009,8.1779861,0.9082344361528092,0.331480622938663,-0.07535227793999977,-0.021060756771259903,0.030596779359258003,0.9848460924070952,0.35322708379737827,0,0.0035688,1,Shared Control,0.01,Good Visuals,0.4079551419627571,0.11537165718269832,0.0,5.248677860223735,0.9953898494268966,-0.8391951103658384,0.38927648641731055,0.04374066133876744,0.16528339146953908,0.00868771814253806,28.767763600196247,1.0127298545321284,1.2244079447853848,-0.012645830791002354
2010,8.1814642,0.909805232479604,0.33271428495311384,-0.07504085992749121,-0.020512798844264435,0.00026663594769121834,0.9860757896001627,0.3538787309333201,0,0.0034781,1,Shared Control,0.01,Good Visuals,0.4165756227522797,0.11430824368618178,0.0,5.250157456939758,0.9954200153339798,-0.8381759518679761,0.39029564491517277,0.05658237013171891,0.284292029864774,0.008693517178429054,28.775592055214616,1.0126458307910025,1.2133389305320081,-0.012529270558912415
2011,8.184995500000001,0.9109047899083604,0.34301050080481066,-0.0751709996918023,-0.01086823012850946,-0.0035080730101424915,0.9873265844301528,0.3545230665987746,0,0.0035313000000000002,1,Shared Control,0.01,Good Visuals,0.41455154469091104,0.113313219019011,0.0,5.252229508351219,0.9954626866240998,-0.837366674553051,0.39110492223009785,0.05539874807924763,0.23525503340844978,0.008577788903012298,28.786661069467993,1.0125292705589124,1.2031339508402785,-0.012420206392884277
2012,8.188605200000001,0.9120043473371169,0.3476071914316796,-0.07532223709303587,-0.006915875167094965,-0.03548774963136729,0.9886074673812681,0.35516318834298727,0,0.0036097000000000004,1,Shared Control,0.01,Good Visuals,0.40577936480769633,0.11249941368473784,0.0,5.254154147883574,0.9955020135318298,-0.8369185574697612,0.3915530393133877,0.04240155668037367,0.12215267365131854,0.008517867951955202,28.79686604915972,1.0124202063928842,1.1948346401716805,-0.01233100558910509
2013,8.1924443,0.9135751436639118,0.34481307583753223,-0.07503232371735635,-0.010350112505455034,-0.08276053183480882,0.9899722476634196,0.3558228214960869,0,0.0038391000000000002,1,Shared Control,0.01,Good Visuals,0.40275787003219876,0.1116986400898885,0.0,5.255723893696178,0.9955339923484482,-0.8365852036434308,0.3918863931397181,0.03906913557739635,0.08526545588561829,0.008473707510389348,28.80516535982832,1.012331005589105,1.186591009425524,-0.01224323318789626
2014,8.196147100000001,0.9146747010926682,0.34673563127015183,-0.07529754657075138,-0.009087190225935071,-0.10367208284480287,0.9912909333932114,0.3564377223414252,0,0.0037028,1,Shared Control,0.01,Good Visuals,0.4047698306338063,0.11090351629576814,0.0,5.257275710451602,0.9955657632104182,-0.8362588578200824,0.3922127389630666,0.044526937153591885,0.09543949913681704,0.008381008522012992,28.813408990574477,1.0122432331878963,1.1784003147775963,-0.012156080058575918
2015,8.1997353,0.9160884177867837,0.3511522712082811,-0.07520251560642766,-0.005285451133144103,-0.122461018572715,0.9925709414961684,0.3570130062774053,0,0.0035882,1,Shared Control,0.01,Good Visuals,0.4050232062674991,0.11006157308739552,0.0,5.258817079335741,0.9955973303312708,-0.8358867482408509,0.3925848485422981,0.04497250119400205,0.10416526585995278,0.008350762683140686,28.821599685222402,1.0121560800585758,1.1697009105315812,-0.012063795076209291
2016,8.203558500000002,0.918444612276976,0.3517782272485959,-0.07412632921919238,-0.0052347790288093665,-0.1844350892911959,0.9939370090835172,0.3576029782703921,0,0.0038232,1,Shared Control,0.01,Good Visuals,0.3987540985269774,0.10856803136283254,0.0,5.261834158356613,0.9956590794365415,-0.8356344075707687,0.3928371892123803,0.03710194188349607,0.02424131533444207,0.008242843581505616,28.837622223837865,1.0119853872708384,1.1543209692949694,-0.011900088699883116
2017,8.2102751,0.9200154086037708,0.3493488992277617,-0.07392160047974639,-0.008254079042630424,-0.2115314780177967,0.9963422089025684,0.3585797251118783,0,0.0067166000000000005,1,Shared Control,0.01,Good Visuals,0.3953647754625634,0.1078901754666707,0.0,5.2633465294003,0.9956901334054211,-0.8358627547603888,0.39260884202276014,0.036910921604142354,-0.06416409734184736,0.008047749635480928,28.845679030705032,1.011900088699883,1.1473670511600103,-0.011825789247375717
2018,8.2143896,0.9209578863998478,0.3533743519740429,-0.07538432250272065,-0.005205373137835423,-0.21533091681390643,0.9978187460463162,0.3591389289445188,0,0.0041145,1,Shared Control,0.01,Good Visuals,0.3973906670580579,0.10716398768994777,0.0,5.264657938678259,0.9957169309998933,-0.8360123184022247,0.3924592783809243,0.041147632496314666,-0.04361091757859814,0.007975414446536967,28.85263294883999,1.0118257892473757,1.1398475973222169,-0.0117461921611313
2019,8.2177445,0.9223716030939633,0.3530704105952637,-0.07544714295235289,-0.0060685183492551475,-0.244885272280042,0.9990243535585848,0.3595720162034287,0,0.0033549,1,Shared Control,0.01,Good Visuals,0.4021622993846978,0.10632532438443602,0.0,5.266069352016732,0.9957459135639682,-0.8357624908948726,0.3927091058882763,0.04447245770284614,0.06951044972371045,0.008078484608696607,28.860152402677784,1.0117461921611313,1.1311381387736874,-0.011654266687309515
2020,8.221465,0.9247277975841556,0.34655310513904714,-0.07429655597442919,-0.013018911064381578,-0.3104362349821894,1.0003629967896082,0.3600275193404079,0,0.0037205000000000003,1,Shared Control,0.01,Good Visuals,0.4067148731559875,0.10437100585536364,0.0,5.2693540680722,0.995813386323979,-0.8349859456167394,0.39348565116640943,0.05284532132863612,0.12301454188141747,0.007968940400650062,28.877657983228843,1.0115610157030865,1.1108288754487563,-0.011440054791304296
2021,8.2286867,0.9262985939109504,0.34491655108039926,-0.07406440287865779,-0.015110968260008628,-0.33326373771753165,1.002965983483154,0.3608343358730177,0,0.0072217,1,Shared Control,0.01,Good Visuals,0.40461979927963654,0.10335977684408593,0.0,5.271507009075267,0.9958577676861975,-0.8348230422322828,0.3936485545508661,0.05414209194168832,0.04510435098615728,0.0077544062786405014,28.889171124551243,1.0114400547913043,1.1004068196493682,-0.011329214475061631
2022,8.2323327,0.9273981513397068,0.3528649689591963,-0.07556783214344709,-0.00796936691382144,-0.32336784215754066,1.0042822629305295,0.36120133198416327,0,0.0036460000000000004,1,Shared Control,0.01,Good Visuals,0.4056252370017037,0.10235797245825057,0.0,5.2734679518282634,0.9958979326051706,-0.8346651550066216,0.3938064417765273,0.05677811507440473,0.04612943747952336,0.007655280153628544,28.89959318035063,1.0113292144750616,1.090040129271173,-0.011219407187393947
2023,8.235828300000001,0.9288118680338223,0.36026560710010647,-0.07547039489670715,-0.0009357248840567989,-0.3253438669868494,1.005545454763094,0.36152677913914155,0,0.0034956,1,Shared Control,0.01,Good Visuals,0.4065886336937766,0.10134369295007739,0.0,5.275414524147994,0.9959378871228677,-0.8342771537122056,0.3941944430709434,0.05389774333419657,0.10843780062494579,0.007734970081268659,28.909959870728827,1.011219407187394,1.0795305235400254,-0.011108232507681861
2024,8.2410206,0.9311680625240146,0.35467876679199906,-0.07437739223907935,-0.006848012347142496,-0.3772251108562297,1.0074237631620129,0.3619608781013468,0,0.0051923,1,Shared Control,0.01,Good Visuals,0.39917477095577575,0.09965203181731408,0.0,5.278979551632565,0.9960109588383601,-0.8341975990489551,0.39427399773419397,0.043508835497589896,0.01257570728580415,0.007602799209045064,28.9289204502221,1.011018044420956,1.0620526039297966,-0.010922810360136872
2025,8.246627100000001,0.9327388588508094,0.35097197496881605,-0.07468490431120345,-0.010988903132530758,-0.38982887556573986,1.0094542521700953,0.36236087899644,0,0.0056065,1,Shared Control,0.01,Good Visuals,0.39958348566051005,0.09875732713016896,0.0,5.280671185566145,0.9960457517134816,-0.8343010822333877,0.39417051454976126,0.048326312007521736,-0.02893986924120595,0.007411858257897585,28.937947396070204,1.0109228103601369,1.052762953141521,-0.010824742217944574
2026,8.2503705,0.9336813366468865,0.3548258590815009,-0.07577291552320886,-0.007535019914939101,-0.3815409181859757,1.0108111470448302,0.3625866911570615,0,0.0037434,1,Shared Control,0.01,Good Visuals,0.4054623251849013,0.0977522650137277,0.0,5.282412625261262,0.9960815563627679,-0.8341178649848834,0.39435373179826555,0.05618168001808048,0.053239160953189923,0.007375681526746885,28.94723704685848,1.0108247422179446,1.0422911030281141,-0.01071457785202205
2027,8.253896800000001,0.9349379737083224,0.35096824089142753,-0.07587317333650778,-0.011618450265633962,-0.41427759959740257,1.012090065493463,0.36276816594206784,0,0.0035263,1,Shared Control,0.01,Good Visuals,0.40791809135025253,0.09668653324256829,0.0,5.284372259956614,0.9961219197962039,-0.8336983486753736,0.3947732481077753,0.05653050683479415,0.11735050197482044,0.007406974119087514,28.957708896971887,1.0107145778520221,1.0312035540672682,-0.010597763514984874
2028,8.258151400000001,0.9368229293004763,0.34403571045832904,-0.07526713619298675,-0.018732455483738808,-0.44768067688817814,1.013633892673191,0.36294557382722925,0,0.0042546,1,Shared Control,0.01,Good Visuals,0.4126735265827314,0.09484284248584142,0.0,5.286448680705088,0.9961646547023199,-0.8327708663143079,0.3957007304688411,0.06443084179354969,0.1711379944765672,0.007335914096019406,28.968796445932732,1.010597763514985,1.0117588038379879,-0.010395677474879007
2029,8.2627825,0.9383937256272712,0.3486360647718593,-0.07524016704591974,-0.014309509055369929,-0.4330473388376179,1.0153150754676268,0.3630853921927445,0,0.0046311,1,Shared Control,0.01,Good Visuals,0.41683008430800594,0.09348000569958761,0.0,5.29006536108948,0.9962396185210464,-0.8321095347211146,0.3963620620620343,0.0728303349860677,0.18509140587551887,0.007138549142311816,28.98824119616201,1.010395677474879,0.9977691916772663,-0.01024629760277205
2030,8.266429500000001,0.9394932830560275,0.3607993267717584,-0.07582179241159925,-0.002286065420986083,-0.40306602189802115,1.0166393860954606,0.36315516342248483,0,0.003647,1,Shared Control,0.01,Good Visuals,0.4124803426519917,0.09230013589564805,0.0,5.292703180916739,0.9962935234312257,-0.8316997665320655,0.3967718302510835,0.06550401407639651,0.11911865960731882,0.0070334512442905015,29.002230808322732,1.010246297602772,0.9855537607942425,-0.01011697265190994
2031,8.269798900000001,0.940592840484784,0.36207514587046297,-0.07604654561067659,-0.0010800175520218613,-0.418621057557981,1.0178630638187884,0.3631871187775332,0,0.0033694000000000003,1,Shared Control,0.01,Good Visuals,0.4037538288312108,0.09136020595677902,0.0,5.294996547441192,0.9963405990400304,-0.8316112117504513,0.3968603850326977,0.05001624329320175,0.024867254953305107,0.006998361743442227,29.014446239205757,1.01011697265191,0.9758506374617874,-0.010013947392044663
2032,8.274289900000001,0.9437344331383738,0.35335052764136593,-0.07412863068041464,-0.00983659113616725,-0.4626575145694085,1.0194941423605985,0.3631797946199268,0,0.004491,1,Shared Control,0.01,Good Visuals,0.40388104083963877,0.08912393629754785,0.0,5.2968209388982,0.9963779904460444,-0.8313554902307219,0.3971161065524271,0.050297492197510396,0.030441226085278217,0.006947628069293002,29.024149362538214,1.0100139473920446,0.952090139896931,-0.009768830970869335
2033,8.2817071,0.9449910701998098,0.34917930570500644,-0.07450307216078877,-0.01400048891492034,-0.4961581768728823,1.0221874958750012,0.3630381297315073,0,0.0074172000000000005,1,Shared Control,0.01,Good Visuals,0.4027743542326439,0.08811024446961581,0.0,5.301224191247122,0.9964695970300779,-0.8315685408236694,0.3969030559594796,0.05443834472401472,-0.05903968102517965,0.006606635358585726,29.04790986010307,1.0097688309708692,0.941947734138546,-0.009657720706500412
2034,8.2853493,0.9460906276285661,0.3470923660639444,-0.07609686824643513,-0.015945763667562896,-0.5386269568610282,1.023509527556347,0.36290726640502446,0,0.0036422000000000004,1,Shared Control,0.01,Good Visuals,0.4090534645235937,0.08697180804788053,0.0,5.303161932024724,0.9965086581183152,-0.8314664573622451,0.3970051394209038,0.06406543129011337,0.02978886498707789,0.006564483901824527,29.058052265861456,1.0096577207065005,0.9300152585928807,-0.009532937248351928
2035,8.2888307,0.9475043443226816,0.34519297125483267,-0.07600518323366545,-0.017714295150191794,-0.5813689552276389,1.0247726784341147,0.3627431449459585,0,0.0034814000000000004,1,Shared Control,0.01,Good Visuals,0.419614268584681,0.08545273959765305,0.0,5.305388420720432,0.9965546503916308,-0.8307017531662102,0.39776984361693873,0.07773160742194286,0.2071863762320687,0.006618282218173812,29.06998474140712,1.009532937248352,0.914022121065198,-0.009366432900138338
2036,8.2929229,0.9490751406494764,0.35195631993466026,-0.07569753778463828,-0.01078682501129824,-0.5884593602989325,1.0262566174734318,0.36250017760227865,0,0.0040922,1,Shared Control,0.01,Good Visuals,0.421117681897309,0.08377263945377754,0.0,5.30836594938695,0.9966162973530625,-0.8298979142651748,0.3985736825179741,0.08206594171588118,0.2076351968371557,0.0064948511309383195,29.085977878934802,1.0093664329001384,0.8964095086544576,-0.009182277946918383
2037,8.2962351,0.9500176184455533,0.3588576866911079,-0.07623899902787845,-0.003642490911170748,-0.6018748024880644,1.0274569078080928,0.36226292927329806,0,0.0033122000000000004,1,Shared Control,0.01,Good Visuals,0.4128300449772454,0.08248597365287726,0.0,5.3116521210693985,0.9966841802365155,-0.8296225021238215,0.3988490946593274,0.07106625042336981,0.08013621431369788,0.006341382540371205,29.103590491345543,1.0091822779469184,0.8830775296730231,-0.00904124713917859
2038,8.29981,0.9515884147723483,0.358975662639983,-0.0758684930357445,-0.003287266633315078,-0.6344956638098267,1.0287514422668396,0.36196510357683837,0,0.0035749,1,Shared Control,0.01,Good Visuals,0.4087764058586985,0.08126105256066918,0.0,5.314154315098679,0.9967355538925163,-0.8294755463836126,0.3989960503995363,0.06477656280881121,0.041233372673646684,0.006288648065135316,29.116922470326976,1.0090412471391785,0.8702709048927492,-0.008906984138692573
2039,8.3032546,0.9523738129357456,0.355508777139267,-0.07637762933109393,-0.00645632643757138,-0.6681646859865537,1.0299977127108055,0.3616361779361096,0,0.0034446000000000004,1,Shared Control,0.01,Good Visuals,0.4066351116067605,0.08009605663884743,0.0,5.316547063125785,0.9967849095616519,-0.829491677367243,0.3989799194159058,0.06406923206236392,-0.004684337214091894,0.006165153600276398,29.12972909510725,1.0089069841386926,0.8580842876715351,-0.008779289506758527
2040,8.3077964,0.9550441666912971,0.34050965440106884,-0.07495354601950843,-0.021126523535040742,-0.7744169827801864,1.031639088583296,0.36113794102952657,0,0.0045418,1,Shared Control,0.01,Good Visuals,0.4214325775841413,0.07713023494646509,0.0,5.32190869995173,0.9968958567554146,-0.8286658095570824,0.3998057872260666,0.08944821874248458,0.16765439430698104,0.00597205093542129,29.15851531105402,1.0086070593569048,0.826909209924724,-0.008454207244840773
2041,8.3137346,0.9566149630180919,0.35276563733535843,-0.0750241255652041,-0.008372303694168137,-0.7672364039600613,1.0337813900578012,0.3603724438612993,0,0.0059382,1,Shared Control,0.01,Good Visuals,0.42016221214374827,0.07539762321406618,0.0,5.324632427668233,0.9969520259505313,-0.8282841169910666,0.4001874797920823,0.09202238853770853,0.10572322688301217,0.005781184614555369,29.173090790075275,1.0084542072448408,0.8086140606557861,-0.00826429652214286
2042,8.317291500000001,0.9577145204468485,0.36831072267631026,-0.07606686961095277,0.007938278815010968,-0.7615567094478706,1.035062284340381,0.35985016357972466,0,0.0035569000000000004,1,Shared Control,0.01,Good Visuals,0.4080784495018737,0.07407865474302815,0.0,5.3280337625750125,0.9970225385652938,-0.8284604950496091,0.4000111017335399,0.07422567236290437,-0.05183169018849343,0.005656640751330049,29.191385939344215,1.0082642965221429,0.7948747942025199,-0.008119725034563366
2043,8.3206959,0.9591282371409637,0.37482164447477373,-0.07593404719941721,0.014971480895049072,-0.7810134583462058,1.0362864420066153,0.3593043305583396,0,0.0034044,1,Shared Control,0.01,Good Visuals,0.3975674247118359,0.07299503129574428,0.0,5.330605688758091,0.9970754803121541,-0.8289981541782044,0.39947344260494444,0.05694809357456076,-0.14957828031587495,0.00563493137129271,29.20512520579748,1.0081197250345633,0.7835437327462053,-0.008000949599676318
2044,8.324923,0.9608561131004382,0.3728972702107798,-0.07543032890617718,0.013592939652440184,-0.8027233316763053,1.0378037149349044,0.3585626159233838,0,0.0042271,1,Shared Control,0.01,Good Visuals,0.39000686945339996,0.07164272606124901,0.0,5.3327227325028534,0.9971191442266396,-0.8303165837154732,0.39815501306767564,0.047575556147090456,-0.2450794738026647,0.005542808151733983,29.216456267253793,1.0080009495996762,0.7692342679680816,-0.007852724085795267
2045,8.3297296,0.9622698297945536,0.36773501444332857,-0.07553388514035086,0.00917239851994478,-0.8081484762700375,1.039524981027232,0.35763093828769865,0,0.0048066,1,Shared Control,0.01,Good Visuals,0.3888949637195914,0.07073032186842776,0.0,5.335380337716957,0.99717429345874,-0.8312762493398412,0.3971953474433077,0.048092222630837275,-0.2655264302938285,0.005404034390535164,29.23076573203192,1.0078527240857953,0.7597491155860138,-0.007752715909461739
2046,8.333548700000001,0.9638406261213485,0.3672868949141728,-0.07568435490588354,0.009655956626474171,-0.7858556371532113,1.0408892842166193,0.3568219846180003,0,0.0038191,1,Shared Control,0.01,Good Visuals,0.3939894470821581,0.06956562773381922,0.0,5.337157774500202,0.9972108399980302,-0.83205788998574,0.3964137067974089,0.05534416437994434,-0.19525395830806191,0.005342536007949869,29.240250884413985,1.0077527159094617,0.7474048383570806,-0.007625054356276202
2047,8.337147000000002,0.9649401835501049,0.36898468036927967,-0.07594910066651439,0.012162695751279373,-0.7632795754605497,1.0421717797245147,0.3560028233458378,0,0.0035983,1,Shared Control,0.01,Good Visuals,0.394483236205322,0.068581966298229,0.0,5.339448565093275,0.9972584146149224,-0.8326848575588737,0.39578673922427526,0.05454168985142743,-0.18310968841518882,0.0052650296586569485,29.25259516164292,1.0076250543562761,0.73708324918604,-0.007517235708491591
2048,8.3415899,0.9666680595095792,0.36337929890004905,-0.07550372021493545,0.007376475554211226,-0.7736952446422076,1.0437510767980718,0.35491338511220116,0,0.0044429000000000005,1,Shared Control,0.01,Good Visuals,0.39354269388544993,0.06722981072297016,0.0,5.341373693124066,0.99729818776611,-0.8336027250045629,0.39486887177858604,0.05149750654946758,-0.18475592707109767,0.005208738662291692,29.26291675081396,1.0075172357084916,0.7227189322286124,-0.007369026598686083
2049,8.3456948,0.9680817762036947,0.35543382802621293,-0.07566930059437704,0.000520442914011765,-0.7885207540784597,1.04520576006409,0.35382846543268753,0,0.0041049,1,Shared Control,0.01,Good Visuals,0.3961376675147698,0.06603957424116137,0.0,5.344036299460593,0.9973535469743064,-0.8342636951277526,0.3942079016553964,0.05660259506671662,-0.16518058807688218,0.005076100818930206,29.277281067771387,1.007369026598686,0.7101969892573322,-0.007238565361344257
2050,8.349791600000001,0.9693384132651306,0.35101970219275236,-0.07586734679895946,-0.0028087632399351747,-0.7921700804180545,1.0466529757298617,0.35266888883325975,0,0.0040968,1,Shared Control,0.01,Good Visuals,0.4040368959046206,0.06474994654881328,0.0,5.34636878397689,0.997401798632163,-0.8344955453484935,0.39397605143465547,0.06830258763790545,-0.06467230704069538,0.004997168394379119,29.289803010742666,1.0072385653613443,0.696546741563569,-0.0070972099021347265
2051,8.3534278,0.970437970693887,0.3472344199849052,-0.07621500503597467,-0.005434468848354579,-0.8009147060252582,1.0479333786900638,0.3515740321754972,0,0.0036362,1,Shared Control,0.01,Good Visuals,0.40860874532175795,0.06339821167908274,0.0,5.348903700851844,0.9974544009832719,-0.834526056382959,0.3939455404001899,0.07464769690004287,-0.008896901634552812,0.0049124066500329045,29.30345325843643,1.0070972099021347,0.6822411913993743,-0.006949046905655957
2052,8.3576134,0.9731083244494384,0.35105774562153325,-0.07482505424062535,-0.0005162865539639627,-0.7890238998397648,1.0494021555065642,0.35023568840917674,0,0.0041856,1,Shared Control,0.01,Good Visuals,0.4126601761539043,0.06039607059952719,0.0,5.354939634289833,0.9975798028690539,-0.834265890317471,0.3942057064656778,0.08117899265268129,0.019728177452394302,0.0046832529626027585,29.33599528440445,1.0067610363795174,0.6504823097614132,-0.006619983693513157
2053,8.3635423,0.9745220411435538,0.36119255951428986,-0.07488011436301045,0.01095687110511312,-0.7638331589634568,1.051472699745115,0.3481934904187926,0,0.0059289,1,Shared Control,0.01,Good Visuals,0.4013873057546087,0.059151723491556,0.0,5.357460089874135,0.9976319039037269,-0.8348355030639188,0.39363609371923,0.06642463538268051,-0.15837533961180528,0.00451913925853026,29.349517690238585,1.0066199836935132,0.6373049220985848,-0.006483591416961576
2054,8.367218300000001,0.9756215985723101,0.36744327710278113,-0.0758511011728048,0.019249786683988523,-0.7521578632011938,1.052750190504934,0.3468390425694474,0,0.003676,1,Shared Control,0.01,Good Visuals,0.390418944819893,0.05826917318353817,0.0,5.359906682199739,0.9976826790621041,-0.8358371441599304,0.3926344526232185,0.049705956935697446,-0.2940122977607964,0.004429287819816885,29.362695077901414,1.0064835914169616,0.6280299579688934,-0.006386855510307596
2055,8.3706241,0.9768782356337461,0.36434308199051835,-0.07587195487118781,0.017504039421070927,-0.7643355950748174,1.0539292300199403,0.3455225456712141,0,0.0034058,1,Shared Control,0.01,Good Visuals,0.3874800808377449,0.057438454250682,0.0,5.361635377505028,0.9977184136307025,-0.836918137576624,0.39155345920652485,0.043465550206691274,-0.298485038848483,0.004419780950400238,29.371970042031105,1.0063868555103075,0.6192272727060291,-0.006295800815278421
2056,8.3748959,0.9787631912258999,0.3569002703072477,-0.07516603879404038,0.011377724636033593,-0.7790443727870773,1.0554015581751512,0.34378596529630046,0,0.0042718,1,Shared Control,0.01,Good Visuals,0.389457025578663,0.05609482866409253,0.0,5.363269239705956,0.9977523312312403,-0.838377371361577,0.39009422542157196,0.04716326644502366,-0.2703987297470438,0.00435796780877853,29.38077272729397,1.0062958008152785,0.6048499679642607,-0.00614852667334974
2057,8.3797379,0.9800198282873359,0.35187044943916757,-0.07538172988781533,0.00808448414286711,-0.7814393494159048,1.0570611715342966,0.34170044738135025,0,0.004842,1,Shared Control,0.01,Good Visuals,0.39198252872775163,0.05510479470526355,0.0,5.365924782314701,0.997807732985838,-0.8392893597102301,0.3891822370729188,0.05316574694548684,-0.25620528954184474,0.004216426067510227,29.39515003203574,1.0061485266733496,0.5944129054661844,-0.006040009536416606
2058,8.3832775,0.9811193857160924,0.3476910700618603,-0.07594178581820421,0.005990622680510038,-0.7871306456426503,1.0582678343345169,0.340095565461355,0,0.0035396000000000004,1,Shared Control,0.01,Good Visuals,0.39657201818768634,0.05403114527149503,0.0,5.367867050411893,0.9978479439884239,-0.8399547391289702,0.3885168576541787,0.05973452719017623,-0.19422599647969685,0.004153894749995693,29.405587094533814,1.0060400095364166,0.5829833734571024,-0.005922327348261921
2059,8.3867145,0.9825331024102077,0.3458039310152674,-0.07573473192430913,0.005708365553912409,-0.7870091813332765,1.0594339699422672,0.3384710927890301,0,0.0034370000000000004,1,Shared Control,0.01,Good Visuals,0.4018281502963076,0.05276171438582614,0.0,5.3699836031599855,0.9978919823452389,-0.8403774960100744,0.3880941007730745,0.0668383177703082,-0.11764488134248063,0.004103221661720152,29.417016626542896,1.0059223273482618,0.5694428807579249,-0.005783185651132443
2060,8.391102900000002,0.9850463765330796,0.353363112568713,-0.07438759340918766,0.014892019779682908,-0.7496418745162242,1.060914593904025,0.33630063593078124,0,0.004388400000000001,1,Shared Control,0.01,Good Visuals,0.3939417964245728,0.05033741513851075,0.0,5.3752595607831894,0.9980018474463159,-0.8417744063386147,0.3866971904445343,0.05607880183919077,-0.2422766901711242,0.003876803771691549,29.445531204125782,1.0056292303573435,0.5436871993396115,-0.005517459398975406
2061,8.3978762,0.9863030135945154,0.3474291578001988,-0.07461158030950954,0.01112852186941754,-0.7627703230768752,1.0631805301362833,0.3327340019648871,0,0.0067733,1,Shared Control,0.01,Good Visuals,0.3851387745630144,0.04941579458779051,0.0,5.377263035891684,0.9980433833043717,-0.8432691900633201,0.3852024067198288,0.044993080889518214,-0.37781410492000544,0.003744479170593025,29.45631280066039,1.0055174593989753,0.5338853720070272,-0.005416441022170238
2062,8.401785700000001,0.9878738099213105,0.34493811127818513,-0.07530672021497287,0.012204109313298017,-0.7507013362693239,1.0644771200812093,0.3305530812261165,0,0.003909500000000001,1,Shared Control,0.01,Good Visuals,0.390234422531654,0.04842389773392896,0.0,5.379079074963783,0.9980811460444077,-0.8443638851556463,0.3841077116275027,0.0530370598300973,-0.3039806432095218,0.0036869905264451585,29.466114627992972,1.0054164410221702,0.5232968239292727,-0.005307719694225736
2063,8.405618500000001,0.9900729247788232,0.35233412750636217,-0.07440419530238607,0.021781046280245686,-0.7059183794954942,1.065739824757329,0.32832628218903254,0,0.0038328000000000004,1,Shared Control,0.01,Good Visuals,0.38420812218162953,0.04655616514632298,0.0,5.383015687533727,0.9981631443355742,-0.8466843066360111,0.38178729014713786,0.04131554055047534,-0.36207182673801097,0.0035804950610593216,29.48739837229349,1.005197838443286,0.5033926111812668,-0.005102998440822017
2064,8.4128634,0.991643721105618,0.34558843545517925,-0.07409610365171104,0.017262153266146718,-0.713383340171594,1.0681025769687584,0.32387237270225067,0,0.0072449,1,Shared Control,0.01,Good Visuals,0.3789040446265339,0.04588981755183852,0.0,5.3847212964948925,0.998198621271392,-0.8482829551985873,0.3801886415845617,0.03595917666685444,-0.44663720911243954,0.003463974004077154,29.496607388818735,1.005102998440822,0.4963136310822409,-0.005029960407620344
2065,8.4163952,0.9927432785343746,0.34897465075862466,-0.07535929843438383,0.025102278056373994,-0.6749849711214698,1.0692424093896293,0.32158282123408727,0,0.0035318000000000003,1,Shared Control,0.01,Good Visuals,0.38185257713249066,0.04514919068230609,0.0,5.386033621182608,0.9982258915548885,-0.8497113217643214,0.3787602750188277,0.04184099938705686,-0.41613009926701583,0.0034002566778791356,29.50368636891776,1.0050299604076203,0.4883885673874376,-0.004948780659490824
2066,8.4198471,0.993842835963131,0.349767281576038,-0.07539957342649828,0.028184460341950712,-0.6629163049260818,1.0703485089869236,0.31926873710993764,0,0.0034519000000000004,1,Shared Control,0.01,Good Visuals,0.38093952034973205,0.04444934175645852,0.0,5.387497483088398,0.9982564226458882,-0.8511252736101083,0.3773463231730408,0.03732345973833655,-0.3952898646315024,0.003402411334698806,29.51161143261256,1.0049487806594908,0.48091717765829506,-0.004872070561780097
2067,8.424243700000002,0.9963561100860029,0.3373180543309898,-0.07399239890092069,0.018049317221052186,-0.6797226171417186,1.071745528842874,0.3162105169774279,0,0.0043966000000000005,1,Shared Control,0.01,Good Visuals,0.3815169519948876,0.043033074167088035,0.0,5.390268734666879,0.9983141729450816,-0.854144598269998,0.3743269985131511,0.040323810956701504,-0.38828263578926525,0.0032849728891293623,29.526602448112282,1.0047949778611587,0.46577151395118127,-0.004716834165534194
2068,8.4303644,0.9983981453108361,0.33754105992688743,-0.07334738353203796,0.02133054294945952,-0.6584335901643431,1.0736674115093445,0.3117427194510302,0,0.006120700000000001,1,Shared Control,0.01,Good Visuals,0.3806087676592873,0.041750920185601295,0.0,5.392960367971228,0.9983702787029536,-0.8566338393780519,0.3718377574050971,0.041226923363924604,-0.4144504975286598,0.0031486667393928287,29.541166950729234,1.004645638203165,0.4520652551109,-0.0045762978961087185
2069,8.4364103,0.9996547823722721,0.3378938231734171,-0.0740126291370724,0.02615110372238688,-0.6536197476847344,1.0755382190786795,0.30708443324435214,0,0.006045900000000001,1,Shared Control,0.01,Good Visuals,0.37435489910776354,0.0411332161417622,0.0,5.394210621641698,0.998396349349496,-0.8584639165835555,0.3700076801995935,0.03357962324183258,-0.5078328399987724,0.0030623207556688035,29.5479347448891,1.0045762978961088,0.44545440429851973,-0.004508591658649224
2070,8.4409103,1.0010684990663874,0.3391306281811648,-0.07446972001229213,0.032046194936812655,-0.6441885677908712,1.0769119872757291,0.30345607218617554,0,0.0045000000000000005,1,Shared Control,0.01,Good Visuals,0.3732202492546736,0.04047532369209118,0.0,5.39543164939342,0.9984218151355835,-0.86048549233793,0.36798610444521895,0.03188595956208089,-0.5045110442661735,0.003044377471515286,29.55454559570148,1.0045085916586491,0.43840193676348377,-0.004436480389726016
2071,8.4442637,1.0021680564951438,0.34092390768862335,-0.07474393078058528,0.03746783550244781,-0.6317372027819294,1.0779249328428664,0.3006613874593517,0,0.0033534000000000003,1,Shared Control,0.01,Good Visuals,0.36989671820011705,0.039990303510124454,0.0,5.396733180224645,0.9984489820195043,-0.862312742370035,0.366158854413114,0.02735866629458366,-0.5337841879250262,0.003014186022756924,29.561598063236517,1.004436480389726,0.43323322005551734,-0.004383317565327475
2072,8.447752600000001,1.0032676139239003,0.3375509003539151,-0.0746573189189661,0.03688951289456338,-0.638056823755281,1.0789687176307603,0.2976704315279752,0,0.0034889,1,Shared Control,0.01,Good Visuals,0.36603409214554805,0.03958272600403461,0.0,5.39768990079753,0.9984688913316768,-0.8643562896184349,0.3641153071647141,0.021936949701102375,-0.5714777394222226,0.0029890324774553387,29.566766779944484,1.0043833175653274,0.4288773529939373,-0.004338643194671007
2073,8.4511421,1.0043671713526567,0.3299974253155612,-0.07460154627810356,0.03232699378758602,-0.6531868062549452,1.0799726306340351,0.2946824080780893,0,0.0033895,1,Shared Control,0.01,Good Visuals,0.3662035134893956,0.039163753086314104,0.0,5.398495007828389,0.9984856698371648,-0.8662772225793941,0.36219437420375483,0.02369016880620856,-0.5637202021831267,0.0029551401989652646,29.571122647006064,1.004338643194671,0.42438445060438656,-0.004292719778531496
2074,8.4545747,1.0054667287814132,0.32255935169359923,-0.07450590185262196,0.027876943615509908,-0.6648634313641831,1.0809788447255197,0.29157286408351535,0,0.0034326,1,Shared Control,0.01,Good Visuals,0.37051932185515174,0.038565259572668466,0.0,5.399324028360974,0.9985029764657977,-0.8681155380813858,0.3603560587017631,0.03180120948374614,-0.5067440808202666,0.0029216765382928827,29.575615549395614,1.0042927197785314,0.4179399445872811,-0.004227119197869903
2075,8.458540800000002,1.0070375251082082,0.31940184133355143,-0.07394131961731154,0.02782897725003608,-0.666684815249133,1.0821279549719445,0.2878742280330243,0,0.0039661,1,Shared Control,0.01,Good Visuals,0.3745340172370619,0.037675063708698116,0.0,5.40051070373752,0.9985278010948458,-0.8701035646205597,0.35836803216258917,0.0393732334794749,-0.45570808920893247,0.002873339444642126,29.582060055412718,1.00422711919787,0.4083485800710888,-0.0041295452655756605
2076,8.462437900000001,1.0081370825369644,0.3214936847792632,-0.07399087243498004,0.033619456746238896,-0.6607513446994226,1.0832425665192185,0.28412822593248677,0,0.0038971,1,Shared Control,0.01,Good Visuals,0.37166240286816854,0.03697597300436945,0.0,5.402276299157917,0.9985647470698155,-0.8719240953382195,0.35654750144492936,0.037662737833928414,-0.504497787967572,0.002785743927287422,29.591651419928912,1.0041295452655756,0.4008760677792359,-0.004052918276153957
2077,8.466126000000001,1.0090795603330416,0.3196176707668256,-0.07416300618617688,0.03548944483433886,-0.6774459298000705,1.0842837633223734,0.280480012368258,0,0.0036881,1,Shared Control,0.01,Good Visuals,0.3662491510656371,0.0364329673897958,0.0,5.4036573683264475,0.998593529037343,-0.8738692616394709,0.35460233514367795,0.03089184813096673,-0.5693947372084189,0.0027358845017255657,29.599123932220763,1.004052918276154,0.3950699064845605,-0.003993399696910629
2078,8.4696289,1.010179117761798,0.31114656864052603,-0.07410464556057539,0.030666556272268053,-0.7121260544325636,1.0852600504828922,0.2769212006272849,0,0.0035029,1,Shared Control,0.01,Good Visuals,0.3653907213595662,0.03585110933493485,0.0,5.404730277232467,0.9986158924399803,-0.8759130390931896,0.3525585576899592,0.03159681550649069,-0.5722943138773349,0.002701978385910207,29.60493009351544,1.0039933996969106,0.38881645423033323,-0.003929622520732068
2079,8.474210600000001,1.0123782326193107,0.3045385096256643,-0.0728818178635815,0.027617308998379386,-0.7327533681473812,1.0865178981408181,0.27212698249456124,0,0.0045817,1,Shared Control,0.01,Good Visuals,0.37200056018378397,0.03426104441226792,0.0,5.407368308045926,0.998671057089119,-0.879426827127368,0.3490447696557808,0.046892582882638346,-0.49152096852592675,0.0025969022283889595,29.61925207197133,1.0038475248558347,0.3716979906751223,-0.003755336283975389
2080,8.479929400000001,1.0133207104153878,0.3043298805179053,-0.07319718772543027,0.032202898023344084,-0.7409400990620241,1.0880565051216402,0.26591859600052636,0,0.0057188000000000004,1,Shared Control,0.01,Good Visuals,0.366638760645104,0.03353289247659406,0.0,5.409035367550724,0.9987059141792936,-0.8814028174640691,0.3470687793190796,0.04162855571882068,-0.5728504483971653,0.002497007198670987,29.628302009324877,1.0037553362839753,0.3638856576421925,-0.003675523907231152
2081,8.483527200000001,1.0147344271095031,0.306935910482083,-0.07332207801213708,0.041017314481556655,-0.736053641181134,1.0890059986789136,0.2618836570341656,0,0.0035978000000000004,1,Shared Control,0.01,Good Visuals,0.36386947396289493,0.03281805142868197,0.0,5.410476548848405,0.9987360033213563,-0.8835505655615283,0.3449210312216203,0.03925681694409591,-0.6004999433705902,0.0024545134255859235,29.636114342357807,1.0036755239072312,0.3561996197671451,-0.0035971705303697622
2082,8.487109100000001,1.0155198252729005,0.3125331266323742,-0.07348617340601304,0.050649469598208596,-0.7215517210693664,1.0899366959733223,0.2577664477958502,0,0.0035819000000000003,1,Shared Control,0.01,Good Visuals,0.355844550860807,0.03230376125605209,0.0,5.411892905521409,0.9987656059146804,-0.8859519330598579,0.3425196637232908,0.029680006873490088,-0.7063053320184434,0.0024062877270601465,29.643800380232854,1.0035971705303697,0.3506925257178593,-0.0035407994366421754
2083,8.491382900000001,1.0170906215996955,0.3114772768362341,-0.07284607437362678,0.053710829040383934,-0.7415175350455264,1.0910276102464076,0.2527220920939876,0,0.0042738,1,Shared Control,0.01,Good Visuals,0.347186007633427,0.03188828019584734,0.0,5.412909825672694,0.9987868155061121,-0.8896219632371588,0.3388496335459899,0.017774579630467795,-0.8012641480472675,0.0023738798013286898,29.64930747428214,1.003540799436642,0.346233632805661,-0.0034952587612933307
2084,8.494992900000002,1.0180330993957725,0.30732046683195946,-0.07299451085063513,0.054598374737971855,-0.7754166379852075,1.0919320738513545,0.24834849649823454,0,0.0036100000000000004,1,Shared Control,0.01,Good Visuals,0.3407225536791744,0.03166832123817878,0.0,5.413732274856458,0.9988039881787562,-0.8926497541233444,0.3358218426598044,0.012636303758590163,-0.8797625773435296,0.0023229360307937454,29.65376636719434,1.0034952587612933,0.3438905081253459,-0.003471149167762598
2085,8.498818,1.019132656824529,0.30345603543682087,-0.07279941702682557,0.05510753893858633,-0.8096670655337166,1.09287298871076,0.24360071278553377,0,0.0038251,1,Shared Control,0.01,Good Visuals,0.3406708378856614,0.03137637470775722,0.0,5.414166084474567,0.998813011859332,-0.8957541031053068,0.33271749367784204,0.016074174509656442,-0.8661446337887886,0.00231161361824164,29.656109491874656,1.0034711491677626,0.34073828448281107,-0.003439149051669224
2086,8.502245700000001,1.0200751346206058,0.29845980302093744,-0.07279785409015416,0.05485909023540367,-0.8480703914126354,1.0937005429160191,0.23924614927007107,0,0.0034277,1,Shared Control,0.01,Good Visuals,0.33914753793841274,0.031067278077019096,0.0,5.4147457495570865,0.9988251523837121,-0.8987495641839268,0.32972203259922195,0.01790948720581681,-0.8771481928609284,0.00228418178713996,29.65926171551719,1.0034391490516692,0.33740799960280926,-0.0034052691214867753
2087,8.5058202,1.021174692049362,0.2940780238794378,-0.07252585086665708,0.054831874609366754,-0.8819782272052293,1.0945474619146032,0.2346036435218924,0,0.0035745000000000004,1,Shared Control,0.01,Good Visuals,0.3394311579959426,0.030655547080103224,0.0,5.4153588139730955,0.9988379784347682,-0.9019043499683327,0.3265672468148161,0.022279895801533254,-0.8627648045741634,0.002261631176429081,29.66259200039719,1.0034052691214868,0.33296133672158884,-0.003360139488736821
2088,8.5094867,1.0222742494781187,0.291125591993024,-0.07227321243648444,0.05652194847113162,-0.9099569419928878,1.09539874126608,0.22973330711086318,0,0.0036665,1,Shared Control,0.01,Good Visuals,0.3380437051384597,0.030175499209647665,0.0,5.416176415248565,0.9988551041077676,-0.9053111919392327,0.3231604048439161,0.024448316850683348,-0.8736388272899716,0.0022233196357673516,29.66703866327841,1.0033601394887368,0.3277822150278423,-0.003307521676965695
2089,8.513074300000001,1.0229025680088366,0.28204005153440725,-0.07249617325724333,0.05230674442354408,-0.9620092864109699,1.096214224011549,0.2248608657597874,0,0.0035876000000000003,1,Shared Control,0.01,Good Visuals,0.33505496440974114,0.02976114348351258,0.0,5.41712918712145,0.9988750503851354,-0.9084043565192587,0.3200672402638902,0.024087059155080866,-0.9020865525462682,0.002180880264755834,29.67221778497216,1.0033075216769658,0.32332564367473693,-0.0032621043489326107
2090,8.516546000000002,1.0243162847029519,0.2726211373207321,-0.07189793930859723,0.04776027156094473,-1.0087701339859456,1.0969865419379976,0.22004451694208066,0,0.0034717000000000003,1,Shared Control,0.01,Good Visuals,0.340531864669445,0.029110358445428145,0.0,5.417950310144209,0.9988922134176416,-0.911313544937558,0.3171580518455908,0.036179330656239676,-0.814237291359786,0.0021575690143144067,29.676674356325265,1.0032621043489327,0.3162843641044544,-0.003190772119909502
2091,8.5201369,1.02494460323367,0.27327426726048565,-0.07204193870432762,0.05322975031840499,-1.0211312535831747,1.0977675981863682,0.21495732745864835,0,0.0035909,1,Shared Control,0.01,Good Visuals,0.3419238033947995,0.028357570071694975,0.0,5.419243801194371,0.9989193311241173,-0.9140815646536918,0.31439003212945693,0.04393911122291687,-0.8071204887400087,0.0020929747847609034,29.683715635895545,1.0031907721199096,0.3081573234363071,-0.0031082593552658553
2092,8.524397500000001,1.026201240295106,0.2696269725402304,-0.0715663578912622,0.054669645081582036,-1.0710573199154267,1.098670342920472,0.20878141332774175,0,0.004260600000000001,1,Shared Control,0.01,Good Visuals,0.3373466105471682,0.027444318328743878,0.0,5.420738394246058,0.9989506293986136,-0.9180028675305695,0.31046872925257923,0.03964820515389233,-0.8516795267098916,0.002042934324908725,29.69184267656369,1.0031082593552658,0.2982901307455949,-0.0030081582793780462
2093,8.528064400000002,1.0271437180911829,0.26314060244170734,-0.07152662482928918,0.05435918911396559,-1.1336636551024117,1.0994259884851267,0.20334374717045559,0,0.0036669000000000003,1,Shared Control,0.01,Good Visuals,0.3334579642986858,0.026767094503196864,0.0,5.422552292666803,0.9989886285321865,-0.9210609354720393,0.30741066131110945,0.03985040218700978,-0.8942242065237138,0.001964089907596611,29.701709869254405,1.003008158279378,0.29100841668082134,-0.00293392810782091
2094,8.5315407,1.028243275519939,0.26585179578864476,-0.07118271296518763,0.06250804861818918,-1.1581121657917954,1.1001237591974744,0.19808363700347212,0,0.0034763000000000003,1,Shared Control,0.01,Good Visuals,0.3336471062949685,0.025950435139886884,0.0,5.423894155351485,0.9990166695602829,-0.9242308378468668,0.3042407589362819,0.04610633381341936,-0.8888739764532418,0.0019145599263002907,29.70899158331918,1.002933928107821,0.28217825205207003,-0.002844414475317983
2095,8.5350652,1.0288715940506572,0.2677448059872999,-0.0712521651468172,0.06966116898382776,-1.1925435244244011,1.1008123530150877,0.1926456672101995,0,0.0035245000000000003,1,Shared Control,0.01,Good Visuals,0.32375429800051814,0.025335126283781678,0.0,5.425516814420722,0.9990506737722639,-0.9277213264282433,0.3007502703549053,0.03621526996604587,-1.0145589412209544,0.001847222375884287,29.71782174794793,1.002844414475318,0.2755541759200749,-0.0027769707732119295
2096,8.538717400000001,1.0298140718467341,0.2588834465565595,-0.0709982811683536,0.06623777934635999,-1.261585294145008,1.1015054737417687,0.18689869814811072,0,0.0036522000000000004,1,Shared Control,0.01,Good Visuals,0.3170699280756055,0.024777123521694852,0.0,5.426736745280621,0.9990761815034697,-0.9317242541212307,0.2967473426619179,0.030503425956818847,-1.0806748448982006,0.0018051826019874814,29.724445824079925,1.002776970773212,0.2695317591650858,-0.0027158083639809718
2097,8.542550700000001,1.0309136292754906,0.25116676414114414,-0.07059184446627809,0.06426806599303342,-1.3107024368914657,1.1022101557851982,0.18074363333206045,0,0.0038333000000000004,1,Shared Control,0.01,Good Visuals,0.3191895034293343,0.02401290637283102,0.0,5.427844461246946,0.9990993723131797,-0.9357553035821164,0.29271629320103215,0.04007009328705016,-1.0406199398212825,0.0017591331823363188,29.730468240834913,1.0027158083639809,0.261253261380895,-0.002632042896897401
2098,8.5461565,1.0315419478062084,0.2480660742430181,-0.07066820797898976,0.06732244091095765,-1.3456828073395033,1.1028512681569949,0.17483828267540824,0,0.0036058,1,Shared Control,0.01,Good Visuals,0.3190566096718288,0.023246426796003725,0.0,5.429364336977525,0.9991312506868681,-0.9392944158214712,0.28917718096167744,0.0457827289364522,-1.035161086710555,0.0016951153518541852,29.738746738619106,1.0026320428968973,0.25296703757554456,-0.002548029446193751
2099,8.5495636,1.0324844256022854,0.24158973246134324,-0.07036684255470949,0.066751449785935,-1.3995684351302038,1.1034373064863707,0.16915500707121697,0,0.0034071,1,Shared Control,0.01,Good Visuals,0.31652496181979956,0.02243428783675751,0.0,5.430887176149859,0.9991631578503659,-0.9430564131521988,0.28541518363094986,0.046394423854057495,-1.053072816797553,0.001642783323588352,29.747032962424456,1.0025480294461937,0.2441794695081448,-0.0024590112929644453
2100,8.553195400000002,1.0331127441330035,0.23409669406145825,-0.07032456235336726,0.06494168699024128,-1.4510641721688704,1.1040404759910574,0.16298596948863187,0,0.0036318,1,Shared Control,0.01,Good Visuals,0.3155701256876563,0.021581378398423057,0.0,5.4325014430186105,0.9991969949021243,-0.946681791477643,0.2817898053055057,0.05104244029418437,-1.0587210015022621,0.0015786300000361498,29.755820530491857,1.0024590112929646,0.23494749447710378,-0.002365524307507121
2101,8.5575451,1.0349976997251573,0.22766637698039055,-0.06904277626590005,0.06468040749175868,-1.516853286187153,1.1047330782716986,0.1554463166177453,0,0.004349700000000001,1,Shared Control,0.01,Good Visuals,0.31722371873639166,0.019506353054601158,0.0,5.436476654693184,0.9992803816075803,-0.9537724329943341,0.27469916378881465,0.06476285407064152,-1.0146511609075592,0.0014302115103082334,29.777476981315207,1.002239968757505,0.21247216380857528,-0.0021380817967051836
2102,8.563528100000001,1.0362543367865933,0.24071438038882637,-0.06847874148510535,0.08526806377108107,-1.516282542753539,1.1056314374354617,0.1448053572952964,0,0.0059830000000000005,1,Shared Control,0.01,Good Visuals,0.29200149632263844,0.01809000113118091,0.0,5.440039072266796,0.999355051627544,-0.9617754635379564,0.2666961332451924,0.03293372700145493,-1.3219639322406322,0.0012884158689280083,29.796870740831583,1.002043534073163,0.1971478740828755,-0.001982836156645424
2103,8.5699813,1.03719681458267,0.22999874255885866,-0.06843462285279167,0.08519338526356227,-1.5670624468000138,1.1065279238182035,0.13297606503243525,0,0.0064532,1,Shared Control,0.01,Good Visuals,0.28738730508518656,0.017541347492329374,0.0,5.441138824816497,0.999378080318194,-0.9671341846328905,0.26133741215025835,0.028930578053389708,-1.3384756456524283,0.001238780510927401,29.802852125917124,1.0019828361566454,0.19119751263206836,-0.0019226985002295403
2104,8.5747532,1.0382963720114267,0.220998332325468,-0.06823155180677687,0.08802226729303275,-1.5931976110392663,1.1071411190132607,0.12399302002610574,0,0.0047719,1,Shared Control,0.01,Good Visuals,0.2872946479857327,0.016612766069687042,0.0,5.442230642823733,0.9994009895300097,-0.974347461454581,0.25412413532856787,0.03615643494738534,-1.3295872634539734,0.0012004354999673237,29.80880248736793,1.0019226985002296,0.18109699312951258,-0.0018209171456650662
2105,8.579430400000001,1.0389246905421445,0.2126959875245177,-0.0682164284711162,0.08870296749841197,-1.6163274750514385,1.1077000877432246,0.11499331992494519,0,0.0046772,1,Shared Control,0.01,Good Visuals,0.2834851469738886,0.01597768253206919,0.0,5.4440812366068005,0.9994398766062408,-0.9792041056277638,0.24926749115538502,0.03754389701864253,-1.3544857689599632,0.0011335148087377163,29.81890300687049,1.0018209171456651,0.17422288969369182,-0.0017513059504115501
2106,8.5831581,1.039710088705542,0.20460798788971382,-0.06798999903768266,0.08961466796476864,-1.6368873542485183,1.10811515973409,0.10768223996957692,0,0.0037277,1,Shared Control,0.01,Good Visuals,0.2828062758569098,0.015302246051284128,0.0,5.4453438055919685,0.9994663409595349,-0.9838387313196515,0.24463286546349738,0.04167594785650778,-1.3486470804270696,0.0010899404375831006,29.82577711030631,1.0017513059504115,0.16688614022822243,-0.001677271688837652
2107,8.586534100000002,1.0404954868689393,0.2035805138078729,-0.06761967286515058,0.09589827383829598,-1.6296001157366704,1.1084673676466548,0.10095493949312882,0,0.003376,1,Shared Control,0.01,Good Visuals,0.2807510021933767,0.014562064462721798,0.0,5.44668896764597,0.9994945862059448,-0.9887209667485312,0.23975063003461772,0.044189424467080546,-1.3698752606284166,0.0010403996943011912,29.833113859771778,1.0016772716888376,0.158842125431929,-0.001596140747736996
2108,8.5911086,1.0415950442976958,0.18927728829823798,-0.06687232334895898,0.08832234880510915,-1.6573328477225266,1.1089080392203146,0.09167857903208146,0,0.0045745000000000004,1,Shared Control,0.01,Good Visuals,0.2675366706894118,0.013386673748246009,0.0,5.449501120019919,0.9995536388470594,-0.9996267095840441,0.2288448871991048,0.03187118696029751,-1.4882204847377443,0.0009376070808635349,29.848453338578054,1.0015225137076638,0.1460805902028577,-0.001467306747675452
2109,8.597367,1.0420662831957344,0.1750163060108024,-0.0668417560245802,0.08333772697872094,-1.6762535526501015,1.1094413301100856,0.07868773077677535,0,0.006258400000000001,1,Shared Control,0.01,Good Visuals,0.2762030658569853,0.012603212308925051,0.0,5.450503754584955,0.9995746810260079,-1.0043923107164903,0.22407928606665853,0.047233643632617464,-1.328612766580133,0.0008951979754597279,29.853919409797143,1.0014673067476754,0.13754655297975846,-0.0013814319233480283
2110,8.601138700000002,1.0426946017264522,0.16439658977196325,-0.06674672838363338,0.0857088589951879,-1.682910557955185,1.109723076314349,0.07069143489731702,0,0.0037717000000000002,1,Shared Control,0.01,Good Visuals,0.2811206621439899,0.011653660398816712,0.0,5.45206624594569,0.9996075333159912,-1.0087164287896244,0.21975516799352432,0.05945388559536382,-1.2524962556871166,0.0008424208422791544,29.86245344702024,1.001381431923348,0.12720886480489613,-0.001277352003931703
2111,8.604647000000002,1.0434799998898499,0.16368517977240313,-0.06624307642449923,0.0929937448750861,-1.6600699912502657,1.1099578698787906,0.06314079394340155,0,0.0035083000000000002,1,Shared Control,0.01,Good Visuals,0.2783553198139465,0.010620972815155543,0.0,5.453959474739443,0.9996473277825483,-1.0134403259245264,0.21503127085862236,0.0616918910517893,-1.303144037214336,0.0007778437053149237,29.872791135195104,1.0012773520039318,0.11596551569587553,-0.0011641596240886348
2112,8.608410000000001,1.0441083184205677,0.1704451701158438,-0.06584955145822291,0.10730437617244226,-1.6167119819985967,1.1101800428681807,0.05492131111638926,0,0.0037630000000000003,1,Shared Control,0.01,Good Visuals,0.2684584781740098,0.009608022353547423,0.0,5.456018514965954,0.9996906072686701,-1.0196651963303758,0.208806400452773,0.05071420377008136,-1.4265446892128915,0.0007035659138968773,29.884034484304124,1.0011641596240886,0.10493540979986928,-0.0010531306205190736
2113,8.612454300000001,1.0447366369512856,0.1731165395405732,-0.06544340591689513,0.11819522842418395,-1.5850883432957936,1.1103840649686108,0.04594835774643864,0,0.004044300000000001,1,Shared Control,0.01,Good Visuals,0.2521336446597493,0.009139041342492122,0.0,5.458038354680507,0.9997330646174473,-1.0254235357419208,0.20304806104122805,0.02884772602134467,-1.6072176542215415,0.000632683962381677,29.895064590200132,1.001053130620519,0.09984599842132547,-0.0010017258417820657
2114,8.616190900000001,1.0450507962166447,0.16704560494403886,-0.0653332687519661,0.12109724719760022,-1.5724275697469634,1.1105400663595129,0.03753032615250215,0,0.0037366,1,Shared Control,0.01,Good Visuals,0.23908772212844898,0.008941424982027352,0.0,5.458971923483961,0.9997526543539186,-1.0314575199839116,0.19701407679923738,0.012777522854012052,-1.7552387474156177,0.0005980899922679981,29.900154001578674,1.001001725841782,0.09770192494636003,-0.000980065209378963
2115,8.6195842,1.045522035114683,0.15260175358903555,-0.06501803124482985,0.1150714274365334,-1.581667509734477,1.1106542963094295,0.0297796285848118,0,0.0033933,1,Shared Control,0.01,Good Visuals,0.23560988418404294,0.008762056211953698,0.0,5.459365262113556,0.9997609070602317,-1.0377269210760125,0.19074467570713646,0.011284570625521897,-1.7703171322361009,0.0005841725213763366,29.90229807505364,1.000980065209379,0.09574730424551406,-0.0009604046864140402
2116,8.6241169,1.0463074332780806,0.1302295452069914,-0.06434686303134884,0.1004499166221796,-1.5806219197911051,1.110765526192508,0.019269338266755434,0,0.004532700000000001,1,Shared Control,0.01,Good Visuals,0.24194354752987918,0.007902062983535994,0.0,5.460536113855982,0.9997855454980304,-1.05002835512254,0.178443241660609,0.03003229087325098,-1.6227275999578639,0.0005389245754001943,29.90869921609858,1.0009157774873956,0.08636144319052146,-0.0008661412501980174
2117,8.630391900000001,1.046778672176119,0.11659380615256257,-0.06398685401638904,0.09732446788580713,-1.608976812520444,1.1108400421067357,0.004423733279293907,0,0.006275,1,Shared Control,0.01,Good Visuals,0.2509962378137728,0.007204923762556854,0.0,5.461439853500464,0.9998045570422719,-1.055199692601638,0.17327190418151087,0.043567896196963427,-1.4352865609486856,0.0005084729644666823,29.913638556809477,1.000866141250198,0.07875042648294528,-0.0007897281619096793
2118,8.634188900000002,1.0469357518087985,0.10335561015635544,-0.0639042902979372,0.09893187687706154,-1.6383790842280739,1.1108395094119392,-0.004725089509267977,0,0.003797,1,Shared Control,0.01,Good Visuals,0.25224112173353874,0.0064077309212987,0.0,5.462831774875167,0.9998338513976144,-1.0600621889877235,0.16840940779542535,0.05249103802396293,-1.4148736829183597,0.00046102040499393783,29.921249573517056,1.0007897281619096,0.07004977117900112,-0.0007023482453467679
2119,8.6375565,1.0474069907068368,0.09387309348008857,-0.06343251870510236,0.09859818298935655,-1.6610238988459607,1.110809786703042,-0.012943340864523645,0,0.0033676,1,Shared Control,0.01,Good Visuals,0.2502813352610369,0.005489654996137911,0.0,5.464423219477058,0.9998673389178271,-1.0652670380068017,0.1632045587763473,0.05813467663162661,-1.4541527726309769,0.00040948149694574075,29.929950228821,1.0007023482453468,0.0600257327676051,-0.0006017183932116686
2120,8.6414877,1.0478782296048754,0.09275765268607589,-0.06293155709816656,0.10570099355059953,-1.6586125629287336,1.1107398477731154,-0.02266019352390436,0,0.0039312,1,Shared Control,0.01,Good Visuals,0.24814950175104192,0.004314091594120444,0.0,5.46625635551498,0.9999059189324929,-1.0716970966943817,0.15677450008876728,0.06149085191982168,-1.4731960243728106,0.00034822264322707666,29.939974267232394,1.0006017183932117,0.04718247257555171,-0.00047286546495332914
2121,8.645356000000001,1.0481923888702345,0.09658764912651219,-0.06254745890288094,0.11924784265041655,-1.6431846959831757,1.110633489983611,-0.032350481065308356,0,0.0038683000000000003,1,Shared Control,0.01,Good Visuals,0.23845151238178378,0.003498855974860996,0.0,5.468604338166244,0.9999553478388952,-1.077368419715182,0.151103177067967,0.052052392297230174,-1.5713953674878143,0.00027149250148211107,29.952817527424447,1.0004728654649533,0.03827995991862028,-0.0003835078883378913
2122,8.649203900000002,1.048349468502914,0.09422281425761297,-0.062284021480697005,0.12657329532292133,-1.6502997058583788,1.1104902607755152,-0.042115817606000305,0,0.0038479000000000005,1,Shared Control,0.01,Good Visuals,0.2229025236276393,0.0030000622236933147,0.0,5.470232255623007,0.9999896092018558,-1.0834076116083085,0.14506398517484062,0.03381608763890145,-1.7606973449348038,0.00021884455029471758,29.96172004008138,1.0003835078883379,0.032831074663192544,-0.00032883534977075216
2123,8.6526127,1.0485065481355933,0.0828414905916694,-0.06198371263992186,0.1249573081976697,-1.6792468475899789,1.1103318013547523,-0.050871289609084075,0,0.0034088,1,Shared Control,0.01,Good Visuals,0.21419547667649122,0.002595065970276364,0.0,5.471228461112736,1.0000105788375862,-1.0900158307087868,0.1384557660743622,0.02653859352310738,-1.8510936162016969,0.00018685593998394204,29.967168925336807,1.0003288353497708,0.028403131957472447,-0.0002844439089544828
2124,8.6575004,1.0489777870336319,0.06456956091049226,-0.06135401432112042,0.11544085051957634,-1.7017191274507601,1.1100521431865593,-0.06359545194220032,0,0.0048877,1,Shared Control,0.01,Good Visuals,0.21503648538402026,0.0014970348263467295,0.0,5.473052377386708,1.000048993682131,-1.1026161906301686,0.1258554061529804,0.04082612134301431,-1.7798539682114611,0.000128397569793478,29.977151102300294,1.000228797665309,0.016388941144006627,-0.000164089253500446
2125,8.6630421,1.0489777870336319,0.056718860947821,-0.061074356152927445,0.12031431289002131,-1.7209248807630464,1.1096591930714628,-0.07826266669522228,0,0.0055417,1,Shared Control,0.01,Good Visuals,0.22041675942612582,0.000783983325789428,0.0,5.47423244168811,1.0000738532220943,-1.108228763946255,0.12024283283689412,0.04909294429154277,-1.6317043102847038,9.184909617489327e-05,29.983611058855992,1.0001640892535004,0.008584028541413167,-8.5932028047415e-05
2126,8.6665626,1.049291946298991,0.04720741959082944,-0.06036724677247185,0.12547008628605172,-1.745503723951676,1.1093670661370187,-0.08771192234532563,0,0.0035205,1,Shared Control,0.01,Good Visuals,0.21409547360173037,7.326390962581169e-05,0.0,5.475657980768088,1.0001038878666872,-1.1143400401903283,0.11413155659282079,0.04741155320008542,-1.7117461890295584,4.7881276857220076e-05,29.991415971458586,1.0000859320280475,0.0008023415904901492,-8.030421221636428e-06
2127,8.6702396,1.0494490259316704,0.04551153097787118,-0.0599180402053483,0.1332234533231968,-1.7390609595267192,1.1090262395513846,-0.09768939104510824,0,0.003677,1,Shared Control,0.01,Good Visuals,0.2051493054176831,-0.0005529060059444049,0.0,5.47707906771099,1.00013383245052,-1.1206421410010712,0.10782945578207791,0.0441445643559003,-1.8417501930980409,4.42274051189745e-06,29.99919765840951,1.0000080304212215,-0.006056314118088169,6.0603756288510986e-05
2128,8.6743796,1.0494490259316704,0.04466035573902902,-0.05957721361971413,0.14234974678413725,-1.7360448735296155,1.1085983277353286,-0.10905434117303167,0,0.0041400000000000005,1,Shared Control,0.01,Good Visuals,0.19500607875747836,-0.001197838641005368,0.0,5.478331344371549,1.000160224563068,-1.1295554470010396,0.09891614978210954,0.03438198232024044,-1.9513772795867441,-3.31290442939554e-05,30.006056314118087,0.9999393962437115,-0.013122879127628368,0.0001312945062849432
2129,8.678062,1.0494490259316704,0.03535525500258923,-0.05914930180365818,0.1444095961756209,-1.7573335271250712,1.1081779540571375,-0.11927877427118228,0,0.0036824,1,Shared Control,0.01,Good Visuals,0.1840841470823168,-0.0015276502608168258,0.0,5.479621363154688,1.00018741614906,-1.1365238972529779,0.09194769953017132,0.023651063468983994,-2.0355349219893153,-7.136388859712488e-05,30.01312287912763,0.9998687054937151,-0.01673955629388205,0.00016744499626566233
2130,8.681619000000001,1.0494490259316704,0.02197450090967032,-0.05872892812546704,0.1412532751808526,-1.779665764587298,1.107735962081627,-0.12925744589674382,0,0.0035570000000000003,1,Shared Control,0.01,Good Visuals,0.17971614385641005,-0.0018850798717337692,0.0,5.480281330616329,1.0002013326144363,-1.1439148415599323,0.08455675522321686,0.02474632882421659,-2.068322691821364,-9.035944632749157e-05,30.01673955629388,0.9998325550037344,-0.02065798252944358,0.00020662268071368732
2131,8.685233400000001,1.0494490259316704,0.01052172032663139,-0.0582869361499565,0.13977916622337522,-1.793374279272014,1.1072502958194752,-0.13949925656509787,0,0.0036144000000000003,1,Shared Control,0.01,Good Visuals,0.18060920346154044,-0.0023414259893671688,0.0,5.48099646184377,1.0002164099991997,-1.1508563461283718,0.07761525065477722,0.03305491668156813,-2.019758079736861,-0.00011070872029781716,30.020657982529443,0.9997933773192863,-0.025661212851117315,0.00025664255497608333
2132,8.688712500000001,1.0494490259316704,0.002955012093639379,-0.05780126988780476,0.14245426865873725,-1.7991404947212257,1.1067476745172622,-0.14945394337301027,0,0.0034791,1,Shared Control,0.01,Good Visuals,0.17971160446940224,-0.0028994690266472977,0.0,5.4819095380878755,1.0002356612539485,-1.1581818627975857,0.07028973398556325,0.038203632067387194,-2.000304917594333,-0.0001364745471420929,30.025661212851116,0.999743357445024,-0.03178084690449989,0.0003178093787512368
2133,8.6925626,1.0494490259316704,-0.0009658617577551669,-0.05729864858559175,0.1484880816152551,-1.7976179091103706,1.1061508819827062,-0.16057906523267584,0,0.0038501000000000004,1,Shared Control,0.01,Good Visuals,0.1744346846798852,-0.0034680129770216263,0.0,5.483026224296561,1.000259207773848,-1.1661564126980004,0.06231518408514849,0.03672801523437464,-2.0362459210006283,-0.00016759299174057103,30.0317808469045,0.9996821906212487,-0.03801838508441193,0.00038012720246331577
2134,8.696188600000001,1.0494490259316704,-0.002323794871910973,-0.056701856051035726,0.15825527036076487,-1.7894320001617117,1.105549469046786,-0.1711600833381695,0,0.0036260000000000003,1,Shared Control,0.01,Good Visuals,0.16570506125203793,-0.003866942990670597,0.0,5.48416417425055,1.000283207502742,-1.1733939700462066,0.0550776267369422,0.02970605190622484,-2.108231094729476,-0.00019871245686063404,30.038018385084413,0.9996198727975367,-0.04239894717851683,0.0004238537257121617
2135,8.699576,1.049291946298991,-0.005245119189761651,-0.05625752274779505,0.16591496414840787,-1.7869789561852345,1.1049528120840453,-0.1811344512602913,0,0.0033874,1,Shared Control,0.01,Good Visuals,0.15270482527440618,-0.004097849931944313,0.0,5.484962992178877,1.0003000619979707,-1.1813913813284516,0.04708021545469734,0.016867737175053424,-2.255078750914973,-0.00021926284481456579,30.042398947178516,0.9995761462742878,-0.04493631807436984,0.0004491633223593808
2136,8.703138000000001,1.0489777870336319,-0.01717477878182765,-0.05597502505041341,0.16395967247846363,-1.8145142172566888,1.1042887947633104,-0.19171519911297924,0,0.003562,1,Shared Control,0.01,Good Visuals,0.1426300827188806,-0.00420320307091931,0.0,5.485425527643649,1.0003098245882982,-1.1894565275424032,0.03901506924074563,0.008019628703504155,-2.3456784498012704,-0.0002305348857634076,30.04493631807437,0.9995508366776407,-0.046095047930126545,0.00046071102828050683
2137,8.707484200000001,1.0485065481355933,-0.04721093986183492,-0.055782246627717136,0.14450425925114432,-1.8930465461430521,1.1034272823359255,-0.20475178371692213,0,0.004346200000000001,1,Shared Control,0.01,Good Visuals,0.14445525744644416,-0.004730374046935476,0.0,5.48610719031918,1.0003242057132746,-1.205181275623508,0.023290321159640567,0.026039918691333173,-2.218238618636599,-0.00024548689790433725,30.048674114211853,0.9995135200089246,-0.05188030170496,0.0005184939805533615
2138,8.713357,1.048349468502914,-0.06527182899626345,-0.05507781383301147,0.13947995472065866,-1.9718129704734348,1.1021725731907372,-0.22258442657287478,0,0.0058728,1,Shared Control,0.01,Good Visuals,0.16150711240116084,-0.00533315999481139,0.0,5.48669194616175,1.0003365413521437,-1.210900917624918,0.01757067915823081,0.0522323778037566,-1.889916072366428,-0.00026387089172750714,30.05188030170496,0.9994815060194466,-0.05849436938671714,0.0005845650528268722
2139,8.716573200000001,1.048349468502914,-0.07278849963600267,-0.05382310468782325,0.1497959269368721,-2.0066014578826783,1.1014408450901094,-0.23245418748550337,0,0.0032162000000000002,1,Shared Control,0.01,Good Visuals,0.16273100761524056,-0.006229310883235824,0.0,5.487898509535326,1.000361988264548,-1.2176645829098336,0.010807013873315046,0.06611715390895188,-1.8816183399865807,-0.0002937387933358862,30.058494369386718,0.9994154349471731,-0.06833284750900412,0.0006827917124324976
2140,8.720308000000001,1.0478782296048754,-0.06902178882349926,-0.053562615485234,0.1634323986620041,-2.008244432558687,1.10055113341675,-0.2440059983468712,0,0.0037348000000000004,1,Shared Control,0.01,Good Visuals,0.145616488063851,-0.006914066225423256,0.0,5.489692783162691,1.0003998397864011,-1.2250084806516774,0.003463116131471094,0.054339620172827445,-2.141452656979049,-0.0003352808518013985,30.068332847509005,0.9993172082875675,-0.07586439460826037,0.0007578474098367972
2141,8.724519500000001,1.047721149972196,-0.06969804447198054,-0.05282998344455403,0.17430795387489068,-2.0429366336176877,1.0994958725521795,-0.2571471458365722,0,0.0042115,1,Shared Control,0.01,Good Visuals,0.13061332585447868,-0.00754200125831,0.0,5.4910650669656444,1.0004288150352836,-1.2355157576290017,-0.007044160845853103,0.03769636442012431,-2.297074237533163,-0.0003703354706717891,30.07586439460826,0.9992421525901632,-0.0827703575060536,0.0008266750609907853
2142,8.7280572,1.0474069907068368,-0.07129252167809691,-0.05208888184534266,0.1858546241584753,-2.0782793314721912,1.098566498378455,-0.2682783201083316,0,0.0035377000000000004,1,Shared Control,0.01,Good Visuals,0.11577202473886858,-0.007847583664413736,0.0,5.492323422544762,1.0004553829567284,-1.2437956002607407,-0.01532400347759216,0.025055339653536728,-2.429959098356241,-0.00039844380161532296,30.082770357506053,0.9991733249390092,-0.08614135057150846,0.0008601697987336589
2143,8.7315383,1.0469357518087985,-0.0763109866933606,-0.051630746569656605,0.19196733341497096,-2.123773011992574,1.0976134124974781,-0.27931237121012287,0,0.0034811000000000004,1,Shared Control,0.01,Good Visuals,0.10017926287261134,-0.00800120356432638,0.0,5.492936729260939,1.00046835123809,-1.2531815285705645,-0.02470993178741597,0.01215499783932103,-2.610610605463747,-0.00040877185826708825,30.08614135057151,0.9991398302012663,-0.08783619061508602,0.0008770080006617954
2144,8.735229700000001,1.046778672176119,-0.08479093632667184,-0.05083474032135915,0.19452143488345103,-2.1703300786967725,1.0965606309096079,-0.291099195592632,0,0.0036914,1,Shared Control,0.01,Good Visuals,0.09156185056479052,-0.008100982772510293,0.0,5.493245064130008,1.00047487126966,-1.2623043596819299,-0.03383276289878123,0.008386832518199917,-2.6660133584749004,-0.0004131081134819684,30.087836190615086,0.9991229919993382,-0.08893574133750828,0.000887944750761136
2145,8.738688900000001,1.0463074332780806,-0.08913662879394058,-0.05025319763152725,0.2019625667986914,-2.189326948264293,1.095534441572656,-0.30222363587610135,0,0.0034592000000000004,1,Shared Control,0.01,Good Visuals,0.08464323073268556,-0.008200379967748278,0.0,5.493445216934976,1.0004791012179262,-1.272225618719304,-0.04375402193615533,0.0079441238676072,-2.7119861786551396,-0.00041181135558836484,30.088935741337508,0.9991120552492389,-0.09002942999013691,0.0008988396286087282
2146,8.742521900000002,1.045836194380042,-0.0954587068760687,-0.049698247192613954,0.20676492900003265,-2.2156551225056367,1.094352255863938,-0.3146377333992927,0,0.003833,1,Shared Control,0.01,Good Visuals,0.07401302335804913,-0.008205660139351732,0.0,5.493644452804673,1.0004833086098244,-1.2831826655943717,-0.054711068811223104,0.0003992644401711214,-2.79352596055064,-0.00041209531517287127,30.090029429990135,0.9991011603713913,-0.09009062575397757,0.0008994183856299522
2147,8.746170200000002,1.0456791147473625,-0.10030225932540282,-0.0486731411165755,0.21433547407388986,-2.2281197671287716,1.0931826808475036,-0.3265373747408228,0,0.0036483,1,Shared Control,0.01,Good Visuals,0.0661601310859074,-0.00817081570285369,0.0,5.493655318883133,1.0004835440101754,-1.2928455087719544,-0.06437391198880574,-0.003055732776227746,-2.8204445935734466,-0.00040780692598408144,30.090090625753977,0.9991005816143701,-0.08970852806194199,0.0008955991040254218
2148,8.749626500000002,1.0452078758493242,-0.098475570900876,-0.04797480499817941,0.2280618038399468,-2.2111254469157138,1.0920344806314906,-0.337884492672318,0,0.0034563000000000003,1,Shared Control,0.01,Good Visuals,0.05295126720281951,-0.008016869184040046,0.0,5.493585594030118,1.0004820740848022,-1.303345210670432,-0.07487361388728345,-0.013332922846468935,-2.95549791659002,-0.0003976992657425287,30.08970852806194,0.9991044008959746,-0.08801844392581877,0.0008787251015596486
2149,8.753123400000002,1.0447366369512856,-0.10139423647721979,-0.047297843680204954,0.23649025619509823,-2.2141506138991778,1.0908327552665855,-0.34943631472682546,0,0.0034969000000000003,1,Shared Control,0.01,Good Visuals,0.03536864669208184,-0.007659932990597693,0.0,5.493277365652488,1.0004755723415144,-1.314076240509024,-0.08560464372587546,-0.03262764188460924,-3.1244809546053336,-0.0003846077358002349,30.08801844392582,0.9991212748984404,-0.08409759846590971,0.0008396015003591503
2150,8.757471800000001,1.0441083184205677,-0.11332264763555519,-0.04672443684601779,0.23611366709127027,-2.2389441519055677,1.0892818608532395,-0.36389879387090107,0,0.0043484000000000005,1,Shared Control,0.01,Good Visuals,0.023187205675588435,-0.007120207442750739,0.0,5.49256250943071,1.0004604887570143,-1.3269061186783038,-0.09843452189515528,-0.04323719582256126,-3.21583070214553,-0.0003622983131901345,30.08409759846591,0.9991603984996409,-0.07816567156481662,0.0007804424476219138
2151,8.760620600000001,1.0436370795225292,-0.12702813015520215,-0.04564478133071037,0.23687066371569893,-2.257132430355197,1.0881194385707682,-0.3744374789187648,0,0.0031488,1,Shared Control,0.01,Good Visuals,0.020369363708632432,-0.0066858225003761295,0.0,5.491481279520238,1.0004376681680596,-1.3382263579046287,-0.10975476112148032,-0.03914433193011704,-3.153797076482153,-0.00033268768298935276,30.07816567156482,0.9992195575523781,-0.07338543797551488,0.0007328297270147212
2152,8.764168600000001,1.0431658406244908,-0.13603355067642559,-0.0449535979462774,0.2384039282423392,-2.2580197868383123,1.0867697738108024,-0.38637694487388086,0,0.0035480000000000004,1,Shared Control,0.01,Good Visuals,0.01364773840268152,-0.006287495591472341,0.0,5.490610524590842,1.0004192779599956,-1.3491555600137755,-0.1206839632306271,-0.03854302249378255,-3.1931522216807746,-0.0003051729060456117,30.073385437975514,0.9992671702729853,-0.06900484633490034,0.0006891693097813653
2153,8.767547800000001,1.0425375220937727,-0.14236219476631576,-0.044232251717029714,0.2440147501075651,-2.257136217601606,1.0854448274762207,-0.397810547901129,0,0.0033792,1,Shared Control,0.01,Good Visuals,0.008286947400437311,-0.005866845620720588,0.0,5.489812308969794,1.0004024249763155,-1.360527899984404,-0.13205630320125564,-0.0396930476412464,-3.1891026277701977,-0.00028264554890803924,30.0690048463349,0.9993108306902186,-0.06438134272937747,0.0006430620726811557
2154,8.7711661,1.0420662831957344,-0.14877189993095638,-0.043378544280486375,0.24903864797017264,-2.2589477333166887,1.0839831826122395,-0.41011858215977176,0,0.0036183,1,Shared Control,0.01,Good Visuals,-0.0013191224564526316,-0.00539679074707482,0.0,5.488969595214864,1.000384637205385,-1.3717908428327694,-0.1433192460496211,-0.04639423736115296,-3.2425342877113743,-0.0002595037922806665,30.064381342729376,0.9993569379273188,-0.05921651529449349,0.0005915395883919919
2155,8.774892900000001,1.041280885032337,-0.1531890537586798,-0.042702297579902515,0.25692952840109196,-2.2482022220705886,1.0824310234457124,-0.4228644005200848,0,0.0037268,1,Shared Control,0.01,Good Visuals,-0.011066820694363655,-0.004712347893968927,0.0,5.488028060552189,1.000364766521768,-1.3867058008347573,-0.1582342040516089,-0.05307156380493483,-3.3007918386198822,-0.00023410492639450422,30.059216515294494,0.999408460411608,-0.05170078872369717,0.0005165181427627442
2156,8.7790396,1.0404954868689393,-0.16161997485619484,-0.04193553657677307,0.26124442566388995,-2.249464332983072,1.0806479915473126,-0.43712560330123756,0,0.0041467000000000006,1,Shared Control,0.01,Good Visuals,-0.022722935719739018,-0.004101226546374544,0.0,5.486657531398314,1.0003358506278675,-1.398218920336654,-0.1697473235535056,-0.06321364072689456,-3.3336574883879706,-0.00020122808206828803,30.051700788723696,0.9994834818572372,-0.044987230978088495,0.00044953343141193206
2157,8.7826462,1.0398671683382215,-0.17573834465423993,-0.040780823209091155,0.26138725864699763,-2.265726881327617,1.0790489864140742,-0.449594934024787,0,0.0036066,1,Shared Control,0.01,Good Visuals,-0.03129081745756476,-0.0034353736296632697,0.0,5.485433550994261,1.0003100204364057,-1.410307067903269,-0.18183547112012072,-0.06780889662332336,-3.377237886350711,-0.0001719871358451224,30.044987230978087,0.999550466568588,-0.03767722574473628,0.00037654961959849735
2158,8.786304600000001,1.0392388498075036,-0.18551324434393884,-0.03981013660657062,0.26408168968084816,-2.2613670866759468,1.0773809599127382,-0.46230351654060775,0,0.0036584,1,Shared Control,0.01,Good Visuals,-0.03781481387368915,-0.0028213831267457023,0.0,5.48410039053561,1.0002818948192556,-1.422004890904985,-0.19353329412183676,-0.06701514090794371,-3.406372266886822,-0.0001400973646484716,30.037677225744737,0.9996234503804015,-0.03093753641172549,0.00030925042153911135
2159,8.7908407,1.0376680534807086,-0.1986622684942369,-0.03971290643202963,0.26364124804637085,-2.2518005824446825,1.0752480157495503,-0.4781419405901633,0,0.0045361,1,Shared Control,0.01,Good Visuals,-0.05839428263825561,-0.0014616907509005083,0.0,5.481529718381506,1.0002276709513411,-1.4462869824002935,-0.2178153856171453,-0.08176109293928062,-3.5311586893505855,-8.373986654569381e-05,30.023584598637033,0.9997642108079153,-0.016022466040437767,0.00016021520671571834
2160,8.7964186,1.0370397349499907,-0.20869630904156752,-0.038208280799559624,0.2694456315485958,-2.2575822740292324,1.0725264025371664,-0.49773482741968633,0,0.0055779,1,Shared Control,0.01,Good Visuals,-0.04606091956905506,-0.0009429284116120952,0.0,5.4801499098942665,1.0001985733575407,-1.4560157309502741,-0.22754413416712596,-0.06552475338040624,-3.1893353494560217,-5.804798802307501e-05,30.016022466040436,0.9998397847932843,-0.01033388898587611,0.00010335392099285344
2161,8.7998352,1.0362543367865933,-0.21361342877163858,-0.03627206575057307,0.28412139864804775,-2.2395924989098552,1.070805249623086,-0.5097964110503381,0,0.0034166,1,Shared Control,0.01,Good Visuals,-0.060145794135636144,-0.00020549496613305428,0.0,5.479111854074627,1.0001766843999134,-1.4693544302225945,-0.24088283343944636,-0.07477511970065673,-3.3680181982427024,-3.6027673524757673e-05,30.010333888985876,0.9998966460790072,-0.0022518175816034574,2.2524202508474243e-05
2162,8.803606,1.0351547793578368,-0.21941573759613972,-0.035650470265249146,0.2903806734541984,-2.230658259292402,1.068857731736476,-0.523159035845375,0,0.0037708000000000004,1,Shared Control,0.01,Good Visuals,-0.08547756637021886,0.0006229570754003131,0.0,5.477636631896088,1.000145584923383,-1.482484951939338,-0.25401335515618984,-0.09882258680862795,-3.67534056898155,-7.45372692298993e-06,30.0022518175816,0.9999774757974915,0.006825053068141009,-6.82820196739919e-05
2163,8.808076100000001,1.0340552219290804,-0.23422150646867343,-0.03480250980739563,0.2889375293767016,-2.2573438696271753,1.066483633266681,-0.539065151696426,0,0.0044701,1,Shared Control,0.01,Good Visuals,-0.09519155885109667,0.0017077460747412124,0.0,5.47597957871332,1.000110656609983,-1.4989255946759201,-0.2704539978927721,-0.10634091856610382,-3.7048500848616976,2.2208712693085433e-05,29.99317494693186,1.000068282019674,0.01870608165847721,-0.00018718521015068204
2164,8.811565700000001,1.032955664500324,-0.2519531631316777,-0.033527968766357,0.2871119885647483,-2.2918773363871106,1.0645807761618777,-0.5515289817604082,0,0.0034896000000000003,1,Shared Control,0.01,Good Visuals,-0.09845395856683592,0.0025276103093828193,0.0,5.473810205200573,1.0000649363220142,-1.511947494267762,-0.2834758974846138,-0.10152431033699796,-3.6216207564361325,5.9433849514722434e-05,29.98129391834152,1.0001871852101507,0.02767770702641581,-0.00027705012702930714
2165,8.8151547,1.032327345969606,-0.26169368089843315,-0.03225343019227167,0.28983530086197506,-2.2988639793284253,1.0625782748072234,-0.5643881172265603,0,0.003589,1,Shared Control,0.01,Good Visuals,-0.10364992986023949,0.0032439111413396105,0.0,5.472171347787533,1.0000304108801201,-1.5243470215227481,-0.2958754247395999,-0.0970068408657767,-3.637184962302682,8.474563950650911e-05,29.972322292973583,1.0002770501270293,0.03551299816430765,-0.00035556351010428134
2166,8.818596300000001,1.0309136292754906,-0.26738598598912355,-0.03166464553173287,0.2970021312374368,-2.3009569496272,1.0606146049545064,-0.5767553801870833,0,0.0034416000000000004,1,Shared Control,0.01,Good Visuals,-0.11338525172627217,0.004000069010696296,0.0,5.470739786751367,1.000000257651036,-1.5375218324887003,-0.309050235705552,-0.10208468486103126,-3.7009975183864596,0.00010462726154712945,29.964487001835693,1.0003555635101042,0.04378267392522514,-0.0004384456035115649
2167,8.822407,1.0298140718467341,-0.2846868269839643,-0.03080053310777231,0.292068553203119,-2.3507671251279856,1.0583906105669936,-0.5904878820805075,0,0.0038107,1,Shared Control,0.01,Good Visuals,-0.12381156686876627,0.004785945756206134,0.0,5.469228715411423,0.9999684320002888,-1.5506869816550257,-0.32221538487187734,-0.10979565090856866,-3.742970223275056,0.0001266607673261676,29.956217326074775,1.0004384456035116,0.052373769197269396,-0.000524585168366419
2168,8.826057400000002,1.0285574347852982,-0.3057140203493057,-0.02983317578169542,0.2847738617312018,-2.4008672338914554,1.056211028310436,-0.603678524334739,0,0.0036504000000000003,1,Shared Control,0.01,Good Visuals,-0.12364287714470507,0.005555327391342502,0.0,5.467658584440468,0.999935368576477,-1.564955445246547,-0.33648384846339857,-0.0993971841132011,-3.6587680372124813,0.0001474096807160294,29.94762623080273,1.0005245851683664,0.0607801286637272,-0.000608916712258798
2169,8.829560800000001,1.0276149569892212,-0.3142054136779123,-0.028596071321214778,0.2894731106568267,-2.4039760499292284,1.0540738802139829,-0.6163685785658751,0,0.0035034000000000003,1,Shared Control,0.01,Good Visuals,-0.12167447013285881,0.006147960068686783,0.0,5.466121813394537,0.9999030153434162,-1.5776764832971095,-0.3492048865139611,-0.08567734741616868,-3.5495948575708733,0.00016573305859078833,29.939219871336274,1.0006089167122587,0.06724879469166097,-0.0006738748895262592
2170,8.833178,1.0260441606624264,-0.32109349772881546,-0.02802971955155642,0.29527508083705967,-2.422851287116798,1.0518206110551918,-0.6294998748344277,0,0.0036172,1,Shared Control,0.01,Good Visuals,-0.13316205321708033,0.006737792730478281,0.0,5.464938678134126,0.9998781191328009,-1.590124313055401,-0.36165271627225254,-0.0933421728550549,-3.635570477610758,0.00017580750460414774,29.93275120530834,1.0006738748895263,0.07368864604696229,-0.0007385261584614892
2171,8.836601100000001,1.0251016828663495,-0.3347089206392377,-0.02671892818884225,0.29479095419519,-2.4718170628417546,1.0496444650890975,-0.6419514823397836,0,0.0034231,1,Shared Control,0.01,Good Visuals,-0.1420840860478216,0.00737111135642043,0.0,5.463760973543397,0.999853333359676,-1.603242476697593,-0.3747708799144445,-0.09819506427055905,-3.668082555208446,0.0001888584406318218,29.92631135395304,1.0007385261584616,0.08060231440433371,-0.0008079439026113547
2172,8.841141700000001,1.0230596476415161,-0.3474313289314565,-0.026584817447581344,0.2945201534083271,-2.499440821100927,1.046692059900632,-0.6585017372035779,0,0.0045406000000000005,1,Shared Control,0.01,Good Visuals,-0.1487878213076911,0.008110411627969355,0.0,5.462496530449753,0.9998267234530603,-1.6196958011631417,-0.39122420437999317,-0.09648144260700794,-3.692480635909388,0.00019694819500415707,29.919397685595666,1.0008079439026114,0.08867196953337897,-0.0008889782429861744
2173,8.8445564,1.0218030105800802,-0.36224835085945273,-0.024889049320551804,0.2962533863441251,-2.518045688980476,1.0444221902591657,-0.6709707088261267,0,0.0034147,1,Shared Control,0.01,Good Visuals,-0.14927973701910519,0.008661221256090486,0.0,5.461020580517259,0.9997956636312,-1.632396164578534,-0.4039245677953856,-0.09001555712377815,-3.551853739237749,0.0002156138125543063,29.91132803046662,1.0008889782429862,0.09467323181749432,-0.0009493522163290773
2174,8.848188400000002,1.0202322142532854,-0.3796913816239409,-0.024189976005880354,0.29127932720218586,-2.5389796295860276,1.0419611116982825,-0.6842517468955167,0,0.0036320000000000002,1,Shared Control,0.01,Good Visuals,-0.16029374139689256,0.009179016860416448,0.0,5.459921939393123,0.9997725645868702,-1.6450416773476986,-0.41657008056455014,-0.09385207694775488,-3.6689818282262325,0.00021556956301904773,29.905326768182505,1.000949352216329,0.1003176854270181,-0.0010061075387065813
2175,8.851599400000001,1.019132656824529,-0.390600582815659,-0.022828454873753623,0.2936511640798577,-2.5387911173693363,1.0396058344382604,-0.6967398154440272,0,0.0034110000000000004,1,Shared Control,0.01,Good Visuals,-0.15915636049585194,0.009644661435859705,0.0,5.45888888404603,0.9997508385397942,-1.657712469638486,-0.4292408728553375,-0.08437021076125495,-3.581545675500988,0.0002220401976110451,29.89968231457298,1.0010061075387067,0.10539128969941629,-0.0010571466123716045
2176,8.855266,1.0174047808650544,-0.39482889349157246,-0.02220105357320601,0.3019109219524547,-2.524952676086124,1.0370265369292984,-0.7101774847124023,0,0.0036666000000000003,1,Shared Control,0.01,Good Visuals,-0.16897546715094583,0.010118658938168679,0.0,5.457960091085556,0.9997313094703225,-1.670844530786164,-0.4423729340030155,-0.08972949522977965,-3.655410201162979,0.0002201727183611551,29.894608710300584,1.0010571466123717,0.11055686057836857,-0.0011091012462559476
2177,8.8590423,1.0155198252729005,-0.40916899230717596,-0.021506711656397837,0.3010084924052263,-2.5565840078980817,1.0343185427352033,-0.724029335918505,0,0.0037763000000000002,1,Shared Control,0.01,Good Visuals,-0.1806723259663554,0.01066440789720954,0.0,5.457014550220023,0.9997114261175566,-1.6850399268235106,-0.4565683300403622,-0.10032338860070505,-3.7149052751352136,0.00022464488917528266,29.88944313942163,1.0011091012462559,0.11650538772490565,-0.0011689205221415973
2178,8.862601900000001,1.0142631882114646,-0.4272517268610544,-0.020055354523738744,0.29677760905745065,-2.588916595904052,1.0317180358826201,-0.7370949127900156,0,0.0035596000000000004,1,Shared Control,0.01,Good Visuals,-0.1835757141950595,0.011138879913228848,0.0,5.455925785438202,0.9996885286415266,-1.6982113846216533,-0.4697397878385049,-0.09562223015067392,-3.6627062089882725,0.00022935634563149755,29.883494612275094,1.0011689205221417,0.12166987892469117,-0.0012209271672411332
2179,8.866187,1.0123782326193107,-0.43693321302126625,-0.01933980326330942,0.30016169976874935,-2.591355023025608,1.0290518793692163,-0.7502598989810096,0,0.0035851000000000004,1,Shared Control,0.01,Good Visuals,-0.1872777162370532,0.011538440115725697,0.0,5.4549798706922665,0.9996686488777984,-1.7107786336448347,-0.4823070368616863,-0.09034285517807068,-3.6648826290226033,0.0002233941856571568,29.878330121075308,1.0012209271672412,0.12601705274124786,-0.0012647227651806897
2180,8.8696356,1.010807436292516,-0.45063582902290905,-0.018244443076700367,0.2996240699581006,-2.627872359487682,1.0264426922194063,-0.7629267106101053,0,0.0034486,1,Shared Control,0.01,Good Visuals,-0.1945743825703125,0.011950447324911111,0.0,5.45418347769706,0.9996519150249235,-1.7238581538240851,-0.4953865570409367,-0.09355057671822065,-3.6869683380550824,0.00022315116180361214,29.873982947258753,1.0012647227651807,0.13050267789250392,-0.0013098826734221152
2181,8.8742593,1.0068804454755287,-0.47702702073361547,-0.01956224674387763,0.28589968987648984,-2.6921338298807385,1.0228758838646435,-0.7799102834329825,0,0.0046237000000000006,1,Shared Control,0.01,Good Visuals,-0.20420054633658835,0.012721830804090868,0.0,5.452500607791448,0.9996165431449996,-1.7510735721069142,-0.5226019753237657,-0.08925626912245146,-3.6482601299321034,0.0002169441060051432,29.864794109588328,1.0013572402988329,0.1388934253620588,-0.0013944336384588275
2182,8.8804396,1.0053096491487337,-0.49659787698125146,-0.01756623471590979,0.28331240645173106,-2.7535657362543464,1.0179856715067148,-0.8026034021442038,0,0.0061803000000000006,1,Shared Control,0.01,Good Visuals,-0.17913606196752052,0.01297976161625425,0.0,5.451824666355302,0.9996023480073809,-1.762271033143511,-0.5337994363603625,-0.05663915435342506,-3.1115294513565366,0.0002488675932234887,29.86110657463794,1.0013944336384588,0.14169524329742816,-0.001422705308347722
2183,8.8841877,1.003110534291221,-0.5137104647689386,-0.014875137215493828,0.2888929373752652,-2.806476335767375,1.014951657446731,-0.8163561112337574,0,0.0037481000000000003,1,Shared Control,0.01,Good Visuals,-0.18743768293873414,0.01319013928935025,0.0,5.4513109728628475,0.9995915623472942,-1.7733463762721062,-0.5448747794889578,-0.05406327231360572,-3.238783228621847,0.00022800553910767878,29.858304756702573,1.0014227053083478,0.1439810818577212,-0.001445764701973003
2184,8.8876152,0.9996547823722721,-0.5781458909014504,-0.015296875074458871,0.238210220332307,-3.0754545624398273,1.0121320576834445,-0.828922824562327,0,0.0034275000000000004,1,Shared Control,0.01,Good Visuals,-0.19529016270057215,0.01347219138550873,0.0,5.450561664573003,0.9995758287041189,-1.7962817597914749,-0.5678101630083263,-0.03315766233960166,-3.43147434298595,0.00018332521187406134,29.85421762751195,1.0014639422504201,0.14704351974801685,-0.0014766802939768472
2185,8.893761900000001,0.9974556675147593,-0.5802656212452098,-0.01467639016868516,0.24865720331711727,-3.12973167345259,1.0069677270051685,-0.8514285812004982,0,0.006146700000000001,1,Shared Control,0.01,Good Visuals,-0.15473499975690697,0.013378829729816884,0.0,5.450330328855566,0.999570973822116,-1.8056899999645772,-0.5772184031814286,0.026714831962707276,-2.727263290460703,0.00020608242860332802,29.852956480251983,1.0014766802939767,0.1460170759669704,-0.0014664469686604107
2186,8.897408700000002,0.9954136322899259,-0.5762097777321085,-0.011554094715242602,0.2752188034683898,-3.20550772856597,1.0038384268277647,-0.8647578111282956,0,0.0036468000000000004,1,Shared Control,0.01,Good Visuals,-0.1685575855768351,0.013320622587851468,0.0,5.450517391568488,0.9995749253228584,-1.8159165221964564,-0.5874449254133078,0.016848125094751195,-2.8633689575470327,0.00019635292511519726,29.85398292403303,1.0014664469686605,0.14538600914933691,-0.0014600669123615152
2187,8.901187400000001,0.9932145174324131,-0.5824114293361288,-0.010623909395351627,0.28234638179216687,-3.3115967806622537,1.000544706182685,-0.8785470701606864,0,0.0037787000000000003,1,Shared Control,0.01,Good Visuals,-0.21212535121288784,0.013382163817043265,0.0,5.450633204983982,0.9995773546516271,-1.8278947780091954,-0.5994231812260469,-0.023847037536039634,-3.4892527637679667,0.00015390773504603587,29.854613990850662,1.0014600669123614,0.1460616152198486,-0.001466812416326994
2188,8.9047952,0.9911724822075797,-0.5914504817510762,-0.009372223975105398,0.2870965884096103,-3.3986755213113824,0.9973513702544812,-0.8916887958152242,0,0.0036078000000000004,1,Shared Control,0.01,Good Visuals,-0.22432059077155053,0.013450387495182351,0.0,5.450509989866864,0.99957475378629,-1.8406922506757684,-0.6122206538926198,-0.027784386020995117,-3.58935117141777,0.00014217089590602054,29.85393838478015,1.001466812416327,0.14680385574391408,-0.0014742903802459873
2189,8.908702700000001,0.9880308895539899,-0.6038449051894265,-0.009320480700491296,0.28784389062579774,-3.4773268021030495,0.9938393350582216,-0.9058925797689306,0,0.0039075,1,Shared Control,0.01,Good Visuals,-0.23589155536417347,0.013534151638562633,0.0,5.450374010962365,0.9995718964572697,-1.8570501903310512,-0.6285785935479027,-0.03115511661490405,-3.687293387571366,0.00012606004415680587,29.853196144256085,1.001474290380246,0.14771554996306657,-0.0014834717269424545
2190,8.912652300000001,0.986145933961836,-0.6157735441128666,-0.00769340109638561,0.290119035656064,-3.528052391893172,0.9902331265889354,-0.9202145338565643,0,0.0039496,1,Shared Control,0.01,Good Visuals,-0.2369211040281055,0.013583977633494247,0.0,5.450207022986882,0.9995683867877453,-1.8697980262107594,-0.6413264294276109,-0.02313646285598663,-3.566227236532241,0.00012614479914474568,29.852284450036933,1.0014834717269425,0.14825550504468143,-0.0014889331298232396
2191,8.9162064,0.9836326598389642,-0.6229518887759129,-0.006600466749971168,0.29726264508065137,-3.5513101385873527,0.9869397388206417,-0.9330693219144452,0,0.0035541,1,Shared Control,0.01,Good Visuals,-0.24806334725230872,0.013630096621570413,0.0,5.450107907841352,0.9995663081884159,-1.8823978595650672,-0.6539262627819188,-0.027106458328307787,-3.6783538723383753,0.00010450698841880226,29.85174449495532,1.0014889331298233,0.1487567742976386,-0.0014939882094996968
2192,8.9196354,0.9815906246141307,-0.6309435124378868,-0.005349114206510963,0.3021258094765584,-3.5823546707166485,0.983719026263168,-0.945439365696626,0,0.003429,1,Shared Control,0.01,Good Visuals,-0.26116050148233766,0.013684917371210375,0.0,5.450016030758595,0.9995643784961726,-1.8959503230148003,-0.6674787262316518,-0.03614864543408996,-3.793551700415141,8.996499954956986e-05,29.851243225702362,1.0014939882094998,0.14935331506886348,-0.0014999970849957386
2193,8.9241577,0.9760928374703487,-0.6509652715752896,-0.007626188792819288,0.2944740941213364,-3.634672206146647,0.9794066727467491,-0.961700838258291,0,0.0045223,1,Shared Control,0.01,Good Visuals,-0.2835752122948134,0.01379748121867975,0.0,5.44978863517852,0.9995596002716681,-1.924621340543507,-0.6961497437603588,-0.05149186355153225,-3.891248207299742,6.59549973273859e-05,29.850002009245657,1.0015064937296805,0.15057708316727977,-0.0015123351531403937
2194,8.9304368,0.9715375281226435,-0.7253139755706495,-0.007869144624105595,0.23638686268764153,-3.8269852548457535,0.9732974429315543,-0.9841704845185846,0,0.0062791,1,Shared Control,0.01,Good Visuals,-0.24325475122476284,0.013799355376245045,0.0,5.449645089220174,0.9995565892162886,-1.9440876823355369,-0.7156160855523885,0.015916159148916503,-3.213027411688304,7.61687629791355e-05,29.849219837077236,1.0015144016490258,0.15059360072991554,-0.0015125405786324527
2195,8.9364615,0.9693384132651306,-0.7417530757853654,-0.003959029666423697,0.24241740873321915,-3.850911605340263,0.9673034955423212,-1.005598033958142,0,0.0060247,1,Shared Control,0.01,Good Visuals,-0.193397902995411,0.013643014337849563,0.0,5.449679099004157,0.9995573074323524,-1.9528746473814917,-0.7244030505983433,0.08320381404491853,-2.4394683636743,0.00010858912317510133,29.849406399270084,1.0015125405786325,0.14888623200900836,-0.0014954041140490578
2196,8.941027600000002,0.9657255817135023,-0.739341460680807,-0.0015779138288188888,0.2662565732773351,-3.829184577066663,0.9626749407261871,-1.0217437149742914,0,0.0045661,1,Shared Control,0.01,Good Visuals,-0.22073500848020403,0.013570193939539238,0.0,5.4499912980801355,0.9995638802398006,-1.965870545184172,-0.7373989484010236,0.06288084483620525,-2.937324338369104,5.401309850299027e-05,29.85111376799099,1.0014954041140491,0.148099027931054,-0.0014874223058853118
2197,8.944536600000001,0.9635264668559895,-0.7318032321363678,0.0008515261298024379,0.2899404828379236,-3.782008065509187,0.9590679609732213,-1.034092272790005,0,0.0035090000000000004,1,Shared Control,0.01,Good Visuals,-0.2575414154582662,0.013561201238022973,0.0,5.450135976988078,0.9995669106282834,-1.978027485686448,-0.7495558889032995,0.024450436040169915,-3.4092208144580294,2.141259667695324e-05,29.851900972068947,1.0014874223058854,0.1480046876960667,-0.0014864366202801498
2198,8.9481689,0.9602277945697202,-0.734549496619961,0.0011598335964988493,0.299542776170044,-3.758555212446017,0.9552886987155528,-1.0468174468074933,0,0.0036323,1,Shared Control,0.01,Good Visuals,-0.2944559661707963,0.013557935280058709,0.0,5.450153580710515,0.9995672737683589,-1.9912333689964277,-0.7627617722132793,-0.017359657062844966,-3.859563745025673,-1.1547717205685732e-05,29.851995312303934,1.0014864366202803,0.14796947663636503,-0.0014860786402285918
2199,8.951587900000002,0.9581857593448869,-0.7472276480183554,0.002897060629334147,0.29958979878913794,-3.7574088233338263,0.9516892332634489,-1.0587395409064393,0,0.003419,1,Shared Control,0.01,Good Visuals,-0.3057344754999549,0.013550218512846358,0.0,5.450160060825953,0.9995674093143287,-2.005344727009179,-0.7768731302260309,-0.028631950463305692,-3.900859160401252,-1.5724948836969126e-05,29.852030523363634,1.0014860786402286,0.14788532793010523,-0.0014852328091570451
2200,8.955328300000001,0.9550441666912971,-0.7526753618257264,0.0033549334278482057,0.30606417908071293,-3.7198122113820347,0.9477048310033515,-1.0717174432974144,0,0.0037404,1,Shared Control,0.01,Good Visuals,-0.3152497848279786,0.013528264861974594,0.0,5.450175459126145,0.9995677332563384,-2.0192314111939833,-0.790759814410835,-0.033760614896903185,-3.9739824246806483,-3.925580457244188e-05,29.852114672069895,1.001485232809157,0.1476458482607607,-0.0014828264802462154
2201,8.9589893,0.9517454944050279,-0.7685420004716097,0.004040663401676414,0.30317544282580466,-3.735960696639295,0.9437581261517539,-1.084351213506527,0,0.003661,1,Shared Control,0.01,Good Visuals,-0.3242172827089882,0.013492751508269667,0.0,5.450219273750084,0.9995686551666124,-2.0346932665805144,-0.8062216697973662,-0.04261794804062474,-3.9842954586881687,-4.538642800622286e-05,29.852354151739238,1.0014828264802462,0.14725896299584762,-0.0014789338789545276
2202,8.9626555,0.9490751406494764,-0.7934048281018785,0.005317014497722483,0.29094638540464846,-3.7758764981845663,0.9397595939256944,-1.0969318879669154,0,0.0036662,1,Shared Control,0.01,Good Visuals,-0.32506790895450205,0.013458525158983234,0.0,5.450290103926916,0.9995701445290406,-2.0486510710636474,-0.8201794742804992,-0.036941172179451726,-3.9023161717549044,-5.451966720737948e-05,29.85274103700415,1.0014789338789545,0.14688686487437047,-0.0014751823455862881
2203,8.966167500000001,0.9459335479958866,-0.809379602718928,0.006173954070192167,0.2875522852479875,-3.77793439691747,0.9358861082601719,-1.1089140090279488,0,0.0035120000000000004,1,Shared Control,0.01,Good Visuals,-0.3198013713524509,0.013433800135122114,0.0,5.4503582970839695,0.9995715769577213,-2.061689943735483,-0.8332183469523348,-0.020989296912401315,-3.7980986518600472,-7.155917338827663e-05,29.85311313512563,1.0014751823455863,0.14661851504173154,-0.0014724722478405645
2204,8.969709700000001,0.9432631942403353,-0.8215697584030844,0.0073770859801634,0.28734425062486435,-3.785871231449488,0.9319368140559129,-1.1209276840515852,0,0.0035422,1,Shared Control,0.01,Good Visuals,-0.3210799539556459,0.013410063740849939,0.0,5.450407518199832,0.999572609991844,-2.075187434036776,-0.8467158372536275,-0.01656075126126069,-3.758908962151277,-8.293966502238526e-05,29.85338148495827,1.0014724722478405,0.14636045427486857,-0.0014698705132994796
2205,8.9741785,0.9363516904024377,-0.8337191603960992,0.004414876346524821,0.287208523655486,-3.7694341332037054,0.9268939400582142,-1.1359774721625688,0,0.0044688,1,Shared Control,0.01,Good Visuals,-0.34226173225768086,0.013315569983004339,0.0,5.45052444540225,0.9995750674393397,-2.1033612960404575,-0.8748896992573092,-0.03421733489764333,-3.843363349505549,-0.00010737176420208811,29.854019849062936,1.0014660431834455,0.14533098379763146,-0.0014595130988209035
2206,8.980417600000001,0.9336813366468865,-0.8728572295328804,0.006787396588672223,0.26312024262968847,-3.8702027442639553,0.9197414364040439,-1.1567809132417874,0,0.0062391,1,Shared Control,0.01,Good Visuals,-0.3111511132397909,0.013317290212312252,0.0,5.450643280576395,0.9995775664770943,-2.112960074388189,-0.8844884776050408,0.001995168781397662,-3.178298184739459,-5.8786594958461765e-05,29.85466901620237,1.0014595130988209,0.1453529470410501,-0.001459701652312123
2207,8.9836361,0.9311680625240146,-0.8926259820416942,0.011426626119970695,0.26415493120009326,-3.8540829181757834,0.9160012080590887,-1.1674134792034294,0,0.0032185,1,Shared Control,0.01,Good Visuals,-0.30000472188362676,0.013367274880457563,0.0,5.450639554710373,0.9995774818969697,-2.1241252300844775,-0.8956536333013292,0.031604543158015724,-3.1368083655358907,-9.038973015740617e-05,29.85464705295895,1.0014597016523121,0.14589907844194647,-0.0014651804472860831
2208,8.9871621,0.9273981513397068,-0.8880983879382653,0.011396943280618133,0.2793150912651641,-3.775350345029843,0.9118644887439432,-1.1789814378800205,0,0.003526,1,Shared Control,0.01,Good Visuals,-0.32632404508651314,0.013395785898051842,0.0,5.450539716055213,0.9995753794923126,-2.136666433115817,-0.9081948363326684,0.010986291239793207,-3.6128260396218295,-0.00015274285230186454,29.854100921558054,1.001465180447286,0.1462079732100343,-0.0014683055259490825
2209,8.991365700000001,0.9226857623593221,-0.9048313978666658,0.010821273615378879,0.27415004001335475,-3.8226652105794403,0.9068797309281682,-1.1926590240513872,0,0.0042036,1,Shared Control,0.01,Good Visuals,-0.341315001907155,0.013361598892140971,0.0,5.450483007950664,0.9995741903845692,-2.154893170946014,-0.9264215741628657,-0.009314179410383903,-3.6745232808897423,-0.00015267101207940107,29.853792026789964,1.001468305525949,0.14583286776628804,-0.0014645583049889533
2210,8.995479300000001,0.9200154086037708,-0.9194135272159629,0.013135677675602642,0.2732454968354243,-3.8494591224705035,0.9019462902375085,-1.205920395370417,0,0.0041136,1,Shared Control,0.01,Good Visuals,-0.3330156086275173,0.013380520873444818,0.0,5.450551437070145,0.9995756344187862,-2.1670276911959943,-0.9385560944128458,0.007514194415797755,-3.394651219711319,-0.00014458951755080075,29.854167132233712,1.001464558304989,0.14604147288984817,-0.0014666323340845051
2211,8.999160900000001,0.916245497419463,-0.9161881912597405,0.014299207181954543,0.28973220411067646,-3.8222631379777963,0.8974848910255325,-1.2176822642408653,0,0.0036816,1,Shared Control,0.01,Good Visuals,-0.3447255095506041,0.013387046287847407,0.0,5.450513472008272,0.999574831347648,-2.1792365579693773,-0.950764961186229,0.0022186108435366626,-3.551050514348976,-0.00017576220932524425,29.85395852711015,1.0014666323340844,0.14611176529293424,-0.0014673475815585502
2212,9.0026682,0.9131039047658732,-0.9251288184028262,0.015619013740340693,0.2925534458380391,-3.863449025128959,0.8931946058132316,-1.2287906855086481,0,0.0035073,1,Shared Control,0.01,Good Visuals,-0.3675467769867323,0.013312065681149884,0.0,5.450500530128365,0.9995745607569546,-2.1927419744200325,-0.9642703776368844,-0.022670758936485184,-3.770040602589215,-0.00019142414842434556,29.853888234707064,1.0014673475815585,0.14529205319712138,-0.0014591289940123727
2213,9.0074845,0.9065065601933348,-0.9532232114359336,0.01331195438010313,0.27556747407271454,-3.920155210626354,0.8872399529647824,-1.2438868142903623,0,0.0048163,1,Shared Control,0.01,Good Visuals,-0.3738848458324251,0.013161969080695756,0.0,5.450845234497509,0.9995818131016477,-2.21907954248391,-0.9906079457007619,-0.01468023419324921,-3.70816200479498,-0.00021327096754147377,29.85577215156342,1.001448414682562,0.1436609503103092,-0.0014426769792108358
2214,9.0130888,0.902422489743668,-0.9638512899779073,0.015182536778885591,0.28003552431245504,-3.9327435287621806,0.8802201611041478,-1.2612146637275812,0,0.0056043,1,Shared Control,0.01,Good Visuals,-0.3480156255412337,0.013207026502348817,0.0,5.4509493298516185,0.9995839953931245,-2.2298163587370508,-1.0013447619539024,0.015211874169836557,-3.1388692782378804,-0.00017521153195454984,29.85633904968969,1.0014426769792109,0.14415609007365543,-0.0014476157011120143
2215,9.016584900000002,0.8992808970900783,-0.9842884589147942,0.0190607359859305,0.27692620481278696,-3.984817273713797,0.8757921365387656,-1.2718902803293974,0,0.0034961000000000002,1,Shared Control,0.01,Good Visuals,-0.3626763628085538,0.013224979262629473,0.0,5.450859072610598,0.9995820892702054,-2.2417545448450937,-1.0132829480619454,0.005089633777324516,-3.334688856995247,-0.00020051616561162766,29.855843909926346,1.001447615701112,0.14434989647407875,-0.0014495834943663065
2216,9.0201539,0.895353906273091,-1.0036037793142012,0.01956176973432533,0.26828650101519624,-4.026681340409832,0.8712334738105355,-1.2826793858673105,0,0.003569,1,Shared Control,0.01,Good Visuals,-0.3807069740559988,0.013211010765218873,0.0,5.450823428612477,0.9995813432117289,-2.2542400500989563,-1.025768453315808,-0.003300306636279319,-3.6543655253358995,-0.0002520778381443862,29.85565010352592,1.0014495834943664,0.14419630479485207,-0.0014480524142121982
2217,9.024373,0.8911127561907447,-1.0173711612368421,0.019879282380209196,0.2653082246304683,-4.070214918693022,0.8657950663149713,-1.2952881288652283,0,0.0042191,1,Shared Control,0.01,Good Visuals,-0.3748026399782552,0.013278175560264147,0.0,5.450851418051872,0.9995819344899275,-2.2703919811000466,-1.041920384316898,0.01145944427903791,-3.518939215923756,-0.00025843075054690466,29.855803695205147,1.0014480524142122,0.14493103410982427,-0.0014554143144743213
2218,9.028103000000002,0.8868716061083985,-1.0338810945395582,0.021076539793427274,0.26140703432567003,-4.161785871506586,0.8609430634739921,-1.3063006753765871,0,0.0037300000000000002,1,Shared Control,0.01,Good Visuals,-0.37355290405551056,0.01336737138910844,0.0,5.450717182768325,0.9995791060528818,-2.282006283333112,-1.0535346865499633,0.01994748284676798,-3.375465657133617,-0.0002639606014564834,29.855068965890176,1.0014554143144743,0.14590220845597252,-0.0014651910255519991
2219,9.031609900000001,0.8837300134548087,-1.0497939666816676,0.02278694998081665,0.25650670869491954,-4.259798067442726,0.8563440154723788,-1.316536751415964,0,0.0035069000000000003,1,Shared Control,0.01,Good Visuals,-0.3761745415382424,0.013505347410636371,0.0,5.450539333356299,0.9995753674233039,-2.2940759816709444,-1.0656043848877954,0.02803559744150277,-3.3854197065612572,-0.00028173793501606523,29.854097791544028,1.001465191025552,0.14740524895331236,-0.001480314509638692
2220,9.035286200000002,0.8791747041071036,-1.0646691778976747,0.022830688634724816,0.25186757351828937,-4.354686618456357,0.851484497492567,-1.3271421328613096,0,0.0036763000000000004,1,Shared Control,0.01,Good Visuals,-0.3805912000296019,0.01368161538734393,0.0,5.450264152253057,0.9995695812966926,-2.305813998696528,-1.0773424019133788,0.034335236921299674,-3.420267789149859,-0.00030774567591972265,29.852594751046688,1.0014803145096387,0.1493240223807161,-0.0014996351561627017
2221,9.0388038,0.8761901910861933,-1.07676231958067,0.024705693593626288,0.25037981328063963,-4.44501677922575,0.8467984745277684,-1.3371673671241617,0,0.0035176,1,Shared Control,0.01,Good Visuals,-0.3761825651800296,0.013953370652891223,0.0,5.449912729384134,0.9995621947370522,-2.317908850458008,-1.089437253674859,0.04916560595426279,-3.2868231320941925,-0.0003123607009285092,29.850675977619282,1.0014996351561627,0.15228400123059074,-0.0015294221176105462
2222,9.042726700000001,0.871634881738488,-1.069309672976729,0.02483640721071967,0.26785769414743266,-4.456678451894227,0.8415312032274977,-1.3482037585765239,0,0.0039229,1,Shared Control,0.01,Good Visuals,-0.3848978272148446,0.014266112145345997,0.0,5.449370772698123,0.9995507998322081,-2.330997578434081,-1.1025259816509323,0.049518539243467184,-3.370690421589237,-0.0003447276999486277,29.84771599876941,1.0015294221176105,0.155686191085508,-0.0015637015592991216
2223,9.046191700000001,0.8672366520234623,-1.0766836189365663,0.02570544879596459,0.2715201396399576,-4.521998305700666,0.8368429762508519,-1.3578232448186867,0,0.003465,1,Shared Control,0.01,Good Visuals,-0.40306117500247574,0.014435453476627254,0.0,5.448747463791496,0.999537702493659,-2.3429227494759237,-1.1144511526927747,0.030276949517632334,-3.4566715098531926,-0.00035431897055560675,29.844313808914492,1.001563701559299,0.15751866335598164,-0.0015822629796132521
2224,9.0496127,0.8636238204718342,-1.1088674900354363,0.02678084422098226,0.24895575478325038,-4.639688544009982,0.8321817895843946,-1.3671999690564391,0,0.0034210000000000004,1,Shared Control,0.01,Good Visuals,-0.41144654723542967,0.014604218495239222,0.0,5.4484108484946345,0.9995306481130507,-2.3553567526637025,-1.1268851558805535,0.028333217945844112,-3.4961347357735892,-0.0003710698101899709,29.842481336644017,1.0015822629796132,0.1593528481643514,-0.0016007612305781985
2225,9.053241400000001,0.8592255907568084,-1.1325142632529897,0.027043801172413784,0.2346857058034495,-4.69354946244886,0.8272027854496181,-1.3770127233792728,0,0.0036287000000000003,1,Shared Control,0.01,Good Visuals,-0.39474118757325316,0.014978835970182765,0.0,5.448074651348157,0.9995235870239766,-2.366560681109741,-1.1380890843265918,0.06192367255243474,-3.267022932885749,-0.00039111330049018954,29.840647151835647,1.0016007612305782,0.16343599863873104,-0.0016418228683770448
2226,9.057517200000001,0.8509003702247954,-1.1792973953881827,0.02369758477517725,0.19771532799109015,-4.86841694191368,0.8212905482117908,-1.3883960900361354,0,0.004275800000000001,1,Shared Control,0.01,Good Visuals,-0.3710419844860222,0.016181793072725124,0.0,5.44610899495431,0.9994822552294217,-2.387269250319624,-1.1587976535364755,0.10833593754054877,-2.8636491230639196,-0.00042821375902170594,29.82991107772843,1.0017087942888605,0.17651746804276375,-0.0017736784067220938
2227,9.0635326,0.8476016979385261,-1.1801573063910984,0.026311149726735317,0.208238783645037,-4.8905681238639,0.8128914333748405,-1.4040752554690037,0,0.006015400000000001,1,Shared Control,0.01,Good Visuals,-0.3266397640576628,0.017139441971006874,0.0,5.444930216617636,0.9994575062149313,-2.3949186563876186,-1.16644705960447,0.16600156805992408,-2.1156671279994077,-0.00038346941315527957,29.823482531957236,1.0017736784067222,0.18693989143887724,-0.001878645833043131
2228,9.0671794,0.8425751496927825,-1.1696309088929822,0.029683716317941977,0.23444434657602153,-4.9009897291613616,0.8077540298393562,-1.4133856981801323,0,0.0036468000000000004,1,Shared Control,0.01,Good Visuals,-0.35132960446973877,0.01800249323329247,0.0,5.443021166384038,0.9994173801455498,-2.4033339840406023,-1.1748623872574535,0.14317836624406013,-2.4627824562433522,-0.00045095842393185333,29.81306010856112,1.001878645833043,0.1962999931956074,-0.0019732444588524286
2229,9.0706184,0.8391193977738337,-1.1749705448310843,0.03136536793447753,0.23841515334904795,-4.975999561950096,0.8028784970683528,-1.4220282408195652,0,0.003439,1,Shared Control,0.01,Good Visuals,-0.39581742143057375,0.018681708758906377,0.0,5.441303698634599,0.9993813434292447,-2.414287094105754,-1.1858154973226054,0.09664455701224907,-3.0670671105376233,-0.0005343809021527237,29.80370000680439,1.0019732444588525,0.20365470817545592,-0.0020476929396776073
2230,9.0747333,0.8329932920993336,-1.1728262660227373,0.0301147950309808,0.24920197479682793,-4.963511799983439,0.7970060158519914,-1.432191415519077,0,0.0041149,1,Shared Control,0.01,Good Visuals,-0.40888703665009973,0.01961031671269479,0.0,5.439953129556143,0.9993530270554434,-2.4301980417640383,-1.2017264449808898,0.08975867516101445,-3.1920849951417978,-0.00058595866886785,29.796345291824544,1.0020476929396775,0.21374297206719453,-0.0021494772023079984
2231,9.079008600000002,0.8281238234862693,-1.1814617440883446,0.03111780763427796,0.2507296714307323,-4.947731574659194,0.790860765375361,-1.4425420977064027,0,0.0042753,1,Shared Control,0.01,Good Visuals,-0.41279844468699245,0.020196308312533717,0.0,5.438103636258305,0.999314184917174,-2.4406400086063416,-1.2121684118231928,0.08536371440811112,-3.0165145719618423,-0.0005905606682954208,29.786257027932805,1.002149477202308,0.2200671262162218,-0.002213707454325416
2232,9.0827749,0.8243539123019618,-1.209981355353634,0.03349314692660077,0.2325607423527687,-4.967837433956874,0.7854108318127397,-1.4514814986856706,0,0.0037663,1,Shared Control,0.01,Good Visuals,-0.41973727679132233,0.020788910891302744,0.0,5.436940373561327,0.9992898355351616,-2.4515862116764366,-1.223114614893288,0.08086648104801136,-3.0584529393951616,-0.0006284648369919931,29.77993287378378,1.0022137074543254,0.22648831671063188,-0.0022786623325027973
2233,9.086215900000001,0.8194844436888975,-1.228556339654763,0.03407361187615776,0.2229251590309076,-4.932978412114102,0.780402446952301,-1.4595001224723254,0,0.003441,1,Shared Control,0.01,Good Visuals,-0.4144505993069876,0.021520151222884386,0.0,5.435761635205136,0.9992651117727035,-2.4619251298942593,-1.233453533111111,0.09647130155918131,-3.03060771444314,-0.0006962860469264138,29.773511683289367,1.0022786623325028,0.23441994171099148,-0.0023588132268086183
2234,9.0907768,0.8105309046261666,-1.2849842556103603,0.030128457673865627,0.17451586686196507,-5.009744117326558,0.7737219847009043,-1.469906551007206,0,0.0045609000000000005,1,Shared Control,0.01,Good Visuals,-0.38775994097415645,0.023429061020430034,0.0,5.432363997246658,0.999193804247974,-2.481210594988358,-1.25273899820521,0.13838630292764767,-2.583384543020829,-0.0007625809708468275,29.754992566011484,1.0024657860902648,0.25509929605365733,-0.00256804789400961
2235,9.0964276,0.8064468341764999,-1.2991946873819127,0.03272484947559562,0.17071186362529334,-5.00403707030543,0.7653802281960526,-1.4824432560904188,0,0.0056508,1,Shared Control,0.01,Good Visuals,-0.33798127741674666,0.024684714957569274,0.0,5.430509848139326,0.9991549447334139,-2.486709595609446,-1.2582379988262977,0.2001415572770204,-1.7923146641530154,-0.0007058814732924413,29.744900703946342,1.0025680478940096,0.2687105105037205,-0.0027056795065639283
2236,9.0996786,0.8026769229921921,-1.2916548940115415,0.03729669479613951,0.19078836207887728,-4.93735349772627,0.7605493399745921,-1.4894743181678394,0,0.0032510000000000004,1,Shared Control,0.01,Good Visuals,-0.3481895228483215,0.026217831864874953,0.0,5.428011757857407,0.9991025315911555,-2.493829405255229,-1.2653578084720807,0.19444658042287385,-2.007899164043798,-0.0008078035813344382,29.73128948949628,1.0027056795065639,0.2853087739638345,-0.002873723699271597
2237,9.1031589,0.7976503747464485,-1.2724704892772336,0.037101034771856445,0.21700382889060577,-4.84563128682781,0.7553526386733191,-1.496852381006102,0,0.0034803000000000004,1,Shared Control,0.01,Good Visuals,-0.3929381511102026,0.027456968635568013,0.0,5.424963563093823,0.9990386139932019,-2.5029256150316366,-1.2744540182484887,0.14413353704966217,-2.6617340014068978,-0.0009778384732807423,29.714691226036166,1.0028737236992715,0.2986599939285874,-0.003009544873308122
2238,9.107446300000001,0.7923096672353457,-1.2805792085585113,0.03695702856202654,0.2162731724475908,-4.862717487565241,0.7489159236273055,-1.5057273197987935,0,0.0042874,1,Shared Control,0.01,Good Visuals,-0.41796462257988676,0.028546623177489853,0.0,5.422505773548831,0.9989871995951862,-2.514358056399095,-1.2858864596159467,0.10893878532363967,-2.8311436981397513,-0.0010186819480779807,29.701340006071412,1.003009544873308,0.3104033676853608,-0.0031289813735221206
2239,9.110587200000001,0.7883826764183586,-1.2905376580563228,0.03946675279105305,0.21518966174247067,-4.845306471999476,0.7441765785609994,-1.5120773219968004,0,0.0031409000000000003,1,Shared Control,0.01,Good Visuals,-0.41636416668868703,0.029553442980238976,0.0,5.420344231116571,0.9989419754576812,-2.5239529045456437,-1.2954813077624956,0.11471017832659805,-2.69813788885266,-0.0010549983681199012,29.68959663231464,1.003128981373522,0.32125307432712796,-0.0032393383985792694
2240,9.114297800000001,0.7830419689072559,-1.2901575865483936,0.03886539034625647,0.22191973544840682,-4.787719383974324,0.7385522001601486,-1.5194120201342434,0,0.0037106,1,Shared Control,0.01,Good Visuals,-0.4287975599283522,0.030497043899407626,0.0,5.4183471005011485,0.9989001917480608,-2.533736405491905,-1.3052648087087573,0.10483664969231682,-2.8657842778820752,-0.0011663784282255737,29.678746925672872,1.0032393383985794,0.33141720845902556,-0.0033427660327957475
2241,9.1176548,0.7788008188249097,-1.3075210987197456,0.04024861866476115,0.21189092141449772,-4.813852570481849,0.7334406181101091,-1.5258903366826644,0,0.003357,1,Shared Control,0.01,Good Visuals,-0.43218042457846406,0.03141243171787936,0.0,5.4164757723745565,0.9988610473790888,-2.5436609323381574,-1.3151893355550097,0.0989717753615044,-2.778267411189849,-0.001185279515557397,29.668582791540974,1.0033427660327958,0.3412760915689576,-0.003443101242874313
2242,9.1212195,0.773460111313807,-1.3312176455008726,0.04001949320369791,0.19467269118179176,-4.842233100554918,0.7279892596218052,-1.5326041667214385,0,0.0035647,1,Shared Control,0.01,Good Visuals,-0.42957414893661083,0.03243135957870756,0.0,5.414660524945246,0.9988230777237707,-2.553131624758589,-1.3246600279754412,0.10886449829847347,-2.7241248404853806,-0.0012643069855457743,29.658723908431043,1.0034431012428744,0.3522613980463889,-0.0035547854262423908
2243,9.125018200000001,0.7681194038027044,-1.3491785697893206,0.04013014418089922,0.1834255969321179,-4.866397856434379,0.7221540643999129,-1.5395695483849485,0,0.0037987000000000003,1,Shared Control,0.01,Good Visuals,-0.4110464067534089,0.03409253351546917,0.0,5.412638924176837,0.998780768544845,-2.564078311913347,-1.3356067151301994,0.13694040510189723,-2.4318945981734155,-0.0012978865742467704,29.647738601953613,1.0035547854262423,0.3702234487007669,-0.003736865887177824
2244,9.129038000000001,0.7627786962916017,-1.3612223552384615,0.040624631891688745,0.17834719314648706,-4.919915337965993,0.7159508452299154,-1.5467257359564681,0,0.0040198000000000005,1,Shared Control,0.01,Good Visuals,-0.40026679315179814,0.03553832066922611,0.0,5.40933826444097,0.9987115851901601,-2.5716846766624295,-1.3432130798792818,0.15525602832408159,-2.2163713246547063,-0.0013681382854679167,29.629776551299233,1.003736865887178,0.38574056793602524,-0.0038953379084062495
2245,9.132681000000002,0.7585375462092555,-1.367562542629908,0.04258670097934014,0.17916319332656006,-4.979150410968195,0.710304604895213,-1.5530187265496431,0,0.0036430000000000004,1,Shared Control,0.01,Good Visuals,-0.3977428557009238,0.03719057936678479,0.0,5.406476233179374,0.9986518192666942,-2.5795015209021632,-1.3510299241190156,0.16512460234993534,-2.1496106698200625,-0.0014437311952361044,29.614259432063974,1.0038953379084063,0.4035231060830235,-0.004076441174342716
2246,9.136243,0.7530397590654733,-1.3724368989583207,0.0427351541702603,0.18058182759132246,-5.03820995399913,0.7047620587981617,-1.5589933490864052,0,0.003562,1,Shared Control,0.01,Good Visuals,-0.40901388046351506,0.03875667710821988,0.0,5.403200953704219,0.9985833239237405,-2.5873000161255386,-1.358828419342391,0.15954759841545682,-2.290710616665293,-0.001583824082741681,29.596476893916975,1.0040764411743428,0.4203223094475511,-0.004248100380112789
2247,9.1409327,0.7431437422066655,-1.39166499731322,0.038381683408503786,0.16732835177318517,-5.19174037920018,0.6974329182404743,-1.5665880060023756,0,0.004689700000000001,1,Shared Control,0.01,Good Visuals,-0.4169681296391794,0.04208204357746359,0.0,5.396709907118176,0.9984477563751778,-2.603051631289414,-1.3745800345062662,0.16339055197998298,-2.2902409862720585,-0.0017821397446194573,29.561282756363674,1.0044358484717655,0.4559800613642087,-0.004612592168780926
2248,9.146513400000002,0.734661442041973,-1.4529853075999686,0.03722852380149877,0.113602698402407,-5.4376842260058815,0.6886659693870079,-1.5752194926982461,0,0.0055807,1,Shared Control,0.01,Good Visuals,-0.36548427910360054,0.04585262166608593,0.0,5.390131545338962,0.9983104963979734,-2.6120782720015985,-1.383606675218451,0.24333258472575423,-1.5170686023721949,-0.0018162097763597263,29.52565150232668,1.0048004685032255,0.4964057878713783,-0.005025883384815654
2249,9.152719300000001,0.7261791418772807,-1.4414058440456825,0.03751317249027286,0.13381364865256362,-5.369966661818423,0.6788618702342216,-1.584293927637304,0,0.0062059,1,Shared Control,0.01,Good Visuals,-0.34634108034105215,0.05064580420070647,0.0,5.381292023830399,0.9981259774423978,-2.6181458658607144,-1.3896742690775667,0.2761056629479644,-1.2860209764749921,-0.0020152607165642086,29.477756958702784,1.005290272376457,0.547644721854612,-0.0055512617729167575
2250,9.1588562,0.7206813547334985,-1.426388062818994,0.04181948449927686,0.15790586481831004,-5.305364846004277,0.6691130853034865,-1.592718662171615,0,0.006136900000000001,1,Shared Control,0.01,Good Visuals,-0.33524284099442814,0.05351747315503625,0.0,5.376592929780736,0.9980281111408381,-2.621790336340207,-1.3933187395570594,0.28197555252525053,-0.9219038954499119,-0.0018998847888896876,29.452355278145387,1.0055512617729168,0.5783474555030965,-0.00586602399936829
2251,9.1624958,0.7161260453857934,-1.4188040634400618,0.04701296008230693,0.17391459873155313,-5.250870824717289,0.6633075484827665,-1.597454868381494,0,0.0036396,1,Shared Control,0.01,Good Visuals,-0.3821848973487173,0.055501176798403634,0.0,5.37091951739337,0.9979098118080155,-2.626682133539959,-1.3982105367568114,0.22750923041830912,-1.599672073169379,-0.002238073139047504,29.421652544496904,1.0058660239993682,0.5992650880357,-0.006083456783347411
2252,9.165702600000001,0.7118848953034471,-1.408559213630858,0.0485773468206806,0.18889565475063597,-5.159266200341606,0.6581783579214312,-1.6014661518832258,0,0.0032068,1,Shared Control,0.01,Good Visuals,-0.42585690994256453,0.057517333326707575,0.0,5.36702731944671,0.9978292223795988,-2.6346833453065717,-1.4062117485234242,0.17893321161232065,-2.2634262423232983,-0.0026092746093444095,29.4007349119643,1.0060834567833474,0.6207024422453402,-0.006304446712136697
2253,9.1691357,0.7060729488943059,-1.4006551325599874,0.04789459097287474,0.20081101932323842,-5.06646045590582,0.6526732327061191,-1.605591696988907,0,0.0034331,1,Shared Control,0.01,Good Visuals,-0.4489929900461992,0.05918619047342767,0.0,5.36305512734455,0.9977466202468012,-2.6432328721695595,-1.4147612753864118,0.14819084309417074,-2.486918047294104,-0.0027940394492121643,29.37929755775466,1.0063044467121367,0.6383406097157718,-0.00648736932594953
2254,9.1741541,0.6960198524028186,-1.416139780524734,0.04334661969669951,0.18945191646417303,-4.9850224646904735,0.644601234666551,-1.6113064035202065,0,0.0050184,1,Shared Control,0.01,Good Visuals,-0.4627429354886028,0.062158795512819796,0.0,5.356647291332927,0.9976136869710329,-2.660332574978498,-1.4318609781953504,0.12717941655020332,-2.451037811577522,-0.0029877368799392672,29.344797929100807,1.0066617967289446,0.6697892030921315,-0.006813195107207971
2255,9.179511600000001,0.6873804726054468,-1.4616769833139074,0.04277923793889582,0.1496294202062991,-4.979539810402261,0.6359532413070003,-1.616990605279578,0,0.0053575,1,Shared Control,0.01,Good Visuals,-0.4151842433270476,0.06586008491869336,0.0,5.350937539500382,0.9974951932349813,-2.671416391018367,-1.4429447942352196,0.19068607309540628,-1.7143498684001939,-0.0030043481253446344,29.31404768863008,1.006980135681838,0.709163952277736,-0.007218891624690481
2256,9.186135700000001,0.6815685261963056,-1.4487816986532087,0.04561528488930533,0.16820890662636923,-4.833143008060714,0.6252204741108459,-1.6234194830184594,0,0.006624100000000001,1,Shared Control,0.01,Good Visuals,-0.3779664918653963,0.06814950433977852,0.0,5.346641517714579,0.9974057374501709,-2.674976181720271,-1.4465045849371236,0.22954466516142763,-1.0435290657239484,-0.0028174442434126673,29.290836047722266,1.0072188916246905,0.733386293571217,-0.0074698337652097145
2257,9.190890600000001,0.6713583500721387,-1.4859714772861903,0.04613787596129282,0.13744800573226912,-4.844646292673647,0.6174911461890732,-1.6276231700488673,0,0.0047549,1,Shared Control,0.01,Good Visuals,-0.4289358841693699,0.07220403219951146,0.0,5.337645066119456,0.997219190860273,-2.6863963737295324,-1.457924776946385,0.1727081458633575,-1.8391349719378862,-0.0035597983102282032,29.242429687788544,1.0077209698417198,0.7760124147131735,-0.007914248576469588
2258,9.196465300000002,0.6668030407244335,-1.4932544159554089,0.049311894535360334,0.1343687540934584,-4.7968005845077215,0.608404903378261,-1.6321115710238836,0,0.0055747,1,Shared Control,0.01,Good Visuals,-0.3831646640863961,0.07438266369378935,0.0,5.334199671516364,0.9971481256423067,-2.689707112271362,-1.4612355154882142,0.22654069572145938,-1.08895126856864,-0.0033313406815262524,29.223987585286828,1.0079142485764696,0.7990767411420302,-0.00815304730663742
2259,9.199663800000002,0.6624048110094078,-1.478404002027025,0.053999907631146815,0.15370756899685856,-4.68311433457469,0.6031807785056423,-1.634471476188016,0,0.0031985000000000004,1,Shared Control,0.01,Good Visuals,-0.3968019170353872,0.07695957171659944,0.0,5.329917109590087,0.997059231135571,-2.694511372943127,-1.4660397761599793,0.21293771305912665,-1.342834969887079,-0.0036679500673273166,29.20092325885797,1.0081530473066374,0.8262990517568599,-0.008435500931870774
2260,9.203284100000001,0.6565928646002668,-1.4549935750241296,0.053412086094624445,0.1794779011638863,-4.554531639264825,0.5972589493986407,-1.6369525143596557,0,0.0036203000000000003,1,Shared Control,0.01,Good Visuals,-0.4407812167283398,0.07895464912749228,0.0,5.324857134163192,0.9969543096319878,-2.7012010458611604,-1.4727294490780127,0.15852073160384825,-1.957246530920596,-0.004155809764028988,29.17370094824314,1.0084355009318708,0.8470782899826034,-0.008654180388933175
2261,9.2075002,0.6506238385584462,-1.4660641680853337,0.05336488915980553,0.17088834627432203,-4.560894292419877,0.5903517441849082,-1.63958677545478,0,0.0042161,1,Shared Control,0.01,Good Visuals,-0.46312085157013616,0.08072628693399268,0.0,5.320967160180142,0.9968742354556012,-2.7094579255153013,-1.4809863287321534,0.12301521142984399,-2.070950502668868,-0.004217132516768482,29.152921710017395,1.008654180388933,0.8656005768802579,-0.00884836874048358
2262,9.2105955,0.6460685292107409,-1.4776064306712606,0.05571678502583266,0.1619803447835193,-4.524156612928199,0.585273970899331,-1.6413455975330564,0,0.0030953,1,Shared Control,0.01,Good Visuals,-0.4541101307780909,0.08249677401053748,0.0,5.317506401318886,0.996802852733487,-2.716134744895339,-1.4876631481121914,0.13668692028773965,-1.8657629743580877,-0.004307949354515177,29.134399423119742,1.0088483687404837,0.884159965500527,-0.009042430961087616
2263,9.214171200000001,0.6402565828015998,-1.4698941602857607,0.05498261190226883,0.17145143724729572,-4.418905871553394,0.5794016505162675,-1.6431923856407273,0,0.0035757000000000002,1,Shared Control,0.01,Good Visuals,-0.45753229647375415,0.08426717798369861,0.0,5.314043390967539,0.9967313222912447,-2.7227692126097036,-1.494297615826556,0.13526185903401688,-1.9205846787762262,-0.004596455022869816,29.115840034499474,1.0090424309610877,0.9026998377648542,-0.009236484072770503
2264,9.2177787,0.6355441938212151,-1.4709060201472228,0.05614254330494761,0.1722863654935045,-4.371765172720729,0.5734707755341143,-1.6448542592596704,0,0.0036075,1,Shared Control,0.01,Good Visuals,-0.4628684532884434,0.0859220440800301,0.0,5.31058232126283,0.9966598664141239,-2.7294513705800347,-1.5009797737968869,0.12282736688441005,-1.8489134142195596,-0.004633229543177113,29.097300162235147,1.0092364840727706,0.9199747742552374,-0.009417873134408363
2265,9.221316300000002,0.6295751677793945,-1.4806114998106035,0.05610439224528019,0.16424275944906697,-4.343224499306306,0.5676493470038753,-1.6462872320945006,0,0.0035376,1,Shared Control,0.01,Good Visuals,-0.46966769005787856,0.08742311358560599,0.0,5.307352269674428,0.9965932877581269,-2.735930647113176,-1.507459050330028,0.11440605248609771,-1.8790315333046816,-0.004823882080612707,29.080025225744762,1.0094178731344083,0.9356133214101444,-0.009582404627121401
2266,9.224958200000001,0.6237632213702534,-1.4941063378885002,0.05611387436637816,0.15218089420600034,-4.34430584552011,0.5616513554647031,-1.647558711581977,0,0.0036419000000000004,1,Shared Control,0.01,Good Visuals,-0.46127489106144964,0.08956124728688933,0.0,5.304425315235338,0.9965330166682245,-2.7435372816914,-1.5150656849082518,0.12516512474980193,-1.697644247154173,-0.004904820655910522,29.064386678589855,1.0095824046271213,0.9581631117608392,-0.009816764414050279
2267,9.229008400000001,0.6174800360630738,-1.5112017067974743,0.05582868059837065,0.13635700478450263,-4.406716568926741,0.5549759553547475,-1.6487297147159194,0,0.0040502,1,Shared Control,0.01,Good Visuals,-0.4490565410265573,0.09144142561521089,0.0,5.3002307807281746,0.99644608920945,-2.7485809858889034,-1.5201093891057553,0.14245514616894253,-1.4625791496313276,-0.005025628578352635,29.04183688823916,1.0098167644140503,0.9776828516773551,-0.01002284983899319
2268,9.232758,0.6130818063480481,-1.5270513048985328,0.05810585099330057,0.12167840981738665,-4.487415751528578,0.5487922054005749,-1.6495854864231154,0,0.0037496,1,Shared Control,0.01,Good Visuals,-0.4315627209273967,0.09375352667926527,0.0,5.296571072759413,0.9963708608476505,-2.7528295668255787,-1.5243579700424306,0.16960131067922526,-1.1920487462964982,-0.005105054144131278,29.022317148322646,1.0100228498389932,1.0019341585219483,-0.010276278103280209
2269,9.236216800000001,0.6067986210408685,-1.5340377034591666,0.05800641564029352,0.11554778296394885,-4.538446378285379,0.5430855368401022,-1.6501801463925654,0,0.0034588,1,Shared Control,0.01,Good Visuals,-0.428724385990235,0.09625859892647194,0.0,5.292047766094431,0.9962773776059075,-2.75696429608158,-1.5284926992984318,0.18211271021013098,-1.2007693721325623,-0.005447628451321817,28.998065841478052,1.0102762781032801,1.0280759246997189,-0.010550857844362079
2270,9.240777300000001,0.5962742856513427,-1.5658723789198334,0.05318874881124047,0.08430776747273194,-4.761808350585245,0.535558630404231,-1.6506785025869912,0,0.0045605,1,Shared Control,0.01,Good Visuals,-0.4048347083563888,0.10202611400317321,0.0,5.281091488162379,0.9960513292993809,-2.763568888229532,-1.5350972914463836,0.22395026232391504,-0.8058727739628999,-0.00575326726612931,28.93942415379945,1.0108911988427172,1.0880278124034735,-0.011183032344803048
2271,9.2465688,0.591561896670958,-1.549878344326625,0.056003266266727025,0.10080015826036615,-4.767874573146382,0.5259979964518926,-1.6508430807835237,0,0.005791500000000001,1,Shared Control,0.01,Good Visuals,-0.3645859093145064,0.10570164873030885,0.0,5.27592716912742,0.9959455324984918,-2.7640666109954535,-1.5355950142123054,0.27614016650825085,-0.13785424897429976,-0.005426641349901764,28.911972187596525,1.011183032344803,1.1265212392599042,-0.011585905904573503
2272,9.250231500000002,0.5855928706291375,-1.5256795446535873,0.05959487417724485,0.12516353612993636,-4.770088081103174,0.5199516940296198,-1.6506768498368831,0,0.0036627,1,Shared Control,0.01,Good Visuals,-0.395443306379406,0.1088975112943082,0.0,5.268742657361658,0.9957971314791618,-2.76598338497876,-1.5375117881956115,0.24117940240690647,-0.5596256994850357,-0.005919637578675535,28.873478760740095,1.0115859059045735,1.1593645940397832,-0.011936202833667937
2273,9.2536523,0.5808804816487527,-1.516095638759647,0.060928787619132896,0.1345812110772362,-4.809885611602644,0.5143055954258773,-1.650332620722022,0,0.0034208000000000003,1,Shared Control,0.01,Good Visuals,-0.4382429065276666,0.11170344066119214,0.0,5.262554254655591,0.9956705580862493,-2.769958539798405,-1.5414869430152567,0.19175040961041628,-1.1118692156089658,-0.006489733483799397,28.840635405960217,1.011936202833668,1.1881684924779985,-0.012243759376163711
2274,9.257979400000002,0.5733406592801371,-1.500666747942212,0.05903506385425983,0.14966587277980992,-4.761857615070178,0.5071658431243323,-1.6496360350340122,0,0.0043271,1,Shared Control,0.01,Good Visuals,-0.45429380813154396,0.11534931198929348,0.0,5.257124100448462,0.9955595528933182,-2.7762492689475495,-1.547777672164401,0.17556140029559847,-1.2643665130731812,-0.00680595521237219,28.811831507522,1.0122437593761637,1.2261167598345302,-0.0126433815453064
2275,9.2621417,0.5670574739729576,-1.5055690758743192,0.059891630848625255,0.14406695915969303,-4.746266390638687,0.5003014361091208,-1.6486911536035724,0,0.0041623,1,Shared Control,0.01,Good Visuals,-0.4589146646455282,0.11764390013372562,0.0,5.250020079202879,0.9954132579898166,-2.7800967388861997,-1.5516251421030511,0.16507760112380335,-1.1149824495465044,-0.006809653998832879,28.77388324016547,1.0126433815453064,1.2491057630342695,-0.012894890227058095
2276,9.265634100000002,0.562345084992573,-1.538156263419896,0.06204364888345215,0.11053489018367646,-4.785947970960142,0.49454523885874024,-1.6476908158405499,0,0.0034924,1,Shared Control,0.01,Good Visuals,-0.45756289277761686,0.1201021244659228,0.0,5.245632554068919,0.9953247095528921,-2.7838855722954317,-1.5554139755122833,0.16802071917568764,-1.0599024839097435,-0.00704588503840163,28.75089423696573,1.012894890227058,1.274447748123792,-0.013164334991139651
2277,9.269184200000002,0.5562189793180728,-1.558151203161885,0.061673740459332604,0.08953961267866495,-4.753151262735412,0.48869786277352834,-1.6464802646846,0,0.0035501,1,Shared Control,0.01,Good Visuals,-0.4351697463532666,0.12306693810344979,0.0,5.240865770623305,0.9952270315066274,-2.786793323723715,-1.5583217269405665,0.20292697023154183,-0.8506923227182028,-0.007451574040520383,28.72555225187621,1.0131643349911397,1.3051000780577322,-0.013489306760658838
2278,9.274207100000002,0.545380484663188,-1.5599643633014812,0.05668262188965967,0.08651590138311871,-4.6689486606764605,0.4804327312496067,-1.6444347638974546,0,0.0050229,1,Shared Control,0.01,Good Visuals,-0.4120481365687204,0.1300368880386401,0.0,5.22799699754087,0.9949629506659606,-2.7904947116782735,-1.562023114895125,0.2303096467755076,-0.5272009523795571,-0.00795977421036738,28.657044748320594,1.0138908553527204,1.3765745127219116,-0.014253279556530168
2279,9.2794913,0.5408251753154829,-1.5604590067719681,0.06039244406587618,0.08397575712548644,-4.671062872431321,0.4717498138288853,-1.6418634164586774,0,0.0052842,1,Shared Control,0.01,Good Visuals,-0.3820445697795138,0.1336618031956856,0.0,5.221629682248494,0.9948334060771018,-2.7901553118530282,-1.56168371506988,0.25958965582454885,0.09541743751616849,-0.007370831756402245,28.623425487278087,1.0142532795565302,1.4137303555324192,-0.014650604730035705
2280,9.2832948,0.5345419900083033,-1.5608894810017875,0.06279217617941796,0.08097393545688991,-4.668033012355877,0.46550894018918915,-1.6397474365325624,0,0.0038035,1,Shared Control,0.01,Good Visuals,-0.398453604792339,0.137164000687663,0.0,5.2146215776753335,0.9946902022336073,-2.7908737424304837,-1.5624021456473354,0.2436353349934713,-0.20904663702257054,-0.008072162973239594,28.58626964446758,1.0146506047300357,1.4493306784169686,-0.015034478880426782
2281,9.286653800000002,0.5296725213952391,-1.5650624486048565,0.06416358120604998,0.07468498792770584,-4.673403041280024,0.4600044276269685,-1.6376948838494911,0,0.003359,1,Shared Control,0.01,Good Visuals,-0.4075469197787307,0.14081205079142747,0.0,5.207878869548985,0.9945530228528666,-2.792143388439324,-1.5636717916561755,0.2351995034114752,-0.3560620362443707,-0.00861282609665354,28.55066932158303,1.0150344788804269,1.4864922414371546,-0.015434339864101917
2282,9.2910234,0.5219756193939441,-1.5690287823033164,0.061971191766975575,0.0686661015461747,-4.644453654210991,0.45285464569969347,-1.6347677134735668,0,0.0043696,1,Shared Control,0.01,Good Visuals,-0.4079725404487601,0.14548891145779716,0.0,5.2008483457717,0.994409818294098,-2.7937863706959862,-1.5653147739128377,0.23686567369956085,-0.37014942588194444,-0.009035005455746191,28.513507758562845,1.015434339864102,1.5344985523239942,-0.015946968269242613
2283,9.294609300000001,0.5172632304135594,-1.562440219892791,0.0644085847138659,0.07232749358077584,-4.525196268696755,0.4469971687773008,-1.6321492656887344,0,0.0035859000000000004,1,Shared Control,0.01,Good Visuals,-0.39001166337045934,0.1494181373059923,0.0,5.191801456419256,0.9942247799335232,-2.7938709604600493,-1.565399363676901,0.25598165885034996,-0.023703243215530634,-0.009016121231919678,28.465501447676004,1.0159469682692426,1.573824385517399,-0.016377648788438275
2284,9.2982776,0.5111371247390594,-1.5533887807382873,0.06413995596175859,0.07876048495044707,-4.384882961322143,0.44101517500385046,-1.6292698239625603,0,0.0036683,1,Shared Control,0.01,Good Visuals,-0.40581196845064665,0.15298266191710427,0.0,5.184295521509841,0.9940733130959023,-2.7947388630615557,-1.5662672662784074,0.2319896362006772,-0.2523046023158919,-0.009623810754461051,28.426175614482602,1.0163776487884382,1.6096183529382386,-0.01676835458380623
2285,9.301651000000001,0.5064247357586746,-1.5487688811812692,0.06540956075482418,0.08050094278129105,-4.261066062848678,0.43552371556631597,-1.6264433903561064,0,0.0033734000000000004,1,Shared Control,0.01,Good Visuals,-0.41036589444699395,0.15644679459353322,0.0,5.177475605615723,0.993935438043259,-2.7955705216064963,-1.567098924823348,0.21805278912399864,-0.2326382681866903,-0.009812301198275671,28.390381647061762,1.0167683545838062,1.6444745247081756,-0.017148056468423628
2286,9.305374100000002,0.4999844708188156,-1.550126128401653,0.06446075525249961,0.07631726195445343,-4.149654249718025,0.4294744147672456,-1.6231263980907948,0,0.0037231,1,Shared Control,0.01,Good Visuals,-0.4182244053314581,0.15968243659365433,0.0,5.170841547033041,0.9938011685724543,-2.7966934196222257,-1.5682218228390776,0.20254080170272576,-0.31840810291201826,-0.01023311611586321,28.355525475291824,1.0171480564684237,1.6768836354963608,-0.01750271360201231
2287,9.309122400000001,0.49385836514431547,-1.5743746730940569,0.06438395037706984,0.048751724996737966,-4.122167339923145,0.4233970340408105,-1.619578620664345,0,0.0037483000000000004,1,Shared Control,0.01,Good Visuals,-0.4087524965581669,0.16327531806889892,0.0,5.164659292208145,0.9936763455409124,-2.7971531209900435,-1.5686815242068957,0.20755593262037403,-0.11864485826096605,-0.01029325046338634,28.32311636450364,1.0175027136020123,1.7131816067960588,-0.017896527579357897
2288,9.312690400000001,0.48914597616393074,-1.5849368747510564,0.06574894212312021,0.03464174591328861,-4.028342248566561,0.41762469100142996,-1.616008370028493,0,0.0035680000000000004,1,Shared Control,0.01,Good Visuals,-0.380513947670083,0.16716169201951794,0.0,5.157765672441737,0.9935365069088505,-2.796336724246858,-1.5678651274637103,0.2426257249948061,0.22821590115043122,-0.010512309976348283,28.28681839320394,1.017896527579358,1.7523047049699234,-0.018322511123065353
2289,9.3162625,0.4830198704894306,-1.5662230189762307,0.06539517948800067,0.04978535105226234,-3.855881143782704,0.41185881084520415,-1.612246404219531,0,0.0035721000000000004,1,Shared Control,0.01,Good Visuals,-0.37304087577990036,0.17107384741572587,0.0,5.150322518235262,0.99338580391373,-2.7953805025154654,-1.5669089057323176,0.24862264251847316,0.27814931973723844,-0.010990704413794131,28.247695295030077,1.0183225111230654,1.7914372385223314,-0.018751320558386277
2290,9.319629500000001,0.47830748150904595,-1.5543160620466776,0.0664486706638418,0.05793034217285342,-3.7472655492468925,0.4064365880965823,-1.6085295768050296,0,0.003367,1,Shared Control,0.01,Good Visuals,-0.3857664176739153,0.1746707304085542,0.0,5.142853986376083,0.9932351004688674,-2.7946620326544798,-1.5661904358713317,0.22185731674759826,0.20150040974472994,-0.011187404957454232,28.20856276147767,1.0187513205583862,1.8271219884311678,-0.019145573140112754
2291,9.324186800000001,0.46574111089468684,-1.5309378912319853,0.05930452279810455,0.0775916855730443,-3.4598980849288603,0.3991179832487866,-1.603236444421941,0,0.0045573,1,Shared Control,0.01,Good Visuals,-0.41391792116159826,0.18099715887696965,0.0,5.128943076516111,0.9929551672522681,-2.7944794355320415,-1.5660078387488932,0.1688965148805258,-0.015689028806672667,-0.011727545428074122,28.13585728372158,1.0195521280089164,1.8894082213037755,-0.01983900986345177
2292,9.330479500000001,0.46134288117966105,-1.5740082388179846,0.062224897930874434,0.029228205603956336,-3.4666387754623873,0.38905354236812806,-1.595436087023872,0,0.0062927,1,Shared Control,0.01,Good Visuals,-0.3809158959368,0.18346336483995396,0.0,5.124033637472639,0.9928580065776077,-2.792567855561423,-1.5640962587782745,0.19837397595125406,0.6322825953820441,-0.010733950135011399,28.110591778696225,1.0198390098634518,1.9138037116060764,-0.02010932949017147
2293,9.333813600000001,0.4564734125665969,-1.5829701972652646,0.06741987019846885,0.012465889758607407,-3.2641193491415477,0.3837414265706037,-1.5910741963198112,0,0.0033341,1,Shared Control,0.01,Good Visuals,-0.3475678943531057,0.18726393995426172,0.0,5.11935240554396,0.9927641073534982,-2.7894373125540732,-1.560965715770925,0.24531770129103342,0.8760194222491826,-0.011415989151220912,28.086196288393925,1.0201093294901715,1.9524079861601724,-0.020525908665487657
2294,9.337235000000002,0.4503473068920968,-1.5611733477670997,0.06660588032149306,0.029900848552711468,-2.9932859464404658,0.37830561511002353,-1.5864346809468515,0,0.0034214000000000002,1,Shared Control,0.01,Good Visuals,-0.3570271458852823,0.19095070335381625,0.0,5.112043542825634,0.9926153703158954,-2.787412721435937,-1.5589411246527887,0.22726712559322354,0.5862432657119871,-0.012625310524570188,28.04759201383983,1.0205259086654876,1.9887587912670963,-0.020930012994537887
2295,9.341390400000002,0.4426504048908018,-1.5668021566623564,0.06434478978077829,0.019632524284495023,-2.8923984675263688,0.3717254272542034,-1.5805789951683826,0,0.0041554,1,Shared Control,0.01,Good Visuals,-0.36970271100078184,0.19542351685654621,0.0,5.105057546247412,0.9924754807134257,-2.7848170540129886,-1.55634545722984,0.19436295015057653,0.5230985717636756,-0.012718439694889208,28.011241208732905,1.0209300129945378,2.0334869498260204,-0.021420275890091718
2296,9.3456436,0.43809509554309667,-1.5608901054133644,0.06636966828889329,0.019688889755018257,-2.742586584645768,0.36501609446816596,-1.5743368683778012,0,0.0042532,1,Shared Control,0.01,Good Visuals,-0.34741615214897703,0.19887740779102436,0.0,5.09652351624144,0.9923032617366583,-2.7816506687857583,-1.5531790720026097,0.21457938043959446,0.882050595361954,-0.012574485110354848,27.96651305017398,1.0214202758900917,2.066718994641866,-0.021798855182394175
2297,9.3491931,0.4318119102359171,-1.5369906649580165,0.06679581576775112,0.037346203419784674,-2.5608941668720844,0.3594375184750482,-1.5689367847381557,0,0.0035495,1,Shared Control,0.01,Good Visuals,-0.3573602670786613,0.20196196311445003,0.0,5.090057572778114,0.992175518532201,-2.7792173249860292,-1.5507457282028807,0.19497761519315035,0.7111921086450677,-0.01319942758524525,27.933281005358133,1.0217988551823942,2.0967846740727234,-0.022136951779409827
2298,9.352729700000001,0.4272566008882118,-1.531515928461768,0.06781908241316364,0.03742085627638758,-2.475074609992291,0.3538985831765263,-1.5633853466856658,0,0.0035366000000000004,1,Shared Control,0.01,Good Visuals,-0.3766560885592796,0.20461946376940604,0.0,5.0842468825964655,0.992059890403091,-2.777297759885348,-1.5488261631021993,0.15955232797090568,0.5357274708161448,-0.013490214080286151,27.903215325927277,1.0221369517794099,2.1225408665296057,-0.02242823912354786
2299,9.357496200000002,0.41641810623332703,-1.5272236046461702,0.06251952305680075,0.036161742039495515,-2.265631897520092,0.3464650542076052,-1.5556360348914264,0,0.0047665,1,Shared Control,0.01,Good Visuals,-0.3756295989088403,0.2095126083776014,0.0,5.074592038819888,0.9918680877386581,-2.773532323096356,-1.5450607263132072,0.14949334941128273,0.6061264989219115,-0.013923410467682574,27.853332300564695,1.0226996102022443,2.1702775620799164,-0.022964574305534162
2300,9.363508000000001,0.40573669121112177,-1.5498004382576878,0.059271637003516564,0.005835596633738671,-2.141933927954457,0.3371433197960053,-1.5454300998035384,0,0.0060118,1,Shared Control,0.01,Good Visuals,-0.3499113622007465,0.2142530869950502,0.0,5.06531404418593,0.9916830851191788,-2.766890943336821,-1.5384193465536726,0.16751888737921508,1.0323635975875751,-0.0135987259333236,27.805227698302712,1.0232386029116547,2.216422726419344,-0.023484175843108437
2301,9.3698057,0.40149554112877556,-1.5531385559752038,0.06435222133277024,-0.007708456171665379,-2.0336133186859415,0.32744566077493087,-1.5342302020662355,0,0.006297700000000001,1,Shared Control,0.01,Good Visuals,-0.3057669974686087,0.21749771155629885,0.0,5.061112460421315,0.991599872939581,-2.760844879179565,-1.5323732823964165,0.21771490292177967,1.6772724934824597,-0.01269913119925347,27.783577273580654,1.0234841758431084,2.248866010673637,-0.023839817550819244
2302,9.374392700000001,0.39379863912748053,-1.5217822861408195,0.06635297835254966,0.012447915925416053,-1.7902105450015056,0.32042749211591226,-1.5257505269413314,0,0.004587,1,Shared Control,0.01,Good Visuals,-0.31765289868093494,0.22146031069481975,0.0,5.054924809814554,0.9914749893572483,-2.754917991461784,-1.5264463946786357,0.20051815484569177,1.34536880142117,-0.013996460873441963,27.751133989326362,1.0238398175508192,2.2879751070540135,-0.024274156100008618
2303,9.3778614,0.38940040941245485,-1.4962528791325092,0.06897291729654259,0.029497647808822247,-1.5507289401610818,0.3151465066115603,-1.5191605911707746,0,0.0034687000000000003,1,Shared Control,0.01,Good Visuals,-0.34725108461000964,0.22392580752495844,0.0,5.0474171373161925,0.9913245426236017,-2.7513664920166403,-1.522894895233492,0.14908650898237166,0.9929542441758334,-0.014694551201482298,27.712024892945987,1.0242741561000086,2.3106366840533896,-0.024544397999024716
2304,9.381472,0.3834313833706342,-1.4822415386975218,0.06828487675907391,0.03691905247325278,-1.3106849653580421,0.30967404949804234,-1.5121406742643715,0,0.0036106000000000003,1,Shared Control,0.01,Good Visuals,-0.3770630449638656,0.22556273444272118,0.0,5.042904936216703,0.9912376760807213,-2.749264392989809,-1.5207927962066605,0.09864573441987619,0.6081934516192007,-0.015444816202980473,27.68936331594661,1.0245443979990247,2.3258614010647496,-0.02472382075609307
2305,9.384825000000001,0.37871899439024953,-1.48215603404046,0.0690449448922072,0.029984640223911452,-1.1153820453146248,0.30461497508994456,-1.5054767906641544,0,0.003353,1,Shared Control,0.01,Good Visuals,-0.3807418274358511,0.22689159832534778,0.0,5.03989234048713,0.9911792864456144,-2.746965137957462,-1.518493541174314,0.07892195963451668,0.6488106079199465,-0.015402523522860931,27.67413859893525,1.0247238207560931,2.3384982544322366,-0.02486947687488626
2306,9.3885214,0.37290704798110846,-1.492489683682606,0.0682920728911639,0.012987106981548369,-0.9575123979490816,0.29906395199530306,-1.4979708075801024,0,0.0036964000000000003,1,Shared Control,0.01,Good Visuals,-0.37752711823945495,0.22808038601518393,0.0,5.037420469073239,0.9911307700039454,-2.7445963169129857,-1.5161247201298376,0.07217533569962242,0.6911826110166777,-0.015665717902878448,27.66150174556776,1.0248694768748863,2.3498942726988616,-0.024999779310850134
2307,9.3929083,0.3670951015719673,-1.4977472136896117,0.06803114957666423,0.0002235938904906476,-0.8165417217967879,0.2925124289271503,-1.4888484351034332,0,0.0043869,1,Shared Control,0.01,Good Visuals,-0.35673563705518974,0.23002411276515886,0.0,5.035200566944286,0.9910870014459675,-2.740081570448384,-1.511609973665236,0.08880290704406676,0.9812959625720916,-0.015576082346793741,27.65010572730114,1.02499977931085,2.369346178465367,-0.025212830247140352
2308,9.3967626,0.356727845815121,-1.5138924104545153,0.06421541688797072,-0.02504397535108205,-0.7573134731702279,0.2867897142705128,-1.480644497048336,0,0.0038543,1,Shared Control,0.01,Good Visuals,-0.33594368917274403,0.23306008773105888,0.0,5.028535587188829,0.9909542743498747,-2.7324107181165016,-1.503939121333354,0.10158063896545706,1.2439127607605664,-0.015892207047540966,27.615576403996496,1.0253876176342833,2.398218894711169,-0.025545601974980698
2309,9.402966300000001,0.35217253646741575,-1.5142933837612897,0.06538282219690295,-0.03364888671295385,-0.6799789632047488,0.27764609938157503,-1.4670752625238828,0,0.0062037,1,Shared Control,0.01,Good Visuals,-0.2979207180787773,0.23544146987106487,0.0,5.025846463043738,0.9909013011162089,-2.725919626823628,-1.49744803004048,0.14729432066285247,1.7961954986091895,-0.014966050693596977,27.60178110528883,1.0255456019749807,2.422018042945668,-0.02580662410404263
2310,9.407752,0.3421194399759284,-1.4616679885482395,0.06447334059435339,0.005407273975643223,-0.38609111895390935,0.2706507821823353,-1.456306405716507,0,0.0047857,1,Shared Control,0.01,Good Visuals,-0.3276243934191591,0.23936664750334818,0.0,5.016952206329576,0.9907237716006133,-2.7151434720112726,-1.4866718752281245,0.0959892495214079,1.328094024621695,-0.016375800180243528,27.555601037204024,1.0260621824450327,2.4590784525642655,-0.026236860900276545
2311,9.413473100000001,0.33206634348444114,-1.4641554891486988,0.06141556130210585,-0.007849083432191817,-0.2547476728204956,0.2623567226505614,-1.4430964693873174,0,0.005721100000000001,1,Shared Control,0.01,Good Visuals,-0.33356322918588227,0.24163474161788373,0.0,5.0116401200405685,0.9906207734490508,-2.705852595865788,-1.4773809990826403,0.07120336502247078,1.407250968753953,-0.01580090778366268,27.52873376182426,1.0263785639026106,2.4803600793323866,-0.0264854655843981
2312,9.4197749,0.3275110341367359,-1.4645474239755512,0.06515431148617445,-0.02145095458823376,-0.12436145533174597,0.2533095433508239,-1.4281323201709761,0,0.006301800000000001,1,Shared Control,0.01,Good Visuals,-0.2999071798682961,0.24329856298405497,0.0,5.009843837699028,0.9905859107060858,-2.699038203058016,-1.4705666062748683,0.10836842152477306,1.9008069198806226,-0.014840133286551645,27.519639920667615,1.026485465584398,2.4969698037234993,-0.026667836228773407
2313,9.424403600000002,0.32059953029883836,-1.4424077549169043,0.06728998694801447,-0.014275434745928184,0.0920865889806298,0.24672512075023828,-1.4168720763652147,0,0.0046287,1,Shared Control,0.01,Good Visuals,-0.30495883213382524,0.24522386265331628,0.0,5.006675188095718,0.990522006564639,-2.691489850454156,-1.4630182536710084,0.096302736249377,1.713937604473113,-0.01585195035680175,27.5030301962765,1.0266678362287733,2.5156472001653145,-0.02687886738177918
2314,9.427864300000001,0.31635838021649215,-1.4213903172727633,0.06963325946625387,-0.0045182409075485985,0.3017791879588585,0.24183653523670426,-1.408307805421532,0,0.0034607,1,Shared Control,0.01,Good Visuals,-0.32251675999534835,0.24624966382652475,0.0,5.0030603848555115,0.9904502562165539,-2.6861729621655077,-1.4577013653823603,0.061095890044442144,1.4845837629553031,-0.016501110517283344,27.484352799834685,1.0268788673817792,2.524642772683623,-0.026991304945548102
2315,9.431267,0.31054643380735103,-1.4089989746538536,0.06870989857064677,-0.0006911692323214869,0.49169751396092665,0.23705898217827454,-1.399768073840482,0,0.0034027000000000003,1,Shared Control,0.01,Good Visuals,-0.343776698783234,0.24662099151756514,0.0,5.001225550431382,0.9904158965354181,-2.682060150008372,-1.4535885532252244,0.022295389202453043,1.1978483055587246,-0.017147166734710187,27.475357227316376,1.0269913049455481,2.5276363215578432,-0.02703200599174591
2316,9.4346654,0.30630528372500476,-1.4119554554729188,0.06924630154673023,-0.012187381632436711,0.6192389248892949,0.23231666686154523,-1.3911234448311864,0,0.0033984,1,Shared Control,0.01,Good Visuals,-0.34290524839775127,0.2468011767128225,0.0,5.000586417371403,0.9904045226269511,-2.6774665842162078,-1.44899498743306,0.010525674970381862,1.284554192439674,-0.01694530331256424,27.472363678442157,1.027032005991746,2.5292120449496736,-0.027051756002675023
2317,9.4383791,0.30065041694854316,-1.4179425387222575,0.06833375008699794,-0.026819093891071066,0.7321811431962731,0.22716819215489664,-1.3815470313588685,0,0.0037137000000000003,1,Shared Control,0.01,Good Visuals,-0.3341794625233396,0.24703170111308825,0.0,5.000264553376442,0.9903985053743288,-2.6727705805815325,-1.4442989837983848,0.013977002794806338,1.3733414150655792,-0.01709006870474396,27.470787955050326,1.027051756002675,2.5314723786269444,-0.027077023669189872
2318,9.442222200000002,0.29515262980476104,-1.433927750756518,0.0679844376498644,-0.052380719397649544,0.7733424400127874,0.22187803509341614,-1.371497125300864,0,0.0038431000000000003,1,Shared Control,0.01,Good Visuals,-0.31509574083348046,0.2476043869474355,0.0,4.999829482749875,0.9903898180242677,-2.6662380623188002,-1.4377664655356528,0.030182973606790408,1.6380436967733552,-0.016880602527427742,27.468527621373056,1.02707702366919,2.537267360271608,-0.027139795482773958
2319,9.4456313,0.2909114797224148,-1.4312432695071688,0.06903344462899869,-0.05974614420630475,0.859840041833784,0.2172178281614556,-1.3624655808156605,0,0.0034091000000000004,1,Shared Control,0.01,Good Visuals,-0.28795978955893264,0.2486373704628045,0.0,4.998731531783271,0.9903675090481118,-2.659300683811922,-1.430829087028775,0.06120694882619914,1.941883416900735,-0.016833245006260825,27.462732639728394,1.027139795482774,2.5475634694148566,-0.02725302029954646
2320,9.449287700000001,0.28557077221131216,-1.4022821388319535,0.06835294404985656,-0.039816558016293024,0.9995642439860607,0.21225399901260011,-1.3526596462082228,0,0.0036564,1,Shared Control,0.01,Good Visuals,-0.28577569890663335,0.24959734671371286,0.0,4.996766052780807,0.9903279032996921,-2.6527194851324203,-1.4242478883492729,0.05847854351448513,1.921293477988569,-0.01716429414654385,27.452436530585143,1.0272530202995465,2.5566579333330086,-0.02735824282584808
2321,9.452716100000002,0.28132962212896595,-1.3815357052828072,0.06907562311636584,-0.02887605907458446,1.0699032843558154,0.2076324599648158,-1.3433554259323794,0,0.0034284000000000003,1,Shared Control,0.01,Good Visuals,-0.3019918507660133,0.25006420765203946,0.0,4.994984705476293,0.9902930163165309,-2.6462451352812013,-1.4177735384980539,0.02716321383323592,1.7911663396278756,-0.017060713474915064,27.443342066666993,1.027358242825848,2.5606658931666124,-0.02740941522445251
2322,9.4575767,0.27206192380087607,-1.3454032398239608,0.06442946383606027,-0.0020478138915813737,1.2357246791644005,0.2011353529345328,-1.3299868518880875,0,0.0048606000000000005,1,Shared Control,0.01,Good Visuals,-0.3226778629698411,0.2499322721563339,0.0,4.99408523632656,0.9902770813243645,-2.6350297924485493,-1.4065581956654016,-0.011513570819442048,1.5995570465376039,-0.01713671848171894,27.43914506161544,1.0274157118341591,2.5588322815802256,-0.027394953839440267
2323,9.463367600000002,0.2667212162897734,-1.3393568841546102,0.06558586335524061,-0.009370032266522665,1.2854236402008872,0.19348027608427865,-1.3137959431451829,0,0.005790900000000001,1,Shared Control,0.01,Good Visuals,-0.319762359780872,0.24967453093293118,0.0,4.994458432118568,0.9902848888536333,-2.629013260862499,-1.4005416640793513,-0.016733396081924787,1.7543977331458187,-0.016103002290360886,27.441167718419774,1.0273949538394402,2.556315504003032,-0.027366702950282498
2324,9.466686800000002,0.26263714584010667,-1.3421051035774827,0.06915686975582802,-0.028309160432299807,1.3105232262040079,0.189135109068976,-1.304390494269308,0,0.0033192,1,Shared Control,0.01,Good Visuals,-0.31831861225298286,0.24936410330853903,0.0,4.994943841016885,0.9902945589849941,-2.6226655109407995,-1.3941939141576516,-0.018885760469037942,1.765225228503799,-0.01637511966905102,27.44368449599697,1.0273667029502824,2.553301840002242,-0.027332677130538056
2325,9.4703072,0.25729643832900406,-1.3448697408755317,0.06816132926002808,-0.040479246606223596,1.3290153998964167,0.184431415845816,-1.2940305812427726,0,0.0036204,1,Shared Control,0.01,Good Visuals,-0.3174402612120233,0.24906042755583932,0.0,4.995526802708154,0.9903061347105814,-2.6169438803873093,-1.3884722836041616,-0.018470514666502777,1.675342748152377,-0.017245240814287476,27.44669815999776,1.027332677130538,2.5504071792725935,-0.027299391380140196
2326,9.4745767,0.25179865118522193,-1.351722227713802,0.06736723533940595,-0.05769164647102931,1.2897452167119958,0.17893286442904713,-1.281681527924185,0,0.0042695,1,Shared Control,0.01,Good Visuals,-0.300452975494637,0.2490572539952458,0.0,4.996091993232493,0.9903172423003936,-2.6081815204740564,-1.379709923690909,-0.0001461900347828516,1.9138476134135889,-0.016976289808276934,27.449592820727407,1.0272993913801403,2.5506554208518906,-0.027299043527719155
2327,9.478407800000001,0.24661502330679874,-1.3598209840775477,0.06768215887775161,-0.0781394561533626,1.1920435214594594,0.1740440312335155,-1.2704827029582817,0,0.0038311,1,Shared Control,0.01,Good Visuals,-0.2794385406703671,0.24948150104612313,0.0,4.996071352141668,0.9903162307998075,-2.6008410965730135,-1.3723694997898663,0.02658079510445005,2.15185972708802,-0.016778298642883927,27.44934457914811,1.0272990435277192,2.5550957798959018,-0.027345545039008712
2328,9.481672300000001,0.24284511212249102,-1.353083550186109,0.06880108088897552,-0.08260084722782723,1.1200570863601933,0.16991223455626064,-1.26085479419002,0,0.0032645,1,Shared Control,0.01,Good Visuals,-0.2607074621180837,0.25039432859600685,0.0,4.99524396740962,0.990299107859027,-2.592400283627606,-1.3639286868444584,0.05422876497636258,2.3506120876125154,-0.016885446590863662,27.4449042201041,1.0273455450390088,2.5642588385786156,-0.027445599619302336
2329,9.485256300000001,0.23766148424406783,-1.3313632495879577,0.06774924968780718,-0.07050845539793782,1.0813870717488536,0.1654124030943558,-1.2501967638647165,0,0.0035840000000000004,1,Shared Control,0.01,Good Visuals,-0.2617616350694871,0.2513019256130543,0.0,4.993501025166729,0.9902638487058393,-2.5845818469754223,-1.356110250192275,0.055614379281437726,2.2809571001497817,-0.017227400455874585,27.435741161421383,1.0274455996193024,2.572905504167149,-0.027545080883455676
2330,9.4889051,0.2335774137944011,-1.313654387618046,0.06816501070004533,-0.06345762375332953,1.0119872710027202,0.16087062078413306,-1.2392543551487056,0,0.0036488000000000002,1,Shared Control,0.01,Good Visuals,-0.26837190521175835,0.25208786975622727,0.0,4.991812335362917,0.9902306708801033,-2.5763764905702455,-1.3479048937870983,0.0459415664526114,2.253104620016652,-0.017025516905385563,27.42709449583285,1.0275450808834556,2.5802989697672247,-0.02763122783573535
2331,9.4927302,0.22855086554865744,-1.2910616263672599,0.06768024476452439,-0.05180727121855422,0.9837509998429151,0.15615244107191753,-1.2276870902709764,0,0.0038251,1,Shared Control,0.01,Good Visuals,-0.27733198913113577,0.2527641110413757,0.0,4.990359013552274,0.9902023225605846,-2.5679494725257994,-1.3394778757426522,0.0362006642689435,2.1340165728294265,-0.017183572339284865,27.419701030232776,1.0276312278357354,2.5866570155062507,-0.027705350311521017
2332,9.4962695,0.22352431730291375,-1.2801962220188292,0.06737187623099622,-0.052509131747852766,0.9273459297555986,0.15182635511357614,-1.2168993202224905,0,0.0035393000000000004,1,Shared Control,0.01,Good Visuals,-0.2863656942298185,0.2531345028561226,0.0,4.989108901568169,0.9901779456550612,-2.5609339259990507,-1.3324623292159032,0.02309557745619188,2.0575260365278325,-0.017107136902967727,27.41334298449375,1.027705350311521,2.5899082795232453,-0.02774594877677704
2333,9.499730300000001,0.21975440611860603,-1.2860424519335711,0.06792805100502988,-0.06914313171108066,0.8356515202378302,0.14763327349467154,-1.2062746700117002,0,0.0034608000000000004,1,Shared Control,0.01,Good Visuals,-0.2840882510797115,0.2535770104408369,0.0,4.988446250791858,0.9901655308886511,-2.5533661761182174,-1.3248945793350697,0.026391284020006425,2.113129277310887,-0.01705414639621745,27.410091720476753,1.027745948776777,2.5942118742653135,-0.027794451816229537
2334,9.503456100000001,0.21472785787286236,-1.2820197094356476,0.06709458437819082,-0.07574503942394739,0.8001823073775033,0.1431603692230856,-1.1947552192126634,0,0.0037258,1,Shared Control,0.01,Good Visuals,-0.2703369357496078,0.25434525478852077,0.0,4.987614593188895,0.9901490001354297,-2.5457405312276906,-1.317268934444543,0.04766887058404361,2.2289386444893067,-0.017224992098928166,27.405788125734688,1.0277944518162296,2.601843717616585,-0.02787865870260172
2335,9.507537600000001,0.20970130962711866,-1.288509508695809,0.06654094040403308,-0.09375428948314557,0.6958307516165816,0.13830988589396326,-1.182042971775917,0,0.0040815,1,Shared Control,0.01,Good Visuals,-0.25954737651532045,0.2554697702451021,0.0,4.986155464705454,0.9901196514583388,-2.53623107616577,-1.3077594793826226,0.060525042043979044,2.379505320268346,-0.01706518915860085,27.398156282383415,1.0278786587026016,2.61288878545841,-0.028001916290583448
2336,9.510580000000001,0.20608847807549044,-1.2805131681575483,0.06777859218152718,-0.09847019638163124,0.6479047959139196,0.13472813274053844,-1.1725062251393612,0,0.0030424000000000002,1,Shared Control,0.01,Good Visuals,-0.23881817384491338,0.2569516818215614,0.0,4.98403173448325,0.9900772037511238,-2.526935724044377,-1.2984641272612296,0.09020783074393163,2.601189903845828,-0.01699919875691136,27.38711121454159,1.0280019162905834,2.6273348396459393,-0.028164347892076842
2337,9.514277300000002,0.20106192982974674,-1.2519795922474746,0.06633379708920831,-0.07947336710811337,0.6559042510534696,0.1304145525853186,-1.1608493853438255,0,0.0036973,1,Shared Control,0.01,Good Visuals,-0.2401340431937839,0.25838533450003326,0.0,4.981243553862667,0.9900217099447195,-2.51829709881463,-1.2898255020314828,0.08952258792488188,2.523257749078992,-0.01741582325254114,27.37266516035406,1.0281643478920768,2.6409235448665735,-0.028321489859417334
2338,9.517682800000001,0.1974490982781185,-1.2368069199774008,0.0670345456927999,-0.07595753463357524,0.5946485259139023,0.1264796523101537,-1.1500497870430575,0,0.0034055,1,Shared Control,0.01,Good Visuals,-0.2515721108224924,0.25954223996919507,0.0,4.978583200465407,0.9899695942401965,-2.509532692652571,-1.2810610958694237,0.0704122320991782,2.450622458913709,-0.017139680349552423,27.359076455133426,1.0283214898594173,2.651667445771819,-0.028448297700801095
2339,9.521313500000002,0.1925796296650543,-1.2256011747213846,0.06609997735490059,-0.07555138767832714,0.5513247544230706,0.12232516384162276,-1.1384725847440949,0,0.0036307,1,Shared Control,0.01,Good Visuals,-0.25840205320421444,0.2605692245792821,0.0,4.976457638617171,0.9899284399195639,-2.5013122564670627,-1.2728406596839157,0.06290552267928966,2.338739703976813,-0.017398296144426645,27.348332554228183,1.0284482977008012,2.661319736890092,-0.028560864980506185
2340,9.5249904,0.18786724068466962,-1.2163273397469738,0.06554207684304686,-0.07785475500287897,0.49913371827503106,0.11816076696868327,-1.1266843029036353,0,0.0036769000000000003,1,Shared Control,0.01,Good Visuals,-0.254030622293682,0.2619548118904466,0.0,4.974559864937782,0.9898914424672633,-2.490475096120119,-1.2620034993369722,0.06756041806384394,2.4205758966615694,-0.017223619844074552,27.338680263109907,1.0285608649805063,2.6748401107876436,-0.028712738526496768
2341,9.5292065,0.18315485170428494,-1.2123029160455845,0.06499408473560167,-0.08561861314194918,0.4012772581893953,0.11343917845719113,-1.1130923176684033,0,0.0042161,1,Shared Control,0.01,Good Visuals,-0.24880834574409572,0.26310880064479264,0.0,4.971951971066712,0.9898395082053406,-2.482009617316224,-1.2535380205330773,0.0739850802080182,2.4645488380723917,-0.017169062410329537,27.325159889212358,1.0287127385264967,2.685554880918492,-0.028839226668199283
2342,9.533031000000001,0.17954202015265666,-1.2071010443135888,0.06610284169546553,-0.09400872664518545,0.30197967944017023,0.10920584016272392,-1.1006971978787659,0,0.0038245,1,Shared Control,0.01,Good Visuals,-0.23826452176265733,0.26456837796167204,0.0,4.969832185078077,0.9897984712217484,-2.472632328991159,-1.2441607322080124,0.08985556815067447,2.5964360186800866,-0.01710051568379018,27.31444511908151,1.0288392266681994,2.699717306512908,-0.028999210222447912
2343,9.536480500000001,0.1746725515395925,-1.203091826904056,0.06546671137686857,-0.10239462902529017,0.19798555481525104,0.10542834122659546,-1.0894669144888183,0,0.0034495000000000003,1,Shared Control,0.01,Good Visuals,-0.235294370061576,0.26608110714046684,0.0,4.9670928419668865,0.9897440916183948,-2.463856244278843,-1.2353846474956967,0.09715174330243466,2.574009301163147,-0.0174887216060265,27.30028269348709,1.028999210222448,2.714098280897171,-0.029165019726227145
2344,9.540912700000002,0.16681856990561802,-1.1987558202444428,0.061390228679022565,-0.10928890575562455,-0.035096501708334366,0.1006317032791838,-1.0749712135936396,0,0.0044322,1,Shared Control,0.01,Good Visuals,-0.20079335018712818,0.27053107226787615,0.0,4.960418375086286,0.9896120948223772,-2.442459720583469,-1.2139881238003223,0.14978969496184116,2.946389498733284,-0.01738758503389316,27.26589054492169,1.0293903285131467,2.7570816648811447,-0.029652778222561876
2345,9.5473317,0.1622632605579128,-1.1646273218257344,0.06163155727872899,-0.0896561082320948,-0.05365408650433326,0.09379915863247444,-1.0538560930874028,0,0.006419,1,Shared Control,0.01,Good Visuals,-0.19610291906444066,0.2727850676175217,0.0,4.955950095418582,0.9895239582409688,-2.4321584525632858,-1.2036868557801395,0.15619617929631213,3.0201911634170693,-0.016607964391306098,27.242918335118855,1.029652778222562,2.7782300568907377,-0.029899837547974758
2346,9.550821500000001,0.15865042900628457,-1.1496478867144533,0.06485127037381012,-0.09579179362705048,-0.15335023018841226,0.09014152797894631,-1.042321308167448,0,0.0034898000000000004,1,Shared Control,0.01,Good Visuals,-0.21647690851376825,0.27472345286943967,0.0,4.951789712804744,0.9894429342564559,-2.4221746897199483,-1.1937030929368022,0.12725565513115566,2.794615211570979,-0.016812168519651248,27.221769943109262,1.0298998375479747,2.7962185111266873,-0.030112303005281244
2347,9.554373900000002,0.15425219929125883,-1.1459315265916477,0.06411067131231252,-0.1036102184241996,-0.24860261484413365,0.08645969561197185,-1.0305431723756264,0,0.0035524000000000003,1,Shared Control,0.01,Good Visuals,-0.22612515753627066,0.2765490921653149,0.0,4.948231119442072,0.9893740692627063,-2.4132221912876117,-1.1847505945044656,0.11833024817702592,2.5993723853362214,-0.017816164920062716,27.20378148887331,1.0301123030052812,2.81333704818919,-0.03031241043361162
2348,9.5583328,0.1487544121474767,-1.149980857279228,0.06229471653550485,-0.11943768490360163,-0.36157284522609545,0.08240592606997449,-1.0173773330747333,0,0.0039589000000000004,1,Shared Control,0.01,Good Visuals,-0.2145160054566474,0.2795333289109029,0.0,4.944862819586937,0.9893084969158283,-2.399538302903532,-1.171066706120386,0.13516385360580963,2.740724319836488,-0.017729747949528925,27.18666295181081,1.0303124104336117,2.842646811905791,-0.030639511160484564
2349,9.562968900000001,0.1454557398612074,-1.1378657385024469,0.06304981379123292,-0.12048840542771355,-0.42138051181714536,0.07772509593596595,-1.0019108552483296,0,0.004636100000000001,1,Shared Control,0.01,Good Visuals,-0.189540671135549,0.2821427119080266,0.0,4.939230132874485,0.9891959140940135,-2.3887003761623298,-1.160228779379184,0.1692232142398036,3.0102843488604423,-0.017413449486730737,27.15735318809421,1.0306395111604845,2.8667400787369153,-0.030925524351733874
2350,9.5665227,0.1410575101461817,-1.1106171068016064,0.06333241421021575,-0.10870625155327684,-0.44706180383082955,0.07418562057410168,-0.9900232329125861,0,0.0035538,1,Shared Control,0.01,Good Visuals,-0.19194077272577226,0.2846106805628462,0.0,4.934452387497896,0.9891037319700743,-2.3787183773334717,-1.1502467805503256,0.1667922589726628,2.9233288903116827,-0.01778904544835455,27.133259921263086,1.030925524351734,2.889798943911922,-0.031196037186241612
2351,9.569749000000002,0.13775883785991241,-1.0978982482547237,0.06357321728581074,-0.10787501534213761,-0.5304569748959557,0.07100894718354986,-0.9792097753206728,0,0.0032263,1,Shared Control,0.01,Good Visuals,-0.20471080855623017,0.2869034939478947,0.0,4.929907925749575,0.9890154492437432,-2.3688233579557094,-1.1403517611725635,0.14784979443483837,2.784662401576551,-0.018025081510057578,27.11020105608808,1.0311960371862416,2.9111292323174527,-0.03144735133748722
2352,9.5744381,0.13257520998148925,-1.0877673947559126,0.06156626279793939,-0.10855761943523978,-0.5690559223683909,0.06645424309597589,-0.9634616630565395,0,0.0046891,1,Shared Control,0.01,Good Visuals,-0.20646103611175018,0.2897522011122747,0.0,4.925695126943801,0.98893381510775,-2.3567764164203493,-1.1283048196372034,0.1473222752668137,2.7296901491763976,-0.018239378160807798,27.088870767682547,1.031447351337487,2.938418348129351,-0.03175959673339774
2353,9.577915500000001,0.12943361732789946,-1.0694747124543635,0.06297937423192357,-0.10601304939782408,-0.5313920804750795,0.06312423911284254,-0.951761919387561,0,0.0034774000000000003,1,Shared Control,0.01,Good Visuals,-0.1955848226936768,0.29220168959698184,0.0,4.920385799931466,0.9888291866623868,-2.346327050217533,-1.1178554534343867,0.1588363019384577,2.8753656208735663,-0.01783896015995969,27.06158165187065,1.0317595967333977,2.960871915821274,-0.032028083965518046
2354,9.581587500000001,0.12519246724555325,-1.053634561856154,0.06206822813271071,-0.10187264246859296,-0.4943186437885637,0.05965207743584047,-0.9393911270363667,0,0.0036720000000000004,1,Shared Control,0.01,Good Visuals,-0.20478173638677788,0.29429283717959603,0.0,4.915917924196666,0.9887433561247626,-2.337132076057176,-1.1086604792740302,0.14210068930978842,2.7133422333441306,-0.018402679560328688,27.039128084178728,1.032028083965518,2.9800471405229505,-0.03225729362701122
2355,9.585043800000001,0.12110839679588652,-1.0588463769919834,0.061456319360046044,-0.11945524995561663,-0.5393162724357068,0.056425401377153045,-0.9277343518331441,0,0.0034563000000000003,1,Shared Control,0.01,Good Visuals,-0.20416711869399012,0.29663866481067763,0.0,4.912103338054512,0.9886700635538956,-2.3261519980835192,-1.0976804013003736,0.13692799615633308,2.745568607135607,-0.018266234955885852,27.01995285947705,1.0322572936270111,3.0022340486857884,-0.032514418643778034
2356,9.589287100000002,0.1137256540599505,-1.025868299945699,0.05730025268279745,-0.09813394811255483,-0.4432663117148363,0.052519132503405695,-0.9134102767876974,0,0.0042433,1,Shared Control,0.01,Good Visuals,-0.17597317840782226,0.30196425684766676,0.0,4.903081320521316,0.9884939307197328,-2.303620218609632,-1.0751486218264867,0.16933937004954025,2.984497418085448,-0.01841156172333082,26.973951209445264,1.032792269348005,3.0522930268433552,-0.03309815417645766
2357,9.5964583,0.10979866324296327,-1.0185879780600284,0.05727953073955757,-0.10517770127233106,-0.4455733466159699,0.04605574699425244,-0.8891820149912586,0,0.007171200000000001,1,Shared Control,0.01,Good Visuals,-0.18365761261845376,0.3039931510696028,0.0,4.897928952206741,0.9883934747446768,-2.2935160824298704,-1.065044485646725,0.14974350325234329,2.9530442423900465,-0.017302628218544457,26.947706973156645,1.0330981541764577,3.070285547689957,-0.03332054027760221
2358,9.5999922,0.10697122985473245,-1.0219612917790497,0.060915482860480014,-0.1327792767877911,-0.4415179583388304,0.04293456979316317,-0.8772387130916626,0,0.0035339000000000004,1,Shared Control,0.01,Good Visuals,-0.1763927755773081,0.30620568369678514,0.0,4.894287938695296,0.9883248977488432,-2.282654537018751,-1.0541829402356058,0.1557092822611066,3.02154433224445,-0.017412585041306283,26.929714452310044,1.0333205402776022,3.0910794896824605,-0.03356305489433006
2359,9.603878600000002,0.10288715940506572,-0.9996062805998618,0.05995258961190255,-0.12236756750819922,-0.31672171934729576,0.039550791012500815,-0.8641053201418143,0,0.0038864000000000004,1,Shared Control,0.01,Good Visuals,-0.16667069046955504,0.3089895968224319,0.0,4.890204849646953,0.9882453226723367,-2.270517197630218,-1.0420456008470727,0.1657159616040488,3.0163873424457512,-0.018652667077013078,26.90892051031754,1.03356305489433,3.117519420687515,-0.033868198247415736
2360,9.608245700000001,0.09801769079200154,-0.9770566982236123,0.058466899779500724,-0.112951378081798,-0.20785013369130284,0.03580937169460857,-0.8493531939683979,0,0.0043671000000000005,1,Shared Control,0.01,Good Visuals,-0.17195407889297315,0.3120002177212137,0.0,4.885041126061004,0.9881440763863063,-2.255922504701895,-1.0274509079187497,0.1477209721483707,2.9505090323103,-0.018524726492642488,26.882480579312485,1.0338681982474158,3.1456119256743174,-0.0341981909283873
2361,9.612772300000001,0.09236282401553991,-0.9688200375045732,0.05655345232093134,-0.11946684353617532,-0.14247429182120142,0.03199927706444193,-0.8340736581316786,0,0.0045266,1,Shared Control,0.01,Good Visuals,-0.17368946154276174,0.31525582010920594,0.0,4.879505557117497,0.9880366466881385,-2.238339554699561,-1.0098679579164154,0.1344091794708752,2.923669770923561,-0.01824168546068861,26.854388074325684,1.0341981909283873,3.175971284385737,-0.03455503591030636
2362,9.6185588,0.08670795723907829,-0.9608915413255845,0.05470868017463636,-0.12681788319390597,-0.06286778193007886,0.02722936446798985,-0.814566660352896,0,0.0057865,1,Shared Control,0.01,Good Visuals,-0.15759074037441018,0.31866474870213835,0.0,4.873521969286578,0.9879205682278815,-2.219890789017137,-0.9914191922339912,0.1461311242271177,3.076999463352754,-0.017828804991442085,26.82402871561426,1.0345550359103064,3.2075865293395123,-0.0349286869023916
2363,9.625034800000002,0.0819955682586936,-0.9528167159787964,0.05476620379070375,-0.13825005562590031,0.015738082012386745,0.022024800787990174,-0.7927817087701227,0,0.006476,1,Shared Control,0.01,Good Visuals,-0.1410114628150139,0.3216162133654014,0.0,4.867273998788612,0.987799753095511,-2.203823744279669,-0.9753521474965233,0.15763131473401867,3.2246953813282384,-0.017433727819676153,26.792413470660488,1.0349286869023917,3.2342254545040374,-0.03525219549738511
2364,9.629533400000001,0.07571238295151402,-0.9697898574918737,0.053687582163523845,-0.17700814872175108,0.06657317773709254,0.01849236182979394,-0.7776853114788845,0,0.0044986,1,Shared Control,0.01,Good Visuals,-0.10988692641129674,0.32584041563274285,0.0,4.858214053475008,0.9876287800053782,-2.181982288570071,-0.9535106917869252,0.1833691092561547,3.471100610718426,-0.018192635452086582,26.747523881652445,1.0354814140925,3.2721769492939763,-0.03571520823729207
2365,9.6359481,0.07288494956328319,-0.9522655065651313,0.05439258773348925,-0.17458019508624678,0.22479914122812075,0.013572626493163181,-0.7562222018675688,0,0.006414700000000001,1,Shared Control,0.01,Good Visuals,-0.08581133204683247,0.3285702739142236,0.0,4.854313542230454,0.9875535468932405,-2.168818143081082,-0.9403465462979363,0.21119452475855047,3.700808380137995,-0.017493584086479642,26.727823050706025,1.035715208237292,3.2979246853724384,-0.036014426665405275
2366,9.640995,0.06597344572538566,-0.8989574614669129,0.05240081923222248,-0.14273525959934408,0.5383215160442802,0.009798531862762989,-0.7393964517540116,0,0.0050469,1,Shared Control,0.01,Good Visuals,-0.11221542379059665,0.33330000338930516,0.0,4.844734053587512,0.9873687120932564,-2.1432561630650375,-0.9147845662818918,0.14895991889838112,3.2901384056859184,-0.018492871039069454,26.679415894243075,1.0362892760510616,3.340588645221311,-0.03653284999475368
2367,9.6470798,0.06267477343911637,-0.8826469651005735,0.052876241576353386,-0.14325051334656191,0.6707438383619481,0.005360969259615003,-0.7191924057699234,0,0.0060848000000000005,1,Shared Control,0.01,Good Visuals,-0.11273632982526882,0.335547701564591,0.0,4.840721667133343,0.9872924994374389,-2.1284111244876778,-0.899939527704532,0.13836443182115268,3.276254899993332,-0.017465193227702118,26.65941135477869,1.0365328499947537,3.3611783186662967,-0.03677921908997175
2368,9.6517072,0.05937610115284708,-0.8510233738115143,0.05401513189323208,-0.1318309680415909,0.8523509213885021,0.0020683967396704153,-0.703894438580795,0,0.0046274,1,Shared Control,0.01,Good Visuals,-0.11432386784250456,0.33735252050152553,0.0,4.836629203893974,0.9872139586383765,-2.1156939568360706,-0.8872223600529247,0.12483293004001035,3.181518976185165,-0.017742501328319445,26.638821681333702,1.0367792190899718,3.3771048284185703,-0.036977044408964335
2369,9.655917,0.05277875658030852,-0.8496064861150567,0.050710359840638104,-0.1457120475342617,0.9677334563790383,-0.0008656601291014247,-0.6900321154025056,0,0.0042098000000000005,1,Shared Control,0.01,Good Visuals,-0.12918345308531165,0.3396649602034198,0.0,4.831433440012472,0.9871175324269015,-2.0937415459646003,-0.8652699491814546,0.08090654072253631,2.9731298516432987,-0.01822774221243817,26.613424304355508,1.0371004911894022,3.3975095794446064,-0.037230509791178985
2370,9.6630026,0.050422562090116176,-0.8445250846158331,0.0512882222192176,-0.15449296921332745,1.0669503584207667,-0.005672650034735997,-0.6668296079797167,0,0.0070856,1,Shared Control,0.01,Good Visuals,-0.10106505432170709,0.341088183128176,0.0,4.829267492996693,0.9870758145858363,-2.0820122624282695,-0.8535406656451239,0.11413710077620286,3.2613957113587855,-0.01722453235717144,26.602490420555394,1.037230509791179,3.4107532987220868,-0.03738650855832716
2371,9.666867300000002,0.04492477494633404,-0.7990312791176406,0.05059742498107003,-0.13220167113792392,1.2842439004700288,-0.008225417092024276,-0.6542481346368374,0,0.0038647000000000004,1,Shared Control,0.01,Good Visuals,-0.10607191243716252,0.34356016656977933,0.0,4.82420153096748,0.9869785483153182,-2.059776445668138,-0.8313048488849921,0.08642440236394282,3.106987067285135,-0.01813379408224835,26.576984535704668,1.0375354187379808,3.4328405511441984,-0.03765746145164629
2372,9.6745447,0.038955748904513435,-0.7790225395796655,0.04718116599653771,-0.1247744049428281,1.4762892257908122,-0.013152896788245352,-0.629422829950913,0,0.007677400000000001,1,Shared Control,0.01,Good Visuals,-0.10700785551044431,0.3453250857938845,0.0,4.820268304444106,0.9869041712692085,-2.0374192183484308,-0.8089476215652851,0.06872620629079071,3.051051527157699,-0.01696396006416426,26.5574376062452,1.0377750999755053,3.4483685464419596,-0.037850913382673664
2373,9.6810404,0.034400439556808236,-0.7693363078940384,0.047553336345053585,-0.13991347794312536,1.6361884860465228,-0.017173734407615767,-0.6086069565564197,0,0.0064957,1,Shared Control,0.01,Good Visuals,-0.1042312649986863,0.3465764841260934,0.0,4.8190607313615885,0.9868822004921854,-2.0191272970746237,-0.7906557002914782,0.0643988707390194,3.054559026418888,-0.01629284019560989,26.55163145355804,1.0378509133826737,3.4604615094800435,-0.037988078540457576
2374,9.686814900000002,0.032358404331974865,-0.744826154008216,0.04953213873959063,-0.13621919745179623,1.8667445434549337,-0.020635085121916422,-0.5902583123535026,0,0.0057745,1,Shared Control,0.01,Good Visuals,-0.09097956950158581,0.3473590562840715,0.0,4.816722243419033,0.9868359035185048,-2.007808937694008,-0.7793373409108626,0.06662872878597595,3.139192727947756,-0.016480868118934244,26.539538490519956,1.0379880785404576,3.4669224996956225,-0.03807385589109292
2375,9.691149600000001,0.028745572780346604,-0.7103660482401191,0.04938065790226302,-0.1201077358866165,2.1305395792941475,-0.02316401443945898,-0.5765868076802418,0,0.0043347,1,Shared Control,0.01,Good Visuals,-0.10409273472856151,0.34790923267969287,0.0,4.815366562445534,0.9868114952890124,-1.9932334448717857,-0.7647618480886401,0.03251223642329174,2.924985013791109,-0.017205436968315897,26.533077500304376,1.038073855891093,3.471661805807525,-0.038134160456131924
2376,9.695600800000001,0.026075219024795284,-0.6927640679229417,0.04923923346425427,-0.11617726024269981,2.3409113396345846,-0.025699448360787108,-0.5626432868379693,0,0.004451200000000001,1,Shared Control,0.01,Good Visuals,-0.11921642803941206,0.3478187736280415,0.0,4.814394422509165,0.9867935239155807,-1.9838526405751855,-0.75538104379204,-0.007723164190268125,2.722545941664774,-0.017179986799994742,26.528338194192475,1.0381341604561318,3.4700514268857563,-0.038124245283821565
2377,9.699376800000001,0.023404865269243957,-0.6973581509329412,0.049104313630031066,-0.1347148640949719,2.4915803705998982,-0.027801782708166297,-0.5508935144067983,0,0.0037760000000000003,1,Shared Control,0.01,Good Visuals,-0.12242521529887979,0.3474450441195133,0.0,4.814634758598889,0.9867999071882764,-1.9732050575954925,-0.7447334608123469,-0.027714998349301637,2.6789068031230814,-0.017126329797921738,26.529948573114243,1.0381242452838215,3.466360030924678,-0.03808328097558625
2378,9.703170600000002,0.021362830044410593,-0.6924221497378322,0.049164612752576886,-0.14152863533103388,2.682333884889153,-0.02986948776706628,-0.5391635557439376,0,0.0037938000000000004,1,Shared Control,0.01,Good Visuals,-0.1035154843568771,0.3472666576619781,0.0,4.8153408344308,0.9868140617266169,-1.9629472883865262,-0.7344756916033807,-0.014769304926141922,2.8604247536226604,-0.01706105041564456,26.533639969075324,1.0380832809755862,3.4650087656757704,-0.03806372812341715
2379,9.7078389,0.016336281798666922,-0.655428423125645,0.046205769565733204,-0.11626486738170738,3.068009532641868,-0.03235297714443992,-0.5248365988055721,0,0.0046683,1,Shared Control,0.01,Good Visuals,-0.104126052239948,0.3464760210587886,0.0,4.816139077201439,0.9868289805028339,-1.9418885520084213,-0.7134169552252756,-0.04563201999053332,2.7739736190871787,-0.016850860494427942,26.53756815659674,1.0380341815813892,3.457399041837731,-0.037977066832895215
2380,9.714074100000001,0.014294246573833559,-0.6473642774041686,0.046647223718273484,-0.12252767859859648,3.207772665918832,-0.03556625986100666,-0.5058915874787858,0,0.006235200000000001,1,Shared Control,0.01,Good Visuals,-0.10784261047415099,0.34574418918534516,0.0,4.817112517092853,0.9868482461358096,-1.9318699521255256,-0.7033983553423799,-0.062244433512149665,2.7135969346954623,-0.01600919118909451,26.542600958162268,1.0379770668328951,3.450516367229123,-0.037896851099975884
2381,9.7179161,0.011309733552923255,-0.6316899424627074,0.04687599341392991,-0.12579835498392156,3.375108782612404,-0.037487658554303874,-0.49433051051546184,0,0.0038420000000000004,1,Shared Control,0.01,Good Visuals,-0.10384841555617629,0.3446753860374864,0.0,4.818461720451323,0.986874538705564,-1.9186309391868828,-0.6901593424037372,-0.0683123022088799,2.7163078722671283,-0.01612800654222187,26.549483632770876,1.037896851099976,3.4404114289469114,-0.037779700110844215
2382,9.7229445,0.006597344572538565,-0.6252998982473199,0.04408500312684244,-0.13096938773185807,3.5784773071136073,-0.03993557967885126,-0.4793333207899124,0,0.005028400000000001,1,Shared Control,0.01,Good Visuals,-0.09697892317459955,0.3427156296815608,0.0,4.8220885095386,0.9869441969422882,-1.8984529655398679,-0.6699813687567223,-0.08479060101541476,2.741279282409064,-0.0159103087888815,26.567753289195547,1.0376786082006668,3.422664202681509,-0.03756489217730312
2383,9.7310005,0.0025132741228718345,-0.5943777584842835,0.04244885380172309,-0.11504443769437112,3.8185257788078077,-0.04370135226636604,-0.45563398248606135,0,0.008056,1,Shared Control,0.01,Good Visuals,-0.08248778514008964,0.3410581659235159,0.0,4.825399296185692,0.9870070757948951,-1.8786031962234226,-0.650131599440277,-0.08211290075366742,2.8060186663057016,-0.01531969224367945,26.58426868093525,1.0374775616018548,3.4078043401545455,-0.037383218387238175
2384,9.7373051,-0.0018849555921538756,-0.5743266803165922,0.041816396674212164,-0.11869269783053082,3.936646867634215,-0.046516259583879185,-0.4373789859493801,0,0.0063046000000000005,1,Shared Control,0.01,Good Visuals,-0.08846196630627273,0.33852585255346235,0.0,4.828959766912197,0.9870759451488778,-1.8571812686384876,-0.6287096718553421,-0.10754091983849907,2.678889416951366,-0.015124416454887935,26.60231089182429,1.0372645755855416,3.384055196927689,-0.037105652760034094
2385,9.744377600000002,-0.003455751918948772,-0.5591699314702013,0.043060507664930414,-0.12179094552082126,4.025091758105538,-0.04953812529668036,-0.4172173840275462,0,0.007072500000000001,1,Shared Control,0.01,Good Visuals,-0.08487659967189694,0.3373928872445017,0.0,4.831633192961421,0.987128042843511,-1.8475190731009037,-0.6190474763177582,-0.10904511569564637,2.6797003460032407,-0.01415593133485144,26.61594480307231,1.0371056527600342,3.3741513065224304,-0.036981468987875014
2386,9.748604700000001,-0.005654866776461627,-0.5430043616613122,0.04388325852021874,-0.12578697763376595,4.106903379813057,-0.051276580052314155,-0.4053317634904685,0,0.0042271,1,Shared Control,0.01,Good Visuals,-0.08791157495840643,0.3360910090343923,0.0,4.833649817456433,0.9871656677073071,-1.8381927474448316,-0.6097211506616862,-0.12237133505672043,2.5990206376301526,-0.01452830900728487,26.625848693477568,1.036981468987875,3.3620496552894337,-0.036838770755418616
2387,9.752258200000002,-0.007696902001294992,-0.5379195929532131,0.043579678051019165,-0.1325878294627446,4.136911069605613,-0.05273885031194071,-0.3951604552657617,0,0.0036535,1,Shared Control,0.01,Good Visuals,-0.0880426612669225,0.33456202699109844,0.0,4.836036939021838,0.9872118742136465,-1.8283022207387398,-0.5998306239555943,-0.13253207825531244,2.587585146663492,-0.014748768635777409,26.637950344710568,1.0368387707554185,3.347840391750339,-0.036671179783128456
2388,9.7576946,-0.011152653920243763,-0.5071036707273492,0.04158619639169695,-0.11194321546158748,4.264187147498536,-0.05484634643448749,-0.38020307763948336,0,0.0054364,1,Shared Control,0.01,Good Visuals,-0.07811501108142363,0.33164961173430135,0.0,4.841374688947477,0.987314286546536,-1.8084373998081753,-0.5799658030250298,-0.1302783038753409,2.6121359971772593,-0.014535126534015766,26.66480143023503,1.0365173658327307,3.321271536662923,-0.036351951374436475
2389,9.763600100000001,-0.014451326206513048,-0.5037804573378948,0.04039502022797444,-0.12357737969841143,4.254010823471846,-0.057044256985873454,-0.3642005147351809,0,0.0059055,1,Shared Control,0.01,Good Visuals,-0.0856691252045172,0.32880800077823963,0.0,4.846921662470613,0.9874209581210271,-1.7927369398746653,-0.5642653430915198,-0.153207251310475,2.4739760297821323,-0.013749940400702989,26.69275679223337,1.0361840158463194,3.29552794490719,-0.036040483790441294
2390,9.770025100000002,-0.01774999849278233,-0.4810837487323496,0.03929425849309112,-0.11688323399716871,4.36233419153404,-0.05932910091236457,-0.3470870660395248,0,0.006425,1,Shared Control,0.01,Good Visuals,-0.06819994472951232,0.3261126152620912,0.0,4.851784457897283,0.98751385066253,-1.7745926334809494,-0.5461210366978041,-0.13671777456114934,2.5960490622758523,-0.01343216104387804,26.717119070627927,1.0358901994618341,3.2708056743387814,-0.03574504390523833
2391,9.776447600000001,-0.01900663555421825,-0.4659353429971771,0.04032246535814632,-0.11884827695765227,4.398696766760842,-0.061504177046510636,-0.3302961822817321,0,0.0064225,1,Shared Control,0.01,Good Visuals,-0.07531263315268877,0.32464822326832116,0.0,4.854190827924834,0.9875599097247576,-1.7658056039914134,-0.5373340072082681,-0.1518261115817192,2.468336045826003,-0.012814353401966584,26.72919432566122,1.0357450439052382,3.257205324253634,-0.03558453261661578
2392,9.780959500000002,-0.023090706003884978,-0.45690922705293974,0.03841347104262566,-0.12661304477120766,4.351020376953441,-0.06296820337106622,-0.3186927336517569,0,0.0045119,1,Shared Control,0.01,Good Visuals,-0.07291389004750205,0.32058926920769654,0.0,4.859720121848156,0.9876667356756371,-1.743851184088666,-0.5153795873055204,-0.16123037958901157,2.4601075866657736,-0.013070896934806533,26.757164222465505,1.035414081743775,3.2187257243656013,-0.035139632651645804
2393,9.7911383,-0.02638937829015426,-0.4507785548715836,0.03657882508091196,-0.1320858212198267,4.1528753555551265,-0.06608120959631046,-0.2931105912686821,0,0.0101788,1,Shared Control,0.01,Good Visuals,-0.04961510989188389,0.3179381656801835,0.0,4.866744604767625,0.9878011655666618,-1.7249120961636968,-0.4964404993805511,-0.12744052630488065,2.608745348531216,-0.012178401894162064,26.792398848469706,1.034990351483526,3.195732382143577,-0.03484904649351106
2394,9.797246800000002,-0.029059732045705583,-0.4172024164439282,0.03702147755060488,-0.12409182517524608,3.9953681005851,-0.06782586153843122,-0.2781614207995815,0,0.0061085,1,Shared Control,0.01,Good Visuals,-0.043933525204344154,0.3157880876904753,0.0,4.871059954315041,0.9878837285191457,-1.7068389043523045,-0.4783673075691588,-0.11727018403102268,2.5837479977876687,-0.012178272332173445,26.814036311605694,1.0347300042844563,3.1761675323248086,-0.03461337749898277
2395,9.804578800000002,-0.032358404331974865,-0.3928289130791545,0.03546745720645635,-0.11466749227957301,3.8065492153354406,-0.06980077862224017,-0.26062475531063445,0,0.007332000000000001,1,Shared Control,0.01,Good Visuals,-0.060314714830639965,0.31278689141301197,0.0,4.8752890950594026,0.9879656527041525,-1.6869316677822799,-0.4584600709991342,-0.1384058145419066,2.303293708534759,-0.011749134410733565,26.8354706310852,1.0344774746017598,3.147688681006589,-0.03428441784613418
2396,9.812075100000001,-0.03377212102609027,-0.3889967435992455,0.0360286575961499,-0.12837198828861107,3.7003842246038157,-0.07168874532586998,-0.24316049620805943,0,0.007496300000000001,1,Shared Control,0.01,Good Visuals,-0.059735398428843914,0.31166008829240127,0.0,4.878566203728295,0.9880301502933982,-1.6792895867263238,-0.4508179899431782,-0.13461885637194348,2.2345266245485513,-0.011093755685931512,26.85231131899341,1.0342844178461341,3.138040758222998,-0.03416090950841955
2397,9.8160523,-0.0348716784548467,-0.3847049938913395,0.036817066871023284,-0.14154449768328006,3.601306707890897,-0.07263775700841431,-0.23408797908344892,0,0.0039772,1,Shared Control,0.01,Good Visuals,-0.04899972337765102,0.3106044767899884,0.0,4.880554396145948,0.9880668012659308,-1.6708844464775814,-0.4424128496944359,-0.11937153226584155,2.3552386719932477,-0.011228694607472771,26.861959241777,1.0341609095084197,3.1283192303219622,-0.03404520444907894
2398,9.8195636,-0.03612831551628262,-0.36974679030226465,0.036509441492131686,-0.13565881121881573,3.5424927205164884,-0.07344581401558302,-0.2261904921892472,0,0.0035113,1,Shared Control,0.01,Good Visuals,-0.03989802173665474,0.3095283147911,0.0,4.882482842972702,0.988103938188027,-1.6611280219424933,-0.43265642515934793,-0.1064846780031581,2.4358785946341044,-0.011435545792416204,26.871680769678036,1.0340452044490789,3.118341150421017,-0.033927246859893075
2399,9.8245246,-0.03785619147575701,-0.3533058640585006,0.03558962253982601,-0.12711537186925342,3.4839335205489816,-0.07454062751699868,-0.21521290982274752,0,0.004961,1,Shared Control,0.01,Good Visuals,-0.04427855864881075,0.30827522937569335,0.0,4.884455380527598,0.9881420755727275,-1.650860428692447,-0.4223888319093016,-0.11320034180839357,2.324615284486022,-0.011300705899023784,26.881658849578983,1.033927246859893,3.1065468226616058,-0.03378989678174683
2400,9.828003,-0.038955748904513435,-0.3457020266076216,0.03558487861248524,-0.1304891167848741,3.4053202816531556,-0.07527602768109794,-0.20764273196691452,0,0.0034784000000000004,1,Shared Control,0.01,Good Visuals,-0.048304487809639834,0.30721654663608927,0.0,4.886769216477007,0.9881872050315068,-1.6428325876104248,-0.4143609908272794,-0.11992047360052112,2.226615932218943,-0.01097139905185921,26.893453177338394,1.033789896781747,3.0969747323142323,-0.033673855085603145
2401,9.831708200000001,-0.0409977841293468,-0.33273866920338535,0.03427824355175114,-0.12509593723647083,3.2791327679207556,-0.07603062366237304,-0.19969443415184987,0,0.0037052,1,Shared Control,0.01,Good Visuals,-0.03908375689506266,0.3053395756287655,0.0,4.890441639457334,0.9882574409147586,-1.6271052540916935,-0.39863365730854816,-0.10632360095364214,2.2693377009458806,-0.010738371682701904,26.91185158876237,1.033568323164373,3.079723006103448,-0.033468121213542645
2402,9.838624500000002,-0.043353978619539144,-0.3094778173906366,0.03267664504283389,-0.10978338323878675,3.1701679723350122,-0.0773613294575472,-0.18517803757869844,0,0.0069163,1,Shared Control,0.01,Good Visuals,-0.047911158106994006,0.30333395898768395,0.0,4.89376896465097,0.9883216483603426,-1.611595682134363,-0.38312408535121784,-0.11865908189686575,2.055614454334955,-0.010282683196675559,26.928651032491103,1.0333690522425545,3.0609041195124185,-0.033248286556625366
2403,9.8458778,-0.04429645641561608,-0.30195495543082856,0.03306487304193112,-0.11677691785213012,3.100930368868657,-0.07865062424689849,-0.1704047338686174,0,0.007253300000000001,1,Shared Control,0.01,Good Visuals,-0.05147299038728477,0.30235316357952213,0.0,4.8958109102348235,0.9883616420099242,-1.6046451523678822,-0.37617355558473686,-0.12154502265349787,1.9446937037242789,-0.009911936107278082,26.93909588048758,1.0332482865566253,3.051945269519823,-0.033140782052702315
2404,9.849639600000001,-0.046181412007769956,-0.279809115980061,0.032469212239128534,-0.10940438211144357,2.9920574604941357,-0.0792775453558915,-0.16292517494280503,0,0.0037618,1,Shared Control,0.01,Good Visuals,-0.045321615959520806,0.300491631094553,0.0,4.899244603390835,0.9884275949450908,-1.590748884655839,-0.36227728787269375,-0.11663178060156017,1.9895691280516083,-0.010071978716215554,26.956359515051226,1.033041867946401,3.0346592243660617,-0.03293674038950946
2405,9.8577042,-0.04806636759992384,-0.2663096568486669,0.031211177755967663,-0.10338448190586189,2.869630187297555,-0.08052812634022238,-0.1473115031423259,0,0.0080646,1,Shared Control,0.01,Good Visuals,-0.04839491910893305,0.29847902370517165,0.0,4.903067124605449,0.9885021366824762,-1.5769232428833502,-0.34845164610020474,-0.11943990338106374,1.8552875974922562,-0.00957915738751161,26.975834592150413,1.032814972089105,3.0160151046183077,-0.032716139480097765
2406,9.8639106,-0.04900884539600077,-0.2590010075979341,0.031519280944221614,-0.11168950445560819,2.8181749650148147,-0.08140615175563111,-0.13568728020125562,0,0.006206400000000001,1,Shared Control,0.01,Good Visuals,-0.0508824738884245,0.2975420568001479,0.0,4.904700256597768,0.9885332476981149,-1.570578752290333,-0.34210715550718745,-0.12097426034464222,1.7690415438928384,-0.009315881865289798,26.983984895381692,1.0327161394800977,3.007240480237489,-0.032613438996919854
2407,9.8676051,-0.050422562090116176,-0.24912207780108703,0.030983589665514934,-0.11343479759983141,2.7022667095389785,-0.08189492821463738,-0.12892968118846726,0,0.0036945000000000003,1,Shared Control,0.01,Good Visuals,-0.03576182227977377,0.29588650024036794,0.0,4.90798238942177,0.9885967727511894,-1.55729979046226,-0.3288281936791145,-0.10348951097039907,1.942605418842533,-0.009332348400107653,27.00059450395051,1.032520098831422,2.991960285919226,-0.03243197425392186
2408,9.8751162,-0.05167919915155209,-0.2325966988349542,0.03021572906308529,-0.10366701764648695,2.6964917523296212,-0.08281282318272645,-0.11556382698521692,0,0.007511100000000001,1,Shared Control,0.01,Good Visuals,-0.03996805978078863,0.29474253671241185,0.0,4.909455806957612,0.9886252437156215,-1.5482801560098802,-0.3198085592267347,-0.10754256438178647,1.8139398383838388,-0.009167625911012845,27.008039714080773,1.0324319742539219,2.9809240797880032,-0.03230658497236978
2409,9.8793383,-0.05262167694762903,-0.22440754279585826,0.030191146235097423,-0.10884371581064134,2.667424179352424,-0.08328529179991093,-0.10826984047881452,0,0.0042221,1,Shared Control,0.01,Good Visuals,-0.045915201760436994,0.29387849286130724,0.0,4.9115948594961445,0.9886675637882036,-1.5424617347870235,-0.313990138003878,-0.1197690373068059,1.686205652018987,-0.008905860632668705,27.019075920211996,1.0323065849723698,2.9731887582745755,-0.03221187754938658
2410,9.883112700000002,-0.05324999547834699,-0.2255621983737855,0.030035296321563938,-0.11729235789497097,2.623298422589666,-0.08368185193584922,-0.10188260071702751,0,0.0037744000000000002,1,Shared Control,0.01,Good Visuals,-0.04072025362471961,0.29295928135503624,0.0,4.913152888865892,0.9886970774283401,-1.5358228702752095,-0.30735127349206404,-0.11628768357637774,1.7526041477861576,-0.008872528553325761,27.026811241725426,1.0322118775493865,2.9645326195512034,-0.03211112322676263
2411,9.8867781,-0.054035393641744436,-0.2200025750458106,0.029646458294104783,-0.1181199743287831,2.610418125763614,-0.08404410879212354,-0.09580005984484011,0,0.0036654,1,Shared Control,0.01,Good Visuals,-0.03164852055756402,0.2921446540447145,0.0,4.914851441106072,0.9887302202277132,-1.5289221021644754,-0.30045050538132995,-0.10406086384355491,1.826566466578631,-0.008799118825650935,27.035467380448797,1.0321111232267626,2.957043646773106,-0.03202183232659167
2412,9.8912835,-0.05497787143782138,-0.21182395509144375,0.02906623735430216,-0.11602389524660364,2.5938178687243196,-0.08445918200014471,-0.08848554720667881,0,0.0045054000000000006,1,Shared Control,0.01,Good Visuals,-0.0289598774685378,0.2912066144313136,0.0,4.916339276247652,0.988758848857521,-1.5208015437456337,-0.2923299469624881,-0.10276592856726746,1.8192437706032762,-0.008661054301982298,27.042956353226895,1.0320218323265917,2.948142324352095,-0.03191901426437436
2413,9.8950601,-0.05560618996853934,-0.20572189281118258,0.028852992031605372,-0.11723634560450377,2.5660912289795803,-0.08478199860922593,-0.08249149119263377,0,0.0037766,1,Shared Control,0.01,Good Visuals,-0.02822644848201153,0.2904628339676069,0.0,4.918079226059338,0.9887929498147939,-1.5144877170448228,-0.2860161202616772,-0.10428315823011217,1.77574156283352,-0.008464280574203314,27.051857675647906,1.0319190142643744,2.941407117273314,-0.03183748885233322
2414,9.898668800000001,-0.0562345084992573,-0.19816310116552155,0.028547490109968633,-0.11567160997288778,2.546729007976993,-0.08506952727122252,-0.07688051196248596,0,0.0036087000000000003,1,Shared Control,0.01,Good Visuals,-0.02601472660051181,0.2897611556017941,0.0,4.919427907750808,0.9888186724358792,-1.5084355394602418,-0.27996394267709623,-0.10300100105785498,1.768556612776066,-0.008380721833944876,27.058592882726686,1.0318374888523332,2.934879758194868,-0.031760578230604665
2415,9.902154500000002,-0.057019906662654746,-0.1877772085797009,0.028049620608567777,-0.11089669661721493,2.5319550607430146,-0.08532822111023201,-0.07156861992921243,0,0.0034857000000000004,1,Shared Control,0.01,Good Visuals,-0.026092980869114796,0.28860785558942,0.0,4.92071691930657,0.9888436475082744,-1.4987931284807414,-0.2703215316975959,-0.10509487336231907,1.7312884423198431,-0.0082719537237953,27.065120241805133,1.0317605782306047,2.9236096103952165,-0.03163416558157208
2416,9.9081454,-0.057962384458731676,-0.17699663069243055,0.027365836651500337,-0.10542801076321812,2.5122749507177766,-0.08573021750338425,-0.06268554661694475,0,0.0059909,1,Shared Control,0.01,Good Visuals,-0.028420838023656803,0.2875376810839153,0.0,4.922887600027201,0.9888869082751858,-1.4907161421828614,-0.262244545399716,-0.1108514591698039,1.6214940773066546,-0.008095340853935547,27.076390389604782,1.0316341655815722,2.9137092875402804,-0.03151686427860106
2417,9.9125229,-0.05859070298944964,-0.1721359615993547,0.027139514513934607,-0.10945041498240995,2.475568464129345,-0.08599078572736936,-0.05639083200059461,0,0.0043775,1,Shared Control,0.01,Good Visuals,-0.030512224647768288,0.28678012173506506,0.0,4.924848397335717,0.9889247778873836,-1.4854117156418616,-0.25694011885871604,-0.1162102785029643,1.540461910030766,-0.007868709211693624,27.08629071245972,1.031516864278601,2.906940084051733,-0.03143382856971346
2418,9.916010300000002,-0.058904862254808614,-0.16557232864773197,0.027085923472560745,-0.10918149664713736,2.4504259019212733,-0.08617887400203952,-0.051493871823016346,0,0.0034874000000000003,1,Shared Control,0.01,Good Visuals,-0.025453988644337705,0.28580075909549324,0.0,4.926213524354546,0.9889506112518545,-1.4779310559637797,-0.24945945918063406,-0.11107222935171353,1.5915281318388128,-0.007783073276136731,27.093059915948267,1.0314338285697136,2.897513203353589,-0.03132648111085324
2419,9.9208151,-0.06031857894892402,-0.15257296382763805,0.025860295053115503,-0.1010790920046217,2.4500915339177647,-0.08641041322790499,-0.04491720200864427,0,0.0048048000000000006,1,Shared Control,0.01,Good Visuals,-0.025501545893053965,0.28426173345382966,0.0,4.928043203907811,0.9889867652798583,-1.4667820454748242,-0.2383104486916786,-0.11256559873324873,1.5267806703306426,-0.007741177489260299,27.10248679664641,1.0313264811108533,2.8825129404625742,-0.03115778926466894
2420,9.9275418,-0.060632738214283007,-0.14200030342671094,0.025777675013621985,-0.09708310141806667,2.4582012108444915,-0.08668248221990624,-0.036038728035681325,0,0.0067267,1,Shared Control,0.01,Good Visuals,-0.02754376678930201,0.28341011622551227,0.0,4.930936421232489,0.9890443411121315,-1.461135305114397,-0.23266370833125127,-0.11969761475572964,1.4212429489384455,-0.007351092299426109,27.117487059537424,1.0311577892646688,2.8752758224631814,-0.031064443917718173
2421,9.931851400000001,-0.061103977112321475,-0.1318296418074823,0.025578505107584762,-0.09579091377180098,2.48105703793171,-0.08682591281522835,-0.030550459498928248,0,0.0043096,1,Shared Control,0.01,Good Visuals,-0.031124554814670705,0.2825799505859528,0.0,4.932435498007691,0.9890718680805867,-1.4562945632028876,-0.2278229664197419,-0.12838027485136097,1.3372954062405076,-0.00730565387163409,27.12472417753682,1.0310644439177181,2.867466187063986,-0.03097344986889604
2422,9.935729700000001,-0.06204645490839841,-0.1234780060412265,0.024779457906829935,-0.09292754654229825,2.476293879776351,-0.08693503539973951,-0.02574376112263635,0,0.0038783000000000003,1,Shared Control,0.01,Good Visuals,-0.03199702888980589,0.28087113533784486,0.0,4.935481477733064,0.9891312138583617,-1.4470058615544241,-0.2185342647712785,-0.13872960654409566,1.294908970381861,-0.007114637611019915,27.14022043947252,1.030883581040257,2.85135716684555,-0.030786147467176714
2423,9.942571500000001,-0.062360614173757385,-0.1214226414944998,0.024574421225982128,-0.09567888037186345,2.4678028090200184,-0.0870829774254045,-0.01756684402779997,0,0.0068418,1,Shared Control,0.01,Good Visuals,-0.03041885839733284,0.27986681451929524,0.0,4.937129576411852,0.9891634885689129,-1.4415704976873713,-0.21309890090422565,-0.13638316638421166,1.2685517929033163,-0.00695983447534766,27.14864283315445,1.0307861474671767,2.8418028887079427,-0.030676064354552723
2424,9.947142300000001,-0.06283185307179585,-0.11423706840150447,0.02425112435360864,-0.0966702243737045,2.467245719402472,-0.08715120971234053,-0.012317145074425967,0,0.0045708,1,Shared Control,0.01,Good Visuals,-0.026727393670545496,0.27894889111484267,0.0,4.938995374230399,0.9892001110498179,-1.4364003176658804,-0.20792872088273473,-0.13300221521460281,1.2762095234722848,-0.006877564987170972,27.158197111292058,1.0306760643545527,2.833267049580015,-0.03057545122013769
2425,9.9509641,-0.06298893270447535,-0.10405486058073007,0.024162277007865177,-0.09173771550630411,2.4687262609935616,-0.08719010575687267,-0.008057254693671967,0,0.0038218,1,Shared Control,0.01,Good Visuals,-0.024187735608290767,0.27814810256945577,0.0,4.940681884550629,0.9892327837772187,-1.4317816954658715,-0.2033100986827258,-0.13348174877183427,1.294057941780546,-0.006764824246727286,27.166732950419984,1.0305754512201377,2.8258489501370696,-0.030487677180207767
2426,9.955025800000001,-0.06361725123519331,-0.08970624258123382,0.023572854521679357,-0.08164898788756185,2.4391452279563324,-0.08721385334992979,-0.003658068784430993,0,0.0040617000000000006,1,Shared Control,0.01,Good Visuals,-0.03143827018437262,0.276353974140256,0.0,4.9436625404168595,0.9892907201017519,-1.4230941819734098,-0.19462258519026404,-0.1490401254008422,1.1493785227009388,-0.00658105030877216,27.181862707076377,1.030398133166234,2.8087730987281394,-0.030291023642527715
2427,9.9619637,-0.06408849013323177,-0.0868596756203943,0.023125363216698017,-0.08320160683596331,2.4046554606674184,-0.0872139934647468,0.003554661762660574,0,0.0069379,1,Shared Control,0.01,Good Visuals,-0.03580167137048096,0.2754465455014855,0.0,4.945484631207001,0.9893266342921582,-1.4193755448353915,-0.19090394805224592,-0.15435713989116157,1.036293929890237,-0.006514452028896193,27.19122690127186,1.0302910236425278,2.8003041144220147,-0.03019156083423478
2428,9.9657072,-0.06440264939859075,-0.08877829230802212,0.02281134406615605,-0.09233295407068269,2.350025120919316,-0.08719366036619991,0.0072903993126587074,0,0.0037435000000000003,1,Shared Control,0.01,Good Visuals,-0.0320884920098356,0.27461722089429375,0.0,4.947154979122682,0.9893590629080481,-1.4156778243263433,-0.18720622754319768,-0.14980018111401494,1.073202875939118,-0.00636980141150659,27.199695885577984,1.0301915608342347,2.792562521411783,-0.030100658970558213
2429,9.968921300000002,-0.06455972903127025,-0.08976560338080189,0.022633931334929663,-0.0970560026934606,2.3014830174337617,-0.0871651910652651,0.010411651250656767,0,0.0032141,1,Shared Control,0.01,Good Visuals,-0.02153289987892404,0.27385913655295513,0.0,4.948681745908192,0.9893887076434368,-1.4113913314240625,-0.18291973464091685,-0.13518313448086255,1.209609420176889,-0.006264387912311313,27.20743747858822,1.0301006589705581,2.785482246693106,-0.030017565717501304
2430,9.9730904,-0.0651880475619882,-0.07285413122570217,0.021977143503276897,-0.08326578247635893,2.2538213941651124,-0.08711354307934559,0.014342931457076852,0,0.0041691,1,Shared Control,0.01,Good Visuals,-0.02054197510573673,0.27234740865927143,0.0,4.951333711317457,0.9894401966279871,-1.4025007239454095,-0.1740291271622637,-0.133868836068781,1.1544883332394145,-0.0061323740912667245,27.220883116762668,1.0299427596235968,2.7711389223726255,-0.02985186596409229
2431,9.9797977,-0.06534512719466769,-0.07177592691840864,0.0217684158846779,-0.0861188583754855,2.202378122611949,-0.08699686228990508,0.02039328537889394,0,0.0067073,1,Shared Control,0.01,Good Visuals,-0.02646116246321871,0.2715686722313211,0.0,4.952883130621346,0.9894708054511836,-1.398788584601077,-0.1703169878179312,-0.14170083811303744,1.0314936490865008,-0.0059854180828504055,27.228861077627375,1.0298518659640923,2.7638453347369785,-0.0297665090459451
2432,9.983541700000002,-0.06534512719466769,-0.06584537433319046,0.021651735095237393,-0.0862386597120844,2.1810215821529213,-0.08691442675262089,0.023625643683905746,0,0.0037440000000000004,1,Shared Control,0.01,Good Visuals,-0.022633178934800227,0.2708676452264777,0.0,4.954319214912884,0.9894987435775322,-1.3951635451739222,-0.16669194839077625,-0.1354378775306622,1.0588384820524999,-0.005911619798381176,27.236154665263022,1.0297665090459451,2.7572988401180263,-0.029689669819573113
2433,9.9871589,-0.06565928646002667,-0.05387295952324629,0.02125514029259422,-0.07749860320715204,2.17842394799265,-0.08682346710040215,0.02665139663485451,0,0.0036172,1,Shared Control,0.01,Good Visuals,-0.021962351163172647,0.27004787502177896,0.0,4.9556101784242195,0.9895238161194759,-1.3909514932390532,-0.16247989645590732,-0.1362891811895484,1.0530129837172284,-0.005864754500314439,27.242701159881975,1.0296896698195732,2.7494298510432973,-0.029599815209270432
2434,9.991575200000002,-0.06581636609270616,-0.04711623337974108,0.021007101007695983,-0.07376763001459559,2.151674039844923,-0.0866978398837775,0.030217877444270458,0,0.004416300000000001,1,Shared Control,0.01,Good Visuals,-0.028675658920626415,0.26895585923657644,0.0,4.957140279594474,0.989554004828135,-1.3862772028958579,-0.15780560611271205,-0.1481945264844352,0.9377463273272212,-0.0057399054693048615,27.250570148956704,1.0295998152092705,2.7388411007268343,-0.02948011989433787
2435,9.995802900000001,-0.06581636609270616,-0.04116345141867585,0.02088147379107133,-0.0713813288629463,2.126667209685693,-0.086563100483038,0.03350237806703135,0,0.0042277,1,Shared Control,0.01,Good Visuals,-0.03117812696180093,0.26815985508195733,0.0,4.9591887594107344,0.9895946529518054,-1.3831818484317777,-0.15471025164863197,-0.15223130337124305,0.8653976918139349,-0.005649982901594424,27.261158899273166,1.029480119894338,2.731620385972885,-0.029392870269134796
2436,9.999436800000002,-0.06597344572538566,-0.032808588502389664,0.020589654757652343,-0.06631096656942101,2.108742313123688,-0.08643638032967371,0.036225684827164185,0,0.0036339000000000002,1,Shared Control,0.01,Good Visuals,-0.03294480510227944,0.2673839142826993,0.0,4.960634396168009,0.989622260521672,-1.3803564202320877,-0.1518848234489419,-0.15533665005202849,0.8222297819428033,-0.0055995729857113785,27.268379614027115,1.0293928702691348,2.7242818419627315,-0.029307819778478208
2437,10.003040100000002,-0.06628760499074463,-0.032561650098420915,0.020148775338929087,-0.0687873349255851,2.0566531088444107,-0.08630111840480668,0.03883619908021324,0,0.0036033000000000003,1,Shared Control,0.01,Good Visuals,-0.036542681545368924,0.2665490893087477,0.0,4.962072301774034,0.989650391567814,-1.3776107154308261,-0.14913911864768042,-0.1616943656350881,0.7628017228119114,-0.0055053424828304855,27.275718158037268,1.0293078197784782,2.7163201232553833,-0.029216315022297257
2438,10.0076256,-0.06644468462342412,-0.04483981830277297,0.019856433781382563,-0.08367601738298622,1.92165742653117,-0.08611565630951076,0.042030878070742524,0,0.0045855,1,Shared Control,0.01,Good Visuals,-0.019389118547507106,0.2650632097334323,0.0,4.965227214015935,0.9897123381582413,-1.3711066100585256,-0.14263501327537983,-0.13314875283449873,0.9593910791196476,-0.005275591301323924,27.291871421484,1.0291217941206978,2.702456629959893,-0.02905344849039428
2439,10.013809100000001,-0.06644468462342412,-0.036905344079247185,0.01967097168608664,-0.07893622214998972,1.8959667805926232,-0.08584299458792581,0.046117245670072186,0,0.006183500000000001,1,Shared Control,0.01,Good Visuals,-0.015797221309124046,0.26444309655082904,0.0,4.966361249741666,0.9897340309797632,-1.3676372872297293,-0.13916569044658358,-0.12475438785428374,0.963005281961988,-0.005263210071952616,27.297543370040106,1.0290534484903944,2.6965700462568534,-0.028985478188415757
2440,10.017485200000001,-0.06644468462342412,-0.02367214006837849,0.01939830996450169,-0.06978938573845067,1.8762677290977938,-0.08566918829928134,0.048428384123556045,0,0.0036761000000000003,1,Shared Control,0.01,Good Visuals,-0.01958815200727726,0.26383051035092353,0.0,4.967512570793507,0.9897566034339464,-1.3645960533814254,-0.1361244565982797,-0.13075553980673255,0.8879774149037567,-0.005201852664832434,27.303429953743148,1.0289854781884158,2.690769291646187,-0.028918332915321164
2441,10.0209656,-0.06660176425610362,-0.014785917762003255,0.019067424043177725,-0.0632143018855593,1.8395442048352137,-0.08549694677021771,0.050536811133398696,0,0.0034804000000000002,1,Shared Control,0.01,Good Visuals,-0.027307327381279847,0.26313772019492404,0.0,4.968648562377972,0.9897788439531442,-1.3618291911418927,-0.13335759435874706,-0.14345383202864828,0.7739041842505775,-0.005117866017879886,27.309230708353812,1.028918332915321,2.684119170097235,-0.028842396525913423
2442,10.025191500000002,-0.06660176425610362,-0.01305553491285673,0.018895182514114095,-0.06359234604625542,1.7834335369771008,-0.08527815116820482,0.05299445442850123,0,0.0042259,1,Shared Control,0.01,Good Visuals,-0.03219419790151454,0.26205538782947996,0.0,4.9699418979355094,0.9898043618301955,-1.3580666616331656,-0.12959506485001981,-0.15031585447024526,0.6944242568984592,-0.005017358492711667,27.315880829902767,1.0288423965259135,2.6734731293974026,-0.028723762605873972
2443,10.0298516,-0.06691592352146258,-0.017074779608691,0.018362227646742238,-0.07006923403719223,1.7105549621529745,-0.08502512305923574,0.055576870267026776,0,0.0046601,1,Shared Control,0.01,Good Visuals,-0.03100001915881949,0.26128141113462866,0.0,4.971987017128,0.989845270715977,-1.3553624412443137,-0.12689084446116794,-0.1467847643929338,0.675362850291417,-0.004951584381844978,27.3265268706026,1.028723762605874,2.666443543761017,-0.028638927399738643
2444,10.033902900000001,-0.06691592352146258,-0.024711794521640896,0.018109199537773152,-0.08028866478866767,1.6287502072917739,-0.0847955997001214,0.057715276909308263,0,0.0040513,1,Shared Control,0.01,Good Visuals,-0.021963005030292818,0.2606787273655452,0.0,4.973393787198456,0.9898721574482063,-1.3525412746741114,-0.12406967789096568,-0.13165323319951433,0.7879913329429242,-0.004797708751116104,27.333556456238984,1.0286389273997387,2.660869325170126,-0.02857286752723249
2445,10.037506700000002,-0.06691592352146258,-0.026489103021284547,0.01787967617865882,-0.08420437993059281,1.5706406320033144,-0.08458430211441069,0.059535801468168476,0,0.0036038000000000003,1,Shared Control,0.01,Good Visuals,-0.010606964396737362,0.260193260664988,0.0,4.974498831584177,0.9898935018291363,-1.349378073481898,-0.12090647669875233,-0.11218960320707723,0.9204181896043736,-0.004720683089115425,27.339130674829875,1.0285728675272325,2.6563626752235985,-0.028519655760150118
2446,10.041639100000001,-0.06691592352146258,-0.02007546001274102,0.017668378592948106,-0.0796112614809095,1.5322394296045696,-0.08433412093821487,0.06153059275512498,0,0.0041324000000000005,1,Shared Control,0.01,Good Visuals,-0.0056035499829101,0.25955771506015696,0.0,4.975390551831177,0.9899107625386814,-1.3446079146255914,-0.11613631784244569,-0.10310769352114416,0.9614541976673214,-0.004652171244559351,27.343637324776402,1.0285196557601501,2.650172213777637,-0.02844999391793586
2447,10.045882100000002,-0.06691592352146258,-0.012011115314761577,0.017418197416752282,-0.07354170806988655,1.4913132810145684,-0.08406887985556166,0.06347780446207527,0,0.004243,1,Shared Control,0.01,Good Visuals,-0.009118263049137737,0.2590843837553995,0.0,4.976585712470223,0.9899345388207534,-1.341501186314091,-0.11302958953094541,-0.10743026511365726,0.8663250638577507,-0.004585963976403401,27.349827786222363,1.028449993917936,2.6458360029484624,-0.028398112305638584
2448,10.049607000000002,-0.06691592352146258,-0.005441288642755263,0.01715295633409908,-0.06891909310483053,1.4482315180704846,-0.08382937760336681,0.06510474993280004,0,0.0037249,1,Shared Control,0.01,Good Visuals,-0.013895503360142891,0.25861278688692535,0.0,4.977449652700149,0.9899511343052995,-1.3388348393439038,-0.11036324256075815,-0.11363800824018139,0.7789275715542258,-0.004512782943849157,27.354163997051536,1.0283981123056385,2.641344826089711,-0.028346420804052135
2449,10.053095,-0.06691592352146258,-0.0012610792305098812,0.016913454081904228,-0.06636582916330992,1.4033402160435504,-0.08359973563511,0.06655977087738495,0,0.003488,1,Shared Control,0.01,Good Visuals,-0.017165299677844637,0.25810775947190395,0.0,4.9783267532884015,0.9899683623870332,-1.3362537951326865,-0.10778219834954093,-0.11752292654278887,0.7175546875777649,-0.004435973840911101,27.35865517391029,1.028346420804052,2.6365091439202204,-0.0282910649966456
2450,10.0576764,-0.06691592352146258,0.0008047836748011981,0.016683812113647417,-0.06575498720258374,1.356962863271216,-0.08329060397192696,0.06837257061961315,0,0.0045814,1,Shared Control,0.01,Good Visuals,-0.018515327089315067,0.2574093664112747,0.0,4.979268537070035,0.9899869179998448,-1.3328451883014252,-0.1043735915182797,-0.11828494131099125,0.6803063290877454,-0.004365493738011228,27.36349085607978,1.0282910649966457,2.629680300553839,-0.028214514475607824
2451,10.061401700000001,-0.06660176425610362,0.007676765315238562,0.016688839715823342,-0.06069580530437459,1.3351031070706874,-0.08303327766988818,0.06976621087137337,0,0.0037253000000000004,1,Shared Control,0.01,Good Visuals,-0.017996833060824002,0.2569506758955148,0.0,4.980584455784627,0.9900131531480496,-1.3306179024884048,-0.1021463057052594,-0.11611393485269988,0.6554503437274644,-0.004294569505498731,27.37031969944616,1.0282145144756079,2.625552734380271,-0.028164237633015954
2452,10.0649197,-0.06660176425610362,0.020914852579808574,0.016431513413784557,-0.0488513582915648,1.3370471539487632,-0.08278562064310983,0.07101765915090272,0,0.0035180000000000003,1,Shared Control,0.01,Good Visuals,-0.02304342660759788,0.25643771173049895,0.0,4.9814146144849545,0.9900289344586798,-1.328591849489761,-0.1001202527066157,-0.12322897361746371,0.5663479059215338,-0.004288208644892719,27.37444726561973,1.028164237633016,2.620605429836349,-0.028108011882332962
2453,10.068479600000002,-0.06660176425610362,0.026972625466375664,0.016183856387006215,-0.04404503368452706,1.3106478553425938,-0.08253064361946255,0.0722215253085039,0,0.0035599000000000004,1,Shared Control,0.01,Good Visuals,-0.033502769741258494,0.2558858616506998,0.0,4.9823746412900975,0.9900479270389299,-1.3271621225800858,-0.09869052579694056,-0.1398709730417341,0.41570287839826225,-0.004213659700099911,27.37939457016365,1.028108011882333,2.6153160304989473,-0.02804752386559164
2454,10.072204800000002,-0.06644468462342412,0.016932817290046052,0.01608595899603843,-0.055288708018457845,1.2130276599228036,-0.08225935940183482,0.07341553483933022,0,0.0037252,1,Shared Control,0.01,Good Visuals,-0.02986746680278863,0.2547130160750631,0.0,4.984515150859157,0.9900901351196182,-1.3240567486888766,-0.09558515190573127,-0.13230330500372933,0.4540410683467734,-0.004066495615127735,27.390392546562794,1.0279822943532144,2.604120496052423,-0.02791896883695067
2455,10.079499400000001,-0.06644468462342412,0.015587813840162505,0.015814674778410698,-0.05782772099916772,1.1763510803729982,-0.08171583329879716,0.07556504687790733,0,0.0072946,1,Shared Control,0.01,Good Visuals,-0.02545600143666235,0.2542378854416904,0.0,4.985588332559925,0.9901111820834898,-1.3223959295626344,-0.09392433277948911,-0.12310077722441629,0.4829226036585629,-0.004097303132340742,27.395879503947576,1.0279189688369508,2.5996877730994594,-0.027866890001125872
2456,10.0830821,-0.06644468462342412,0.013524809197605587,0.015271148675373034,-0.062040237680301744,1.1259950401943652,-0.08144335657360272,0.07653237149862807,0,0.0035827000000000003,1,Shared Control,0.01,Good Visuals,-0.021602440245104826,0.2535206621882042,0.0,4.986463320436624,0.990128168165202,-1.3194636993105393,-0.09099210252739394,-0.11653567477817128,0.5255363835639709,-0.00402068947461117,27.40031222690054,1.0278668900011259,2.5926156921049146,-0.02778827551187921
2457,10.088742400000001,-0.06644468462342412,0.004731100336340016,0.014998671950178594,-0.07180127116228806,1.0045516951556444,-0.08100609310969838,0.07794657753268762,0,0.0056603,1,Shared Control,0.01,Good Visuals,-0.00797623701708565,0.25274652974760375,0.0,4.988505259748855,0.9901681074505572,-1.3146989761330639,-0.08622737934991852,-0.09351532443758823,0.6781918535429972,-0.0037967060594274855,27.410726749207388,1.0277461292232835,2.5855355943578404,-0.02770342323452866
2458,10.095972600000001,-0.06628760499074463,0.0046297705342547586,0.014718488118953751,-0.07331680699843286,0.9572226057059349,-0.08043656962697714,0.07955799561258999,0,0.007230200000000001,1,Shared Control,0.01,Good Visuals,-0.0037355042378888065,0.25243124725969096,0.0,4.9892326016436686,0.9901824534081838,-1.312190309399779,-0.0837187126166338,-0.08397856211341509,0.6978016559441217,-0.003790862286230364,27.41446440564216,1.0277034232345286,2.5825979515963318,-0.027668865275573475
2459,10.099600400000002,-0.06628760499074463,0.009233338022485812,0.014148964636232511,-0.07032465759010417,0.9211946130891219,-0.08014661017416679,0.08028757766814361,0,0.0036278,1,Shared Control,0.01,Good Visuals,-0.0008446605710548255,0.2521564785254212,0.0,4.989812888890088,0.9901937103102157,-1.309738379629077,-0.08126678284593158,-0.07841088820229149,0.716896605666983,-0.003715406313644438,27.41740204840367,1.0276688652755734,2.5800101827889086,-0.027638748009296103
2460,10.103336800000001,-0.06597344572538566,0.016763785507037828,0.014173164448781125,-0.06352379216110578,0.8897857084807088,-0.0798453024106004,0.08098598320207179,0,0.0037364000000000004,1,Shared Control,0.01,Good Visuals,-0.0009721474401424429,0.2518394495954918,0.0,4.990321247404694,0.99020363268182,-1.30684182108763,-0.07837022430448459,-0.07855559031882263,0.7072194109546568,-0.0035677530974531075,27.419989817211093,1.027638748009296,2.576942620874733,-0.027603998623687547
2461,10.1079609,-0.06597344572538566,0.02569741064033776,0.013871856685214734,-0.05528857256173403,0.8648551018175068,-0.07946895310108168,0.08177828908244511,0,0.0046241,1,Shared Control,0.01,Good Visuals,-0.00783482945479727,0.25145248579130747,0.0,4.990915597848343,0.9902154125806065,-1.3042427997635218,-0.07577120298037635,-0.08727666797032176,0.579117476794993,-0.0035693619338074307,27.423057379125268,1.0276039986236876,2.5731846195177783,-0.02756158371079253
2462,10.111482800000001,-0.06597344572538566,0.02762565555445901,0.01349550737569602,-0.054152633527986105,0.82417611010277,-0.0791799535808902,0.08233009520363754,0,0.0035219,1,Shared Control,0.01,Good Visuals,-0.014494952926137061,0.2511321466954249,0.0,4.991642376319503,0.990229846879858,-1.3026375461596986,-0.07416594937655317,-0.0966386697354983,0.46871455379093047,-0.0034881128460380116,27.42681538048222,1.0275615837107925,2.57019108610579,-0.02752647149951642
2463,10.1150964,-0.06581636609270616,0.023928794155264416,0.013363587488184031,-0.05840130104837313,0.779284587748358,-0.07888149011129829,0.0828514531156158,0,0.0036136000000000002,1,Shared Control,0.01,Good Visuals,-0.013748539639238833,0.25081383117990186,0.0,4.9922328290618445,0.9902413203753812,-1.300948033881211,-0.07247643709806557,-0.09445922318010633,0.47215501173395197,-0.003389155738002481,27.42980891389421,1.0275264714995165,2.567149661909303,-0.027491581091891603
2464,10.1185462,-0.06581636609270616,0.021868511739222586,0.013065124018592125,-0.060982941376393214,0.7471224572442867,-0.07859487003311655,0.0833081839595168,0,0.0034498000000000003,1,Shared Control,0.01,Good Visuals,-0.008890002986767051,0.25052216105754394,0.0,4.99282592723236,0.9902529920895856,-1.299045055558672,-0.07057345877552643,-0.08542597517383678,0.5195136015667898,-0.0033517725762192384,27.432850338090695,1.0274915810918916,2.564388435329715,-0.027459611272750595
2465,10.122435200000002,-0.06581636609270616,0.018078578735588546,0.012778503940410385,-0.06522960522392825,0.7038183614687464,-0.07826995785276528,0.08377668469200361,0,0.003889,1,Shared Control,0.01,Good Visuals,-0.004849772318602216,0.2502475891014757,0.0,4.993366941302574,0.9902635831736197,-1.2969022772739196,-0.06843068049077425,-0.07858757190835132,0.5587281387062091,-0.003273103103622522,27.435611564670285,1.0274596112727505,2.561779932971059,-0.027429515575235434
2466,10.1265131,-0.06581636609270616,0.011636106414473817,0.012453591760059113,-0.07214057827752979,0.6502152924178787,-0.0779274096133601,0.08421708425051447,0,0.004077900000000001,1,Shared Control,0.01,Good Visuals,0.0007808769676395794,0.2500085638825191,0.0,4.993877116021393,0.990273590509922,-1.294501147757057,-0.06602955097391151,-0.06874787998174613,0.6150276675450781,-0.0031977898034114063,27.43822006702894,1.0274295155752355,2.5595283739791688,-0.027403316138150804
2467,10.130031800000001,-0.06581636609270616,0.005836976563864323,0.012111043520653939,-0.07838010768665014,0.5987127672311928,-0.0776304664935412,0.08455684074573987,0,0.0035187,1,Shared Control,0.01,Good Visuals,0.009242317264105362,0.2498398252405315,0.0,4.994319410990477,0.9902822244241908,-1.2919681498963065,-0.06349655311316113,-0.05427117904219319,0.7064165604346109,-0.003113504591111552,27.44047162602083,1.0274033161381508,2.557979715950729,-0.027384820778314726
2468,10.1337211,-0.06565928646002667,0.004955425904710071,0.011971180033514536,-0.0796014148410298,0.5619244734924507,-0.07731791295071568,0.0848745731412453,0,0.0036893000000000004,1,Shared Control,0.01,Good Visuals,0.01712873803432459,0.2497219128404624,0.0,4.9946277571099875,0.9902881542400589,-1.2892608333992874,-0.06078923661614204,-0.04077961764627173,0.7888221488357251,-0.0030258209966806515,27.44202028404927,1.0273848207783147,2.5568970286158486,-0.027371896457941365
2469,10.1371894,-0.06565928646002667,0.009428999581137378,0.011658626490689009,-0.07544557356010792,0.5406190801065572,-0.07702307495307725,0.08513869212997334,0,0.0034683,1,Shared Control,0.01,Good Visuals,0.01903450010624743,0.24959947350613637,0.0,4.994843274583254,0.9902922999911474,-1.2861032855507926,-0.05763168876764725,-0.03645121592502965,0.7826561194960302,-0.002989465976926801,27.44310297138415,1.0273718964579415,2.555720400337833,-0.027358475942523112
2470,10.142142300000001,-0.06534512719466769,0.015378848432791635,0.011677947758409565,-0.0697598436971817,0.518621582392737,-0.07660056864259815,0.08546033371489377,0,0.0049529000000000005,1,Shared Control,0.01,Good Visuals,0.016477831909653178,0.2494070527060406,0.0,4.995072060235199,0.9902968170092459,-1.281833686778414,-0.053362089995268515,-0.0398397215614005,0.7172541489372452,-0.002909987033880671,27.444279599662167,1.0273584759425232,2.5538162791346157,-0.0273373847929453
2471,10.146852,-0.06534512719466769,0.020805447142382114,0.011255441447930462,-0.06465488657251166,0.4886387196955613,-0.07619747008351034,0.08570860087765934,0,0.004709700000000001,1,Shared Control,0.01,Good Visuals,0.010747011305213723,0.24926961136581718,0.0,4.995436853341587,0.9903041384217095,-1.2797456773144524,-0.051274080531306936,-0.04721133234043971,0.5833895292005196,-0.0029125625320800433,27.446183720865385,1.0273373847929452,2.5525565452203423,-0.027322319915014305
2472,10.1506433,-0.06534512719466769,0.01540472129705868,0.010852342888842653,-0.07030387958060066,0.37966348757058804,-0.07587220683071305,0.08586983762647589,0,0.0037913,1,Shared Control,0.01,Good Visuals,0.00987223329986766,0.2490119676824481,0.0,4.9959442365138536,0.9903140144633092,-1.2760392979249362,-0.047567701141790694,-0.046168985293685044,0.5465691227235661,-0.0027036679344794616,27.448759857100818,1.0273072570643738,2.550106769581286,-0.027294079717171807
2473,10.158561400000002,-0.06534512719466769,0.008941838468811646,0.010527079636045364,-0.07692799915766424,0.32313754674947703,-0.07519126853928496,0.08610297442567466,0,0.0079181,1,Shared Control,0.01,Good Visuals,0.015403107665496046,0.2488660832902603,0.0,4.996166789087218,0.9903183608907135,-1.2727379456953878,-0.04426634891224223,-0.03474149310981519,0.5942386474095439,-0.0027023632567153323,27.449893230418713,1.027294079717172,2.548687247942259,-0.027278089400453606
2474,10.163055100000001,-0.0651880475619882,0.006509421417869825,0.01000322097729675,-0.07959355300780484,0.2794655435372584,-0.07480416554054184,0.08617733965109767,0,0.004493700000000001,1,Shared Control,0.01,Good Visuals,0.02358569655360266,0.2488063669851866,0.0,4.996441064958546,0.9903238141562726,-1.2700640196088064,-0.04159242282566082,-0.02037544515306313,0.6682810373341527,-0.0026198330775072686,27.451312752057742,1.0272780894004536,2.548197306708232,-0.027271543925526172
2475,10.167185600000002,-0.0651880475619882,0.009045272475215594,0.009616117978553634,-0.07713206717588207,0.2477147416776816,-0.0744481285823762,0.08621149768202503,0,0.0041305000000000005,1,Shared Control,0.01,Good Visuals,0.028841999037430503,0.2487743588211219,0.0,4.996544650968153,0.9903256774611592,-1.267193941085245,-0.03872234430209953,-0.01150393487832626,0.7176811091398786,-0.002488865069511212,27.451802693291768,1.0272715439255262,2.5479130653382778,-0.027268035526352777
2476,10.1711538,-0.06503096792930871,0.012938310068151921,0.009417160653067497,-0.07327318761387311,0.217651376461796,-0.07410600736626927,0.08621536065799283,0,0.0039682,1,Shared Control,0.01,Good Visuals,0.02833803388152279,0.24874386485533947,0.0,4.996602235501596,0.9903267637807533,-1.264446296962806,-0.03597470017966064,-0.011349629294368134,0.6842424849185405,-0.002392243584462943,27.452086934661722,1.0272680355263528,2.547621812710164,-0.027264693097710877
2477,10.1758576,-0.06471680866394973,0.020158481618821115,0.009389198702319537,-0.06605687903917172,0.20145777750628757,-0.07370052344154915,0.08618560220317491,0,0.0047038,1,Shared Control,0.01,Good Visuals,0.02551013969807734,0.24869184243250556,0.0,4.9966590460365445,0.9903278815383151,-1.26103920397042,-0.03256760718727445,-0.014328703976945335,0.6152541655174871,-0.0023424609368076416,27.452378187289835,1.027264693097711,2.547104320824222,-0.027258990945444362
2478,10.180366900000001,-0.06471680866394973,0.027992078418542444,0.00898371477759942,-0.05819352378463247,0.1855724095031694,-0.07331201279483268,0.08612459028874393,0,0.0045093,1,Shared Control,0.01,Good Visuals,0.01850254748769855,0.24863789472388112,0.0,4.99675792967172,0.9903298718969783,-1.259394560343387,-0.030922963560241483,-0.023874878432293512,0.47625275158050817,-0.002335017124244736,27.45289567917578,1.0272589909454444,2.5465875468495947,-0.027253077763546088
2479,10.183814100000001,-0.06471680866394973,0.027499751654634585,0.008595204130882952,-0.05862483863410935,0.14230231046110628,-0.07301523402465523,0.08605805408815531,0,0.0034472,1,Shared Control,0.01,Good Visuals,0.0127405481284803,0.24856576002089406,0.0,4.996858578999375,0.9903318554741031,-1.2580049618323752,-0.02953336504922978,-0.03230286507945331,0.38997516656237313,-0.0022336919291021393,27.453412453150406,1.027253077763546,2.545880837866574,-0.02724517111411061
2480,10.1873664,-0.06471680866394973,0.01987650526072856,0.008298425360705505,-0.06618154882742674,0.08665403888014431,-0.07270967671071304,0.08597271004272561,0,0.0035523000000000004,1,Shared Control,0.01,Good Visuals,0.015108015315714811,0.24850962250584974,0.0,4.99699465800769,0.9903345714020079,-1.2565826581259647,-0.02811106134281934,-0.027238191637235492,0.41376107822849184,-0.002136473447327649,27.454119162133427,1.0272451711141106,2.5453595447284774,-0.027239017908604047
2481,10.191569600000001,-0.06455972903127025,0.013485686470320911,0.008149947679442798,-0.07248702357240469,0.041345443593061776,-0.07234856390561181,0.08585130480105899,0,0.004203200000000001,1,Shared Control,0.01,Good Visuals,0.024073964672062,0.2484760572478442,0.0,4.997097824468191,0.9903365688745173,-1.2539754950599298,-0.02550389827678436,-0.011607911386421128,0.5214326132069955,-0.002062238553781895,27.454640455271523,1.027239017908604,2.5450586812367058,-0.027235338837127053
2482,10.1956365,-0.06440264939859075,0.014424194676222921,0.007945914507021062,-0.07142711012483606,0.01497979334209179,-0.07199968735542803,0.08571444799792896,0,0.0040669,1,Shared Control,0.01,Good Visuals,0.031060053472901916,0.24847772952293945,0.0,4.997158477275956,0.9903377193695905,-1.2519047610224179,-0.023433164239272414,0.0008279557612321626,0.5817976055045927,-0.0020250668661641637,27.454941318763293,1.0272353388371271,2.545106367068553,-0.02723552213438053
2483,10.1993328,-0.06440264939859075,0.018992892793468493,0.007597037956837277,-0.06672155520446046,-0.008654785213815679,-0.07168311463065492,0.08557494685624137,0,0.0036963,1,Shared Control,0.01,Good Visuals,0.031030002529634067,0.24848118407725409,0.0,4.997152338924537,0.9903375296810825,-1.249987709645555,-0.021516112862409436,0.0018179188991628847,0.5582398232034531,-0.00197438279568798,27.454893632931448,1.0272355221343805,2.545139559221212,-0.027235900786385606
2484,10.202956100000002,-0.06408849013323177,0.0246496839434866,0.0075946244974231525,-0.06092526291275477,-0.02800430070806098,-0.07137331811169134,0.08542545907044108,0,0.0036233000000000003,1,Shared Control,0.01,Good Visuals,0.028113344697349434,0.24847769748078533,0.0,4.997145884216796,0.9903374022549798,-1.2481845148122732,-0.019712918029127655,-0.0018393212251510676,0.503601305167229,-0.0018877209869947696,27.454860440778788,1.0272359007863856,2.545099772716898,-0.027235518622255723
2485,10.207511100000001,-0.06408849013323177,0.03251360645660156,0.007284827978459571,-0.052911852613839516,-0.06547981962907201,-0.0709846634433588,0.0852213949130182,0,0.004555,1,Shared Control,0.01,Good Visuals,0.01633651768636151,0.2484284444991649,0.0,4.997186097881658,0.9903382348595205,-1.2456995010008056,-0.017227904217660017,-0.018289296670986256,0.311306548514766,-0.0018099925372058912,27.45507634415894,1.0272336416685424,2.544603030375458,-0.027230120027083096
2486,10.213185900000001,-0.06393141050055229,0.026938123312538455,0.007053252942806509,-0.05828327160047974,-0.10433773664981755,-0.07050182222979885,0.0849451360456237,0,0.005674800000000001,1,Shared Control,0.01,Good Visuals,0.015996609281788636,0.24839825764675233,0.0,4.997247266184899,0.9903394682511488,-1.2446858656106379,-0.01621426882749222,-0.017121180583732413,0.2923329844170834,-0.001809758483132707,27.45539696962454,1.027230120027083,2.544316722302593,-0.027226811260987124
2487,10.2168577,-0.06393141050055229,0.023479778336728888,0.006570411729246564,-0.061465357708894816,-0.1268377242898151,-0.07019026697774289,0.084755165619701,0,0.0036718000000000002,1,Shared Control,0.01,Good Visuals,0.022473043920188604,0.24838791089226916,0.0,4.99730331336349,0.9903405666196552,-1.2433716272257676,-0.014900030442621842,-0.005908743858799653,0.3692821896851215,-0.0017520157417349653,27.455683277697407,1.027226811260987,2.5442360144801697,-0.027225677158299988
2488,10.220452300000002,-0.06361725123519331,0.024935204569356946,0.006573015742549579,-0.05981996105034406,-0.13355594265350695,-0.06988595142363804,0.08456188943516471,0,0.0035946000000000003,1,Shared Control,0.01,Good Visuals,0.028037200372117953,0.2483920301966467,0.0,4.997320862933933,0.9903408725454912,-1.2418654465156482,-0.01339384973250255,0.0026144641227414597,0.4379960189947926,-0.0016320108431296157,27.45576398551983,1.0272256771583,2.544287950041648,-0.027226128673233613
2489,10.224686100000001,-0.06361725123519331,0.03113301746792565,0.006268700188444734,-0.05342887196723906,-0.11655352483653193,-0.06952842916835758,0.08432633934731443,0,0.0042338,1,Shared Control,0.01,Good Visuals,0.026394729970293428,0.24839351980638813,0.0,4.9973119883907104,0.9903406705758222,-1.239677603391363,-0.011206006608217332,0.0005844771083754951,0.3935535912155019,-0.0016326847248064093,27.45571204995835,1.0272261286732336,2.544299169415864,-0.027226291948627194
2490,10.229188400000002,-0.06346017160251381,0.034554498085465575,0.006068257565843768,-0.04977184126184885,-0.09379975883253665,-0.06914934527336353,0.08406814836337079,0,0.0045023,1,Shared Control,0.01,Good Visuals,0.021586147621537717,0.24838162184133103,0.0,4.997309499929473,0.9903406281515124,-1.2386226820106427,-0.010151085227497136,-0.007957826545860153,0.3087183227649746,-0.001557104504418756,27.455700830584135,1.0272262919486272,2.5441731069396774,-0.027224987818509423
2491,10.232866300000001,-0.06346017160251381,0.03284502024272713,0.005689173670849715,-0.051223128120643655,-0.07477085982481506,-0.06884054631581867,0.0838525955486642,0,0.0036779000000000004,1,Shared Control,0.01,Good Visuals,0.018965997871651052,0.24836113423294784,0.0,4.997332850290073,0.9903411145700579,-1.237670211788325,-0.009198615005179368,-0.013402606712478523,0.26401037290178453,-0.0015072436559552028,27.455826893060323,1.0272249878185093,2.5439697626727016,-0.02722274218179714
2492,10.236350700000001,-0.06330309196983433,0.02948381776695866,0.005537454345984336,-0.05436877778170554,-0.05569276096876363,-0.06854873046659607,0.0836454823526254,0,0.0034844000000000003,1,Shared Control,0.01,Good Visuals,0.022297494069443355,0.24834727742016297,0.0,4.997371749771417,0.9903418965786822,-1.236629270374734,-0.008157673591588284,-0.010226399986400635,0.3051271914381015,-0.0014129696257404586,27.456030237327298,1.0272227421817972,2.543843706826342,-0.027221223343340113
2493,10.240827900000001,-0.06298893270447535,0.028195022563897214,0.005559797762120719,-0.05545045978872818,0.008124993498750607,-0.06817483408998828,0.0833765172885026,0,0.004477200000000001,1,Shared Control,0.01,Good Visuals,0.030524770742479463,0.24833703855854608,0.0,4.997413488287649,0.990342695441464,-1.2340811192168517,-0.00560952243370607,-0.0010731941743159345,0.39134548783974404,-0.0013026924453282277,27.45623895778205,1.0272202288563648,2.5437570169878057,-0.027220101066737164
2494,10.2466848,-0.06298893270447535,0.035626563096155306,0.005185901385512934,-0.04774995419234729,0.07649428002091728,-0.06768754271953835,0.08302237339283233,0,0.0058569,1,Shared Control,0.01,Good Visuals,0.027130341947463242,0.2483261258354646,0.0,4.997414982623178,0.990342709392702,-1.2329362974516478,-0.004464700668502081,-0.007864601054788813,0.3201045087808938,-0.0013807037112294912,27.456242983012196,1.0272201010667372,2.54364326842629,-0.027218904928509393
2495,10.2503506,-0.06283185307179585,0.03930283609441418,0.004855689647742495,-0.043719537298418154,0.12908656747892727,-0.06738360560509522,0.08280081070087453,0,0.0036658000000000003,1,Shared Control,0.01,Good Visuals,0.02137262852797113,0.24830031901461755,0.0,4.9974362207016085,0.9903431479416777,-1.2321162948166997,-0.003644698033554064,-0.02072559861315883,0.23851152848982463,-0.001287794800029195,27.45635673157371,1.0272189049285094,2.543383064133589,-0.027216076255526318
2496,10.2537642,-0.06283185307179585,0.03637963456861647,0.004551752533299369,-0.04642117613225806,0.1619160280313923,-0.06710130766372932,0.08259542390778066,0,0.0034136,1,Shared Control,0.01,Good Visuals,0.01903114885196167,0.2482665014185134,0.0,4.997485607258887,0.9903441494436248,-1.2313800633718062,-0.002908466588660464,-0.027612265927736877,0.20393093038989532,-0.0012056692885704374,27.45661693586641,1.0272160762555262,2.543052790933666,-0.027212369525394024
2497,10.2581292,-0.06283185307179585,0.028438920151442067,0.0042694545919334664,-0.05415650375633859,0.1799855312798289,-0.06674134787544046,0.08233513467880774,0,0.004365,1,Shared Control,0.01,Good Visuals,0.023225391399052987,0.2482291374879983,0.0,4.99754930403948,0.9903454185008589,-1.2301088817484633,-0.0016372849653176385,-0.023785574898553107,0.25727734286118425,-0.0011300476767650898,27.456947209066335,1.027212369525394,2.542692411288968,-0.02720827408328529
2498,10.262317200000002,-0.06267477343911637,0.020553666111669408,0.004066574436324091,-0.06178146856713833,0.19630839495392122,-0.06639704523856262,0.08208895657486329,0,0.004188,1,Shared Control,0.01,Good Visuals,0.032296611868225744,0.24821683278915482,0.0,4.997619248941889,0.9903468023095633,-1.2288399015118077,-0.00036830472866196656,-0.011949004714682278,0.36720303161516055,-0.001059803030899818,27.457307588711032,1.0272082740832853,2.5425980389968204,-0.027206925371276565
2499,10.265775000000001,-0.062360614173757385,0.02384343538217936,0.004036431064805231,-0.058245521192683926,0.24674151408721479,-0.0661135445656052,0.08188909483506801,0,0.0034578,1,Shared Control,0.01,Good Visuals,0.04086182698360308,0.24821622188985434,0.0,4.997639966350812,0.9903471596216045,-1.2271784063146902,0.0012931904684554364,-0.0006057166568439745,0.4671582964396904,-0.0010093922268857086,27.45740196100318,1.0272069253712766,2.542601914435948,-0.027206858410903687
2500,10.269337900000002,-0.062360614173757385,0.03375093197262426,0.0037529303918478127,-0.048138162862443754,0.30287183429900555,-0.06582214315413523,0.0816870156853968,0,0.0035629000000000004,1,Shared Control,0.01,Good Visuals,0.03751065541946438,0.2482081714861764,0.0,4.997640178963423,0.9903471427052242,-1.225808256155904,0.0026633406272416056,-0.008320450534761758,0.39876314283648695,-0.0010019076688247961,27.45739808556405,1.0272068584109038,2.5425175575252283,-0.02720597601010269
2501,10.2741866,-0.062360614173757385,0.02572037139370452,0.003461528980377847,-0.05596664429169228,0.30234605297034156,-0.06542671988555662,0.08141935534174244,0,0.0048487,1,Shared Control,0.01,Good Visuals,0.029241289682376423,0.24816428104698635,0.0,4.9977017300906015,0.9903484017706807,-1.2238960430329244,0.004575553750221204,-0.025273790947483072,0.2725780291319346,-0.0008590971980358652,27.457724941519974,1.0272033610866393,2.542087623857996,-0.027201165200577252
2502,10.279607500000001,-0.062203534541077896,0.0185891759347991,0.0032231853444787267,-0.06283017940694334,0.3051055309780947,-0.06498613926739007,0.08113171454482462,0,0.0054209,1,Shared Control,0.01,Good Visuals,0.03812669965938088,0.24815591545401217,0.0,4.997738680934829,0.9903491202887734,-1.2227564234163404,0.005715173366805356,-0.011480531170481213,0.3777702842788978,-0.000859027850738776,27.457912376142005,1.0272011652005772,2.542018193509439,-0.027200248252031992
2503,10.282895900000002,-0.062203534541077896,0.017654450307443913,0.002782604726312171,-0.0634772642373807,0.3252645115130192,-0.06471962305350361,0.08096394290370643,0,0.0032884000000000004,1,Shared Control,0.01,Good Visuals,0.04611514441677148,0.24815566628344357,0.0,4.997753268363923,0.9903493845476177,-1.2210738557816714,0.007397741001474261,-0.000311609598914873,0.4728837398243177,-0.000799852509837074,27.45798180649056,1.027200248252032,2.5420228191707945,-0.027200220940568107
2504,10.286357400000002,-0.06204645490839841,0.019097458266501745,0.0026731681451051953,-0.06186648463720468,0.34367508845584005,-0.0644396634902478,0.08079332613257847,0,0.0034615,1,Shared Control,0.01,Good Visuals,0.048957897050599164,0.24815698098485964,0.0,4.997753064864839,0.9903493653214697,-1.2193557954765286,0.009115801306617119,0.0019698975676759444,0.49940709991944,-0.000690519129861456,27.457977180829204,1.0272002209405682,2.5420365117808963,-0.027200365044345882
2505,10.290797300000001,-0.061732295643039434,0.026003340974700764,0.002707367847208361,-0.05478998515787771,0.3976632254427391,-0.06408141776333423,0.08058412170845397,0,0.0044399,1,Shared Control,0.01,Good Visuals,0.04755246932402883,0.24815508122226754,0.0,4.997751748341172,0.9903493408814702,-1.2161910803260494,0.012280516457096366,-0.0026793570819439957,0.4418912708405983,-0.0005938900437829457,27.457970775739067,1.0272003021718084,2.5420159264130966,-0.027200156812299384
2506,10.2965826,-0.061732295643039434,0.035469818034151224,0.002349122120294797,-0.04511430367430275,0.454491884250873,-0.06361596228451223,0.08032900442538579,0,0.0057853,1,Shared Control,0.01,Good Visuals,0.040730469247690734,0.24814697559048005,0.0,4.997754279214998,0.9903493920491369,-1.2152142626140952,0.013257334169050571,-0.014203064215954072,0.3234067381652119,-0.0006718470880225464,27.457984073586903,1.0272001568122995,2.5419321397578654,-0.02719926835797237
2507,10.2997665,-0.061732295643039434,0.0369538924056905,0.0018836666414727976,-0.043375112019695294,0.4722505624201653,-0.06336041374266463,0.08019757148539028,0,0.0031839000000000004,1,Shared Control,0.01,Good Visuals,0.03293856575453972,0.24812961751661447,0.0,4.997769987318559,0.9903497149473784,-1.2144336956197905,0.014037901163355121,-0.029414646117252273,0.21706534880549233,-0.0005829275494438497,27.458067860242135,1.0271992683579723,2.54175781786768,-0.027197365748004534
2508,10.303377800000002,-0.06157521601035994,0.03068944033571097,0.0017851977323046914,-0.04950813114967931,0.4662285879207399,-0.06307105345401434,0.08005658774593308,0,0.0036113,1,Shared Control,0.01,Good Visuals,0.03354236386687755,0.24811593455523767,0.0,4.997803139317123,0.9903503857592805,-1.2136559029027816,0.01481569388036404,-0.030357125890715708,0.22710602575593286,-0.000467393483277451,27.45824218213232,1.0271973657480045,2.5416307102497564,-0.027195865965315126
2509,10.3077149,-0.06157521601035994,0.026010524880091698,0.0014958374436544047,-0.05404606286584138,0.4734467559153727,-0.06272418635964094,0.07989906374446196,0,0.0043371,1,Shared Control,0.01,Good Visuals,0.040108309166254894,0.2481056599093832,0.0,4.997828289960541,0.9903508728234086,-1.212434563869178,0.01603703291396762,-0.020569174962449865,0.3047937494955407,-0.0004429360037166695,27.458369289750244,1.027195865965315,2.5415353904679594,-0.027194739766419437
2510,10.310792800000002,-0.061261056745000965,0.02608629633948242,0.0014631296146399783,-0.053812767404979533,0.49253895128228253,-0.06247842640969106,0.07979533324898264,0,0.0030779,1,Shared Control,0.01,Good Visuals,0.046048618345855295,0.24810089279698894,0.0,4.9978471637453525,0.9903512380524686,-1.2110961203622101,0.017375476420935572,-0.012780389364077443,0.3746308133814623,-0.0003711257360750409,27.45846460953204,1.0271947397664194,2.541494739782905,-0.02719421724556664
2511,10.3144182,-0.061103977112321475,0.034036562069719827,0.001374449297369587,-0.04575877117926281,0.5322325189495746,-0.06218934481817553,0.07968196795837224,0,0.0036254000000000004,1,Shared Control,0.01,Good Visuals,0.04598103865405143,0.248095997106301,0.0,4.997855579880202,0.9903513930364476,-1.2098824583981032,0.018589138385042506,-0.014000496463856356,0.3544469974904163,-0.000363003763669893,27.458505260217095,1.0271942172455666,2.541447550747508,-0.027193680631310103
2512,10.317816,-0.061103977112321475,0.04025520992518269,0.0010853677058540526,-0.03942675803318955,0.5544396718610185,-0.06191876935936487,0.0795845603429376,0,0.0033978000000000003,1,Shared Control,0.01,Good Visuals,0.03844795938966002,0.24808660341534705,0.0,4.997864741693849,0.9903515742303517,-1.2090256272455262,0.01944596953761937,-0.027417058291874637,0.24010288420581305,-0.0003409953689029625,27.458552449252494,1.02719368063131,2.54135353898646,-0.02719265099344923
2513,10.3214129,-0.061103977112321475,0.035055064733610655,0.0008147922470433944,-0.04452949560932694,0.5367716132762432,-0.06163268297804918,0.07949093860904127,0,0.0035969,1,Shared Control,0.01,Good Visuals,0.03362182571815999,0.2480771301299268,0.0,4.997882651527702,0.9903519359341453,-1.2084301746824844,0.02004142210066112,-0.036273459440768444,0.17295589724693605,-0.0002692651876020394,27.45864646101354,1.0271926509934493,2.541263032327783,-0.027191612631277926
2514,10.3254628,-0.06094689747964198,0.02609900161525803,0.0006857854984071987,-0.053391936993783244,0.515709202272568,-0.061310946322834875,0.07939739212290878,0,0.0040499,1,Shared Control,0.01,Good Visuals,0.0400276372319274,0.24807111502941198,0.0,4.997900303119829,0.9903522832890188,-1.2074022837544847,0.0210693130286608,-0.02641989761212121,0.25699200640039893,-0.0002021313222986396,27.458736967672216,1.027191612631278,2.5412086801134808,-0.027190953319058974
2515,10.3287984,-0.06094689747964198,0.02065818543515735,0.0003640488431928962,-0.05873920668775143,0.5026680156503245,-0.06104622336310361,0.07932989492554796,0,0.0033356,1,Shared Control,0.01,Good Visuals,0.04944934278051558,0.24806911279929603,0.0,4.99791121414388,0.9903524912321302,-1.2060785089039279,0.022393087879217503,-0.01169417208572823,0.3701003272636725,-0.00017012357326087483,27.45879131988652,1.027190953319059,2.541193086209679,-0.027190733855597414
2516,10.332428900000002,-0.060632738214283007,0.021691558601324663,0.0004134851488206068,-0.05763833632422329,0.5028047067706849,-0.06075833471872288,0.07926631513931917,0,0.0036305,1,Shared Control,0.01,Good Visuals,0.05635303811656422,0.24806898536113087,0.0,4.997914607964178,0.9903525503367218,-1.2045329541822567,0.023938642600888595,-0.001469122522755947,0.452485499801239,-9.03092735464718e-05,27.45880691379032,1.0271907338555974,2.5411934329365966,-0.0271907198871626
2517,10.3357699,-0.06047565858160352,0.03164564215192747,0.00028267613711936007,-0.0476206729873917,0.5288363715482922,-0.060493590867561065,0.0792169502702319,0,0.0033410000000000002,1,Shared Control,0.01,Good Visuals,0.05501570977820267,0.24806863717504854,0.0,4.997914696329221,0.9903525486771806,-1.2030684813219488,0.02540311546119663,-0.003385305438743004,0.4107572603450014,-0.00010257284132982412,27.458806567063405,1.0271907198871626,2.5411898236209587,-0.02719068172265679
2518,10.340890600000002,-0.06031857894892402,0.03769761342125772,0.00017501191863704413,-0.04151933684897418,0.5213991214888377,-0.06008810352329871,0.07915832607706383,0,0.005120700000000001,1,Shared Control,0.01,Good Visuals,0.039378729296236155,0.24806715863235446,0.0,4.997917956866246,0.9903526154564074,-1.2013937889007313,0.027077807882414068,-0.029163107197464854,0.1819356323350608,-4.448413708494037e-06,27.458823901041708,1.0271905348387935,2.541175928466794,-0.027190519660316843
2519,10.346667000000002,-0.06031857894892402,0.032431313281204424,-0.0002304754256253136,-0.046727012795859404,0.49951812224176884,-0.05963098568020878,0.07911685494596474,0,0.0057764,1,Shared Control,0.01,Good Visuals,0.04024408862075036,0.24806616220434327,0.0,4.9979181050454935,0.9903526158684569,-1.2008471035680348,0.027624493215110613,-0.02662605745918907,0.17865533748253115,-4.341470938308834e-05,27.458824071533208,1.0271905196603168,2.5411655474912704,-0.027190410442330965
2520,10.3500624,-0.06000441968356505,0.029684410088608296,-0.00037343400335626553,-0.04943244485735644,0.4814843277625855,-0.05936237568371343,0.07910456979683655,0,0.0033954000000000002,1,Shared Control,0.01,Good Visuals,0.047428118973543994,0.24806715746187927,0.0,4.9979200437763405,0.9903526558905988,-1.199752920899486,0.028718675883659554,-0.01569864884404725,0.2778382683837644,5.717315431728409e-05,27.45883445250873,1.027190410442331,2.5411769515739127,-0.02719051953202163
2521,10.3537622,-0.06000441968356505,0.031303128477656005,-0.00064204399985162,-0.04780144131918055,0.4676448061410337,-0.05906971396201264,0.07910124431181811,0,0.0036998,1,Shared Control,0.01,Good Visuals,0.05082194339882339,0.24806810158152384,0.0,4.997918008647279,0.9903526117244512,-1.1986383059376393,0.02983329084550625,-0.010085110907635758,0.3104777052497764,9.263671171219867e-05,27.458823048426087,1.0271905195320217,2.5411858475527422,-0.027190623016513083
2522,10.358104200000001,-0.05984734005088556,0.031024774917245958,-0.0007776260888729195,-0.048076469394572156,0.4362997320932902,-0.0587262413347354,0.07911051308655986,0,0.004342,1,Shared Control,0.01,Good Visuals,0.05054916277118165,0.24807040792482662,0.0,4.997916261287803,0.9903525776086896,-1.1971389254358444,0.03133267134730102,-0.010284178715881189,0.2997981528392162,0.00015927063617499955,27.458814152447257,1.027190623016513,2.5412091787115694,-0.02719087581367198
2523,10.362310800000001,-0.05969026041820607,0.029848744428669364,-0.0009640190834706713,-0.0492617686578905,0.4007196884506891,-0.05839341276012597,0.07913276939883365,0,0.0042066000000000004,1,Shared Control,0.01,Good Visuals,0.05149915770614172,0.24807181115611374,0.0,4.997911840289175,0.9903524877935705,-1.1961201988835377,0.032351397899607844,-0.007493043669217588,0.29542863216855286,0.0001929060210796926,27.45879082128843,1.027190875813672,2.5412217079285173,-0.027191029621165527
2524,10.3658707,-0.05937610115284708,0.03551900140562067,-0.000982688392721115,-0.04361376799321298,0.3916200717007717,-0.05811165945196973,0.0791615501774042,0,0.0035599000000000004,1,Shared Control,0.01,Good Visuals,0.05360459273530772,0.24807250342159104,0.0,4.997909309240888,0.9903524398921354,-1.1949997069762552,0.033471889806890295,-0.0028850650247280426,0.31435638740950766,0.00023914596002562623,27.458778292071482,1.0271910296211655,2.541227715388779,-0.027191105500045158
2525,10.36941,-0.05937610115284708,0.04323944416584524,-0.0012644417008773542,-0.03592210601155896,0.3839159488373151,-0.057831419343851005,0.07919894594053906,0,0.0035393000000000004,1,Shared Control,0.01,Good Visuals,0.048104386800255014,0.2480749905937884,0.0,4.997908077133872,0.9903524169636063,-1.1942270722820167,0.03424452450112878,-0.010592642438650593,0.2259231832037448,0.0002437779696656666,27.45877228461122,1.027191105500045,2.541253199405317,-0.027191378117770552
2526,10.3741961,-0.0592190215201676,0.03189203443317537,-0.001387602176316595,-0.047306911507363686,0.2840555368794863,-0.05745221814029357,0.07926295208646203,0,0.004786100000000001,1,Shared Control,0.01,Good Visuals,0.04584279164098106,0.24808583917761717,0.0,4.997890782456796,0.9903520647846606,-1.1930556059391542,0.03541599084399128,-0.012182298963210063,0.1956721262030859,0.00038320698979191193,27.458680819742895,1.0271920922913391,2.5413584413682067,-0.027192567225726272
2527,10.3796067,-0.058904862254808614,0.042023346613176124,-0.0014526441145150462,-0.037239605473285906,0.28897563960654893,-0.0570231225577256,0.07935302856573953,0,0.005410600000000001,1,Shared Control,0.01,Good Visuals,0.052945304064121165,0.2480845846276408,0.0,4.997884835988046,0.9903519625101401,-1.1914137849412574,0.03705781184188808,0.001534926375951614,0.26447762208239056,0.00036037928004518986,27.458653799424596,1.027192480140597,2.5413423282356273,-0.027192429715118316
2528,10.3856391,-0.058747782622129124,0.04489290724154304,-0.001724660064403527,-0.03446012132419649,0.26424671424326207,-0.05654407856241391,0.07947414492485569,0,0.0060324,1,Shared Control,0.01,Good Visuals,0.04414046607776026,0.24808827164580077,0.0,4.997885643356332,0.9903519772618373,-1.1909950010850576,0.037476595698087874,-0.011950218135056015,0.13783038974453266,0.0003603786117612523,27.45865767176437,1.0271924297151183,2.5413814128154675,-0.02719283384737153
2529,10.3892699,-0.058747782622129124,0.04093903760886051,-0.0022037040597152127,-0.03853510731599518,0.2272869643508854,-0.0562553759400608,0.07955677777539538,0,0.0036308000000000004,1,Shared Control,0.01,Good Visuals,0.04274728538574764,0.2480947659101544,0.0,4.997878405498909,0.9903518264480357,-1.1905019724849895,0.03796962429815601,-0.013290567796524854,0.12166636232957459,0.0004278679345544065,27.45861858718453,1.0271928338473715,2.5414459589913494,-0.02719354568050398
2530,10.393106000000001,-0.05859070298944964,0.03443856964903172,-0.0023353270493888384,-0.04511820812636366,0.19414877648588486,-0.0559500090013651,0.07965140475908669,0,0.0038361000000000003,1,Shared Control,0.01,Good Visuals,0.049177122086924846,0.24809651476877878,0.0,4.997866066376017,0.9903515782009582,-1.1896565033637607,0.03881509341938469,-0.0028831231048060384,0.2146896018965193,0.0005467274428303026,27.45855404100865,1.027193545680504,2.5414581853384868,-0.027193737372040543
2531,10.396871,-0.05827654372409066,0.03313185828124833,-0.002326534722725565,-0.04651954647783836,0.17925465219913428,-0.05564993592238957,0.07975103106936368,0,0.003765,1,Shared Control,0.01,Good Visuals,0.05635453175060245,0.24809055259282428,0.0,4.9978632349149645,0.9903515322198764,-1.1884478969000338,0.04002369988311165,0.009119045282516959,0.30157109158044737,0.0005793865017986265,27.458541814661512,1.0271937373720406,2.5413942257526405,-0.027193083860856705
2532,10.400798400000001,-0.058119464091411166,0.039835338891335344,-0.002469528169021594,-0.03991569217802834,0.18352840575771728,-0.05533650697560734,0.07986143566811713,0,0.0039274,1,Shared Control,0.01,Good Visuals,0.0576984453735005,0.24808358336061362,0.0,4.997875011203146,0.9903517791610841,-1.1873514896486022,0.04112010713454324,0.011804325534289983,0.3017828442463981,0.0005771912849873786,27.45860577424736,1.0271930838608567,2.5413269482685292,-0.02719231996673027
2533,10.4044266,-0.058119464091411166,0.04297482990938034,-0.0027829571158038274,-0.036886605758736785,0.1655084359063645,-0.05504656056642006,0.07996869818539479,0,0.0036282000000000003,1,Shared Control,0.01,Good Visuals,0.05187301243474695,0.24808204206201523,0.0,4.997888063156784,0.9903520375108057,-1.1866242493973786,0.04184734738576675,0.002630521232885586,0.21421551480853887,0.0006126493973808521,27.45867305173147,1.0271923199667303,2.54131725300427,-0.02719215102574641
2534,10.408229400000002,-0.057962384458731676,0.03790114693108232,-0.0029158238923116184,-0.04206755125431247,0.12224125937753261,-0.054742234216440464,0.08008588578590525,0,0.0038028000000000003,1,Shared Control,0.01,Good Visuals,0.05043964131105977,0.2480813220587246,0.0,4.997890455634612,0.990352073662698,-1.1857276297827555,0.04274396700038982,0.0008066431579804774,0.19541859871476164,0.0006904016842596297,27.45868274699573,1.0271921510257465,2.5413108858314364,-0.027192072106538658
2535,10.4123672,-0.057962384458731676,0.03019893272170486,-0.003220150242291213,-0.04988695306420039,0.07472658408766963,-0.05441058283038258,0.08021810195366688,0,0.0041378000000000005,1,Shared Control,0.01,Good Visuals,0.05623465981340344,0.24807349623347197,0.0,4.997891748451929,0.9903520979916641,-1.1848333998017435,0.04363819698140172,0.011319314509426569,0.2635281233642478,0.0007233614460950825,27.458689114168564,1.0271920721065386,2.541229419203279,-0.027191214321668773
2536,10.4158491,-0.057648225193372704,0.02713540594697132,-0.003237642362990123,-0.05308269600669556,0.04239067476571651,-0.054131073049405606,0.08033246295172791,0,0.0034819,1,Shared Control,0.01,Good Visuals,0.06549967563425518,0.2480520212750985,0.0,4.997906968877912,0.990352412060384,-1.1834691758513074,0.04500242093183778,0.026838037720923982,0.3833489618220303,0.0007988339290022431,27.45877058079672,1.0271912143216688,2.541011656808796,-0.027188860462008038
2537,10.419325200000001,-0.057648225193372704,0.03045887036024795,-0.0035171521439670977,-0.049873592591479964,0.02573378367738864,-0.053851627686434436,0.0804488178475104,0,0.0034761,1,Shared Control,0.01,Good Visuals,0.06875218930015384,0.2480262081180176,0.0,4.997948183495186,0.9903532504567839,-1.1820672387656792,0.04640435801746596,0.03321014045621234,0.4076227969726911,0.0008031037323055862,27.458988343191205,1.027188860462008,2.5407612725586923,-0.027186031094513473
2538,10.4241658,-0.05733406592801372,0.03349020199209793,-0.0034824382415792818,-0.04695861585541247,-0.03146163323117792,-0.0534618099270278,0.08061329013378052,0,0.0048406000000000005,1,Shared Control,0.01,Good Visuals,0.06572449442192686,0.24797288181622967,0.0,4.9980487249233745,0.9903552416689838,-1.1795592452545796,0.0489123515285657,0.03029861505578599,0.34266706357242277,0.0009025944715652895,27.459506851429893,1.0271829789035816,2.5402516416706087,-0.027180186024713945
2539,10.4296307,-0.05733406592801372,0.03417212730442975,-0.003872256000985917,-0.04644116282935077,-0.05789620430726857,-0.05302075532154643,0.08080035563104543,0,0.0054649,1,Shared Control,0.01,Good Visuals,0.06391131557032376,0.24795119307247396,0.0,4.998096018650634,0.9903561681435156,-1.1786566887512866,0.04981490803185868,0.02944821209292321,0.2980701794230456,0.0008635502465114579,27.459748358329392,1.0271801860247138,2.540047535976477,-0.027177808732142254
2540,10.432961100000002,-0.057019906662654746,0.03438867564581186,-0.003999151341108315,-0.046411679985233566,-0.08672384268640235,-0.052751468405395865,0.08091398120233773,0,0.0033304000000000003,1,Shared Control,0.01,Good Visuals,0.06534739105675652,0.2479202729871761,0.0,4.998136135420023,0.9903569508290616,-1.1775271719205742,0.05094442486257097,0.032113153180777294,0.31728892123719415,0.0009601304953265051,27.459952464023523,1.0271778087321422,2.539743011998839,-0.027174419596749138
2541,10.4364369,-0.057019906662654746,0.037105060480926044,-0.00426843825725888,-0.04380892072141168,-0.10514161848358364,-0.05247002302413983,0.08103143777599064,0,0.0034758000000000002,1,Shared Control,0.01,Good Visuals,0.06595272091469526,0.24788767240277962,0.0,4.998194618030667,0.9903581214793692,-1.1764563738175735,0.052015222965571664,0.034150132776064,0.31332790139010824,0.0009914706922046048,27.460256988001163,1.0271744195967492,2.5394299582887125,-0.027170846262673572
2542,10.4407931,-0.05670574739729576,0.035575883512130674,-0.004235724373155933,-0.04545555426385997,-0.1688348191345988,-0.052116717893122486,0.08117589186617577,0,0.0043562,1,Shared Control,0.01,Good Visuals,0.06575813419328501,0.24781578656342254,0.0,4.998329258363015,0.9903607888409486,-1.17441317462077,0.05405842216237526,0.03569097585451058,0.2927229222630061,0.0010887495971542232,27.460951541437137,1.0271665454463885,2.538742457398446,-0.027162966891058588
2543,10.4466447,-0.05639158813193679,0.05102656231345341,-0.004274870238814302,-0.030149329552722363,-0.15426422867741338,-0.05164115787776792,0.08136261525217792,0,0.0058516,1,Shared Control,0.01,Good Visuals,0.059982178436095684,0.24775590139448353,0.0,4.998453989879866,0.9903632358843387,-1.172999017718556,0.05547257906458915,0.028656015369606252,0.1883196855176686,0.0010592329828680925,27.46158932600311,1.0271591888296328,2.5381759343588706,-0.02715640290704565
2544,10.452795900000002,-0.0562345084992573,0.044588039769016735,-0.004593350621489377,-0.03677457548316118,-0.21938956808334928,-0.0511401081921447,0.08154601760496219,0,0.006151200000000001,1,Shared Control,0.01,Good Visuals,0.05267837739859714,0.2477245081475003,0.0,4.998525636195528,0.9903646065071735,-1.1725244949383256,0.05594710184481973,0.01805320646402263,0.09155904552462324,0.0011379656071077728,27.461947440585583,1.0271548729166038,2.5378820413153376,-0.027152961908632138
2545,10.4589177,-0.05576326960121883,0.04132986462688418,-0.004623161409074129,-0.04021615297807801,-0.24247601845807742,-0.050640384829727575,0.0817109352268048,0,0.0061218,1,Shared Control,0.01,Good Visuals,0.05938039386268745,0.24768656998093727,0.0,4.9985584989558705,0.9903652617726091,-1.1718321878556508,0.056639408927494396,0.030066673744526096,0.17617301134302116,0.0011378855234574707,27.46211795868466,1.0271529619086321,2.537500255859806,-0.027148803524791668
2546,10.4627031,-0.05576326960121883,0.04247507934338764,-0.005122884771491254,-0.03923585588341716,-0.31848808826684094,-0.05033090091570619,0.08180205893141623,0,0.0037854000000000004,1,Shared Control,0.01,Good Visuals,0.061953873616740124,0.24761398737556808,0.0,4.998696915368784,0.9903680218954443,-1.1705653882349338,0.05790620854821135,0.034607701384448075,0.20744367413124504,0.001268687937446239,27.46283621365956,1.0271449132943296,2.5368072365368626,-0.02714084778099564
2547,10.468693100000001,-0.05560618996853934,0.0334092180615541,-0.00527528905283315,-0.04839284086986213,-0.393802987639083,-0.04984052209198023,0.08192600855527844,0,0.0059900000000000005,1,Shared Control,0.01,Good Visuals,0.06446609411524576,0.24756816064376608,0.0,4.998766236188786,0.9903693907707698,-1.1698505508834511,0.05862104589969407,0.04157501695883843,0.23219559263389827,0.0012684979251345254,27.463192763463137,1.0271408477809956,2.536360719327376,-0.027135824735386133
2548,10.472049900000002,-0.05529203070318035,0.03339315160394156,-0.005451508611200126,-0.048532856951336883,-0.4205624673969697,-0.049565414348117245,0.08198312145130014,0,0.0033568,1,Shared Control,0.01,Good Visuals,0.07429726298126645,0.24748853921726335,0.0,4.9988524548651645,0.9903711063021265,-1.168560755178749,0.059910841604396185,0.05973722148461659,0.3564941140691303,0.001305993607674098,27.463639280672623,1.0271358247353861,2.535567960678316,-0.02712709746985594
2549,10.475714300000002,-0.05529203070318035,0.03953271126715391,-0.005726616355063108,-0.042450410184146234,-0.4302754884515008,-0.049264898219190056,0.0820340943454033,0,0.0036644000000000004,1,Shared Control,0.01,Good Visuals,0.07531779987496655,0.24739681372021488,0.0,4.9990038715621115,0.9903741555935522,-1.1671777672697397,0.06129382951340546,0.06219587081509959,0.35700144789728067,0.0013491859027162513,27.464432039321686,1.0271270974698559,2.5346804426378844,-0.027117043483086394
2550,10.479441000000001,-0.05513495107050087,0.04035677631845288,-0.005870052851310814,-0.041677318026950426,-0.4578422262801472,-0.048959105603270034,0.0820726307585166,0,0.0037267000000000003,1,Shared Control,0.01,Good Visuals,0.07067029603529718,0.2473211613117628,0.0,4.9991758523924945,0.9903775641925592,-1.1662014759275856,0.062270120855559434,0.055299812096957314,0.2855487985241224,0.0014167466396406835,27.465319557362115,1.0271170434830863,2.5339717116634657,-0.027108751259679202
2551,10.4828656,-0.05497787143782138,0.03893948971118644,-0.006018765834551347,-0.04313314104733017,-0.47776360159255604,-0.04867799738851501,0.08209518977023,0,0.0034246000000000003,1,Shared Control,0.01,Good Visuals,0.07062264004028052,0.24723763421879386,0.0,4.999315479925088,0.9903802813331891,-1.1652060810966738,0.06326551568647133,0.056376252447586185,0.2755723349054267,0.001451788288147615,27.466028288336535,1.0271087512596793,2.533164311714252,-0.027099595895962125
2552,10.486410500000002,-0.054663712172462395,0.04303832180940573,-0.005985714783947382,-0.039056867960824276,-0.4692375648558585,-0.04838695722461669,0.08210453460307032,0,0.0035449,1,Shared Control,0.01,Good Visuals,0.07280899746076369,0.24715129378248943,0.0,4.999472014319026,0.9903833820799123,-1.164202120501402,0.06426947628174319,0.0603084763768526,0.29489222948211263,0.0014880654258513796,27.466835688285748,1.0270995958959621,2.5323357151549497,-0.02709013216306109
2553,10.490814,-0.054506632539782905,0.04687364956404205,-0.0061196753151662175,-0.03523088503902827,-0.45834875979759926,-0.04802542249680118,0.08209470790491616,0,0.0044035,1,Shared Control,0.01,Good Visuals,0.06466378365534514,0.24698874915638924,0.0,4.99980151036011,0.9903898847596334,-1.1627064950900348,0.06576510169311023,0.046464568197777896,0.16830021314602278,0.0015507428907289389,27.46852951281957,1.0270802619383985,2.5307928843579766,-0.027072315726270252
2554,10.497221000000001,-0.05434955290710342,0.04261406599872501,-0.006324130410302241,-0.03948064190619115,-0.45748346638993503,-0.04749960557962662,0.08203394448560374,0,0.006407,1,Shared Control,0.01,Good Visuals,0.06549038349078777,0.24691830436619056,0.0,4.999935164705124,0.9903924822568887,-1.1621398185881275,0.06633177819501755,0.04815205360543213,0.16571911153891528,0.0015114909513361363,27.469207115642025,1.0270723157262702,2.5301196746508325,-0.02706459430734715
2555,10.5008844,-0.054035393641744436,0.04442196586968469,-0.0065357880621178185,-0.03761197861591904,-0.4314073206717599,-0.04719918917952071,0.08197224053800538,0,0.0036634000000000002,1,Shared Control,0.01,Good Visuals,0.07072250521654692,0.24683028227737672,0.0,5.000066446362577,0.990395066080266,-1.1613032791022617,0.06716831768088334,0.055321778763940406,0.23237853436645284,0.0015615435575024902,27.469880325349166,1.027064594307347,2.5292608129717586,-0.027054946249338865
2556,10.5046148,-0.053564154743705975,0.05746864409047784,-0.006364965564185261,-0.02450359644752754,-0.3643903654863736,-0.046893550683792876,0.08188764965231078,0,0.0037304,1,Shared Control,0.01,Good Visuals,0.06395569727764502,0.24667179134474126,0.0,5.00038553096803,0.9904013748697376,-1.1600465431070277,0.06842505367611743,0.04116668836719616,0.12969760229922878,0.0016480591074272,27.471523341539598,1.027045901301568,2.5277550853216417,-0.02703757413590166
2557,10.5113093,-0.05340707511102648,0.061342289944162146,-0.006513524427233602,-0.020545359708148636,-0.3393778787140111,-0.04634601631601755,0.08167658409469163,0,0.006694500000000001,1,Shared Control,0.01,Good Visuals,0.05609664362527255,0.24662644167485478,0.0,5.000526688541795,0.9904041434033415,-1.1600163977439277,0.0684551990392175,0.02852363925810429,0.008442423922499831,0.0015700574575651701,27.47224491467836,1.0270375741359017,2.527348809123616,-0.02703260338081487
2558,10.5152125,-0.05340707511102648,0.05768827331509752,-0.007061058795008929,-0.023988310779594103,-0.33792899630954587,-0.04602752059507346,0.0815158298992267,0,0.0039032000000000003,1,Shared Control,0.01,Good Visuals,0.052919827700755755,0.24659164907322587,0.0,5.000608620013307,0.9904056970681175,-1.160121354775452,0.06835024200769313,0.022180752167034287,-0.030493922404591978,0.00160640735225087,27.472651190876384,1.0270326033808148,2.5270240933503922,-0.027028789780804936
2559,10.5187983,-0.052935836212988016,0.052505892818502056,-0.006908315617914558,-0.02900993708072465,-0.33378557328110897,-0.045735525106465794,0.0813420063275039,0,0.0035858,1,Shared Control,0.01,Good Visuals,0.0590682335998083,0.24653873200176057,0.0,5.0006727189610585,0.9904069417358575,-1.1598820669036312,0.06858952987951407,0.030074990375427352,0.06717795390818199,0.0017411981324642568,27.47297590664961,1.027028789780805,2.526500368953948,-0.02702298956654048
2560,10.522635200000002,-0.05277875658030852,0.05704173970053458,-0.007043231473842726,-0.02430026662696931,-0.29410114919490093,-0.04542382685084577,0.08112685489114806,0,0.0038369000000000003,1,Shared Control,0.01,Good Visuals,0.0632786200756504,0.24647666573921365,0.0,5.0007730538008595,0.9904089556099769,-1.1594861864776176,0.0689854103055276,0.036300734436813205,0.11186855035987608,0.0017031673727086142,27.473499631046053,1.0270229895665404,2.5258984835926026,-0.027016186513926302
2561,10.526299100000001,-0.05277875658030852,0.05843553879151063,-0.00735492972946275,-0.022691316099637426,-0.2793290376677159,-0.04512700757245872,0.08089190702662384,0,0.0036639000000000003,1,Shared Control,0.01,Good Visuals,0.05928968058834788,0.2464230506595643,0.0,5.000889555820066,0.9904112675403285,-1.1592671272814,0.06920446950174527,0.02803032562454267,0.05642801479036602,0.0017359922097022426,27.474101516407398,1.0270161865139262,2.525393240609835,-0.027010309791326938
2562,10.5298998,-0.05262167694762903,0.049198183699624365,-0.007494669375170307,-0.031693723326999476,-0.29824575025853367,-0.044836199744881886,0.08063162705138655,0,0.0036007,1,Shared Control,0.01,Good Visuals,0.05925570027521489,0.24637402554088206,0.0,5.000988795125604,0.9904132052346922,-1.1590478450139283,0.06942375176921682,0.026618212724241166,0.061262297444137526,0.0018124242213209349,27.474606759390166,1.027010309791327,2.5249276427411003,-0.027004936172099273
2563,10.5333222,-0.05230751768227006,0.04421719658648342,-0.007471317937388172,-0.03641443046490313,-0.288874344725835,-0.04456070960935165,0.08035606838747716,0,0.0034224000000000004,1,Shared Control,0.01,Good Visuals,0.0688713789629205,0.24629944890669356,0.0,5.001079882567326,0.9904149916498503,-1.1584064627525301,0.07006513403061503,0.04154212265438053,0.18723755988854318,0.0018464918640586758,27.4750723572589,1.0270049361720992,2.524189856561109,-0.02699676186378179
2564,10.536809600000002,-0.05215043804959057,0.04852574369343721,-0.007589728440238919,-0.03183032469403996,-0.2538695910924037,-0.0442810079407366,0.08004588032588822,0,0.0034874000000000003,1,Shared Control,0.01,Good Visuals,0.07343121523936416,0.24621013203467793,0.0,5.00122125729072,0.9904178286045566,-1.1575650126949348,0.07090658408821027,0.04781136644725634,0.23524561983707565,0.0018401814905854013,27.475810143438892,1.0269967618637819,2.523322121300906,-0.026986971885221436
2565,10.541280500000001,-0.05199335841691107,0.05171264768413551,-0.007712350476174475,-0.028333232641752706,-0.23474551107773217,-0.043924101621140355,0.0796029502879638,0,0.0044709,1,Shared Control,0.01,Good Visuals,0.06948461198117348,0.24611618353717032,0.0,5.001389062627164,0.9904211620485034,-1.1567968228604515,0.0716747739226937,0.03993846763801019,0.17331238933386667,0.0018686680413785744,27.476677878699093,1.0269869718852214,2.522418752755589,-0.02697667423646123
2566,10.544748,-0.05167919915155209,0.05275930838425241,-0.007755097530411738,-0.026843641903711385,-0.2186581754742495,-0.04364872779842338,0.07922295711682961,0,0.0034675,1,Shared Control,0.01,Good Visuals,0.06663575119400134,0.24604969626172143,0.0,5.001564677857063,0.9904246304659239,-1.1563445183478251,0.07212707843532015,0.034555148601331985,0.1267989438553595,0.00189813426529714,27.477581247244412,1.0269766742364612,2.5218073926706555,-0.026969386598789963
2567,10.5483831,-0.05167919915155209,0.05322809403662615,-0.008030471353128711,-0.025994863080203462,-0.20122939939311457,-0.04336152192395903,0.07878900493450322,0,0.0036351,1,Shared Control,0.01,Good Visuals,0.06537523202064807,0.24599025312497427,0.0,5.001686297513106,0.9904269719539845,-1.1559946918075783,0.07247690497556694,0.03185919362981505,0.10170263111515326,0.0019081393918378342,27.478192607329344,1.02696938659879,2.5212433613864174,-0.0269628710657089
2568,10.551820800000002,-0.05152211951887261,0.04796181194360499,-0.008160597594913582,-0.030827192990898228,-0.20736845605627896,-0.04309142418245339,0.0783439073524897,0,0.0034377,1,Shared Control,0.01,Good Visuals,0.06591285484582311,0.2459273620357317,0.0,5.001796694079161,0.9904291359570033,-1.1555997452502846,0.07287185153286058,0.03129183692299687,0.11038193328497303,0.0019754176808689863,27.478756638613582,1.0269628710657088,2.5206376002257174,-0.026955977604244927
2569,10.555594900000001,-0.051207960253513624,0.04475861417834988,-0.008116536071060235,-0.033585293174139816,-0.20122443193793654,-0.04279673101088765,0.07781502030215642,0,0.0037741000000000003,1,Shared Control,0.01,Good Visuals,0.07135083206197816,0.24584760727700342,0.0,5.0019143531050885,0.9904314619589184,-1.1549710018044232,0.07350059497872193,0.03949763486706784,0.17769145542091153,0.002006914239152234,27.47936239977428,1.026955977604245,2.5198583970346005,-0.02694723572423485
2570,10.5593427,-0.051050880620834134,0.04903704135294476,-0.008254149609946485,-0.028777978949211663,-0.1710497491712309,-0.04250614719806321,0.07724670221402763,0,0.0037478000000000003,1,Shared Control,0.01,Good Visuals,0.07386346942562493,0.24575302699546298,0.0,5.002064610831186,0.9904344562236111,-1.1542073042791814,0.07426429250396388,0.043067560239193406,0.19734296112094812,0.0019954309724476487,27.4801416029654,1.0269472357242349,2.5189395889547255,-0.026936868825936492
2571,10.5628554,-0.05089380098815465,0.051995875549964266,-0.008387653790091439,-0.025250826664063364,-0.15347777343948663,-0.04223579747558814,0.07667370877727342,0,0.0035127,1,Shared Control,0.01,Good Visuals,0.06979205984506012,0.24567994225486103,0.0,5.002242300872382,0.9904379858905049,-1.153727026466395,0.07474457031675025,0.03535321952675626,0.13411460522922303,0.0020284822519177686,27.481060411045274,1.0269368688259366,2.518259833272652,-0.02692885804334374
2572,10.5664697,-0.050579641722795665,0.05398553559247864,-0.008343844247207528,-0.022688173184794783,-0.13393648737367855,-0.04195980406350655,0.07604209902254125,0,0.0036143000000000004,1,Shared Control,0.01,Good Visuals,0.06696764779666847,0.24561883287338013,0.0,5.002376726718305,0.9904405910376622,-1.1534136360989344,0.07505796068421074,0.03018786742436471,0.09083252201625713,0.002060678298803431,27.48174016672735,1.0269288580433438,2.517684477481101,-0.026922159873994166
2573,10.569835200000002,-0.050422562090116176,0.05845677904404997,-0.008462758026609625,-0.017585319978491276,-0.10129721070145728,-0.04170492968031507,0.07541447080550018,0,0.0033655,1,Shared Control,0.01,Good Visuals,0.06421133338976943,0.2455660997443831,0.0,5.002489791534171,0.9904427975727262,-1.153254456158785,0.07521714062436013,0.025348934270933682,0.04466578936792165,0.00204940528567638,27.4823155225189,1.0269221598739942,2.5171865235799453,-0.026916379821573487
2574,10.574381800000001,-0.050265482457436686,0.05902491154111401,-0.008560552777121616,-0.01638955926438617,-0.08483704953229082,-0.04136409208023976,0.07450415016810612,0,0.0045466000000000005,1,Shared Control,0.01,Good Visuals,0.059752974606472234,0.2455217234020233,0.0,5.002587498023472,0.9904447075777031,-1.1533272825802083,0.07514431420293674,0.017021494368326538,-0.016541684782489685,0.002078166481674998,27.482813476420056,1.0269163798215735,2.516768724630577,-0.026911515752439795
2575,10.577745,-0.04995132319207771,0.05700714813276601,-0.00858723111183795,-0.01749700203534011,-0.07197145631410427,-0.041114720554491335,0.07378319665551689,0,0.0033632000000000002,1,Shared Control,0.01,Good Visuals,0.059058595651545545,0.24548906377240928,0.0,5.002669602381724,0.9904463098729183,-1.1534196546396558,0.07505194214348929,0.01514626751597346,-0.025661756708371397,0.0021018016711128757,27.483231275369423,1.0269115157524398,2.516466234534615,-0.026907935946446873
2576,10.581437300000001,-0.04995132319207771,0.05497368104700717,-0.008836602637586372,-0.018809515608509714,-0.058773197413093003,-0.04084382504324703,0.07294369348777727,0,0.0036923000000000004,1,Shared Control,0.01,Good Visuals,0.06028945623790444,0.2454551143655942,0.0,5.002729552662814,0.9904474688957946,-1.1534655734404047,0.07500602334274034,0.016532941719158888,-0.013436765011102192,0.0021080713260424036,27.483533765465385,1.0269079359464468,2.5161393221462047,-0.026904214768607167
2577,10.5848203,-0.04979424355939822,0.04814792754691943,-0.008950418516151186,-0.024795765940857833,-0.06960981231850577,-0.040598421803563954,0.072129243535326,0,0.003383,1,Shared Control,0.01,Good Visuals,0.06283755507871674,0.24541225778581607,0.0,5.002793059170223,0.9904487241726696,-1.1533776306524217,0.07509396613072321,0.019359861590577693,0.024562966227095695,0.0021689893110120742,27.483860677853794,1.0269042147686072,2.51572065604388,-0.026899517279905093
2578,10.5885332,-0.04963716392671873,0.04135618435023328,-0.009038742123154773,-0.030773059185092724,-0.07966717765093746,-0.04033235075901115,0.07118421682977044,0,0.0037129000000000003,1,Shared Control,0.01,Good Visuals,0.06933678890604406,0.24534887376589876,0.0,5.002873797701978,0.9904503330004828,-1.1530101196639695,0.07546147711917553,0.029602384331146703,0.10746249552686415,0.0021965424161766362,27.48427934395612,1.0268995172799051,2.5150949735764057,-0.02689256978855149
2579,10.592420400000002,-0.04932300466135975,0.04181577623078225,-0.0089906539023486,-0.029368440598988188,-0.06831172979302312,-0.04005766110129208,0.07013595974040697,0,0.0038872000000000004,1,Shared Control,0.01,Good Visuals,0.07570003178556835,0.24524802825201752,0.0,5.002993826199655,0.9904527386597692,-1.1522687812796653,0.07620281550347972,0.03964667028235244,0.18421548699256735,0.002217645200176412,27.484905026423593,1.0268925697885516,2.514095337826467,-0.026881516161207347
2580,10.5958716,-0.04916592502868026,0.047345802954784515,-0.009108263927388179,-0.022790156785622455,-0.05099983663265076,-0.039817288996087864,0.06915352032582331,0,0.0034512,1,Shared Control,0.01,Good Visuals,0.07407007178456848,0.24516546799226743,0.0,5.003185191055916,0.990456582956299,-1.1517550294880332,0.07671656729511171,0.03708951538760686,0.14511532684574402,0.002204940142247301,27.48590466217353,1.0268815161612073,2.5133225843302784,-0.026872466771605465
2581,10.5994197,-0.04900884539600077,0.05118451839373662,-0.009191556399912905,-0.01796900193208669,-0.04505642484046904,-0.03957379370136008,0.0680915007320713,0,0.0035481,1,Shared Control,0.01,Good Visuals,0.06814444690374033,0.24510485911541016,0.0,5.003337511178614,0.9904595456036697,-1.1515568138754957,0.07691478290764932,0.027640225025384803,0.05759905051509634,0.0022330317883552104,27.48667741566972,1.0268724667716054,2.5127610635305477,-0.026865823462322354
2582,10.602897500000001,-0.04869468613064179,0.05404118838494641,-0.009120892429281713,-0.014050312347124894,-0.0365561646636953,-0.03933887105022667,0.0669981924783474,0,0.0034778,1,Shared Control,0.01,Good Visuals,0.06378708982850674,0.24505624184219038,0.0,5.0034487824539875,0.9904616971922476,-1.1515770527861846,0.07689454399696039,0.021159041441690486,-0.0056650368608099355,0.002252895136451999,27.487238936469453,1.0268658234623222,2.5123052714219325,-0.026860494546835912
2583,10.607558800000001,-0.0485376064979623,0.05028358952324019,-0.009198735447735633,-0.01671460295510721,-0.03467701820024404,-0.03903014419985043,0.06544956177419911,0,0.0046613,1,Shared Control,0.01,Good Visuals,0.058120718990019665,0.24499022475321663,0.0,5.0036096221542845,0.9904648267892107,-1.1521412141979896,0.0763303825851553,0.012406766973348795,-0.0836224155313221,0.002292340392240457,27.488055200098497,1.0268562711614238,2.511691102042503,-0.026853258446073707
2584,10.613714600000002,-0.04806636759992384,0.054393526356491424,-0.009036223400073408,-0.011056035417707687,0.02697090189364077,-0.03863391840877418,0.06325397239798394,0,0.0061558,1,Shared Control,0.01,Good Visuals,0.06354997611878493,0.2449117716482755,0.0,5.0037332268066,0.9904672654896883,-1.1522869719657798,0.07618462481736511,0.0209075431299701,-0.021988834925729506,0.002251913635512303,27.488690415451874,1.026849017036398,2.5109281147569904,-0.026844659239697196
2585,10.619710000000001,-0.04790928796724434,0.04881532232214626,-0.009275369558470165,-0.01443865007583768,0.01262613902758818,-0.03826152023216503,0.0609455417919588,0,0.0059954000000000006,1,Shared Control,0.01,Good Visuals,0.05381360554051399,0.24488739779909072,0.0,5.003833845755348,0.9904692014035017,-1.1531912626961551,0.07528033408698975,0.003927760342556669,-0.14885394992794554,0.0023099737409750755,27.4891958911821,1.026842984713306,2.5107215366128974,-0.026841987634035606
2586,10.6259855,-0.04759512870188536,0.04468275162525739,-0.009333608469720332,-0.016262790166701416,0.009746435632852393,-0.03788712062551126,0.05834327519107883,0,0.006275500000000001,1,Shared Control,0.01,Good Visuals,0.06071360429895235,0.24485243203107476,0.0,5.003850383895469,0.99046951743509,-1.1533837549427082,0.07508784184043678,0.015763715457011662,-0.056328752685739725,0.0022714211147986598,27.4892784633871,1.0268419876340356,2.5103625855043976,-0.02683815505334287
2587,10.629642800000001,-0.04743804906920587,0.04427104939474086,-0.009550928443694616,-0.014072225796337975,-0.005545620819461304,-0.037676659539476895,0.056736454925574685,0,0.0036573,1,Shared Control,0.01,Good Visuals,0.06046426754826904,0.24477984369069258,0.0,5.003991188112348,0.9904723506490486,-1.153701710658608,0.07476988612453683,0.016479334989797062,-0.068694354249005,0.0023766495558476784,27.4900150667386,1.026833866513371,2.5096695335887276,-0.02683019868093488
2588,10.635707400000001,-0.047280969436526384,0.04150616124201828,-0.009604309897049489,-0.015230293683556405,-0.023520007652081468,-0.03734101545243019,0.05392151292480668,0,0.006064600000000001,1,Shared Control,0.01,Good Visuals,0.06173152100727029,0.24473216221372682,0.0,5.004053135009287,0.9904735603359928,-1.1538982291285893,0.07457336765455551,0.019831474736282103,-0.05462943596066988,0.002337874771548558,27.490330466411272,1.026830198680935,2.5091993183482084,-0.026824972337617135
2589,10.6408964,-0.046966810171167404,0.04896930445634729,-0.009625794718737216,-0.004952208468459389,-0.009886835748172965,-0.03706780005638136,0.05136030488463563,0,0.005189,1,Shared Control,0.01,Good Visuals,0.057344553549664216,0.24464013464233897,0.0,5.004247058993633,0.9904774255783074,-1.1544921226416647,0.0739794741414802,0.01570815198038074,-0.1300214481862596,0.0023552099363582063,27.491336279348086,1.0268189187690295,2.508328144069284,-0.026814885240627317
2590,10.646278400000002,-0.046809730538487915,0.04667509248492802,-0.009741930482106552,-0.004685212399707608,-0.02850518138873459,-0.03679886767360178,0.04855119473469517,0,0.0053820000000000005,1,Shared Control,0.01,Good Visuals,0.05307555737783711,0.24461897971920854,0.0,5.004314108957863,0.9904787102903038,-1.1551115591933006,0.07336003758984434,0.0091345045595532,-0.18019972411225127,0.0023548557160313877,27.491671855930715,1.0268148852406274,2.5081388682942922,-0.026812566459872695
2591,10.649821600000001,-0.046652650905808425,0.04225499037390238,-0.009853783232206648,-0.006296204360792791,-0.04520350941033171,-0.036630250368358264,0.04661519942397949,0,0.0035432000000000003,1,Shared Control,0.01,Good Visuals,0.05339265881671127,0.2445908143797566,0.0,5.004352307775569,0.9904794341195275,-1.1557488411562735,0.07272275562687136,0.011523756846961945,-0.17778824465698967,0.002383061095028362,27.491861131705708,1.0268125664598726,2.5078618792830345,-0.026809479270821435
2592,10.653433300000001,-0.046338491640449446,0.04422647679772709,-0.009708241272091182,-0.0023887226262524,-0.03543096987565472,-0.03646556204983484,0.04456970246507274,0,0.0036117000000000002,1,Shared Control,0.01,Good Visuals,0.05554859508902665,0.2445516276378412,0.0,5.004405545610969,0.990480498910947,-1.1562690193030487,0.07220257748009609,0.016631398903555923,-0.1522591461114826,0.0024101448654870144,27.492138120716966,1.0268094792708213,2.50747654165832,-0.026805184031248614
2593,10.6577365,-0.046338491640449446,0.04846895740120668,-0.009872929590614608,0.003899254936133939,-0.02203149926817398,-0.03627918314758202,0.042036070434292624,0,0.0043032,1,Shared Control,0.01,Good Visuals,0.05095068223362858,0.24452328311736313,0.0,5.004479612212235,0.9904819802049672,-1.157151024237449,0.07132057254569579,0.010468876827864517,-0.22135899972400475,0.0023741662045907645,27.49252345834168,1.0268051840312487,2.507215206130582,-0.02680207720225291
2594,10.660789200000002,-0.046181412007769956,0.04630456691627394,-0.009902228860187934,0.004268496481981313,-0.028407180557359336,-0.03615368784609743,0.04017414792485863,0,0.0030527,1,Shared Control,0.01,Good Visuals,0.04554724177445464,0.24451733294590858,0.0,5.0045315298804836,0.9904829813193607,-1.1581752372326268,0.07029635955051786,0.0024048647428212286,-0.2860530638676005,0.002414161157483648,27.49278479386942,1.0268020772022528,2.5071781307711474,-0.026801425006876427
2595,10.664480300000001,-0.046181412007769956,0.0388357965398422,-0.010027724161672524,-0.00133835138501643,-0.04489126973241173,-0.036009665305302294,0.0378502618341105,0,0.0036911,1,Shared Control,0.01,Good Visuals,0.04532823398190058,0.24450901445839138,0.0,5.004540734492458,0.9904831195302535,-1.1591601857578877,0.06931141102525708,0.003505851624342535,-0.2877022127240468,0.0024212665911131576,27.49282186922885,1.0268014250068764,2.5070953037666643,-0.026800513221537217
2596,10.6679407,-0.04586725274241098,0.034164346380071174,-0.009857587437108684,-0.003685915454039325,-0.049193496300820067,-0.03588256366131899,0.035598538311679986,0,0.0034604,1,Shared Control,0.01,Good Visuals,0.05150992756812175,0.2444736936564606,0.0,5.004556555182044,0.9904834381367421,-1.1598695149171232,0.06860208186602151,0.01408450428515484,-0.19852481366794433,0.0024518689520311478,27.492904696233335,1.0268005132215372,2.5067322392060465,-0.026796641725751108
2597,10.671559,-0.04571017310973149,0.03791198560402499,-0.009827609448412496,0.0023134472923450056,-0.03017297468458212,-0.035758131923041045,0.03316744110308261,0,0.0036183,1,Shared Control,0.01,Good Visuals,0.052984370065863616,0.24443067799808094,0.0,5.004624814438424,0.9904848369791387,-1.1605253207712387,0.0679462760119061,0.01784107219208375,-0.18766800804561845,0.002409920811291483,27.493267760793955,1.026796641725751,2.5063140293850097,-0.026791926800521497
2598,10.675436600000001,-0.04571017310973149,0.041224930547554814,-0.009952041186690443,0.008057489444472203,-0.023419487876510534,-0.03563471416390115,0.030474054203177545,0,0.0038776,1,Shared Control,0.01,Good Visuals,0.04689285447952166,0.24440649531322747,0.0,5.004705663054757,0.9904864436812381,-1.1615975125104436,0.06687408427270126,0.008921101069333229,-0.27207463946529603,0.0024021692405758127,27.49368597061499,1.0267919268005214,2.5060996773142454,-0.02678927614828856
2599,10.6787925,-0.045553093477052,0.037446077960648534,-0.00991837931315085,0.0069720237574709895,-0.03885924859126595,-0.03553646309551985,0.02806859140871315,0,0.0033559,1,Shared Control,0.01,Good Visuals,0.04182662887932607,0.24440153705402526,0.0,5.0047491375135476,0.990487262969664,-1.1627954155952176,0.06567618118792728,0.001978358195706055,-0.3329173155394288,0.0024323435076519045,27.493900322685754,1.0267892761482886,2.5060688748706066,-0.02678873267592784
2600,10.682636200000001,-0.04523893421169302,0.037888345256331314,-0.009702471116173166,0.009819753847618164,-0.027251710112076187,-0.03543400628997134,0.02522759050240586,0,0.0038437000000000002,1,Shared Control,0.01,Good Visuals,0.04273337477277973,0.24438867243363344,0.0,5.0047567989503055,0.9904873777689194,-1.1638864285099364,0.06458516827320855,0.0054361952974682215,-0.3200389893572108,0.0024240671492189152,27.493931125129393,1.0267887326759277,2.505937563111206,-0.026787322591192663
2601,10.685970800000002,-0.04523893421169302,0.04322539815129213,-0.009804927921721676,0.01799780764888627,-0.0025264429726780113,-0.03535409750521722,0.022687772813662035,0,0.0033346,1,Shared Control,0.01,Good Visuals,0.03883240144454736,0.24438730747186296,0.0,5.004781572481522,0.9904878835195552,-1.1652338051126143,0.06323779167053074,0.0005620051927556188,-0.3767094256375466,0.0023711740354072333,27.494062436888793,1.0267873225911928,2.505935342020458,-0.026787172978402076
2602,10.6908107,-0.04508185457901353,0.030940223137165646,-0.009727757073796306,0.00825245032350361,-0.03837258889390606,-0.035253455402146514,0.018875798992885648,0,0.0048399,1,Shared Control,0.01,Good Visuals,0.032341431075758875,0.24443161193467078,0.0,5.004731359370852,0.9904868160920013,-1.1684276504139564,0.06004394636918876,-0.007519254624095842,-0.4431586542885846,0.002415990015790515,27.493786306369692,1.026790071422133,2.5063759198550084,-0.026792029168853315
2603,10.696262200000001,-0.04508185457901353,0.025030116746026714,-0.009828399176867016,0.006154317753141066,-0.04692365983943502,-0.03516266193636966,0.014401648822302507,0,0.005451500000000001,1,Shared Control,0.01,Good Visuals,0.040510556784204566,0.2444175044850701,0.0,5.004698877304281,0.9904861951646747,-1.1695262760056757,0.05894532077746937,0.006040899869664632,-0.3202896684409746,0.0023777713420569274,27.49362408014499,1.0267920291688533,2.5062119370785982,-0.02679048285821776
2604,10.6998358,-0.04492477494633404,0.02188229364866494,-0.00976211300996438,0.0074806448263624314,-0.05560055377634009,-0.03511659952109279,0.011363677497710084,0,0.0035736,1,Shared Control,0.01,Good Visuals,0.04309269335682551,0.24438830201422831,0.0,5.00472794781668,0.9904868306203581,-1.1705553200702155,0.05791627671292957,0.011860061342702781,-0.2874906589204334,0.002402232799892953,27.493788062921404,1.0267904828582177,2.5059195725815413,-0.02678728198970324
2605,10.7034055,-0.04492477494633404,0.020599024129373346,-0.009808175425241247,0.009235346631663262,-0.06487959671442477,-0.03508157577916035,0.008245069100575653,0,0.0035697000000000003,1,Shared Control,0.01,Good Visuals,0.04144777487700275,0.2443600252004667,0.0,5.0047836393094585,0.990487955563045,-1.1716515046132088,0.05682009216993618,0.012096594682517524,-0.32040000672065944,0.002385746222576202,27.49408042741846,1.0267872819897033,2.505649934365058,-0.026784182582007536
2606,10.707690600000001,-0.04461061568097505,0.02278413530337616,-0.009529039901814702,0.014539066202800509,-0.0671247693022653,-0.03505446155652692,0.004389618956821439,0,0.0042851,1,Shared Control,0.01,Good Visuals,0.039940803082216904,0.24432797438812742,0.0,5.004836283526313,0.9904889904034029,-1.1730051044924292,0.05546649229071567,0.011705189293177704,-0.3393416428640747,0.0023967259940825495,27.494350065634944,1.0267841825820074,2.5053391816649815,-0.026780669508177674
2607,10.7107413,-0.04461061568097505,0.02816384728843696,-0.009556154124448137,0.02377422833161552,-0.06453537502030507,-0.035045355418759014,0.0015698081012580634,0,0.0030507000000000004,1,Shared Control,0.01,Good Visuals,0.03329105554385878,0.24431839372607891,0.0,5.004896442361797,0.9904901841002255,-1.1745584791554964,0.05391311762764862,0.00401605739982236,-0.4342067541766759,0.002328211017074027,27.494660818335017,1.0267806695081776,2.505267996639294,-0.026779619376506778
2608,10.714454400000001,-0.04461061568097505,0.028098068337358364,-0.00956526026221604,0.0265282602361003,-0.08486454756472857,-0.0350460269790871,-0.0019471122810312547,0,0.0037131000000000004,1,Shared Control,0.01,Good Visuals,0.024279567676034806,0.24433602958960687,0.0,5.004912357619642,0.9904904531188805,-1.176462793435125,0.05200880334802,-0.007628919487288999,-0.5506822473695432,0.0023347442258840126,27.494732003360706,1.0267796193765069,2.505460923165097,-0.026781552434863343
2609,10.7178844,-0.04461061568097505,0.020489463099430553,-0.009564588701887956,0.022436575380461808,-0.12394187972011562,-0.03505839722099922,-0.005279247931244152,0,0.0034300000000000003,1,Shared Control,0.01,Good Visuals,0.02159698394948317,0.24435783324246332,0.0,5.004877165946513,0.990489707555736,-1.1785049086137616,0.04996668816938347,-0.009164434988439458,-0.5742569608943872,0.002337137714461109,27.494539076834904,1.0267815524348634,2.505672630497693,-0.02678394232256524
2610,10.7215491,-0.04461061568097505,0.011820129317082439,-0.009552218459975836,0.01709937724832659,-0.15922834679927655,-0.03508440254622469,-0.008928478323037642,0,0.0036647000000000003,1,Shared Control,0.01,Good Visuals,0.025646021144490706,0.24435654255480935,0.0,5.00483621157711,0.9904888942593175,-1.180265847495429,0.04820574928771605,0.0005596436873152447,-0.510905759615695,0.0023371821710486858,27.494327369502308,1.0267839423225653,2.5056390653175256,-0.026783800850924154
2611,10.725512700000001,-0.04445353604829557,0.0077226211513920714,-0.00936913350207088,0.016651099474429713,-0.18148681710026954,-0.03512778418009894,-0.012979666743879237,0,0.0039636,1,Shared Control,0.01,Good Visuals,0.030870585603175803,0.24432540078688697,0.0,5.004840639355181,0.9904890274859288,-1.181992680773912,0.04647891600923299,0.011742720613848588,-0.43522274327269217,0.002334147076607921,27.494360934682476,1.0267838008509242,2.5053142916395816,-0.026780387417007234
2612,10.7288607,-0.04445353604829557,0.009288490964836908,-0.009325751868196633,0.022268157708716145,-0.1927427526796943,-0.03517708901444294,-0.016486654800547618,0,0.0033480000000000003,1,Shared Control,0.01,Good Visuals,0.030398835959526242,0.2442917526292437,0.0,5.004901267002385,0.9904902796977408,-1.1835799667011646,0.044891630081980355,0.01431039077934084,-0.4425724040854982,0.0022891172979193175,27.494685708360418,1.0267803874170072,2.504990664907338,-0.026776699258941584
2613,10.7324903,-0.04445353604829557,0.01009918063408493,-0.00927644703385263,0.026585835434632547,-0.21374319337257447,-0.03524396141846803,-0.020377087349037593,0,0.0036296,1,Shared Control,0.01,Good Visuals,0.024618632578735762,0.2442728932641136,0.0,5.0049641751661795,0.9904915223159295,-1.1853642966467124,0.04310730013643266,0.008408482338554768,-0.5190325049588969,0.0022782042684671992,27.49500933509266,1.0267766992589415,2.5048234058857823,-0.02677463209317414
2614,10.735856100000001,-0.04445353604829557,0.007708862642200943,-0.009209574629827542,0.028085949991238535,-0.24257838789848177,-0.03531873475453171,-0.024067450051764888,0,0.0033658000000000004,1,Shared Control,0.01,Good Visuals,0.020095538064519636,0.2442621021074351,0.0,5.004998088548296,0.9904921616316417,-1.1874173796686773,0.041054217114467766,0.004647369394090724,-0.5736952027174375,0.002265984556170487,27.495176594114216,1.026774632093174,2.504726682830946,-0.02677344927978021
2615,10.740942200000001,-0.04445353604829557,0.0021236238799887644,-0.009134801293763858,0.026191073931753652,-0.2903339266175935,-0.035455634115227876,-0.02979583058972643,0,0.0050861000000000005,1,Shared Control,0.01,Good Visuals,0.017283426396507873,0.24423349825941762,0.0,5.005041146861333,0.9904930001167075,-1.1915629243323012,0.036908672450844,0.0073124411842237095,-0.597069033466946,0.0022311713687492903,27.495395266127122,1.0267720766100998,2.504447418132575,-0.02677031402602003
2616,10.7462952,-0.04445353604829557,0.0005109853954332808,-0.008997901933067695,0.03030681598515971,-0.3096304256857103,-0.03563170805455333,-0.0360233552786087,0,0.005353,1,Shared Control,0.01,Good Visuals,0.019778242052189757,0.2442067216684867,0.0,5.005071463689304,0.9904936047027869,-1.1934057396372406,0.03506585714590465,0.012199091669055686,-0.536435043501106,0.0022310244758806013,27.495552581867425,1.02677031402602,2.504181110636188,-0.02676737905701342
2617,10.7499944,-0.04445353604829557,-0.0002925889873517094,-0.008821827993742239,0.03573076629125699,-0.32611623467830536,-0.035773116517115566,-0.04044651785355227,0,0.0036992,1,Shared Control,0.01,Good Visuals,0.015016861705680538,0.24418605900875376,0.0,5.005122360440187,0.9904946290386885,-1.1955702963557797,0.03290130042736545,0.00921104825878104,-0.6071517540992392,0.0021973481329690013,27.49581888936381,1.0267673790570133,2.5039890395191873,-0.0267651142330085
2618,10.7534831,-0.04445353604829557,-0.0005453590956395687,-0.008680419531180004,0.039901158757912704,-0.33996803413550414,-0.035921630274504984,-0.04470794584404947,0,0.0034887000000000004,1,Shared Control,0.01,Good Visuals,0.008763505342568721,0.24417720718627306,0.0,5.005160356679115,0.990495365161309,-1.1979567956266963,0.030514801156448838,0.004191473827251943,-0.6968898440404763,0.002154167411045018,27.496010960480813,1.0267651142330085,2.503914663336001,-0.02676414398908537
2619,10.7577025,-0.04445353604829557,-0.0005025536116346888,-0.008531905773790587,0.04420539223241478,-0.3513574357912999,-0.03612134617580888,-0.04997899443026374,0,0.0042194,1,Shared Control,0.01,Good Visuals,0.003925102353929802,0.24417673408178456,0.0,5.0051758810688245,0.9904956485318515,-1.2009747841233427,0.027496812659802566,0.00019508362251822268,-0.7549123259408353,0.002119560598328711,27.496085336664,1.0267641439890853,2.5039172777554546,-0.026764092132334293
2620,10.760742700000002,-0.04445353604829557,-0.0003492838733631528,-0.00833218987248669,0.04962971055690059,-0.36045076506374196,-0.03627916974575585,-0.05385660761634195,0,0.0030402000000000003,1,Shared Control,0.01,Good Visuals,-0.001081557416431643,0.24418581791860924,0.0,5.005176083143534,0.9904956370217619,-1.2038697144654116,0.024601882317733685,-0.004243544375096094,-0.8060504920141672,0.0020832928873377064,27.496082722244545,1.0267640921323342,2.5040127450507104,-0.026765087807235938
2621,10.764468,-0.04445353604829557,-0.0001917697230938886,-0.008174366302539718,0.05366483789324806,-0.36740888201447225,-0.03648879066939675,-0.058699231816662284,0,0.0037253000000000004,1,Shared Control,0.01,Good Visuals,-0.0074540639624643,0.2442062245001856,0.0,5.005158328603118,0.9904952687943614,-1.2068965696697644,0.021575027113380715,-0.0102376157679839,-0.8834438165760812,0.002034602599066315,27.49598725494929,1.0267650878072359,2.5042183169922887,-0.02676732456263964
2622,10.767898800000001,-0.04461061568097505,-0.0030519517280005793,-0.0081218250115783,0.0556472800886617,-0.384100380989386,-0.03669795459324067,-0.06324803800507442,0,0.0034308000000000003,1,Shared Control,0.01,Good Visuals,-0.01224104710308676,0.24423618667174604,0.0,5.0051192905629,0.9904944775533066,-1.2102064328962556,0.018265163886889507,-0.014754837326171881,-0.9299197107552633,0.0019962311324247663,27.49578168300771,1.0267673245626396,2.504513813608511,-0.026770608701577544
2623,10.7714776,-0.04461061568097505,-0.009363053700918651,-0.007912661087734384,0.05388498430415577,-0.4091923517746623,-0.036932932687857134,-0.06808417121232799,0,0.0035788,1,Shared Control,0.01,Good Visuals,-0.014468017981508575,0.24426478146983618,0.0,5.0050625761413805,0.990493341437521,-1.2134295863333733,0.015042010449771858,-0.014710854345349285,-0.9397496755255841,0.0019836435696430938,27.49548618639149,1.0267706087015775,2.5047863162745663,-0.026773742963379626
2624,10.7756304,-0.04461061568097505,-0.012418884888393341,-0.007677682993117919,0.055665286323934644,-0.41800678469378555,-0.03722752395129695,-0.07381271086639729,0,0.0041528,1,Shared Control,0.01,Good Visuals,-0.013769719030997142,0.24428631851973337,0.0,5.00500935570303,0.9904922956338096,-1.2170915877092092,0.011380009073935975,-0.009755324217942956,-0.916027059518194,0.0019327844314403154,27.495213683725435,1.0267737429633796,2.5049864247389566,-0.026776103628861844
2625,10.778829300000002,-0.04461061568097505,-0.01032945975992135,-0.007383091729678104,0.06348325110647594,-0.4123366203646502,-0.037470818333307544,-0.07831098243192941,0,0.0031989,1,Shared Control,0.01,Good Visuals,-0.0167094233386195,0.24430723626062387,0.0,5.00496976026676,0.9904915287282374,-1.2204623447321448,0.008009252051000533,-0.010849207262306017,-0.9366336064619989,0.001875552913150344,27.495013575261044,1.0267761036288618,2.505186685086843,-0.02677839641218741
2626,10.7824983,-0.04461061568097505,-0.006679835578859213,-0.007139797347667509,0.0716311468530702,-0.40559043285543783,-0.03776774442415824,-0.08356204058373368,0,0.0036690000000000004,1,Shared Control,0.01,Good Visuals,-0.02592771087419641,0.2443449054475535,0.0,5.0049307408749595,0.9904907599848437,-1.224050665454682,0.0044209313284632405,-0.021420955426542033,-1.050291445203364,0.0018037427355363266,27.494813314913156,1.0267783964121875,2.5055630901194657,-0.02678252531330211
2627,10.7858616,-0.04492477494633404,-0.009305126079925967,-0.007157030522175797,0.07425691450380771,-0.42115732602487976,-0.038057005044181316,-0.08846168675752711,0,0.0033633,1,Shared Control,0.01,Good Visuals,-0.035216206540280126,0.24440320559243917,0.0,5.004858971589298,0.99048931181593,-1.2281727035877787,0.00029889319536652303,-0.03283434818335752,-1.1542768707391888,0.0017445731078305107,27.494436909880534,1.026782525313302,2.506140079292866,-0.026788915563605506
2628,10.7908234,-0.04508185457901353,-0.027539727636285722,-0.007024849534832213,0.06092195912124139,-0.4797039907881275,-0.03851416586638154,-0.09584033137625234,0,0.004961800000000001,1,Shared Control,0.01,Good Visuals,-0.033690606410872785,0.244504230513803,0.0,5.004633163676384,0.9904848157676652,-1.2364523846303506,-0.007980787847205201,-0.022348704996364526,-1.0778694988447466,0.0016789283043026815,27.4932668437791,1.0267956718237028,2.507090280116254,-0.026799988855715873
2629,10.7966601,-0.04508185457901353,-0.029079408862054512,-0.00656768871263199,0.06676092251419782,-0.48614859075525724,-0.03909943567358237,-0.10474908810629988,0,0.0058367,1,Shared Control,0.01,Good Visuals,-0.02518589999859458,0.24452012168420403,0.0,5.004561594813875,0.9904834489953679,-1.2397349434916922,-0.011263346708546798,-0.008960216424278848,-0.9067341200324833,0.001717605429989397,27.492909719883745,1.0267999888557158,2.5072221101884242,-0.02680173067911401
2630,10.800483700000001,-0.04523893421169302,-0.027848764119750853,-0.0061394985381106465,0.07690032398654903,-0.4916175749785182,-0.039511334106084886,-0.11071915092146312,0,0.0038236000000000003,1,Shared Control,0.01,Good Visuals,-0.0332573345677076,0.2445452425291092,0.0,5.004533886393826,0.9904829471356982,-1.243215997238439,-0.014744400455293544,-0.016075306133322656,-1.019521364440823,0.0016059320431967476,27.492777889811578,1.026801730679114,2.5074722816302684,-0.02680448416261035
2631,10.8038962,-0.04523893421169302,-0.026033134058097387,-0.005727600105608133,0.08468601686336573,-0.49685972225743336,-0.039898382928838176,-0.11613667777431944,0,0.0034125,1,Shared Control,0.01,Good Visuals,-0.04544335040479437,0.2445886495604035,0.0,5.0044861056353644,0.9904819848049103,-1.2474438333425917,-0.01897223655944631,-0.028597980336388443,-1.190001155188236,0.0015013851590093795,27.492527718369733,1.0268044841626103,2.5079046041360953,-0.02680924198603329
2632,10.808107600000001,-0.045553093477052,-0.025598262419765302,-0.005654710548213822,0.09053841535455413,-0.4998978837326717,-0.04040175837937566,-0.12293836019780996,0,0.0042114000000000006,1,Shared Control,0.01,Good Visuals,-0.0552166109910478,0.24466637640741576,0.0,5.004403539742004,0.9904803217881103,-1.2539685863772516,-0.025496989594106186,-0.039027445651405805,-1.3041159727094416,0.0014009059750527176,27.492095395863906,1.0268092419860333,2.508680196042577,-0.026817761587634215
2633,10.812372600000002,-0.04571017310973149,-0.030067007755776393,-0.005308414730355829,0.09287135244203357,-0.5075739334304015,-0.04094101053829305,-0.1299566330715838,0,0.0042650000000000006,1,Shared Control,0.01,Good Visuals,-0.06137863195811376,0.24472729676323524,0.0,5.004255554780143,0.9904773380283808,-1.2585221834647526,-0.030050586681607254,-0.045163272113527,-1.3253382290881501,0.0013835175394642672,27.491319803957424,1.0268177615876342,2.509247318248538,-0.026824439037973696
2634,10.815908700000001,-0.04571017310973149,-0.03420253734068157,-0.004769162571438439,0.09575409573090224,-0.5030137629697664,-0.04141098656370254,-0.13587429421846933,0,0.0035361000000000004,1,Shared Control,0.01,Good Visuals,-0.06542269926364533,0.2447886135096996,0.0,5.004143451457994,0.990475164358061,-1.2633667476336714,-0.034895150850525906,-0.0467567932584788,-1.3609473182904888,0.0012991139870581203,27.490752681751463,1.0268244390379737,2.509836139876091,-0.026831159936497456
2635,10.8194511,-0.04586725274241098,-0.03285731279036677,-0.004456266178708437,0.10301698142810256,-0.48061829614818175,-0.041902939776435215,-0.14189196023005748,0,0.0035424000000000002,1,Shared Control,0.01,Good Visuals,-0.07097680988666188,0.24484616592194638,0.0,5.004028903362829,0.99047290369187,-1.2682329216489159,-0.03976132486577043,-0.05077308793714278,-1.4201173219064152,0.0011674366934647691,27.490163860123907,1.0268311599364974,2.510384227268659,-0.02683746822819283
2636,10.8241677,-0.046338491640449446,-0.04418459181512755,-0.004435551864014231,0.09770736841492994,-0.5001821506253027,-0.042591347138150354,-0.15004260613767653,0,0.0047166000000000005,1,Shared Control,0.01,Good Visuals,-0.08423777272256512,0.24498184326925052,0.0,5.003786883308555,0.9904681119872276,-1.2790233809960159,-0.05055178421287042,-0.06477744790285628,-1.5248792816437902,0.0010478740267363669,27.48891617172461,1.0268453205289658,2.5116899715304557,-0.02685233975572461
2637,10.829808400000001,-0.046338491640449446,-0.04791529164821726,-0.003747144502299092,0.10212731448945928,-0.49217690236306055,-0.04346566010542204,-0.15999624772966822,0,0.0056407,1,Shared Control,0.01,Good Visuals,-0.07458177619073031,0.24503517794384883,0.0,5.003668090952043,0.9904657866486308,-1.2836299894467693,-0.05515839266362392,-0.0498261349267137,-1.323547895633817,0.0010866296715625664,27.488310028469545,1.0268523397557245,2.512191640506758,-0.02685818574326378
2638,10.833526200000001,-0.046652650905808425,-0.045904813371704406,-0.003186990800386383,0.11409143435796382,-0.4726774803896274,-0.0440728860249426,-0.16667855131861173,0,0.0037178000000000003,1,Shared Control,0.01,Good Visuals,-0.0824043166264678,0.2450852989820275,0.0,5.003569455472848,0.9904638627686108,-1.288500792359639,-0.06002919557649357,-0.05652676337512225,-1.4260043074244364,0.0009181822199021729,27.487808359493243,1.0268581857432637,2.512669435720917,-0.026863679485690253
2639,10.8368567,-0.046966810171167404,-0.05103009816681284,-0.002893924146224802,0.11564845315179889,-0.49009103924760333,-0.04463809197518407,-0.1727463296005225,0,0.0033305,1,Shared Control,0.01,Good Visuals,-0.09705720109233434,0.24514290849204584,0.0,5.003476158032282,0.9904620291071656,-1.294282668279659,-0.0658110714965136,-0.07323809947014587,-1.6187115876760378,0.0007810845931656678,27.487330564279084,1.0268636794856902,2.513228441485222,-0.026869994035844377
2640,10.841343900000002,-0.046966810171167404,-0.057446816154019635,-0.002328718195983334,0.11529951344650285,-0.5088297273153064,-0.04543180090239459,-0.1810425370622586,0,0.0044872,1,Shared Control,0.01,Good Visuals,-0.10006578580635908,0.2452078315689052,0.0,5.003367985475754,0.9904598817385374,-1.3015047311277055,-0.07303313434455994,-0.07291024132848456,-1.6212959587038565,0.0007094249821609085,27.48677155851478,1.0268699940358443,2.5138569091823064,-0.026877110222474982
2641,10.844995800000001,-0.04743804906920587,-0.05945325289144955,-0.002006248166811282,0.12158928417080904,-0.5207779181833974,-0.04610543686031382,-0.18789616732241846,0,0.0036519,1,Shared Control,0.01,Good Visuals,-0.10254811361206616,0.245248817030136,0.0,5.003246223815442,0.9904574678490446,-1.3072177393125448,-0.07874614252939917,-0.07153317362405745,-1.6040566556713944,0.0005710199391721261,27.486143090817695,1.026877110222475,2.5142274176571453,-0.02688160261879027
2642,10.848472300000001,-0.04759512870188536,-0.06518993689694856,-0.001489691841571543,0.1227062304254699,-0.5574116717301554,-0.04677012159127778,-0.19450475839210526,0,0.0034765000000000004,1,Shared Control,0.01,Good Visuals,-0.1103912377740434,0.24528559600997396,0.0,5.00317185633414,0.9904560501390626,-1.3129584866839754,-0.0844868899008297,-0.07775355263342981,-1.6795633035197572,0.0004920299895793459,27.485772582342854,1.0268816026187904,2.514577005052463,-0.026885633944742016
2643,10.851899900000001,-0.04790928796724434,-0.0710375757985631,-0.0011391663759665605,0.12346718259354217,-0.5873562940528303,-0.04744808665688494,-0.20110007863882728,0,0.0034276000000000003,1,Shared Control,0.01,Good Visuals,-0.11408188126072664,0.24531375056495686,0.0,5.003103491944299,0.9904547087283628,-1.3190194539596054,-0.09054785717645959,-0.07687083393345216,-1.700035699436187,0.0003653999512310716,27.485422994947537,1.026885633944742,2.5148390003632226,-0.026888719951712912
2644,10.855687600000001,-0.04806636759992384,-0.07225429515510948,-0.0006182809430388958,0.1288457834837178,-0.599337332793987,-0.0482237388657967,-0.20847950604485063,0,0.0037877,1,Shared Control,0.01,Good Visuals,-0.11658922012886704,0.2453346930866606,0.0,5.0030516936331715,0.9904537045933425,-1.3250375007201247,-0.09656590393697899,-0.07504251740160013,-1.6937453943090257,0.00027945317620584666,27.485160999636776,1.026888719951713,2.515033415140309,-0.02689101545125127
2645,10.859330400000001,-0.04822344723260332,-0.06789435237018697,2.916331933791594e-07,0.14058515367466368,-0.594932329969273,-0.04899625118543894,-0.21566610405071643,0,0.0036428000000000003,1,Shared Control,0.01,Good Visuals,-0.12452241985509586,0.24534824079756162,0.0,5.0030132085383485,0.990452959571112,-1.3319006454101876,-0.10342904862704194,-0.08184561007502132,-1.7651667112633285,0.0001516857654017786,27.48496658485969,1.0268910154512512,2.515156738066155,-0.026892500409202325
2646,10.863006100000002,-0.04869468613064179,-0.0651378646527368,0.0003015650547971496,0.15052823939797963,-0.5995405071628493,-0.04980243705790455,-0.22300560703808817,0,0.0036757,1,Shared Control,0.01,Good Visuals,-0.139244374200858,0.24534823374762613,0.0,5.002988545384926,0.9904524875049199,-1.338739918472692,-0.11026832168954648,-0.09893471489294285,-1.921360001827321,-7.155169095375185e-08,27.484843261933847,1.0268925004092022,2.5151445619426736,-0.02689249963646235
2647,10.8664967,-0.04900884539600077,-0.07321544966477168,0.0007935916619037781,0.14979015737331647,-0.6382172235138133,-0.05059314347906278,-0.23005646464510404,0,0.0034906000000000004,1,Shared Control,0.01,Good Visuals,-0.150599803431727,0.24534039057709944,0.0,5.002989712103458,0.9904525367553594,-1.3456437967608117,-0.11717219997766622,-0.11126674676461917,-2.0216926668774304,-7.398845355448674e-05,27.484855438057327,1.0268924996364623,2.515062807289869,-0.02689163995038548
2648,10.8698492,-0.04932300466135975,-0.08405999294504583,0.0012701388177030343,0.1459964717000582,-0.6721563710459524,-0.05137586227767147,-0.23690179750342458,0,0.0033525,1,Shared Control,0.01,Good Visuals,-0.15233043160066082,0.24531955652536294,0.0,5.003004977246807,0.9904528519621105,-1.3528049242497917,-0.12433332746664628,-0.10718844316007846,-2.0017687395818373,-0.00019470008829020237,27.48493719271013,1.0268916399503856,2.514851609438541,-0.026889356340187062
2649,10.874328900000002,-0.04963716392671873,-0.08870372274301566,0.0017386983509527429,0.14819807476040892,-0.683713080200593,-0.052457800328101545,-0.24615961540800307,0,0.0044797000000000005,1,Shared Control,0.01,Good Visuals,-0.15095730209503583,0.24528147037938064,0.0,5.003044957813866,0.9904536651028215,-1.3613601992580016,-0.13288860247485618,-0.09899312722481841,-1.9358015631202397,-0.00031158989148455716,27.48514839056146,1.026889356340187,2.514471446964934,-0.02688518173639498
2650,10.877868900000001,-0.04995132319207771,-0.08808795088170568,0.002506477136023838,0.1580716645262974,-0.6876973820908837,-0.053342288210909514,-0.2535639831159098,0,0.00354,1,Shared Control,0.01,Good Visuals,-0.15548245516383416,0.245238268360284,0.0,5.003117480991074,0.9904551276210327,-1.3682973811088406,-0.13982578432569523,-0.10078315893193972,-1.9273161779293912,-0.00042647048806789315,27.485528553035067,1.0268851817363949,2.514053543150985,-0.026880446384258534
2651,10.881455800000001,-0.050265482457436686,-0.08679024014916606,0.0030768057534728277,0.16677374296674372,-0.694753992405188,-0.054265369632010146,-0.2611450459258368,0,0.0035869,1,Shared Control,0.01,Good Visuals,-0.16910354696524402,0.24517073301815845,0.0,5.00319847653027,0.9904567326852256,-1.3754639507876751,-0.14699235400452978,-0.11457838937843758,-2.081248091663637,-0.00061468411252313,27.485946456849014,1.0268804463842585,2.513384364181181,-0.026873043868512574
2652,10.884889900000001,-0.050579641722795665,-0.08701837005557338,0.0036857279092144812,0.17412667587026343,-0.7043381432233026,-0.055174735602716116,-0.2684762781138771,0,0.0034341000000000003,1,Shared Control,0.01,Good Visuals,-0.18057686982380813,0.24507701433027254,0.0,5.003326606616061,0.9904593060971663,-1.3832125223381189,-0.1547409255549735,-0.12632281405589743,-2.188552902257799,-0.0007543427219334205,27.48661563581882,1.0268730438685125,2.512463435890397,-0.026862771409072356
2653,10.888565700000001,-0.051050880620834134,-0.09072963675316757,0.004123854981881982,0.1777466413607095,-0.7219960952795083,-0.05617614210788637,-0.276401604013384,0,0.0036758000000000003,1,Shared Control,0.01,Good Visuals,-0.19090755612361937,0.24495626421007405,0.0,5.003503680206361,0.990462846107076,-1.3912738201805743,-0.16280222339742906,-0.13609313997642605,-2.2750819412568903,-0.0009032871916240428,27.487536564109604,1.0268627714090723,2.5112827103051703,-0.026849536047586605
2654,10.8923026,-0.05152211951887261,-0.09988496569147459,0.004654022589013762,0.1765166383219094,-0.7554945924347625,-0.05722420838615238,-0.28454017057821934,0,0.0037369,1,Shared Control,0.01,Good Visuals,-0.19668691294935534,0.24480484400173327,0.0,5.003731272791016,0.9904673835990321,-1.4001790404589542,-0.17170744367580906,-0.139185633647717,-2.29055514130871,-0.0010101641105059128,27.48871728969483,1.0268495360475867,2.509804718971111,-0.026832938952773416
2655,10.895896700000002,-0.05199335841691107,-0.11090194968236021,0.005230849969241308,0.17363822089585912,-0.792054123943166,-0.05826105555911267,-0.2924439827912707,0,0.0035941000000000002,1,Shared Control,0.01,Good Visuals,-0.19812378088938526,0.24465237426371506,0.0,5.004016422975797,0.9904730629540852,-1.4082239024004817,-0.17975230561733652,-0.1345914791405087,-2.24359593427433,-0.0011393272738840568,27.49019528102889,1.0268329389527735,2.5083437817041756,-0.026816226819526744
2656,10.899504400000001,-0.05230751768227006,-0.11756684323996844,0.005953537876842614,0.17487713955130227,-0.8139593780462909,-0.05933052819258842,-0.30045159944672206,0,0.0036077,1,Shared Control,0.01,Good Visuals,-0.19816170178375522,0.2444956973481209,0.0,5.004300950212381,0.9904786712564387,-1.4157985355538312,-0.18732693877068593,-0.12759951993578958,-2.192622345090434,-0.0012797398643921668,27.491656218295823,1.0268162268195267,2.506838247145825,-0.026799053539608243
2657,10.902975600000001,-0.05277875658030852,-0.11873357719278868,0.006551771612279898,0.18171802225393338,-0.8228584466670134,-0.06038692782628536,-0.30822490070860414,0,0.0034712000000000002,1,Shared Control,0.01,Good Visuals,-0.20300812605448296,0.2443125401598216,0.0,5.004593737865945,0.9904844516688507,-1.4236184964020355,-0.19514689961889037,-0.1282956957217264,-2.214972623765597,-0.0014556143948870862,27.493161752854174,1.0267990535396083,2.5050586344112755,-0.026778977769978608
2658,10.907508100000001,-0.05387831400906495,-0.129654549957546,0.006508613817220413,0.17857035075105815,-0.8789461052405843,-0.061807142549447074,-0.31847417343250883,0,0.0045325,1,Shared Control,0.01,Good Visuals,-0.21957483661332555,0.24384226837349168,0.0,5.005401877402605,0.9905005578982833,-1.4406578235315015,-0.2121862267483564,-0.14120615228559555,-2.30840261603179,-0.001703550404965488,27.497352918785186,1.0267520436978548,2.5005161476591002,-0.02672743150999646
2659,10.913744200000002,-0.054506632539782905,-0.13895063657331963,0.007300510009664168,0.1795235368591892,-0.91189223677514,-0.06383760102721829,-0.33275486087974626,0,0.0062361000000000005,1,Shared Control,0.01,Good Visuals,-0.20945643445569637,0.24364119741194387,0.0,5.005818949665863,0.9905087341177733,-1.4481212584360277,-0.2196496616528826,-0.12540847538443856,-2.055193419943878,-0.0015870751571580761,27.4994838523409,1.0267274315099966,2.498608478924306,-0.02670539222046202
2660,10.9174973,-0.05497787143782138,-0.1474196997109148,0.00885972958939691,0.18533516116883147,-0.9418301891373607,-0.0651027513920552,-0.34144663794782537,0,0.0037531,1,Shared Control,0.01,Good Visuals,-0.21436870281896042,0.24343179330131737,0.0,5.00619237653609,0.9905160536316172,-1.455242508510871,-0.22677091172772582,-0.12432535567761001,-2.0930694162311445,-0.00177870500047246,27.501391521075693,1.026705392220462,2.4965918136530236,-0.0266824395385418
2661,10.920847100000001,-0.05560618996853934,-0.1531600594571825,0.009496561423515855,0.18828657849064287,-0.964054879829341,-0.06625960768482418,-0.34926438871449184,0,0.0033498,1,Shared Control,0.01,Good Visuals,-0.2279358692557731,0.24314276185354025,0.0,5.006584132801841,0.9905237976152402,-1.4635762537839707,-0.23510465700082553,-0.13267514814265705,-2.2935230276034027,-0.0021567398621116338,27.503408186346977,1.0266824395385419,2.4937477896448703,-0.026650758943228173
2662,10.924830400000001,-0.05639158813193679,-0.15904617581735503,0.009868019552887394,0.1902182128971368,-0.9906873170379352,-0.06766946482062973,-0.3586324460786168,0,0.0039833,1,Shared Control,0.01,Good Visuals,-0.23405491890467486,0.2427655856882482,0.0,5.007130622742432,0.9905347310748585,-1.4736874038735919,-0.24521580709044666,-0.13497672250909434,-2.3228003881509593,-0.0023090201726254328,27.50625221035513,1.026650758943228,2.490053126089817,-0.02660941684863444
2663,10.9287009,-0.057019906662654746,-0.16636976358729028,0.010649558157974984,0.1922626824913265,-1.022079528617056,-0.06907528599203755,-0.36780806779793285,0,0.0038705000000000002,1,Shared Control,0.01,Good Visuals,-0.23783793216458826,0.2424435333137813,0.0,5.00784218898934,0.9905489314409556,-1.4818913196050505,-0.25341972282190517,-0.1345352633976767,-2.2844496913172536,-0.002395615546339793,27.509946873910184,1.0266094168486344,2.487016775998464,-0.02657411684573252
2664,10.932635900000001,-0.057648225193372704,-0.17262857024835238,0.011427060798664845,0.19517949754958047,-1.0479340353756448,-0.0705410820379008,-0.3772081179317427,0,0.003935,1,Shared Control,0.01,Good Visuals,-0.24378549093978766,0.24210930435564357,0.0,5.008438496483422,0.9905605779709138,-1.4898578714948292,-0.26138627471168374,-0.1354968987949757,-2.3215269523774884,-0.002581916508050059,27.512983224001538,1.0265741168457325,2.4837960358388274,-0.026537482173463144
2665,10.935886300000002,-0.05827654372409066,-0.17695141831433658,0.012264538313810136,0.2002566996174061,-1.0685774219869115,-0.07177985156985627,-0.3850256351574478,0,0.0032504,1,Shared Control,0.01,Good Visuals,-0.2505784086179948,0.24172762246858023,0.0,5.009063981626901,0.9905729463537989,-1.498366433962145,-0.26989483717899954,-0.13809208980285842,-2.371724729565373,-0.0027665977407943907,27.51620396416117,1.0265374821734632,2.4800904976076543,-0.02649564620891468
2666,10.9407998,-0.06000441968356505,-0.18876297097063274,0.011775431886291217,0.19626266418681507,-1.1290290481665397,-0.0737008807289853,-0.39693092129440977,0,0.0049135,1,Shared Control,0.01,Good Visuals,-0.26875094322011994,0.24085705914632805,0.0,5.010578188787565,0.990602994290595,-1.5156195778069237,-0.28714798102377814,-0.1516534828359685,-2.5043782087749036,-0.003106769568481969,27.52402578692255,1.0264490696803386,2.4716783772888333,-0.026400224189894697
2667,10.9462726,-0.06047565858160352,-0.206681619367107,0.013225222147381782,0.19024930192730277,-1.1989731079272459,-0.07590976150934173,-0.41031107388753557,0,0.005472800000000001,1,Shared Control,0.01,Good Visuals,-0.2534331652641071,0.24050565782037098,0.0,5.01141233090325,0.9906194920617877,-1.52302300696573,-0.29455141018258446,-0.12877510870436676,-2.153098490273752,-0.0028361958943100007,27.528321622711168,1.0264002241898946,2.468389009949619,-0.026361707262806185
2668,10.949872200000001,-0.06157521601035994,-0.21943222422076925,0.01433454549898179,0.19087884966676633,-1.2424354543350196,-0.07740265957433815,-0.4191774140912403,0,0.0035996,1,Shared Control,0.01,Good Visuals,-0.25475268337835716,0.24012830364593687,0.0,5.012060758846248,0.9906321049128308,-1.5307845734545396,-0.302312976671394,-0.1185457772319411,-2.1780739410157333,-0.0031807407523765947,27.531610990050382,1.0263617072628062,2.464736897796109,-0.02632034565671765
2669,10.9535382,-0.062360614173757385,-0.23175343646769603,0.01504204540058076,0.1874239776235443,-1.2951761077470867,-0.07895599462459184,-0.4282588336036347,0,0.0036660000000000004,1,Shared Control,0.01,Good Visuals,-0.26094915239884575,0.23973939517796503,0.0,5.012768488069635,0.990646133717099,-1.5385484303402854,-0.31007683355713983,-0.11673342716175739,-2.2556892663197123,-0.003442130094205997,27.535263102203892,1.0263203456567176,2.4609911485942493,-0.02627771759017812
2670,10.9577021,-0.06330309196983433,-0.24176038797874613,0.01565290265475751,0.18649844562488857,-1.3414979080754583,-0.08076080078420278,-0.43863425290232516,0,0.0041639,1,Shared Control,0.01,Good Visuals,-0.26108677178541007,0.2392966749970198,0.0,5.013496162933443,0.990660518687036,-1.547453437612381,-0.3189818408292355,-0.10855705461426095,-2.2206446901812,-0.003606170866574722,27.53900885140575,1.026277717590178,2.4566888224652095,-0.026229191248156963
2671,10.960806100000001,-0.06440264939859075,-0.24847439952014816,0.01635815138561203,0.190159853382177,-1.3789892859295596,-0.08213437910240438,-0.44640893101990525,0,0.003104,1,Shared Control,0.01,Good Visuals,-0.2632485205670038,0.23890350026652313,0.0,5.01432817611287,0.9906770489600519,-1.5553080522427964,-0.326836455459651,-0.10372908371908394,-2.1937200475954617,-0.0037456875593354956,27.54331117753479,1.026229191248157,2.452955987956427,-0.02618609555867332
2672,10.964509600000001,-0.0651880475619882,-0.2568553374702489,0.01694633154041618,0.18955359354965634,-1.4260028150181803,-0.08380489753761187,-0.45572830137437703,0,0.0037035,1,Shared Control,0.01,Good Visuals,-0.27042681595187823,0.23850044256159128,0.0,5.015058708817508,0.9906913737816678,-1.56307863730513,-0.3346070405219846,-0.10582975025156355,-2.254172970043392,-0.003908019623912389,27.54704401204357,1.0261860955586732,2.449069904152751,-0.026141916601206266
2673,10.967927500000002,-0.06628760499074463,-0.263469655258524,0.01751729254686725,0.19225864611585303,-1.4615672687009855,-0.08537728696485447,-0.46436887990843656,0,0.0034179,1,Shared Control,0.01,Good Visuals,-0.2727915736820139,0.23808841092885388,0.0,5.015813266853691,0.990706298943884,-1.5709819563121192,-0.3425103595289738,-0.10193767569405374,-2.2383932839552565,-0.004041707572184711,27.55093009584725,1.0261419166012062,2.445100111860744,-0.02609675401591128
2674,10.9716006,-0.06707300315414208,-0.2678611716611147,0.01830428381071239,0.19650770824732183,-1.4886837629215655,-0.08710007614605753,-0.4736953023533715,0,0.0036731000000000003,1,Shared Control,0.01,Good Visuals,-0.27835175885911034,0.23767046291238955,0.0,5.0165843647592645,0.9907215451876428,-1.5788001255722437,-0.3503285287890982,-0.10255812800328182,-2.2679109042219743,-0.0041706643462594796,27.554899888139257,1.0260967540159114,2.4410751053637694,-0.026050942938696073
2675,10.975507100000002,-0.068329640215578,-0.27050442680700554,0.01877043593047953,0.20319087554636595,-1.5055706809395957,-0.08897001268113479,-0.483658270684736,0,0.0039065,1,Shared Control,0.01,Good Visuals,-0.2865267560588254,0.23714512359361214,0.0,5.017366372693731,0.9907370032817433,-1.588070790576497,-0.3595991937933516,-0.10734710994040814,-2.336239353927065,-0.004350387606571772,27.55892489463623,1.0260509429386961,2.4359257467780067,-0.02599336075347532
2676,10.9788551,-0.0697433569096934,-0.2833777414964342,0.019226655771441392,0.2002805291883018,-1.5555608811866475,-0.09060364272081069,-0.4922309535957674,0,0.0033480000000000003,1,Shared Control,0.01,Good Visuals,-0.29550950665758735,0.23663084668906662,0.0,5.018357903031553,0.9907567976229354,-1.5966005596347175,-0.368128962851572,-0.11405819511490324,-2.3862831328074967,-0.004451317348639546,27.564074253221992,1.0259933607534752,2.430990716771035,-0.025936991114055955
2677,10.982518800000001,-0.07052875507309085,-0.3023933360373942,0.020074887647719836,0.1898376175583732,-1.612372647199287,-0.09242426565525023,-0.5016459792752832,0,0.0036637,1,Shared Control,0.01,Good Visuals,-0.2949377998676799,0.23616490869276793,0.0,5.019318491045624,0.9907757475842806,-1.6045921406666916,-0.3761205438835461,-0.10500648610909225,-2.329635328817083,-0.004549619834195406,27.569009283228965,1.025936991114056,2.426547650373286,-0.025885919878674796
2678,10.985864800000002,-0.07194247176720626,-0.3128924542008984,0.02048179388804397,0.1887535250743848,-1.6313581186409274,-0.09411719988980809,-0.5102737798243128,0,0.003346,1,Shared Control,0.01,Good Visuals,-0.2888694177085686,0.23573937413019533,0.0,5.020186127313537,0.9907928030874694,-1.6125317478369015,-0.3840601510537558,-0.08779147587438396,-2.220869138520197,-0.0047409840083413295,27.573452349626713,1.0258859198786747,2.422484123855261,-0.02583927724385943
2679,10.9908213,-0.0744557458900781,-0.32542081137460677,0.01966145399972999,0.184852968449706,-1.6718623298133228,-0.09667814045148965,-0.5231018199225383,0,0.0049565,1,Shared Control,0.01,Good Visuals,-0.2959886648954526,0.23485923899099628,0.0,5.021757313056805,0.9908237724250837,-1.6288886753574159,-0.40041707857427034,-0.0855381999480685,-2.2289222171770025,-0.0049964397986619665,27.581517901441906,1.0257936539348358,2.4139710640234133,-0.02574280606267581
2680,10.996878200000001,-0.07524114405347554,-0.3284071246986653,0.021436996398014108,0.19469469522387306,-1.676400100348436,-0.09989416433365209,-0.5388474340813915,0,0.0060569000000000005,1,Shared Control,0.01,Good Visuals,-0.28191211865511584,0.23453739481116737,0.0,5.022629495958042,0.9908411068469432,-1.6356962533698438,-0.40722465658669826,-0.06685685049263207,-1.881273976794318,-0.004617674123833065,27.586028935976586,1.0257428060626759,2.4109966637322615,-0.025707528879886105
2681,11.0004536,-0.07696902001294992,-0.33245590691646465,0.022925144320702168,0.2063915271649268,-1.6894526509596084,-0.1018374261231129,-0.5481740986256096,0,0.0035754000000000003,1,Shared Control,0.01,Good Visuals,-0.3005964723201278,0.23412167333153083,0.0,5.023219838632824,0.9908525063361268,-1.643042631071872,-0.4145710342887265,-0.08426852965700744,-2.1520279175171306,-0.005027777287766607,27.589003336267737,1.025707528879886,2.406902226189274,-0.02566196185228119
2682,11.003897000000002,-0.07822565707438583,-0.35106763693939447,0.02361176904872707,0.19710646168621515,-1.762461878289293,-0.10374050270920157,-0.5571763760769499,0,0.0034434,1,Shared Control,0.01,Good Visuals,-0.31968288295868486,0.2335670376324941,0.0,5.024006390127391,0.9908682502914169,-1.65170477736845,-0.4232331805853044,-0.10087104805626274,-2.4235881191287065,-0.005367273149729632,27.593097773810726,1.025661961852281,2.4014381402459692,-0.025601168505180686
2683,11.0080825,-0.07995353303386023,-0.3720467217971529,0.023786969675341343,0.185129654279797,-1.829571267967818,-0.10609550480212152,-0.5681422364800993,0,0.0041855,1,Shared Control,0.01,Good Visuals,-0.31396113607204945,0.2329829233632012,0.0,5.025055920977722,0.9908892612557322,-1.661889702627368,-0.4334181058442225,-0.08334224228944215,-2.310816848308135,-0.005514930949973794,27.59856185975403,1.0256011685051807,2.3957854796447693,-0.025537144026444192
2684,11.0117196,-0.08152432936065512,-0.3862962089859566,0.024571175441466392,0.1818460274941427,-1.8718943565822925,-0.10817925254519042,-0.5776896115793322,0,0.0036371000000000003,1,Shared Control,0.01,Good Visuals,-0.30300392164470336,0.2326358313388932,0.0,5.0261515646427934,0.9909109780738955,-1.669443142056872,-0.4409715452737267,-0.05979126316517817,-2.09364139628143,-0.005541957732912843,27.60421452035523,1.0255371440264442,2.392645325374648,-0.025499099439797102
2685,11.0154654,-0.08278096642209104,-0.3979112075631507,0.025398286123099384,0.1797784040161815,-1.916131930590308,-0.11036160197008427,-0.5875374840530329,0,0.0037458,1,Shared Control,0.01,Good Visuals,-0.3037093492470485,0.23233850068663628,0.0,5.026781826981092,0.9909229998226124,-1.6765867902693004,-0.44811519348615486,-0.05223761712228776,-2.0883585852101025,-0.005716135825799331,27.607354674625352,1.025499099439797,2.3898110848205487,-0.02546650917274854
2686,11.018944600000001,-0.08450884238156543,-0.4068130513273759,0.025852759588518834,0.18072443272565697,-1.95349364720094,-0.1124216915870968,-0.5966959662820714,0,0.0034792,1,Shared Control,0.01,Good Visuals,-0.30583421578223946,0.23204764485038273,0.0,5.027335452523848,0.9909338805021466,-1.6841104605481447,-0.4556388637649992,-0.04718151445770804,-2.1005863916141245,-0.005900999717851111,27.61018891517945,1.0254665091727486,2.387008812742594,-0.025434628607108288
2687,11.024173100000002,-0.08749335540247574,-0.40894945597077415,0.024928336184621064,0.1877465103112973,-1.9742997909413105,-0.11557753192417765,-0.6104753196515004,0,0.0052285000000000005,1,Shared Control,0.01,Good Visuals,-0.31883051299543896,0.23141337290940936,0.0,5.0284093907645735,0.9909551096578021,-1.7000936499794996,-0.4716220531963542,-0.05134699906763156,-2.2080059798620013,-0.006214372443164418,27.615715808282825,1.0254036066518615,2.3808345041336656,-0.025365106370565143
2688,11.029722800000002,-0.08890707209659114,-0.41688034005837166,0.026670459827586507,0.1935949795931287,-2.0065057685790597,-0.11900610529296222,-0.6251150911241798,0,0.0055497,1,Shared Control,0.01,Good Visuals,-0.3114172781609623,0.23118807421018917,0.0,5.029073072755825,0.9909683732485577,-1.7059768938371545,-0.47750529705400907,-0.043890620455066094,-1.930704862711634,-0.005768750357502837,27.619165495866334,1.025365106370565,2.378771363162491,-0.025340411490580368
2689,11.033017100000002,-0.09063494805606552,-0.43669776052825204,0.028371157236896705,0.1884173305959278,-2.061205826223438,-0.12107974102521621,-0.6338085230866459,0,0.0032943,1,Shared Control,0.01,Good Visuals,-0.32598669810191644,0.2308447812779086,0.0,5.029484559825739,0.9909762773746368,-1.7136959635596325,-0.4852243667764871,-0.05361697498757042,-2.1679735212689417,-0.006165892245839938,27.621228636837508,1.0253404114905804,2.3753498393504278,-0.02530278332054817
2690,11.036534,-0.09189158511750145,-0.44865782833143325,0.029188155907714758,0.18515069475521267,-2.0713476700546973,-0.1233251026507607,-0.6430895099895558,0,0.0035169000000000003,1,Shared Control,0.01,Good Visuals,-0.3294304205443141,0.2305421525006133,0.0,5.03013796662127,0.9909894423164791,-1.7213792829205798,-0.4929076861374344,-0.04628221421159541,-2.251852098753609,-0.006549333586952573,27.624650160649573,1.0253027833205481,2.3724673524794673,-0.02526961232861118
2691,11.040814600000001,-0.09393362034233481,-0.4495717566287052,0.029391482308425892,0.19351775336085064,-2.0480531609076253,-0.12610208454149224,-0.654382830572005,0,0.0042806,1,Shared Control,0.01,Good Visuals,-0.33032132555205296,0.23021332643258585,0.0,5.030701268174782,0.9910005082833387,-1.7302897500091527,-0.5018181532260072,-0.041859721482254614,-2.2389233349848734,-0.006729100290488053,27.627532647520532,1.0252696123286111,2.3692671221374457,-0.02523356986447841
2692,11.0438723,-0.09581857593448868,-0.4582460888277699,0.03028350860700356,0.19613674174423507,-2.058965644287025,-0.12811531888589592,-0.6624456431977488,0,0.0030577,1,Shared Control,0.01,Good Visuals,-0.3396565195425806,0.2298471786448993,0.0,5.031319820239563,0.991012807493529,-1.7384708443995145,-0.509999247616369,-0.05164170312835314,-2.2863714689960575,-0.006766310911007222,27.630732877862556,1.0252335698644783,2.365699056615471,-0.025193436584948138
2693,11.0474399,-0.09738937226128358,-0.4746918398660787,0.030725946624612338,0.18775380333167008,-2.083594473012191,-0.13049543135816308,-0.6718463221959278,0,0.0035676,1,Shared Control,0.01,Good Visuals,-0.346763601386386,0.22946486057654503,0.0,5.032009021301613,0.9910265213477895,-1.746571237979548,-0.5180996411964023,-0.05454038773040923,-2.356820942692286,-0.006960579012788293,27.634300943384527,1.0251934365849482,2.3619926192251963,-0.02515153088888021
2694,11.050885700000002,-0.09927432785343746,-0.48630837947927896,0.031221103504725622,0.1855379427166488,-2.082751378861782,-0.13282611025275143,-0.6809170624618687,0,0.0034458,1,Shared Control,0.01,Good Visuals,-0.3407069688906274,0.2291651364749693,0.0,5.032726840892928,0.9910407634853545,-1.7545412915636853,-0.5260696947805397,-0.0405622735756093,-2.238841985487614,-0.007050525058299034,27.638007380774802,1.0251515308888801,2.359167726444529,-0.025118678277025033
2695,11.054497900000001,-0.10084512418023235,-0.4923850406111413,0.03198098607251908,0.18853202185072737,-2.071486611261757,-0.13530287519339232,-0.690413928392982,0,0.0036122000000000003,1,Shared Control,0.01,Good Visuals,-0.34102229106025217,0.22889762918721995,0.0,5.033281911556114,0.9910516029161279,-1.7622754215689365,-0.5338038247857908,-0.03616251688512804,-2.2068509973324044,-0.00715478844555959,27.64083227355547,1.025118678277025,2.356606717819756,-0.02508935693434135
2696,11.058184700000002,-0.10351547793578367,-0.49486244456420125,0.03178739725760865,0.19555148382878074,-2.0470064681886084,-0.13786613850249055,-0.7000917638275098,0,0.0036868,1,Shared Control,0.01,Good Visuals,-0.347832099874995,0.2284615172547115,0.0,5.033781100017877,0.9910614376753031,-1.7734003771161795,-0.5449287803330339,-0.04107401206379863,-2.2628715796926793,-0.007320371891069118,27.643393282180245,1.0250893569343413,2.3522452001426744,-0.025041554919192122
2697,11.0628472,-0.10555751316061704,-0.5040396871998749,0.03230862534187351,0.1960520766276349,-2.0373783033524964,-0.14115879995844266,-0.7123046737920536,0,0.0046625,1,Shared Control,0.01,Good Visuals,-0.353844048713848,0.2281001391315547,0.0,5.03461262859614,0.9910782227568311,-1.7814332739367884,-0.5529616771536429,-0.046766009058673896,-2.2257340668335304,-0.007262197007051528,27.647754799857324,1.025041554919192,2.348821355584358,-0.025001944440252964
2698,11.066484000000003,-0.10697122985473245,-0.5126970674845083,0.03418757010371021,0.19960760630754537,-2.0088967321694824,-0.14376659595588684,-0.7218073323671262,0,0.0036368000000000004,1,Shared Control,0.01,Good Visuals,-0.3569886112120274,0.22775357065935445,0.0,5.0352835935909175,0.991091364289213,-1.789050891826033,-0.5605792950428875,-0.04659921542502299,-2.228481376486746,-0.0073696019356306215,27.65117864441564,1.025001944440253,2.3454793243936796,-0.024963957239895772
2699,11.069881300000002,-0.10932742434492479,-0.5164876154222761,0.03443917161096205,0.20531971694485018,-1.962623519112701,-0.14623384081973934,-0.7306630131173136,0,0.0033973000000000002,1,Shared Control,0.01,Good Visuals,-0.36999823726769254,0.22727825589108683,0.0,5.035932624827072,0.991104203283948,-1.797684346376623,-0.5692127495934775,-0.058009151556884846,-2.422201989335912,-0.007786341163286996,27.65452067560632,1.0249639572398959,2.340771373112334,-0.0249118582211354
2700,11.074433000000003,-0.11168361883511713,-0.5317587522544277,0.03455022198462221,0.19890426086288593,-1.9746938192642634,-0.14958653693666613,-0.7424919409696998,0,0.0045517000000000005,1,Shared Control,0.01,Good Visuals,-0.37696136361808247,0.2266092992325114,0.0,5.036834587930617,0.9911223135134695,-1.8084977890583998,-0.5800261922752541,-0.06554903487502321,-2.4482527354140218,-0.007827274858073286,27.659228626887668,1.0249118582211354,2.3341388871407154,-0.024838534209697626
2701,11.077850900000001,-0.1137256540599505,-0.5495938810079408,0.03586088287671563,0.19289805996175902,-1.9989243656191682,-0.1521394363759425,-0.7513444838080907,0,0.0034179,1,Shared Control,0.01,Good Visuals,-0.3712111599684075,0.2261687977703775,0.0,5.038104642413128,0.9911478282869896,-1.816701066589734,-0.5882294698065885,-0.05291288681114548,-2.289819269039602,-0.007829401592262948,27.665861112859286,1.0248385342096977,2.330076465116767,-0.024790251060357805
2702,11.081493900000002,-0.11545353001942489,-0.5554650284837965,0.0366859063565176,0.19587945532429418,-1.9870488114443572,-0.15489372490557568,-0.7607490885682285,0,0.0036430000000000004,1,Shared Control,0.01,Good Visuals,-0.37189333023786386,0.22579072507222814,0.0,5.038912005025351,0.9911634001787083,-1.8246353402437048,-0.5961637434605592,-0.04551396159675129,-2.308823993589599,-0.00811061276721109,27.66992353488323,1.0247902510603577,2.3264606419083003,-0.02474881069723705
2703,11.084890700000003,-0.11796680414229672,-0.5619546156538991,0.036926920763278956,0.1987944729143294,-1.9954676980420127,-0.15749268673773256,-0.7694870262644707,0,0.0033968,1,Shared Control,0.01,Good Visuals,-0.37903419223717116,0.22534343388464168,0.0,5.039617218251856,0.9911772859193264,-1.833057367989794,-0.6045857712066484,-0.050909509717079256,-2.36760028845416,-0.008283337396169972,27.6735393580917,1.0247488106972371,2.322068962045,-0.02469978332941856
2704,11.088552700000001,-0.11969468010177112,-0.575379855257736,0.037798006635961445,0.1941071710067347,-2.0275477828854855,-0.16032774213241696,-0.7788710008792329,0,0.0036620000000000003,1,Shared Control,0.01,Good Visuals,-0.3831726774979738,0.2248923846374202,0.0,5.0404623640108674,0.9911941729726611,-1.8413696141020035,-0.612898017318858,-0.05164016391435527,-2.3633134630415142,-0.008321239127583353,27.677931037955,1.0246997833294185,2.31769978610305,-0.0246503440425256
2705,11.092437500000003,-0.12220795422464295,-0.5829894195276303,0.03811978790777401,0.1958815813516026,-2.0244117727730657,-0.1633727663289197,-0.7887819167069234,0,0.0038848000000000003,1,Shared Control,0.01,Good Visuals,-0.38295258605772586,0.22444888358421697,0.0,5.041308978638089,0.9912109626416423,-1.850495816914912,-0.6220242201317664,-0.044569025092325305,-2.3352617228527315,-0.008500483846902402,27.68230021389695,1.0246503440425256,2.313409645459018,-0.02460173210947901
2706,11.095862700000001,-0.12472122834751477,-0.5960419981738333,0.03865153798140493,0.19273991853309014,-2.0448548161515037,-0.16608940987719611,-0.7974801812702813,0,0.0034252,1,Shared Control,0.01,Good Visuals,-0.3863685405743711,0.22403647021661308,0.0,5.042140872214426,0.9912274476481807,-1.8587975046577006,-0.6303259078745551,-0.04485103483003656,-2.316836275616407,-0.008555943838367011,27.686590354540982,1.024601732109479,2.309439226678789,-0.024556527682412423
2707,11.0995433,-0.12660618393966866,-0.6156274199411776,0.039483225937527455,0.18185276132910366,-2.0812874984738245,-0.16904174897849344,-0.8067824556974914,0,0.0036806,1,Shared Control,0.01,Good Visuals,-0.3859683674969808,0.22369511707199563,0.0,5.042912657438631,0.9912427007085384,-1.866626172268388,-0.6381545754852426,-0.03814636850931588,-2.2789554059989086,-0.008659354137797315,27.69056077332121,1.0245565276824125,2.30618937998102,-0.024519112131555137
2708,11.103157800000002,-0.1291194580625405,-0.6263080273825434,0.03992229091595295,0.18047442831494798,-2.078642421685961,-0.1719743024099071,-0.8158700997107079,0,0.0036145,1,Shared Control,0.01,Good Visuals,-0.3793980369329234,0.2234814155106021,0.0,5.043548006747221,0.9912551788506027,-1.874449175976722,-0.6459775791935766,-0.022349694313220713,-2.1855628620254897,-0.008832204848475259,27.69381062001898,1.024519112131555,2.304222438565712,-0.024495688408162866
2709,11.107611200000001,-0.1335176877775662,-0.6238500697099305,0.0384566146323409,0.1920200300007774,-2.019804574664838,-0.1756325061614758,-0.8269981739660479,0,0.004453400000000001,1,Shared Control,0.01,Good Visuals,-0.39473192564861403,0.2229659145291211,0.0,5.044273849196679,0.9912693030765832,-1.8901099681352447,-0.6616383713520992,-0.03462238688085222,-2.325399994923738,-0.00918373665649185,27.697492123127443,1.0244760290558448,2.299116062884742,-0.02443918459827062
2710,11.1133654,-0.13555972300239957,-0.6309303847417088,0.040072783159076225,0.1960677892243391,-2.0254620452582497,-0.18043230933100846,-0.8412567217958523,0,0.0057542,1,Shared Control,0.01,Good Visuals,-0.38435652473015236,0.22273704611312295,0.0,5.0449176961970235,0.991282362755884,-1.8968927697735076,-0.6684211729903623,-0.025784878554098875,-1.9811320028808046,-0.00857451425119387,27.700883937115258,1.0244391845982705,2.296991922780692,-0.024414098443379613
2711,11.116905800000001,-0.13823007675795088,-0.6459333592595223,0.04220223257305758,0.19532336253632998,-2.042680735117157,-0.18342611456515728,-0.8499582075099057,0,0.0035404000000000004,1,Shared Control,0.01,Good Visuals,-0.3965408938123828,0.2223992816112221,0.0,5.045338491398702,0.9912905085089555,-1.904615247561584,-0.6761436507784387,-0.03501561684825222,-2.1592276773595644,-0.008925693350384338,27.70300807721931,1.0244140984433796,2.2936207524062246,-0.024377076241891414
2712,11.120485200000001,-0.14042919161546374,-0.6619341323309541,0.04299692294969354,0.1880240751789516,-2.0545720257831013,-0.18648411302248147,-0.8586971981071457,0,0.0035794000000000004,1,Shared Control,0.01,Good Visuals,-0.40657643279760136,0.22202150695176925,0.0,5.045981939224546,0.9913034822088163,-1.9126671955192958,-0.6841955987361505,-0.03866645354500243,-2.3411589444688636,-0.009385746206637723,27.706379247593777,1.0243770762418913,2.2899265779452245,-0.02433566854664609
2713,11.124875500000002,-0.14388494353441253,-0.6734011825437158,0.04259916948806894,0.1852960155634299,-2.048884469516314,-0.19027743115022427,-0.8693321280413828,0,0.004390300000000001,1,Shared Control,0.01,Good Visuals,-0.40338391988676514,0.2216042597949462,0.0,5.046694368060271,0.9913176853295381,-1.9240234037989938,-0.6955518070158486,-0.028890982524873012,-2.281783495689693,-0.009546241627580072,27.710073422054776,1.024335668546646,2.2858463876499058,-0.024289934290312613
2714,11.1287931,-0.14639821765728436,-0.6805330226861035,0.04387921349293991,0.18879910535527933,-2.029104264134248,-0.193701581373356,-0.8787404250864014,0,0.0039176,1,Shared Control,0.01,Good Visuals,-0.39870863311194804,0.2214019959002022,0.0,5.047481245329194,0.991333372688957,-1.9315812606165534,-0.7031096638334082,-0.019603799787150194,-2.1081299873252184,-0.009440157422282974,27.714153612350096,1.0242899342903127,2.2840636877580365,-0.024267764243955294
2715,11.132530600000003,-0.1487544121474767,-0.6873467203591642,0.044947169225879297,0.19139370472723716,-2.0123679547753213,-0.19700253047474256,-0.8876413047255552,0,0.0037375000000000004,1,Shared Control,0.01,Good Visuals,-0.40865957320888613,0.22111776479685433,0.0,5.04784416992187,0.9913401911814661,-1.939283074491497,-0.710811477708352,-0.027834843102481747,-2.232798131542789,-0.009714945445867979,27.715936312241965,1.0242677642439553,2.28122910570067,-0.024236609812041524
2716,11.135950700000002,-0.1515818455357075,-0.6977245683647049,0.04542068493903506,0.18991673636085038,-2.0109074172862504,-0.20005218544805028,-0.89571971011345,0,0.0034201,1,Shared Control,0.01,Good Visuals,-0.41664899406104783,0.220750719913357,0.0,5.048385433817615,0.9913510996622756,-1.9475314514854987,-0.7190598547023537,-0.03404175726746634,-2.3173503944489697,-0.009938617593172386,27.71877089429933,1.0242366098120415,2.277600318172953,-0.02419637820227917
2717,11.140915800000002,-0.15660839378145117,-0.708120004653406,0.04344379166659912,0.187599705460044,-1.9706415358347051,-0.20452840433486247,-0.9073295822329461,0,0.0049651,1,Shared Control,0.01,Good Visuals,-0.4227954794920614,0.22004939201018062,0.0,5.04971153981403,0.9913775121615169,-1.963677200527466,-0.7352056037443211,-0.03380662386329754,-2.3254065143852154,-0.010233449113392287,27.725641040194873,1.0241594723013052,2.270793643249791,-0.024119505994588397
2718,11.1463714,-0.15865042900628457,-0.713706276794267,0.0458779753285779,0.19362330543867912,-1.9652289960688252,-0.20951285282849977,-0.9199182127340754,0,0.0054556000000000006,1,Shared Control,0.01,Good Visuals,-0.40539319049449074,0.21989161838553908,0.0,5.050399174447355,0.9913912203142967,-1.9701791597766452,-0.7417075629935002,-0.01565049519810626,-1.8912589805343725,-0.009559779942852087,27.729206356750208,1.0241195059945885,2.2694332197606504,-0.024102212504928795
2719,11.1499007,-0.16179202165987433,-0.7215288355971435,0.04772083116862544,0.19838937713693183,-1.9598180056835957,-0.21277374148486167,-0.9279641263711287,0,0.0035293000000000004,1,Shared Control,0.01,Good Visuals,-0.4236723974157163,0.21953585210378931,0.0,5.0506794231692105,0.9913964179678589,-1.977933625386082,-0.7494620286029369,-0.032350171739225775,-2.178220676808076,-0.010088182243252829,27.73056678023935,1.0241022125049288,2.2658064120959924,-0.024063217137175456
2720,11.153653000000002,-0.1641482161500667,-0.7354240702358985,0.04862552533479497,0.19254005613523018,-1.9716021194078834,-0.21627165495166722,-0.9364309653710973,0,0.0037523,1,Shared Control,0.01,Good Visuals,-0.4377405978635678,0.21905434132149493,0.0,5.051364410494901,0.9914103894957127,-1.9861173394206542,-0.7576457426375092,-0.04367141831565717,-2.380301339278165,-0.010476433333705253,27.73419358790401,1.0240632171371755,2.2610314118833985,-0.024010438976354766
2721,11.157710000000002,-0.16697564953829747,-0.7423876496376024,0.04929600541336976,0.19404331573349487,-1.9482161143538286,-0.22008915007837365,-0.9454806861305652,0,0.004057,1,Shared Control,0.01,Good Visuals,-0.43655946150734115,0.21857282759841604,0.0,5.052278829003487,0.9914287610631667,-1.9954897917104877,-0.7670181949273427,-0.036757054836527206,-2.3428787845799164,-0.010651632423625176,27.738968588116602,1.0240104389763547,2.25635581990618,-0.02395766049319613
2722,11.160819800000002,-0.17027432182456675,-0.7487175465845097,0.0498148282538069,0.1967631395460555,-1.9322121634466622,-0.2230400914609582,-0.9523417345343979,0,0.0031098000000000002,1,Shared Control,0.01,Good Visuals,-0.4414853888270619,0.2180974538542511,0.0,5.053183830391234,0.9914467326128807,-2.0038878150095076,-0.7754162182263625,-0.04004319934312867,-2.3469966181375703,-0.010774767292507053,27.74364418009382,1.0239576604931961,2.2517395539093075,-0.02390555501011656
2723,11.164471200000001,-0.17263051631475915,-0.7676409010324783,0.050409575146199065,0.18470083350191957,-1.9640555182187336,-0.2265320509163727,-0.9603113392296166,0,0.0036514000000000004,1,Shared Control,0.01,Good Visuals,-0.44685165726270604,0.21759796782392818,0.0,5.054077329427161,0.991464476354173,-2.0120091823816755,-0.7835375855985305,-0.04342969145191243,-2.364918718781608,-0.010864487206342094,27.748260446090693,1.0239055550101166,2.2468627878177756,-0.023850806591170552
2724,11.1679989,-0.17561502933566941,-0.7797583404887043,0.0509170215807033,0.18055299874091235,-1.953848079752059,-0.22993318846690514,-0.9679200505352245,0,0.0035277000000000004,1,Shared Control,0.01,Good Visuals,-0.43794912123463553,0.2172836222406104,0.0,5.05501865846167,0.9914832263253993,-2.0199093980587617,-0.7914378012756167,-0.026000532854909594,-2.224285060275406,-0.010969021110680514,27.753137212182224,1.0238508065911704,2.2439577017028456,-0.023816351325868776
2725,11.1715147,-0.17797122382586178,-0.7803965040489867,0.05196196464104336,0.1875235464862377,-1.9121973889414636,-0.2333493986697208,-0.9754118703970825,0,0.0035158000000000003,1,Shared Control,0.01,Good Visuals,-0.43643314738400774,0.2170432333383433,0.0,5.055595522097058,0.9914943663659048,-2.027338815355666,-0.7988672185725209,-0.02037681011905989,-2.168286626460456,-0.011063434882758542,27.756042298297153,1.0238163513258687,2.2416733622715532,-0.02379000241612493
2726,11.1755448,-0.18142697574481054,-0.777659384688782,0.051922422924910255,0.1977524857083005,-1.8646489784527662,-0.2372975208567656,-0.9838846294078003,0,0.0040301,1,Shared Control,0.01,Good Visuals,-0.44865209256742766,0.21656121767000228,0.0,5.056042618690464,0.9915031380076361,-2.0365204797956458,-0.8080488830125006,-0.03428730323204042,-2.2889498267343917,-0.011277992816304717,27.758326637728448,1.0237900024161248,2.236784253188782,-0.023737168914992154
2727,11.178972300000002,-0.18456856839840033,-0.7884645494479051,0.05272895245836526,0.1954200799598952,-1.8579619190036203,-0.24068199102043797,-0.9909914107065827,0,0.0034275000000000004,1,Shared Control,0.01,Good Visuals,-0.4586459852976391,0.21597521928426772,0.0,5.056968388562427,0.9915219685178842,-2.04479867133203,-0.8163270745488848,-0.04688460783910566,-2.3106658673544986,-0.011244383132995407,27.76321574681122,1.0237371689149921,2.2310050086116475,-0.023672937919176042
2728,11.182573400000003,-0.18708184252127216,-0.8061610170018878,0.053600148499165806,0.1848303937046949,-1.8546299010118854,-0.24426394465504392,-0.9983576035726262,0,0.0036011000000000003,1,Shared Control,0.01,Good Visuals,-0.46047481572003346,0.21543105634569434,0.0,5.058078277480175,0.9915441992238306,-2.0526699893851297,-0.8241983926019842,-0.044867319474449434,-2.301218550825766,-0.011388147069825164,27.768994991388354,1.023672937919176,2.22574483283175,-0.0236132924862164
2729,11.185899900000003,-0.19038051480754145,-0.8165254513044125,0.05388342984750247,0.1818321522682137,-1.8200560378859993,-0.2475961683180951,-1.0050685032367344,0,0.0033265,1,Shared Control,0.01,Good Visuals,-0.4544396906525602,0.21500811634311823,0.0,5.059098847561047,0.9915644146933079,-2.060559118044482,-0.8320875212613367,-0.032729040675445596,-2.208788156718759,-0.011547136611461372,27.77425516716825,1.0236132924862165,2.221723117308898,-0.02356693423985045
2730,11.190878100000003,-0.19603538158400308,-0.8149956378693186,0.051560786734092035,0.19007286536741574,-1.717494835157236,-0.2526242567518906,-1.0149394646868533,0,0.0049782,1,Shared Control,0.01,Good Visuals,-0.46230808731030487,0.2141286348147537,0.0,5.060596719756911,0.9915939339843765,-2.075777193550067,-0.8473055967669214,-0.039811808106059283,-2.2155126795236333,-0.01177442330703355,27.781939398793256,1.0235253644522246,2.213088406146766,-0.023470534700630014
2731,11.1963628,-0.1987057353395544,-0.8211040981700389,0.05391852141233619,0.19383536651681432,-1.713562392529215,-0.25822016512295975,-1.0255692014342273,0,0.0054847,1,Shared Control,0.01,Good Visuals,-0.44945612777733046,0.21377469844400943,0.0,5.061547877832783,0.9916130676499456,-2.0820475460742394,-0.8535759492910936,-0.02960563384737637,-1.8223530935166696,-0.01104064087334579,27.786911593853233,1.02347053470063,2.2097613641820653,-0.023431739908525002
2732,11.1999456,-0.20216148725850316,-0.8376635611776471,0.05605867786445659,0.1879056402565802,-1.7353457987430652,-0.2619067917785271,-1.0323701209063894,0,0.0035828,1,Shared Control,0.01,Good Visuals,-0.4651586461692765,0.21321388678054112,0.0,5.062202770946166,0.9916258375571237,-2.0894201270769974,-0.8609485302938514,-0.043342242901288165,-2.0668856189396942,-0.011526415655469035,27.790238635817936,1.023431739908525,2.2041240184453796,-0.023370269616990486
2733,11.2035187,-0.204674761381375,-0.8508241951240629,0.057232030397152106,0.18154592578232642,-1.7317432389903846,-0.2656074997449943,-1.0390375765873037,0,0.0035731,1,Shared Control,0.01,Good Visuals,-0.47017667466152924,0.2126766641541242,0.0,5.0632751109404515,0.9916475419458439,-2.096903803432276,-0.8684322066491301,-0.04133368676282627,-2.175803563098902,-0.011952488595259074,27.79587598155462,1.0233702696169904,2.1989122840545625,-0.023311384908244314
2734,11.207627200000001,-0.20813051330032378,-0.8493863356640694,0.05747698644467053,0.18965124092323427,-1.675613398975524,-0.26989189050680296,-1.0465591948972979,0,0.0041085,1,Shared Control,0.01,Good Visuals,-0.4698724922740749,0.21211618027300755,0.0,5.064284495397945,0.9916675756716977,-2.105477104339777,-0.8770055075566309,-0.03654816220681002,-2.1613726888268907,-0.012171917307633746,27.80108771594544,1.0233113849082442,2.193426639892866,-0.02324995054477269
2735,11.210857700000002,-0.21190042448463153,-0.856977412974377,0.05799146602217142,0.18958178192292086,-1.6651883747502867,-0.2732822002950027,-1.05236248232124,0,0.0032305000000000003,1,Shared Control,0.01,Good Visuals,-0.4792155902835121,0.2114381711730252,0.0,5.065342169542811,0.9916886710127548,-2.1133717383154815,-0.8849001415323354,-0.04858107440051763,-2.1899123372273426,-0.012191798818246946,27.806573360107134,1.0232499505447727,2.1867194696164654,-0.023175634299669626
2736,11.214551800000002,-0.21457077824018286,-0.8812814814732688,0.058711422054819856,0.1710810008479713,-1.7007903195003844,-0.27718180491123023,-1.0588766438968154,0,0.0036941,1,Shared Control,0.01,Good Visuals,-0.4818322057628156,0.21078972110486419,0.0,5.06662839061004,0.9917144764375351,-2.120819176442994,-0.8923475796598478,-0.04843444373017179,-2.1727216872866135,-0.012261609519370557,27.813280530383533,1.0231756342996696,2.180418677320821,-0.02310455800555527
2737,11.2180082,-0.21818360979181112,-0.8974624236074566,0.05899819511941912,0.1614142202893587,-1.6874509258465387,-0.2808520660906056,-1.064851813163943,0,0.0034564,1,Shared Control,0.01,Good Visuals,-0.467208197800213,0.2104563525864877,0.0,5.0678477573740945,0.9917386990167483,-2.1278848715189684,-0.8994132747358224,-0.023474645387724213,-1.9800182362266021,-0.01237576428060545,27.819581322679177,1.0231045580055553,2.177413385305135,-0.023068017645666353
2738,11.2216196,-0.22069688391468295,-0.9003897078832048,0.06015518217592264,0.16446210528073824,-1.641488531642358,-0.28470875684427943,-1.070969041038812,0,0.0036114000000000003,1,Shared Control,0.01,Good Visuals,-0.4591121356945993,0.21031755226685322,0.0,5.068452482678516,0.9917502118528121,-2.134232798824835,-0.9057612020416893,-0.01005477655278206,-1.8446306064181686,-0.012416544954018867,27.822586614694863,1.0230680176456663,2.1762025126671216,-0.023052803810668255
2739,11.2256234,-0.2243097154663112,-0.8867283427567352,0.06039904137796823,0.1842406982820768,-1.5423286728148005,-0.2890100272678197,-1.0775979689098991,0,0.0040038,1,Shared Control,0.01,Good Visuals,-0.4680146877526882,0.20999013517175769,0.0,5.068700439758212,0.9917548430103715,-2.141938107979321,-0.9134665111961753,-0.020142213803223355,-1.9366398960680566,-0.012651690671406687,27.82379748733288,1.0230528038106683,2.1728500378494022,-0.023016915783367904
2740,11.228902700000003,-0.22823670628329845,-0.8880110553860139,0.06077332098452126,0.18958691352388524,-1.5044919025846866,-0.292552527123258,-1.0829055733293385,0,0.0032793,1,Shared Control,0.01,Good Visuals,-0.4889067987493847,0.20926537286976746,0.0,5.069332342099355,0.9917677612168971,-2.149391579804488,-0.9209199830213421,-0.0499639321899195,-2.0937306736613124,-0.012683202863204134,27.8271499621506,1.023016915783368,2.1654634418227094,-0.0229374749427102
2741,11.232546500000002,-0.23090706003884978,-0.9112436716269625,0.06164546708440824,0.17166190170237594,-1.519851159120411,-0.296508967155398,-1.0886724218294945,0,0.0036438000000000004,1,Shared Control,0.01,Good Visuals,-0.49619655586936623,0.2084474462367929,0.0,5.070727861449724,0.9917962185540713,-2.156698071982935,-0.9282264751997893,-0.05796182809969885,-2.1186835754935602,-0.012717751676359905,27.83453655817729,1.0229374749427103,2.157410884404539,-0.02284782240540053
2742,11.235905800000001,-0.23451989159047806,-0.9219973412033898,0.06198907556491992,0.1666750806261047,-1.46217872099443,-0.3001749001563479,-1.0938653333419264,0,0.0033593000000000004,1,Shared Control,0.01,Good Visuals,-0.482941761778229,0.20791142138738664,0.0,5.07227593730055,0.9918271949330003,-2.1636560980869954,-0.9351845013038494,-0.03589731131594545,-1.946028836263518,-0.012849840185819172,27.842589115595462,1.0228478224054005,2.1523953587297155,-0.02278906898440537
2743,11.240853100000002,-0.24127431579569608,-0.929281425357347,0.05890058436065182,0.16458390798457934,-1.3672730311941557,-0.30560506331129716,-1.1012934271151669,0,0.0049473,1,Shared Control,0.01,Good Visuals,-0.4878655891579813,0.20681739996571805,0.0,5.074157743620122,0.9918641425914916,-2.1768356850434682,-0.9483640882603226,-0.042675755322582956,-1.912091333569843,-0.013000152136169986,27.852208482145357,1.0227370198823214,2.1416216600314364,-0.022669153832642883
2744,11.2464644,-0.2441017491839269,-0.9418303064122846,0.06150331412737026,0.15946312070288227,-1.3630629148655002,-0.31180764602416866,-1.1093960178074675,0,0.0056113000000000005,1,Shared Control,0.01,Good Visuals,-0.46218908177199103,0.20661749561158055,0.0,5.075336684959969,0.9918878898907358,-2.1815758745816445,-0.9531042777984987,-0.014488848238607467,-1.3745257606495898,-0.012181665713931445,27.858378339968564,1.022669153832643,2.139997499956822,-0.02264724241437484
2745,11.249909900000002,-0.24802874000091416,-0.9519496516715334,0.0637789060232545,0.1574463661359341,-1.3460208643937566,-0.3156383813446754,-1.1141983560388073,0,0.0034455,1,Shared Control,0.01,Good Visuals,-0.4703418208655726,0.20633753965477025,0.0,5.0756825043445,0.9918940799157242,-2.1871304548232695,-0.958658858040124,-0.018705504944254468,-1.5524693931147402,-0.012707660736809585,27.86000250004318,1.0226472424143749,2.1371828603011975,-0.022616556579177466
2746,11.253512400000002,-0.25085617338914495,-0.9586891927456695,0.06478220795553047,0.1555091632931378,-1.3203084734007156,-0.31966111207850256,-1.1190766548116506,0,0.0036025000000000002,1,Shared Control,0.01,Good Visuals,-0.47992745130969755,0.20596114493822498,0.0,5.076217932838596,0.991904917531039,-2.192986560078244,-0.9645149632950987,-0.025486516511794195,-1.7206632352866844,-0.013159982550711142,27.8628171396988,1.0226165565791774,2.133427308031038,-0.022575300138797823
2747,11.257735,-0.2558827216348886,-0.9630047737752476,0.06377839044361394,0.15607188103640302,-1.272244491572367,-0.32439827181159997,-1.1246062448118068,0,0.0042226,1,Shared Control,0.01,Good Visuals,-0.48314761693021524,0.20540705789770178,0.0,5.076935095306628,0.9919193733848423,-2.2009622299887583,-0.9724906332056131,-0.027457644111610554,-1.742820599723455,-0.013342617722147242,27.866572691968962,1.0225753001387978,2.127868661563235,-0.022514566929888048
2748,11.2614086,-0.2588672346557989,-0.9676281847306833,0.06553103715580105,0.15697806008112347,-1.1963140838054342,-0.3285382017626991,-1.1292493125322562,0,0.0036736000000000004,1,Shared Control,0.01,Good Visuals,-0.4786803264322197,0.20506683104284568,0.0,5.077993683847232,0.9919407747606744,-2.2063335922333858,-0.9778619954502406,-0.02275723841587054,-1.5596742776002301,-0.01310053153847364,27.872131338436766,1.022514566929888,2.1247085507982306,-0.022477274831099417
2749,11.2649237,-0.26263714584010667,-0.9704666869750647,0.06590105592259243,0.15878262555719158,-1.0994945013757227,-0.3325152171084214,-1.1335442025121387,0,0.0035151,1,Shared Control,0.01,Good Visuals,-0.4885220612735,0.20450979144352124,0.0,5.078619746943753,0.9919529000159216,-2.212403896413483,-0.9839322996303379,-0.03488999888094132,-1.6950475204114221,-0.013438242124491098,27.875291449201768,1.0224772748310995,2.1190791853331037,-0.022416217993666724
2750,11.2685362,-0.2657787384936965,-0.9723559472906125,0.06673647861472493,0.16118825522152624,-1.0047594324431026,-0.3366178896254027,-1.137805693370906,0,0.0036125000000000003,1,Shared Control,0.01,Good Visuals,-0.49226512368624076,0.2038654260577581,0.0,5.079687883649943,0.9919745806179407,-2.218161196134251,-0.9896895993511055,-0.04213739893889724,-1.686923062723067,-0.013477411202637209,27.880920814666897,1.0224162179936667,2.1127065812231653,-0.02234558941958777
2751,11.272086700000003,-0.26954864967800424,-0.9751536030278825,0.06706923994739844,0.16265209034302353,-0.9172085383887465,-0.3406648787918152,-1.1418418359976341,0,0.0035505000000000003,1,Shared Control,0.01,Good Visuals,-0.4989806662318612,0.20298574283025902,0.0,5.080910305297225,0.9919991011708863,-2.224536442548701,-0.9960648457655554,-0.05278927542750762,-1.734430561376045,-0.013605260646385358,27.887293418776835,1.0223455894195879,2.103907916941703,-0.02224916777222407
2752,11.2758352,-0.273632720127671,-0.9845809869797651,0.06703215866414419,0.15726084901786896,-0.8573702562089177,-0.34495280263150024,-1.1459375100564422,0,0.0037485,1,Shared Control,0.01,Good Visuals,-0.5022415858453615,0.20194162366228974,0.0,5.082588520658113,0.9920329733184424,-2.2311881929629602,-1.0027165961798146,-0.05903064423592064,-1.712559000607385,-0.013614099491783556,27.896092083058296,1.022249167772224,2.0935527759053913,-0.022134722382028512
2753,11.2794925,-0.2766172331485813,-0.9925004904421821,0.06833556948291897,0.15343701961426004,-0.7888740089489172,-0.34915089445372227,-1.149767899536011,0,0.0036573,1,Shared Control,0.01,Good Visuals,-0.4968440600982391,0.20111462100138933,0.0,5.08457212771129,0.9920728233921935,-2.236602397031706,-1.0081308002485603,-0.052844505281554356,-1.5772435892288144,-0.0135365829582255,27.90644722409461,1.0221347223820285,2.0856106836183,-0.02204407502574677
2754,11.2830632,-0.2808583832309275,-0.9962187206164458,0.06829251122279478,0.1535491789195652,-0.7130374217251078,-0.35326280976352437,-1.1533481245343653,0,0.0035707000000000004,1,Shared Control,0.01,Good Visuals,-0.49978819966910004,0.2001746870929211,0.0,5.086118720469576,0.9921033452733263,-2.2423563005896403,-1.0138847038064946,-0.056512850788063396,-1.6094384934503463,-0.013743282157471354,27.9143893163817,1.0220440750257467,2.0762943521276402,-0.02194104933077567
2755,11.2865045,-0.28368581661915826,-1.0034180728173352,0.0695769931443661,0.1499300517170301,-0.6590024210258228,-0.3572375472760262,-1.1566480620472712,0,0.0034413,1,Shared Control,0.01,Good Visuals,-0.4998078960097023,0.19924640852082487,0.0,5.087903938762136,0.992139197638366,-2.2476238878792607,-1.019152291096115,-0.05838673676152296,-1.540365321408439,-0.013670432064812749,27.92370564787236,1.0219410493307757,2.0671923047030765,-0.021839301171511106
2756,11.290857500000001,-0.2879269667015045,-0.998857797130116,0.06931058057452166,0.1577902649171552,-0.5478427095903797,-0.36228114314574805,-1.1606084659276443,0,0.004353,1,Shared Control,0.01,Good Visuals,-0.5028798105225529,0.1980793607156668,0.0,5.089657714887482,0.9921742097935908,-2.2539005655480846,-1.025428968764939,-0.06164666991293146,-1.5718415478372725,-0.013862965999693,27.932807695296923,1.021839301171511,2.0555477259944754,-0.021711381633650356
2757,11.293911900000001,-0.29201103715117127,-1.0033982767155611,0.07027010599457678,0.15721018921208318,-0.47652578953429325,-0.36583016024551407,-1.1632435204184208,0,0.0030544,1,Shared Control,0.01,Good Visuals,-0.5094837792267437,0.19682009279488397,0.0,5.091881670062072,0.9922190354403467,-2.2594573786133125,-1.030985781830167,-0.07457829930619565,-1.5506231346210813,-0.013728995491032965,27.944452274005524,1.0217113816336503,2.0431073945321585,-0.02157335389412036
2758,11.2974982,-0.29515262980476104,-1.021697109317544,0.07067753044075303,0.14154641110087685,-0.4443555954095595,-0.3700072238832753,-1.1661846507388154,0,0.0035863,1,Shared Control,0.01,Good Visuals,-0.513969336756321,0.19549856046745476,0.0,5.094269658324034,0.9922669051081132,-2.2648645425255642,-1.0363929457424186,-0.08062912430465755,-1.5760190947714934,-0.013830568782558934,27.956892605467843,1.0215733538941203,2.0300644568156097,-0.021428501383498583
2759,11.300890200000001,-0.2993937798871073,-1.0338627346941014,0.07061344399616798,0.132321916044714,-0.38115667800945474,-0.37396742275863876,-1.1688133700189565,0,0.003392,1,Shared Control,0.01,Good Visuals,-0.5006863652085773,0.19441669912772025,0.0,5.096774602392645,0.9923170923649376,-2.269836731472423,-1.041365134689277,-0.06258236722436383,-1.3882591430808677,-0.013817355458561931,27.96993554318439,1.0214285013834985,2.0195940416900724,-0.02130991909235627
2760,11.304570000000002,-0.30253537254069707,-1.0428858687113656,0.07143205021794169,0.1259275013075909,-0.32697787150120855,-0.3782734113753799,-1.171495489839489,0,0.0036798000000000004,1,Shared Control,0.01,Good Visuals,-0.49135485951149205,0.19355351184037428,0.0,5.098805741995427,0.9923573488566018,-2.2740608624222314,-1.0455892656390855,-0.051766639644743484,-1.2246342590695134,-0.013728432695775113,27.980405958309927,1.0213099190923562,2.0112464770559026,-0.02121530555690678
2761,11.3082828,-0.30756192078644073,-1.0426779606732017,0.07071149058893916,0.1288175291662872,-0.23819534177927598,-0.3826276850663226,-1.1740213316228572,0,0.0037128,1,Shared Control,0.01,Good Visuals,-0.4893029915999445,0.1924602523169343,0.0,5.100425755675682,0.992389443052523,-2.2794526412838425,-1.0509810445006966,-0.04918345672552851,-1.1879828276585718,-0.013825924177640588,27.988753522944098,1.0212153055569069,2.000299404444162,-0.021095473916435667
2762,11.3124592,-0.31086059307271,-1.0368731098360637,0.07176709199361259,0.13714822178679342,-0.12255895176661613,-0.3875364258438336,-1.1766443360403631,0,0.0041764,1,Shared Control,0.01,Good Visuals,-0.48864888423440545,0.1915948019065163,0.0,5.102512981258258,0.9924315922501011,-2.2831458626651964,-1.0546742658820507,-0.051989696808172794,-1.0749545598725385,-0.013609151320453757,27.999700595555836,1.0210954739164357,1.991938495856805,-0.021000612321175588
2763,11.315913600000002,-0.31510174315505624,-1.0389662643471373,0.07243468268877734,0.13767807169322577,-0.0359495071605036,-0.3916045154659286,-1.1786379689250497,0,0.0034544000000000003,1,Shared Control,0.01,Good Visuals,-0.502423670865406,0.1903103319675188,0.0,5.104136504746113,0.9924637374659899,-2.2875036383641514,-1.059032041581006,-0.07323107629357099,-1.2189241416897856,-0.013750201773922935,28.008061504143196,1.0210006123211757,1.978957847705115,-0.020859822200782592
2764,11.319546000000003,-0.318243335808646,-1.0462689818563855,0.07336117965728262,0.13236898706866418,0.038372065797388805,-0.39588934703977213,-1.1805612959224774,0,0.0036324,1,Shared Control,0.01,Good Visuals,-0.5065423354438608,0.1889486956974359,0.0,5.106600104763361,0.9925137355302834,-2.2917205498002393,-1.0632489530170939,-0.08042221632477867,-1.2330150397918072,-0.013785068508463102,28.021042152294886,1.0208598222007825,1.9654724680926154,-0.02071057391666466
2765,11.324177800000001,-0.3256260785445821,-1.035838761403331,0.07026326849519005,0.1447225345191463,0.2811113693420688,-0.4013626629647301,-1.1827546545415644,0,0.0046318,1,Shared Control,0.01,Good Visuals,-0.5122726235519175,0.18591348492036053,0.0,5.112291396936809,0.9926282835566942,-2.3001814321200733,-1.071709835336928,-0.0939362407793255,-1.2090687623449679,-0.013750246803058691,28.050798891698125,1.02053212537168,1.9354516429410336,-0.020377885951186794
2766,11.3297642,-0.3322234231171206,-1.0466561846391604,0.0691392398476095,0.13609846990240393,0.4180509717922438,-0.407976503726155,-1.1850105082232556,0,0.0055864,1,Shared Control,0.01,Good Visuals,-0.5164599095977637,0.18297467563889996,0.0,5.117488962482611,0.9927321037436942,-2.3062613322265704,-1.0777897354434254,-0.10943153978792892,-1.1193197842813207,-0.013398995476814638,28.077782591354012,1.0202308353588183,1.9062214979169736,-0.02005576450638925
2767,11.3357937,-0.3355220954033899,-1.068682713920553,0.07245440832276512,0.11632779430270257,0.40766723545329475,-0.4151276638565662,-1.186963122785063,0,0.0060295,1,Shared Control,0.01,Good Visuals,-0.4891478832449866,0.18181314378726188,0.0,5.120539087330723,0.9927936973417927,-2.308175294970087,-1.079703698186942,-0.08012239552936813,-0.6244169201084651,-0.012650729985036456,28.093778502083026,1.0200557645063892,1.8950186379601186,-0.019928449569490022
2768,11.3392409,-0.3397632454857361,-1.0921517043190623,0.07536441837083008,0.09481141846600072,0.38829790389600055,-0.41922094422846906,-1.1878528648605562,0,0.0034472,1,Shared Control,0.01,Good Visuals,-0.4866579229327758,0.18054442344740568,0.0,5.12271674879452,0.992836772897246,-2.3107981620923868,-1.082326565309242,-0.06991571083808258,-0.719559716413813,-0.013173163758407878,28.104981362039883,1.01992844956949,1.8823521726289065,-0.019789385754938778
2769,11.343164300000002,-0.3441614752007618,-1.1126357090441996,0.07505946902770727,0.07521715581635657,0.36256955096549714,-0.42388302711875286,-1.188663654893978,0,0.0039234000000000005,1,Shared Control,0.01,Good Visuals,-0.48038977574984226,0.1794332241320805,0.0,5.125135939730257,0.9928855416754596,-2.313697772088115,-1.0852261753049703,-0.054688676162164655,-0.7419677573511496,-0.013606625463210585,28.117647827371094,1.0197893857549387,1.871435613484434,-0.019667587742672837
2770,11.3466941,-0.3474601474870311,-1.1161659070036345,0.07642287963172179,0.07249774789034347,0.3782026720158578,-0.4280797853585705,-1.1892085779284929,0,0.0035298,1,Shared Control,0.01,Good Visuals,-0.45953295633520147,0.17899090840690224,0.0,5.1272381118786585,0.9929275478231273,-2.3152742899573404,-1.0868026931741956,-0.024856767606050285,-0.46029718809500153,-0.013468162529283552,28.128564386515567,1.0196675877426729,1.867495759819631,-0.019619105732850042
2771,11.349949600000002,-0.35170129756937735,-1.1027301316237386,0.07637848778919315,0.08647844630475432,0.42899273016993233,-0.4319518592305698,-1.1895555293066746,0,0.0032555,1,Shared Control,0.01,Good Visuals,-0.4638854369590534,0.17845693726416162,0.0,5.128036695202548,0.9929426492450403,-2.317177814476565,-1.0887062176934201,-0.028369795416504473,-0.5350886937719999,-0.013679000648353229,28.13250424018037,1.01961910573285,1.8621143240658644,-0.01956057741763582
2772,11.3535195,-0.3548428902229671,-1.0870775275432267,0.07710896900760267,0.1024780017634479,0.4734890846169615,-0.43619887870246,-1.1897636303332582,0,0.0035699000000000004,1,Shared Control,0.01,Good Visuals,-0.47761975157215597,0.17758704979094828,0.0,5.129059671696366,0.9929633768493275,-2.319360667934481,-1.0908890711513362,-0.04794356591368194,-0.6347718558555524,-0.013630271003727577,28.137885675934136,1.0195605774176357,1.8532463108500274,-0.019465229478097704
2773,11.3576835,-0.36065483663210823,-1.076662058819856,0.07554404207035176,0.11310157151340205,0.5309982856845483,-0.44115316927633763,-1.189777649909468,0,0.004164,1,Shared Control,0.01,Good Visuals,-0.49738614769741196,0.17578235528809158,0.0,5.130735740827894,0.9929975479675163,-2.323160528362697,-1.094688931579552,-0.0742822644586997,-0.8305524312508714,-0.013693554318481823,28.14675368914997,1.0194652294780977,1.834685062197666,-0.01926741779826339
2774,11.361467900000001,-0.363796429285698,-1.0770173854351726,0.07735673999063963,0.11276026447429555,0.6075021393914608,-0.4456554466472846,-1.189575928475346,0,0.0037844000000000003,1,Shared Control,0.01,Good Visuals,-0.5001780423033915,0.17433768540030314,0.0,5.134228414402779,0.9930690923568943,-2.3255989307233134,-1.0971273339401688,-0.08160701266686371,-0.7151578955351541,-0.01327930964310911,28.165314937802336,1.0192674177982635,1.820572624717633,-0.019109068240010112
2775,11.3648785,-0.36803757936804427,-1.0765572102833731,0.07761786727924036,0.11301871819197284,0.7250204151859376,-0.4497120522586543,-1.1892185497150074,0,0.0034106,1,Shared Control,0.01,Good Visuals,-0.509362882657517,0.17254495988214494,0.0,5.136954154052044,0.9931233873986208,-2.328611196920542,-1.1001396001373975,-0.09430650662032397,-0.8423092101193159,-0.013486195000081181,28.179427375282366,1.0191090682400101,1.8024828600353868,-0.018912568474721655
2776,11.368518900000002,-0.371493331286993,-1.0762183044774913,0.07821872097166127,0.11300024523751606,0.8351319286534823,-0.4540403115875728,-1.1886528571439858,0,0.0036404000000000002,1,Shared Control,0.01,Good Visuals,-0.5112355966713601,0.1706919966903416,0.0,5.140391036640428,0.9931930676769883,-2.331385787678197,-1.1029141908950526,-0.1016239167463087,-0.8115211341488653,-0.013392571795834179,28.197517139964614,1.0189125684747216,1.7839829773607148,-0.018709466087552213
2777,11.3721183,-0.37573448136933923,-1.079267210217743,0.07830583021823356,0.10938564692624286,0.9254984611044489,-0.4583174605326331,-1.187905974481708,0,0.0035994000000000004,1,Shared Control,0.01,Good Visuals,-0.5145903362512478,0.16849739040146428,0.0,5.1439249020497195,0.9932643013537238,-2.334410642797555,-1.1059390460144105,-0.11022643803108016,-0.8164251334299442,-0.013351309661217559,28.216017022639285,1.0187094660875522,1.7618672154050745,-0.018468916367978847
2778,11.376003100000002,-0.38028979071704444,-1.090685872493994,0.07802766981558867,0.09722010198771391,0.9792535548460638,-0.462930334931216,-1.1868900483399678,0,0.0038848000000000003,1,Shared Control,0.01,Good Visuals,-0.5117867504118585,0.16618184364400285,0.0,5.148129750480907,0.9933494867249819,-2.3372449676413067,-1.1087733708581624,-0.11022921394746471,-0.7264333095194031,-0.013194328044992478,28.238132784594924,1.0184689163679788,1.7386677916638351,-0.018215110422926492
2779,11.379547600000002,-0.3837455426359932,-1.1036226498953685,0.0791847922952228,0.0832673984445993,1.0242081657128328,-0.4671353401081926,-1.1857726285044636,0,0.0035445000000000003,1,Shared Control,0.01,Good Visuals,-0.49862398917462736,0.16442243083996277,0.0,5.152553778051541,0.9934388289981767,-2.3390082932156746,-1.1105366964325303,-0.09512585769287855,-0.5127586072197099,-0.012966782025200038,28.261332208336164,1.0182151104229265,1.721425570205059,-0.01802226204790332
2780,11.3830414,-0.3879866927183394,-1.1060724715668986,0.07914864738985317,0.07970015693756505,1.0949019158656548,-0.47127600860646796,-1.184492943395026,0,0.0034938,1,Shared Control,0.01,Good Visuals,-0.4909938131754994,0.16276803840636914,0.0,5.155879173915003,0.9935051801193938,-2.340558351497388,-1.1120867547142437,-0.08515939631816928,-0.436500881899506,-0.013019756034738088,28.27857442979494,1.0180222620479034,1.7049181131234492,-0.017840924904205975
2781,11.3865482,-0.39144244463728817,-1.1059266348189885,0.07983356396917979,0.07856630857603752,1.1494143602424511,-0.47542727597553014,-1.1830302322710635,0,0.0035068,1,Shared Control,0.01,Good Visuals,-0.4875181357772349,0.161208118796353,0.0,5.159033848286071,0.993568744274329,-2.3417513130579084,-1.113279716274764,-0.08362339128898617,-0.3499036664868962,-0.012882870078163789,28.295081886876552,1.017840924904206,1.689344340543673,-0.01766994288039234
2782,11.3907809,-0.39568359471963443,-1.0963082795409513,0.0797436812558957,0.08672195273011218,1.2336299374344386,-0.48043053940606084,-1.1810264908571653,0,0.0042327,1,Shared Control,0.01,Good Visuals,-0.49016734011220314,0.15925594840991322,0.0,5.162009302746956,0.9936287149891966,-2.3432123794116384,-1.114740782628494,-0.08844551768249527,-0.36533965636376386,-0.012869818664279782,28.310655659456327,1.0176699428803924,1.6695238315234637,-0.017455966441248107
2783,11.3938558,-0.40023890406733964,-1.0938007509377345,0.0801916353387212,0.08722573991943072,1.2780479119011814,-0.48405962351594084,-1.1794072164568579,0,0.0030749,1,Shared Control,0.01,Good Visuals,-0.49811309177727087,0.1572300724078821,0.0,5.165764110292262,0.9937050817013775,-2.3446204976173552,-1.116148900834211,-0.10277454691621499,-0.393296149964212,-0.01269965558810549,28.330476168476537,1.0174559664412481,1.6491482258759698,-0.01723391116570787
2784,11.3975015,-0.4036946559862884,-1.1086390170980513,0.08036496752965244,0.07076819935880652,1.2643652435144894,-0.4883556221049859,-1.1773087482612625,0,0.0036457000000000004,1,Shared Control,0.01,Good Visuals,-0.5012456053696063,0.15517671982343229,0.0,5.169642656482253,0.993783563310004,-2.3459606238034656,-1.117489027020321,-0.10791297147067674,-0.38987757429092973,-0.01260853663081361,28.35085177412403,1.0172339111657078,1.6284961945595815,-0.01700884419543717
2785,11.4010326,-0.4079358060686346,-1.1170094890702715,0.08041981603635129,0.060299259190990995,1.2905683137533845,-0.4925089556946371,-1.1750913785934118,0,0.0035311,1,Shared Control,0.01,Good Visuals,-0.4861080046115618,0.15345549474400438,0.0,5.173573942368937,0.9938631102399768,-2.3466545639607297,-1.118182967177585,-0.08645254743084219,-0.19385427752715412,-0.01247077204996811,28.37150380544042,1.0170088441954372,1.611375286708956,-0.016820181558189908
2786,11.404625800000002,-0.4115486376202629,-1.116120505846647,0.0809603180743742,0.058970872746764824,1.3303233388835496,-0.4967269610234981,-1.1726481776678281,0,0.0035932000000000004,1,Shared Control,0.01,Good Visuals,-0.4762546345383841,0.15200156005970936,0.0,5.176851560403773,0.9939290334128829,-2.3468268257760707,-1.118355228992926,-0.07428396638180558,-0.04904949183971752,-0.012340862657080105,28.388624713291044,1.0168201815581899,1.596883501018414,-0.016660816490132953
2787,11.4082249,-0.41720350439672454,-1.1184341303937828,0.07952345662677357,0.05421404727404533,1.3490963813075618,-0.5009427518538652,-1.170011988722248,0,0.0035991,1,Shared Control,0.01,Good Visuals,-0.47796008293317976,0.15005240473742454,0.0,5.179623049122958,0.9939848376085102,-2.347069590543587,-1.1185979937604424,-0.07752750987111305,-0.05417888937612414,-0.012306094650235164,28.403116498981586,1.016660816490133,1.5769455124760658,-0.016447170530692824
2788,11.412442200000001,-0.4203450970503143,-1.1187980815040084,0.08059765480355086,0.051213907218239596,1.4007312317507963,-0.5058701136166739,-1.1666823457028805,0,0.0042173,1,Shared Control,0.01,Good Visuals,-0.46609291566609334,0.14883245494322145,0.0,5.183386468231066,0.9940616757036631,-2.3464516821440493,-1.1179800853609045,-0.06422476889433228,0.1794211212688639,-0.011932685899879654,28.423054487523935,1.0164471705306928,1.5650633656170339,-0.016313452431744306
2789,11.4159236,-0.4249004063980195,-1.1116243608382748,0.08096970721865437,0.05505798486460578,1.487720444051534,-0.5099267278002317,-1.1637381006076701,0,0.0034814000000000004,1,Shared Control,0.01,Good Visuals,-0.4688662586637695,0.147459442768603,0.0,5.185686055103152,0.9941073985631421,-2.345987571351915,-1.1175159745687706,-0.0690146825434889,0.1304268188326274,-0.011995546827078799,28.434936634382964,1.0163134524317443,1.551101039378479,-0.016162957240306468
2790,11.419563500000002,-0.4294557157457247,-1.1323466211969693,0.08047101205450702,0.03139147941070086,1.4499433089520728,-0.5141567302855314,-1.1604707397821812,0,0.0036399,1,Shared Control,0.01,Good Visuals,-0.47483402977424743,0.1458999234766877,0.0,5.188329463089938,0.9941611980267814,-2.3456688729840987,-1.117197276200954,-0.08080411713006878,0.09270416191064879,-0.011939747907599706,28.44889896062152,1.0161629572403064,1.5352405309438357,-0.015992019095163637
2791,11.424134200000001,-0.43605306031826324,-1.1249183774210365,0.0781036699672682,0.035552362361144674,1.5039060191752378,-0.5194510082299654,-1.1560943486058202,0,0.0045707000000000005,1,Shared Control,0.01,Good Visuals,-0.43028057754793647,0.14460102125835333,0.0,5.193233403225121,0.994260244468925,-2.3422386514846343,-1.1137670547014893,-0.017284151821031546,0.5847661764588059,-0.011817509853663774,28.474614865727634,1.0158818127005482,1.5228031628276515,-0.015849647059706932
2792,11.429809500000001,-0.43919465297185306,-1.0879494285716749,0.08025635525811231,0.0681449200341453,1.5148835844191633,-0.5259957913110371,-1.1502371481060893,0,0.0056753,1,Shared Control,0.01,Good Visuals,-0.44100042729950195,0.14393233661229218,0.0,5.193760739855377,0.9942701479526881,-2.3403589442494153,-1.1118873474662703,-0.04040396320454809,0.6164187168685968,-0.011293870441292361,28.47719683717235,1.015849647059707,1.5158167557078182,-0.015776352863427514
2793,11.433141200000001,-0.4437499623195582,-1.073295000132831,0.08224582899147892,0.07694214797325838,1.4532768389810065,-0.5298219900018758,-1.146580671726255,0,0.0033317000000000004,1,Shared Control,0.01,Good Visuals,-0.48469333198429637,0.1418202812706613,0.0,5.195065674420755,0.9942970891272427,-2.339991182973487,-1.1115195861903417,-0.09562890888852618,0.09252088755151622,-0.011551484740286326,28.484183244292183,1.0157763528634276,1.4936443425115078,-0.015544851512717069
2794,11.4369893,-0.4483052716672634,-1.0882639889439005,0.08151671833461238,0.05831668278235447,1.338517195118341,-0.534225704823636,-1.1421571672296826,0,0.0038481,1,Shared Control,0.01,Good Visuals,-0.5041222240633766,0.13949326469953946,0.0,5.199197285604419,0.9943826008754735,-2.340468601602528,-1.1119970048193824,-0.11523939604629864,-0.1344121819422588,-0.011664126600910249,28.50635565748849,1.015544851512717,1.4699643772684243,-0.01528978836701166
2795,11.4414938,-0.45270350138228915,-1.1179700412949778,0.08152220344134681,0.024187125934704845,1.1904149438980967,-0.5393583866051794,-1.136706960609015,0,0.004504500000000001,1,Shared Control,0.01,Good Visuals,-0.48218128270554467,0.13746259832230734,0.0,5.203679387725996,0.9944738449733016,-2.3396661123073312,-1.1111945155241858,-0.08097478005593486,0.18078154881650832,-0.011371033168087887,28.530035622731575,1.0152897883670116,1.4495185448836179,-0.015067208020793782
2796,11.444852700000002,-0.45694465146463537,-1.1280914870874628,0.08241373514054406,0.00861547352155223,1.0897467845588598,-0.543169371624356,-1.1324522951646705,0,0.0033589,1,Shared Control,0.01,Good Visuals,-0.4485879801235785,0.1368730985694643,0.0,5.207570368933728,0.9945526036112416,-2.3376007830996826,-1.109129186316537,-0.028851262244511688,0.5726844519878078,-0.011206253906007277,28.550481455116383,1.0150672080207939,1.4442868299409817,-0.015002593241845209
2797,11.448537300000002,-0.4604004033835842,-1.1219274549130107,0.08276896824077179,0.010524840251659784,1.0029633246289635,-0.5473331228019634,-1.1275983301471988,0,0.0036846,1,Shared Control,0.01,Good Visuals,-0.437831707340051,0.13670733246851738,0.0,5.208634119194912,0.9945726808033593,-2.33529173533493,-1.1068201385517846,-0.008507742129912614,0.679011869891279,-0.011280223293369413,28.55571317005902,1.0150025932418452,1.4428058472299417,-0.01498442370077552
2798,11.452079400000002,-0.46464155346593033,-1.11303597844365,0.08269156933603311,0.014562351703548693,0.9154337111521638,-0.5513186524716778,-1.122748415186288,0,0.0035421000000000003,1,Shared Control,0.01,Good Visuals,-0.44160588510339194,0.1365295787051925,0.0,5.208934167624873,0.9945783655316724,-2.3329947546870917,-1.1045231579039463,-0.008633065901855374,0.6418836517642683,-0.011315124859367346,28.55719415277006,1.0149844237007755,1.4409875006792305,-0.014964940197908687
2799,11.455789900000003,-0.47233845546722536,-1.1420965560067924,0.07898019700445241,-0.01934814082050429,0.6126754173393653,-0.5554748885679979,-1.117475432804086,0,0.0037105000000000003,1,Shared Control,0.01,Good Visuals,-0.42579432538472173,0.13681144149068186,0.0,5.209635405069122,0.9945926638246646,-2.327702315363315,-1.099230718580169,0.023724748041746437,0.8875939769347898,-0.011196800647693985,28.56090450919363,1.014944582134227,1.444192829339556,-0.014995835039662887
2800,11.462511500000002,-0.47563712775349465,-1.1156813886790944,0.07983776081450322,0.0017940441249915118,0.6458924303237275,-0.5629526902715127,-1.1074240314921098,0,0.0067216,1,Shared Control,0.01,Good Visuals,-0.3921412501233594,0.13817186561349104,0.0,5.208702990365545,0.9945729862064429,-2.3230616166087157,-1.0945900198255696,0.07181072349172712,1.3454030541267592,-0.010805394601397168,28.555807170660444,1.0149958350396628,1.4584838836578666,-0.015144950460912314
2801,11.465953600000002,-0.4800353574685204,-1.0774201833988237,0.08291733280299235,0.030003848093286045,0.6799605493417302,-0.5667553171101866,-1.1020288113307293,0,0.0034421,1,Shared Control,0.01,Good Visuals,-0.41742283840777145,0.13890640687914105,0.0,5.206040665788049,0.9945178700754943,-2.3193592510676653,-1.0908876542845192,0.03712192062316737,1.039056337295217,-0.01103133235814358,28.541516116342134,1.0151449504609122,1.465599795774692,-0.01522546316898332
2802,11.469581400000003,-0.48443358718354607,-1.0885769007749526,0.0823217299266405,0.013451910555776658,0.5347499438788481,-0.5707426708389775,-1.09616168392614,0,0.0036278,1,Shared Control,0.01,Good Visuals,-0.4613950145238543,0.1385119072220883,0.0,5.204659368340376,0.9944904886930259,-2.3176587943655647,-1.0891871975824186,-0.019999501615127997,0.49649820494044583,-0.011517748767665604,28.534400204225307,1.0152254631689832,1.4610001395425702,-0.015182222254949317
2803,11.474457600000001,-0.4918163299194821,-1.0901594695714387,0.07892634091949535,0.006002214354701385,0.4202088635900018,-0.5760679731402331,-1.0879846035492113,0,0.004876200000000001,1,Shared Control,0.01,Good Visuals,-0.420506515526174,0.13974984247774472,0.0,5.2049035957812615,0.9944959067951347,-2.3111514561966753,-1.0826798594135287,0.046733539991506506,0.9666164664701826,-0.0115428290081228,28.535800200147655,1.0152127209115516,1.474298933717111,-0.015317911731511633
2804,11.4803636,-0.49495792257307186,-1.0637650805355832,0.0811100505671612,0.024219523013628175,0.3967217480892295,-0.5824632911241813,-1.07763661081952,0,0.005906000000000001,1,Shared Control,0.01,Good Visuals,-0.41662458063715974,0.140622404261023,0.0,5.203023883290121,0.9944569553154555,-2.3071539549638267,-1.0786823581806804,0.04624715332316053,1.163281699699807,-0.011029943710844252,28.52570106628289,1.0153179117315116,1.4830981163717127,-0.015413552800865078
2805,11.4839855,-0.4991990726554181,-1.0496286088477746,0.0832642184687632,0.028008001971745244,0.3461170967268287,-0.5863545127281896,-1.0710516297983186,0,0.0036219000000000004,1,Shared Control,0.01,Good Visuals,-0.445966269648811,0.14083172405391645,0.0,5.2013506904118065,0.9944230577298467,-2.3043366118426465,-1.0758650150595002,0.010371829437113062,0.7869673522849876,-0.011405890320487359,28.516901883628286,1.015413552800865,1.484863944779445,-0.015436496240759908
2806,11.4875054,-0.5023406653090079,-1.0437147022115478,0.08401384741918172,0.027336927586770754,0.3070939415023745,-0.5901129899575361,-1.0644791285873025,0,0.0035199000000000003,1,Shared Control,0.01,Good Visuals,-0.46090728201560244,0.1407221758575742,0.0,5.200981603807762,0.9944162933232993,-2.3022768946476835,-1.073805297864537,-0.005509112704645374,0.5991033144162898,-0.011726243438957873,28.515136055220555,1.0154364962407598,1.4835896265441786,-0.01542448871665709
2807,11.491425500000002,-0.5076813728201105,-1.035408943650447,0.08243161713742564,0.029070184936855537,0.3169269539264089,-0.594271184907471,-1.0569598531996678,0,0.0039201,1,Shared Control,0.01,Good Visuals,-0.46415787769335753,0.14049571446525447,0.0,5.2012075414107,0.9944212211666784,-2.299447278583484,-1.0709756818003373,-0.007816328232621277,0.56991260104724,-0.011822611410993496,28.51641037345582,1.015424488716657,1.4812337850082344,-0.0153996663944516
2808,11.4960399,-0.5119225229024568,-1.0387910951688384,0.08234866200501423,0.0181687580308294,0.31085721932715976,-0.5991274928418172,-1.0478412329524207,0,0.0046144,1,Shared Control,0.01,Good Visuals,-0.45768857398819707,0.14043439713332617,0.0,5.201648542364101,0.9944303045675198,-2.2967749966111937,-1.068303399828047,-0.0029727963406810947,0.7419089847831346,-0.01158128894424893,28.518766214991764,1.0153996663944516,1.4807025741908955,-0.015392945431755423
2809,11.499567300000002,-0.5150641155560466,-1.0533805807401002,0.08406337728577062,-0.005539347787679505,0.29112973837996375,-0.6028110614200671,-1.0406768905121706,0,0.0035274000000000004,1,Shared Control,0.01,Good Visuals,-0.4464254091694308,0.14064340241271361,0.0,5.201757966092396,0.9944323413378106,-2.293689658865213,-1.0652180620820662,0.010694943771903925,0.9036516258034384,-0.011564584703410217,28.519297425809103,1.0153929454317554,1.4829664443995678,-0.015415854397979028
2810,11.503026000000002,-0.5191481860057133,-1.0559137278299358,0.0836628754143538,-0.01523683731776515,0.32842760003020194,-0.6063980683406683,-1.033490211180943,0,0.0034587000000000003,1,Shared Control,0.01,Good Visuals,-0.43173396461278213,0.1413003192125803,0.0,5.201342569325016,0.9944236029335441,-2.290029568669344,-1.0615579718861972,0.03149437950591162,1.0252927883548004,-0.011822959399774407,28.51703355560043,1.015415854397979,1.4898685109687917,-0.015487858726405426
2811,11.507478200000001,-0.5233893360880595,-1.0596825776927261,0.08300873225260885,-0.02619236651178314,0.3347592645080221,-0.6109783557841656,-1.0240049572718424,0,0.0044522,1,Shared Control,0.01,Good Visuals,-0.4199002500642705,0.14230545913897935,0.0,5.200056930517187,0.9943969831239372,-2.285250412273779,-1.056778815490632,0.043034069161873016,1.189703118061587,-0.011821591002290528,28.51013148903121,1.0154878587264053,1.5002438217929157,-0.015598031621039284
2812,11.510510700000001,-0.5273163269050467,-1.0724401942043218,0.08366202887911889,-0.04843523693247942,0.29572843887527556,-0.6140736582427649,-1.0173944823714305,0,0.0030325,1,Shared Control,0.01,Good Visuals,-0.40544372342918494,0.14347447399380106,0.0,5.198107167419741,0.9943569871706986,-2.2805413959546104,-1.052069799171463,0.05932064114421582,1.3780335711017573,-0.011812595755752107,28.499756178207086,1.0155980316210393,1.5121763079057071,-0.01572616676624946
2813,11.5139676,-0.530300839925957,-1.0710815280758905,0.08377281831680794,-0.053687045704460035,0.3106559511734569,-0.6175774552123804,-1.009711892420433,0,0.0034569,1,Shared Control,0.01,Good Visuals,-0.3865358421986314,0.14523343843255723,0.0,5.195852133059012,0.9943110028783302,-2.2749340140858116,-1.046462417302664,0.0850614339639845,1.5733394693599667,-0.012003365586685777,28.48782369209429,1.0157261667662494,1.5303156933815378,-0.01591896599617364
2814,11.517510000000001,-0.5345419900083033,-1.0553361515626984,0.08303546520407712,-0.04562425914226553,0.35314382857518384,-0.6211400770206543,-1.0016780154604592,0,0.0035424000000000002,1,Shared Control,0.01,Good Visuals,-0.38160761818662225,0.14701351340266403,0.0,5.192441810049445,0.9942410778399922,-2.2694126519851126,-1.0409410552019651,0.0892850048878616,1.6080856562396808,-0.012166614451335928,28.46968430661846,1.0159189659961736,1.5483312003915093,-0.01611407914109122
2815,11.520943900000002,-0.537369423396534,-1.0393604756489443,0.08377065362412028,-0.03768246018848509,0.37379291518022895,-0.6245661458061036,-0.9937355993920562,0,0.0034339,1,Shared Control,0.01,Good Visuals,-0.3855145625997705,0.14868036313638305,0.0,5.189022634594409,0.9941716681212446,-2.2635508441917223,-1.0350792474085748,0.07910569294807823,1.6025939233371305,-0.012207335476676033,28.45166879960849,1.0161140791410912,1.5651173896511823,-0.016296781723349
2816,11.5248928,-0.5425530512749572,-1.0206371216169428,0.08201309453114636,-0.02690152222488651,0.42826147829065037,-0.6284719715394235,-0.9844154486226996,0,0.0039489,1,Shared Control,0.01,Good Visuals,-0.3969598740648551,0.15024150455077512,0.0,5.185828842098072,0.9941070045092832,-2.2572825193621986,-1.0288109225790512,0.06196445933066823,1.4467479468977196,-0.012455051201006366,28.43488261034882,1.016296781723349,1.5808259648489174,-0.016467897668541374
2817,11.528779700000001,-0.545380484663188,-1.0038719369257825,0.08309148687623547,-0.019456488303082886,0.5194067833043814,-0.6322801534787554,-0.9750484799798639,0,0.0038869000000000004,1,Shared Control,0.01,Good Visuals,-0.3983192923620445,0.151334749576816,0.0,5.182838894696998,0.9940464939082208,-2.2518372445641472,-1.023365647781,0.05311436105079975,1.5075511622511666,-0.012321770715224376,28.419174035151084,1.0164678976685413,1.5915894588813817,-0.016587727719959682
2818,11.5327464,-0.5493074754801753,-0.9904527474919207,0.0829726779985801,-0.015404267512056813,0.6206576614232816,-0.6361285958902404,-0.9652935751549983,0,0.0039667,1,Shared Control,0.01,Good Visuals,-0.41113781402511146,0.1519315697556367,0.0,5.180767345052291,0.9940050606185642,-2.247297315246369,-1.018825718463222,0.030456477545130672,1.3377915245692105,-0.012574629358380388,28.40841054111862,1.0165877277199598,1.597327432433486,-0.016653144887211348
2819,11.535956200000001,-0.5522919885010856,-0.9830249821922308,0.08383660738915477,-0.017731407037232527,0.6955700255047157,-0.6392141310411205,-0.9572567629586443,0,0.0032098,1,Shared Control,0.01,Good Visuals,-0.41445780296382384,0.15230713658240155,0.0,5.179649412416065,0.9939829898516573,-2.242531399136288,-1.0140598023531409,0.01825663659406159,1.336075834734408,-0.012606169215153257,28.402672567566515,1.0166531448872114,1.6009926048655496,-0.016694310582997973
2820,11.540812800000001,-0.5592034923389831,-0.9752196278703047,0.08001063870213732,-0.017962864911660437,0.8325083223453943,-0.6438331473183453,-0.9448555827016295,0,0.0048566,1,Shared Control,0.01,Good Visuals,-0.4083363738220837,0.15280694981028733,0.0,5.178535302590181,0.9939608567478478,-2.23294910579748,-1.0044775090143332,0.014519522630601451,1.4381960897483754,-0.012658678175562996,28.396920439444948,1.0167179826893031,1.6059823320577213,-0.016749094865908455
2821,11.546375100000002,-0.5632875627886499,-0.9820533438036803,0.0805455845296954,-0.03719776110205075,0.8616920971656142,-0.6490484101630655,-0.9303003262071405,0,0.0055623,1,Shared Control,0.01,Good Visuals,-0.39643988965525445,0.15324162392289065,0.0,5.177987327954761,0.993949669709393,-2.2272718691234497,-0.9988002723403026,0.022543694056281007,1.6380739436870702,-0.01222618165244653,28.39401766794228,1.0167490948659084,1.6104493688783987,-0.016796739282322674
2822,11.5500538,-0.5659579165442012,-0.9892355306887073,0.08309049361886423,-0.05893520448156675,0.8927523753808471,-0.6524526744446898,-0.9204702838980807,0,0.0036787,1,Shared Control,0.01,Good Visuals,-0.3800241994992731,0.15403908234587496,0.0,5.177146131805968,0.9939324515058465,-2.2208281218417447,-0.9923565250585977,0.04033729673919081,1.823358031042683,-0.012342936173148982,28.3895506311216,1.0167967392823227,1.6186937175177343,-0.016884148309168404
2823,11.553520000000002,-0.569727827728509,-0.980415020554547,0.08272484671618074,-0.05994473665646627,0.9703552634563115,-0.6556269430861523,-0.9110615391341278,0,0.0034662,1,Shared Control,0.01,Good Visuals,-0.3714672760503873,0.15502445433547352,0.0,5.175598271299517,0.9939006676926143,-2.21447935404763,-0.9860077572644833,0.049609517948394084,1.840009214616976,-0.012799183388715624,28.381306282482267,1.0168841483091684,1.6287211771776666,-0.016992154449939394
2824,11.5577948,-0.5734977389128166,-0.9663383864663191,0.08212920417333569,-0.05527684733219129,1.0213437963548264,-0.6594964094867675,-0.8992644324046535,0,0.0042748000000000005,1,Shared Control,0.01,Good Visuals,-0.3684167969590534,0.15623988489134202,0.0,5.173700665640632,0.9938620283361208,-2.2058376711455177,-0.9773660743623709,0.046475734359076974,1.8937354331541685,-0.012824374222161608,28.371278822822333,1.0169921544499394,1.6410876945547637,-0.017125377197389293
2825,11.5614493,-0.5772676500971244,-0.9595859231037863,0.08222875938964302,-0.06032149069913284,1.0044565642398693,-0.6627640838987376,-0.8890118000765828,0,0.0036545,1,Shared Control,0.01,Good Visuals,-0.3697847763657635,0.15699125629478058,0.0,5.1713602509180365,0.9938143759469478,-2.1994436068195196,-0.9709720100363727,0.03873669435796955,1.8767432714993246,-0.012831857406259495,28.358912305445237,1.0171253771973894,1.6483629396420423,-0.01720773464861352
2826,11.564953300000003,-0.5802521631180347,-0.9589328014893371,0.08251192078070291,-0.06992100141275437,0.9573898082109091,-0.6658617484067207,-0.8790383532984873,0,0.003504,1,Shared Control,0.01,Good Visuals,-0.3651717452137058,0.15786981840961495,0.0,5.169948138414993,0.9937863872753276,-2.192470169933926,-0.9639985731507791,0.042931053012360956,1.941217850845859,-0.012909196240141294,28.35163706035796,1.0172077346486135,1.6572804271620885,-0.01730403341136759
2827,11.568543300000002,-0.5840220743023425,-0.9608012975751086,0.0818396741043782,-0.08176294427662123,0.9040152661198306,-0.6689989400453652,-0.8686766719210983,0,0.0035900000000000003,1,Shared Control,0.01,Good Visuals,-0.35695879578211637,0.15892870394594857,0.0,5.1682584613450695,0.9937520280124424,-2.1855685376635186,-0.9570969408803713,0.05408373397218995,2.0124897271848643,-0.013026141950278102,28.34271957283791,1.0173040334113677,1.6680275707764474,-0.01742009733596139
2828,11.572216700000002,-0.5866924280578938,-0.955640804745153,0.08230651198747141,-0.08696413282405469,0.8722415809382111,-0.6721702366054603,-0.8579258824674901,0,0.0036734000000000003,1,Shared Control,0.01,Good Visuals,-0.34155322455772497,0.16046529196034134,0.0,5.166222069709342,0.9937106191192476,-2.1774668162000164,-0.9489952194168694,0.07388612812282619,2.2022728779770615,-0.013006673336767638,28.33197242922355,1.0174200973359613,1.6837477754196544,-0.01758852199501541
2829,11.5758413,-0.5903052596095221,-0.93059246008628,0.0818649769959382,-0.07266657761878992,0.9075328080569705,-0.6752604300792011,-0.8471727258378247,0,0.0036246000000000004,1,Shared Control,0.01,Good Visuals,-0.33855762381053434,0.16216996350236346,0.0,5.163255336932976,0.9936500332607632,-2.168955863737003,-0.9404842669538562,0.07740164443652608,2.1950153357954116,-0.013207338476306934,28.316252224580346,1.0175885219950154,1.700948956149966,-0.017775370207141823
2830,11.5795651,-0.5940751707938299,-0.9177141757774012,0.08118525928537124,-0.07054144993957656,0.887063701047463,-0.6783943330682694,-0.8359771339118179,0,0.0037238,1,Shared Control,0.01,Good Visuals,-0.35022184954824753,0.16327351132439735,0.0,5.159986567539581,0.993583769439294,-2.16181768645266,-0.933346089669513,0.056621616339377755,2.073966321210752,-0.013276040331553121,28.299051043850035,1.017775370207142,1.711636490038022,-0.01789632954297871
2831,11.583046200000002,-0.5967455245493811,-0.9260032438830696,0.08164880851888823,-0.09002610997125171,0.8166392366690114,-0.6812860408277656,-0.8253773188842006,0,0.0034811000000000004,1,Shared Control,0.01,Good Visuals,-0.34866053318171564,0.16439522912857846,0.0,5.157912611098138,0.9935426558655397,-2.1542668122639275,-0.9257952154807804,0.05608739981806655,2.121091656713025,-0.013255402351304195,28.28836350996198,1.0178963295429788,1.7228982424135635,-0.0180192804816522
2832,11.586522200000001,-0.6000441968356505,-0.9194065346821845,0.08124184399211509,-0.09402921579798384,0.8297637679235425,-0.6841364722503362,-0.8146657393771131,0,0.0034760000000000004,1,Shared Control,0.01,Good Visuals,-0.33152136785021247,0.16594675209277376,0.0,5.155767132016678,0.9934992804682565,-2.146443708569827,-0.9179721117866798,0.08016314573824712,2.2765404766908723,-0.01342267458453806,28.277101757586436,1.0180192804816521,1.7387039447398263,-0.018189342153233274
2833,11.590810900000001,-0.6036570283872787,-0.9096418677303101,0.0804794438630575,-0.09497612835319702,0.828273296141913,-0.6876016869738462,-0.8012771347467087,0,0.0042887,1,Shared Control,0.01,Good Visuals,-0.3252089657786104,0.16783613099954336,0.0,5.152778130789426,0.9934383739800311,-2.1370464980581696,-0.9085749012750226,0.08434684442493236,2.3494788388272103,-0.013481820144519326,28.261296055260175,1.0181893421532333,1.7578136576104086,-0.01839643604906994
2834,11.5939272,-0.60632738214283,-0.8968529083195915,0.08127430483101616,-0.09557577357288283,0.835143237945915,-0.6900833903070103,-0.7914307536345985,0,0.0031163000000000002,1,Shared Control,0.01,Good Visuals,-0.32005489441353197,0.16957773631076897,0.0,5.149151296976801,0.9933647535415289,-2.128390101615011,-0.8999185048318643,0.0872635099904669,2.4061586733261975,-0.013507358482970515,28.24218634238959,1.01839643604907,1.775119450378257,-0.01858733255353458
2835,11.597577400000002,-0.6096260544290992,-0.8762930917791542,0.08045733587791104,-0.08486233814455568,0.871887542472595,-0.692951035324997,-0.7797733353832192,0,0.0036502,1,Shared Control,0.01,Good Visuals,-0.3232891138650269,0.17109472199585646,0.0,5.145837314113237,0.9932981242431211,-2.120477119759419,-0.8920055229762724,0.07989616809760992,2.3342817946228123,-0.013782312633475116,28.224880549621744,1.0185873325535346,1.7901246132830573,-0.018753608610882103
2836,11.600984200000003,-0.6121393285519712,-0.8595789720624094,0.08081170677302585,-0.07980563667919016,0.888522716957129,-0.6955888636404208,-0.7687742516558894,0,0.0034068,1,Shared Control,0.01,Good Visuals,-0.3294999425851771,0.17241800420022993,0.0,5.1429572904153655,0.9932403629033258,-2.1122115223854423,-0.8837399256022959,0.06584017632460451,2.2849553198365182,-0.013765825514558436,28.20987538671694,1.0187536086108822,1.80320483157327,-0.018898652924657994
2837,11.604648100000002,-0.6157521601035993,-0.8509181155581262,0.07983670353682149,-0.08214386390223682,0.8840520918322184,-0.6983837137039447,-0.7568189515954808,0,0.0036639000000000003,1,Shared Control,0.01,Good Visuals,-0.3361460474493266,0.17344260404221531,0.0,5.140445925602521,0.9931900135285543,-2.104684888323994,-0.8762132915408476,0.053298159177284754,2.1865766258347104,-0.01393339319781932,28.19679516842673,1.018898652924658,1.8132269914463386,-0.01901095881110042
2838,11.608333900000002,-0.6190508323898687,-0.8553194256686114,0.07933288131407601,-0.09850047407313056,0.8216025448510798,-0.701150833442908,-0.7446624788907709,0,0.0036858000000000004,1,Shared Control,0.01,Good Visuals,-0.3286605136893245,0.1749205231831625,0.0,5.1385114004132655,0.9931514507661886,-2.094246140915401,-0.8657745441322547,0.059130006655292416,2.303799829752784,-0.01384708575957266,28.18677300855366,1.0190109588111005,1.8282593945165384,-0.019172952803694337
2839,11.612447500000002,-0.6221924250434584,-0.8571459269119439,0.07895840839944956,-0.11248344802117305,0.7463446396574623,-0.7041859153282596,-0.7309442212633808,0,0.0041136,1,Shared Control,0.01,Good Visuals,-0.30960706191067433,0.17649061690834883,0.0,5.135666807321268,0.9930935287738614,-2.085703154899755,-0.8572315581166084,0.08374024478160211,2.4904486533674364,-0.013876949105085912,28.17174060548346,1.0191729528036944,1.8439429439764115,-0.019345050007284634
2840,11.616014100000001,-0.6248627787990099,-0.8498305061961897,0.07932313652924972,-0.11888628493280895,0.6824031202034189,-0.7067714994450341,-0.7189237653336995,0,0.0035666,1,Shared Control,0.01,Good Visuals,-0.29356780802728694,0.17852327932047088,0.0,5.132671840003312,0.9930331374179003,-2.076201971850767,-0.847730375067621,0.10514032707120433,2.665951078590175,-0.013935418208520206,28.156057056023588,1.0193450500072847,1.8644733783657876,-0.01956784913790838
2841,11.619557500000003,-0.6280043714525997,-0.842067287951603,0.07876712799243446,-0.12314352261790351,0.6124211524661265,-0.7092976070450562,-0.7068674817617033,0,0.0035434000000000004,1,Shared Control,0.01,Good Visuals,-0.28878176795227584,0.18060616766582435,0.0,5.128773319032927,0.9929540512403419,-2.0669707463225184,-0.8384991495393721,0.11143857128519988,2.6874801386499856,-0.014161026459187095,28.135526621634213,1.0195678491379083,1.8851947757534702,-0.01979615350845391
2842,11.6242236,-0.6335021585963817,-0.8319726243570735,0.07579544844867447,-0.1251051425953702,0.4655138869017327,-0.7125585594602153,-0.6908214415325289,0,0.0046661,1,Shared Control,0.01,Good Visuals,-0.26937232372399705,0.18538844149328462,0.0,5.119815708518665,0.9927731822178522,-2.0473473116417984,-0.8188757148586522,0.13680931858463152,2.8759714577776356,-0.0143184849103816,28.088558003785455,1.0200820104784016,1.9326781841095333,-0.0203203361985104
2843,11.629788000000001,-0.635858353086574,-0.8088943030953211,0.07670020637364128,-0.11807286156279218,0.466909623228248,-0.7163487661134638,-0.6714401561046835,0,0.005564400000000001,1,Shared Control,0.01,Good Visuals,-0.26355705258949813,0.1880907854691408,0.0,5.115714339073204,0.9926914857332626,-2.0368164377028575,-0.8083448409197115,0.14479737123064212,2.9311049707583923,-0.014051600060184358,28.067321815890466,1.0203203361985105,1.9598156001224494,-0.020616538797071034
2844,11.633522500000002,-0.6388428661074843,-0.7813937474825305,0.07750590000597946,-0.109953591377847,0.47875100616379845,-0.7188317339178344,-0.6582863234378866,0,0.0037345000000000004,1,Shared Control,0.01,Good Visuals,-0.2747824260773943,0.1903815495136716,0.0,5.110547015273233,0.99258697659269,-2.027291601406894,-0.7988200046237479,0.1261186700972742,2.7607420932620945,-0.014426602062463387,28.04018439987755,1.020616538797071,1.9821528536556017,-0.020867628321107036
2845,11.637043000000002,-0.6411990605976767,-0.764671450961302,0.07763267332015766,-0.10638512752341533,0.4633687109669162,-0.7211272485700798,-0.645781341851385,0,0.0035205,1,Shared Control,0.01,Good Visuals,-0.28663388437902076,0.19237737846400496,0.0,5.106229846533773,0.9925010556404668,-2.0179106482052216,-0.7894390514220754,0.10491750017558714,2.6279388188566415,-0.014755693339590056,28.017847146344398,1.0208676283211071,2.0016552791663345,-0.021086390154039125
2846,11.641307100000002,-0.6449689717819845,-0.756771667388457,0.07615827678809528,-0.110990325537072,0.45599379472381774,-0.723848399385323,-0.6305018384351142,0,0.0042641,1,Shared Control,0.01,Good Visuals,-0.290538613227025,0.19464421916433444,0.0,5.1024648077185395,0.9924260352552707,-2.0066680980777525,-0.7781965012946065,0.09666783579738704,2.560945359332324,-0.014934770176484431,27.998344720833664,1.0210863901540392,2.0242169286778355,-0.02133485745204395
2847,11.644856700000002,-0.6471680866394973,-0.750744902869823,0.07668031274582565,-0.12024306443470878,0.48166813106327927,-0.7260636904815596,-0.6176738706003212,0,0.0035496000000000004,1,Shared Control,0.01,Good Visuals,-0.27812626103421817,0.19668421045482173,0.0,5.09814988635085,0.9923391843814207,-1.9968682508740914,-0.7683966540909453,0.1078071501160051,2.7117846044776193,-0.014823768318320062,27.975783071322166,1.021334857452044,2.0441358489967487,-0.021558459897432845
2848,11.648557,-0.6498384403950487,-0.738518639287259,0.07622525008651093,-0.12084476868693783,0.5431424710217829,-0.7283243699008727,-0.6041986814656981,0,0.0037003,1,Shared Control,0.01,Good Visuals,-0.2713200781924806,0.1986838589722905,0.0,5.094303299419446,0.9922625690721649,-1.9874779772446116,-0.7590063804614655,0.11142842954079242,2.7526965173041766,-0.015081806769841522,27.95586415100325,1.0215584598974328,2.0637869524239756,-0.021777640391246373
2849,11.6522157,-0.652194634885241,-0.7253927959328028,0.0761297350156317,-0.12119411446710471,0.5986844677865335,-0.730510424109604,-0.5907744560678684,0,0.0036587000000000004,1,Shared Control,0.01,Good Visuals,-0.268125633946812,0.20069375659355665,0.0,5.090521026773024,0.9921869659101283,-1.9775407696336527,-0.7490691728505066,0.10769778988857884,2.7843114628632684,-0.015144726838315912,27.936213047576025,1.0217776403912464,2.0835495596987688,-0.021997944284303232
2850,11.655784100000002,-0.6548649886407922,-0.7171978672836207,0.07564543546881175,-0.1264234112157523,0.6378903197014874,-0.7325950429686063,-0.5775876240665907,0,0.0035684000000000002,1,Shared Control,0.01,Good Visuals,-0.26701252576559775,0.20256750096134393,0.0,5.086718505017685,0.9921109341753106,-1.9677575416436819,-0.7392859448605357,0.10174955133601937,2.774281984451808,-0.015278762508759154,27.916450440301233,1.0219979442843032,2.101841303756236,-0.022203324485985776
2851,11.659363200000001,-0.6576924220290232,-0.7158583327327357,0.07490262093958311,-0.138270708666145,0.6597508345137392,-0.7346384817974829,-0.5642704068946032,0,0.0035791000000000004,1,Shared Control,0.01,Good Visuals,-0.2591026795758482,0.20469746427651525,0.0,5.083186209597771,0.9920405849846808,-1.956607254372203,-0.7281356575890569,0.10529487750892497,2.856777246670285,-0.015323306822049805,27.898158696243765,1.0222033244859858,2.1229317069812645,-0.02243678872089787
2852,11.6629732,-0.6594202979884976,-0.7033023889476137,0.07521818380898537,-0.13903198205301048,0.7313673261804224,-0.7366511175477932,-0.550748417533964,0,0.0036100000000000004,1,Shared Control,0.01,Good Visuals,-0.24328218514848338,0.20691176239311643,0.0,5.079142933095451,0.9919594250312125,-1.9457368725616455,-0.7172652757784994,0.12007852981928534,3.0161991705209394,-0.015332376573997676,27.877068293018734,1.0224367887208978,2.1446813088832704,-0.022679496852055517
2853,11.6665539,-0.6622477313767283,-0.6779502447513227,0.0744033861710649,-0.12720182721735873,0.8329177213659452,-0.738599039943279,-0.5372494448060758,0,0.0035807,1,Shared Control,0.01,Good Visuals,-0.2438265496403344,0.20886089970086727,0.0,5.074956388984137,0.9918757598973108,-1.9356846395775618,-0.7072130427944157,0.11151069694496799,2.954193136063633,-0.015563526975926539,27.85531869111673,1.0226794968520556,2.1635427901156383,-0.02289314083693141
2854,11.6699652,-0.6641326869688823,-0.6643324558789123,0.07446635297439674,-0.12708301107283648,0.8723559233692294,-0.7404097117508348,-0.5243109095170551,0,0.0034113000000000004,1,Shared Control,0.01,Good Visuals,-0.2511625718200291,0.21052326621263381,0.0,5.07129819688971,0.9918032552803198,-1.9253176289706524,-0.6968460321875063,0.09061425560424935,2.880605353555082,-0.015539958176479681,27.83645720988436,1.0228931408369315,2.1795725663117604,-0.023075352015428558
2855,11.674388700000002,-0.6672742796224721,-0.6543151095120545,0.07313543212836271,-0.13000419999499946,0.9280563280646402,-0.7426916944865706,-0.5074230356506066,0,0.0044235,1,Shared Control,0.01,Good Visuals,-0.2513756432110815,0.21240609842183825,0.0,5.068183723127188,0.9917416481591308,-1.912815575490493,-0.6843439787073468,0.08383871176072549,2.840213885265002,-0.015676899851112883,27.820427433688238,1.0230753520154285,2.1981426120758116,-0.02328172833095416
2856,11.6778804,-0.6693163148473054,-0.6437392493386909,0.07337537963926521,-0.13631621368808422,1.012390270892825,-0.7444400632197005,-0.49400734860419493,0,0.0034917000000000004,1,Shared Control,0.01,Good Visuals,-0.2414816675018839,0.21398419994815782,0.0,5.06461709070392,0.9916702075501971,-1.9022966326358057,-0.6738250358526594,0.08805232835855321,2.939319544719404,-0.01553441179478068,27.801857387924187,1.023281728330954,2.2132853102235437,-0.023454703265701416
2857,11.6816164,-0.6715154297048181,-0.634325840892378,0.07292463351488232,-0.14031849228818305,1.0998361599556694,-0.7462587358684,-0.4795724855932516,0,0.003736,1,Shared Control,0.01,Good Visuals,-0.236228998769255,0.21544247903047534,0.0,5.061667790811268,0.9916120271552002,-1.892159636180853,-0.6636880393977066,0.08529572181547293,2.9741217154538138,-0.015701171908000515,27.786714689776456,1.0234547032657013,2.227411975532975,-0.02361454452109608
2858,11.685000500000001,-0.6735574649296516,-0.6232909911749573,0.07270127093874834,-0.14371850558170574,1.1918755442820124,-0.7478594337038017,-0.4664276131015288,0,0.0033841,1,Shared Control,0.01,Good Visuals,-0.22978671996672279,0.21694282083541455,0.0,5.0589298519903245,0.991557728409876,-1.8813079745361383,-0.652836377752992,0.08413739438549779,3.030682467942431,-0.015711063826835132,27.772588024467026,1.023614544521096,2.242061212510561,-0.023778996250899038
2859,11.688844200000002,-0.6757565797871644,-0.6128691229625187,0.07210285391663729,-0.14644150986098992,1.2770878590553676,-0.7496234248641906,-0.45141984404201785,0,0.0038437000000000002,1,Shared Control,0.01,Good Visuals,-0.22508795052037994,0.2183550615377316,0.0,5.056102122553696,0.9915014020540698,-1.8704770057579752,-0.6420054089748288,0.0803154526709387,3.0554527133161544,-0.015772018795771812,27.75793878748944,1.023778996250899,2.2557299131216824,-0.023933791262028912
2860,11.692695800000003,-0.6782698539100362,-0.6088968448316651,0.0713535709541544,-0.15747700078964721,1.3372550801502483,-0.7513330233113868,-0.43630121550138035,0,0.0038516,1,Shared Control,0.01,Good Visuals,-0.21917903741395986,0.21985613854787311,0.0,5.0534519360464465,0.9914488688580604,-1.858402875411312,-0.6299312786281657,0.07839679618037865,3.1001438741528653,-0.01574402310401341,27.744270086878316,1.023933791262029,2.2704015796500716,-0.02409832357731371
2861,11.695991500000002,-0.6798406502368313,-0.6013637722263827,0.07149237307455558,-0.16506255672500236,1.4165302767378074,-0.7527495378856102,-0.42330331383919095,0,0.0032957000000000004,1,Shared Control,0.01,Good Visuals,-0.20425837299016006,0.22141067782300172,0.0,5.050621557259892,0.9913924565207308,-1.8467317290299343,-0.618260132246788,0.08922161176502186,3.248662913037266,-0.015687520581582064,27.72959842034993,1.0240983235773138,2.2855457730947957,-0.02426871586525765
2862,11.699621100000002,-0.682039765094344,-0.5822466043752521,0.07070977279126611,-0.15894329053606115,1.528282799738965,-0.7542598862918073,-0.40892544736014774,0,0.0036296,1,Shared Control,0.01,Good Visuals,-0.19723954562501864,0.2228810607143538,0.0,5.047695215510252,0.9913342379732074,-1.8356205499221943,-0.607148953139048,0.08943038123663226,3.275991127676386,-0.01582917478161227,27.714454226905204,1.0242687158652577,2.2997472948165427,-0.024429883813227554
2863,11.7031049,-0.6837676410538185,-0.5665805336948291,0.0704922452379888,-0.15765508633468134,1.6060827429333615,-0.7556603742777297,-0.39506517495540144,0,0.0034838,1,Shared Control,0.01,Good Visuals,-0.19916924146707807,0.2241808356532604,0.0,5.044939045592298,0.9912796674911771,-1.8239711269286916,-0.5954995301455454,0.07511577940166912,3.2344234648923122,-0.015759869162588345,27.70025270518346,1.0244298838132275,2.3122143491954814,-0.024572351507158398
2864,11.707473800000002,-0.6858096762786517,-0.5502941531863238,0.06985069799907795,-0.15522897823092235,1.6929867419866598,-0.7573482629262821,-0.37760396296400733,0,0.0043689,1,Shared Control,0.01,Good Visuals,-0.19918518895058382,0.22543116509438163,0.0,5.042510981595845,0.9912317795289861,-1.811263952605679,-0.5827923558225329,0.06554089838245772,3.191634682024533,-0.015803010444526897,27.687785650804518,1.0245723515071583,2.3242974613605405,-0.024709399504314136
2865,11.7106292,-0.6878517115034851,-0.5367185846957089,0.06949655142279698,-0.15911462173170154,1.772296221042192,-0.7585197858505678,-0.3649399637268254,0,0.0031554,1,Shared Control,0.01,Good Visuals,-0.19819847857633704,0.2263518521125778,0.0,5.040166782796751,0.991185350746149,-1.8004039817342838,-0.5719323849511376,0.05636610763916765,3.1593561620397033,-0.015746524232587933,27.67570253863946,1.0247093995043142,2.3329373334394687,-0.02481031555707694
2866,11.714025,-0.68942250783028,-0.5306062337105326,0.06909727802028776,-0.1656662699837072,1.8267391284108605,-0.7597358418124583,-0.3512637866080728,0,0.0033958,1,Shared Control,0.01,Good Visuals,-0.19244914313611794,0.22725340635867525,0.0,5.038465127376388,0.991152201879279,-1.7888687793600904,-0.5603971825769442,0.05327190440424916,3.218796878698958,-0.0157306731299871,27.667062666560533,1.024810315557077,2.341660836732983,-0.02490913447606849
2867,11.7176735,-0.6911503837897544,-0.5182048124173422,0.068585458022704,-0.1669410258092694,1.9109540161324632,-0.7609905429187276,-0.33651747474383553,0,0.0036485000000000003,1,Shared Control,0.01,Good Visuals,-0.18383242999802485,0.22816723258558227,0.0,5.036773880231761,0.9911186818283577,-1.7776909948770454,-0.5492193980938993,0.05702975337483955,3.2687403447902827,-0.015702591800222813,27.658339163267016,1.0249091344760686,2.3505138008494155,-0.02500929852086111
2868,11.721000700000001,-0.6927211801165494,-0.5004154822635513,0.06826936280217821,-0.16389800751971573,2.002987471364789,-0.7620877686921118,-0.323024537644324,0,0.0033272,1,Shared Control,0.01,Good Visuals,-0.17987911204180243,0.22904179443656855,0.0,5.035058630435718,0.9910846629565471,-1.7658706073132697,-0.5373990105301237,0.05222153982903666,3.281708976866546,-0.015648954152654992,27.649486199150584,1.0250092985208612,2.3589378712153803,-0.025105158816655638
2869,11.7248974,-0.6949202949740622,-0.48496754565072975,0.06716747371804965,-0.16194300800640576,2.0827100899407354,-0.7633156258185365,-0.3071698781597616,0,0.0038967000000000003,1,Shared Control,0.01,Good Visuals,-0.18119699609230291,0.2298421823980398,0.0,5.033421723003083,0.9910523020374132,-1.751804801610567,-0.5233332048274211,0.039596839036046175,3.223810066856747,-0.01563653736125202,27.64106212878462,1.0251051588166555,2.366612696298955,-0.025192888948778924
2870,11.7288046,-0.6963340116681777,-0.471472654188404,0.06698161415035886,-0.1643027760286424,2.166196398376221,-0.7644846551006506,-0.29121889700878517,0,0.0039072,1,Shared Control,0.01,Good Visuals,-0.17749260572638215,0.2304009027947358,0.0,5.031926981344375,0.9910228266098579,-1.7401510701563494,-0.5116794733732035,0.03380687439859921,3.2165083641681194,-0.015437918745519513,27.633387303701046,1.025192888948779,2.3718056146064965,-0.025254130017587622
2871,11.732633500000002,-0.698061887627652,-0.45948845924801474,0.06642276747299858,-0.16826956223922956,2.2468805777303293,-0.765569698812067,-0.2755384906580016,0,0.0038289,1,Shared Control,0.01,Good Visuals,-0.17415322021838903,0.23083167739133278,0.0,5.030899218031123,0.9910029152808048,-1.729182122162736,-0.5007105253795902,0.027773864502359198,3.21472055145318,-0.01543262437089133,27.628194385393503,1.0252541300175877,2.3758650738570335,-0.025301347009963848
2872,11.736040000000003,-0.6991614450564084,-0.4458651255106626,0.06640825375565862,-0.17032663485266097,2.330203726284073,-0.7664845038390442,-0.2615494648504245,0,0.0034065000000000002,1,Shared Control,0.01,Good Visuals,-0.167360258404561,0.23125261361684346,0.0,5.030101527794822,0.9909873391401346,-1.7174178476704425,-0.4889462508872967,0.026048151729493336,3.2775957686160178,-0.01533247883276672,27.624134926142965,1.025301347009964,2.3799260214258813,-0.025347485623307867
2873,11.740831500000002,-0.7021459580773187,-0.4235660716667252,0.06433854576172549,-0.1620166068163007,2.4620080478007105,-0.7676904665279927,-0.24181561751810335,0,0.004791500000000001,1,Shared Control,0.01,Good Visuals,-0.16064189172698629,0.23175961644648738,0.0,5.028770508240108,0.990961232338244,-1.6946726940453294,-0.46620109726218373,0.013890040928738705,3.282395289260282,-0.015152044133242292,27.61733359846175,1.0253798329910717,2.3846443681896927,-0.025403057954942864
2874,11.7464525,-0.7037167544041136,-0.4161145676154111,0.06397371212387903,-0.17429895009730775,2.5195677299019525,-0.7689844661984058,-0.2185871572826364,0,0.005621,1,Shared Control,0.01,Good Visuals,-0.16296770548956832,0.23185042088307414,0.0,5.028379939841514,0.9909536468647615,-1.6838855098224894,-0.45541391303934375,0.006060886134395818,3.1470619432389055,-0.014911076688462274,27.615355631810306,1.025403057954943,2.385418628488183,-0.02541301098472669
2875,11.749976700000001,-0.70481631183287,-0.4048354132799236,0.0641681543655358,-0.18624825599728723,2.58535632052964,-0.7697290878464833,-0.20398433079814332,0,0.0035242000000000003,1,Shared Control,0.01,Good Visuals,-0.14895220405313586,0.2320741661889606,0.0,5.028219539599907,0.9909506923160752,-1.6720126609376673,-0.44354106415452166,0.014418918917618158,3.3121823592094297,-0.014832332081373977,27.614581371511818,1.0254130109847266,2.3876981327476767,-0.025437535598029595
2876,11.753582000000002,-0.7060729488943059,-0.38792056967199584,0.06365613895217737,-0.18393623887385252,2.661164446335882,-0.7704375398924598,-0.18901693550825083,0,0.0036053,1,Shared Control,0.01,Good Visuals,-0.13806273624322668,0.23233314098745989,0.0,5.0277889770748105,0.9909419122707775,-1.6602483265261578,-0.4317767297430123,0.017437045316026648,3.4250420436442837,-0.014891770920266233,27.612301867252324,1.0254375355980296,2.3902226989329365,-0.02546592169874903
2877,11.7577785,-0.7076437452211009,-0.3695750421084358,0.06279379467135893,-0.18055810660018495,2.7322594010919032,-0.7711941365163346,-0.17156199246885429,0,0.004196500000000001,1,Shared Control,0.01,Good Visuals,-0.13775025585445602,0.232474921887702,0.0,5.027301446079226,0.9909322092676309,-1.6448292700332137,-0.41635767325006817,0.007248443658355306,3.3843407578893974,-0.014789430705893562,27.609777301067062,1.025465921698749,2.3914876112730914,-0.02548146223372651
2878,11.761448100000003,-0.7087433026498573,-0.35499800995183123,0.06245083386647732,-0.18343601748297694,2.7865175238807485,-0.771795653794949,-0.15627218540697857,0,0.0036696000000000003,1,Shared Control,0.01,Good Visuals,-0.13674730458219864,0.23243866278471806,0.0,5.027045681554557,0.9909273702402489,-1.633397068978057,-0.4049254721949116,-0.0024811308743601904,3.3173353418712175,-0.014597982511256564,27.608512388726908,1.0254814622337265,2.3909872839136135,-0.025477487891221902
2879,11.7649881,-0.7096857804459342,-0.3373482663780889,0.062109873349014744,-0.18107608097111033,2.858535619181089,-0.7723227188260511,-0.14150143175904822,0,0.00354,1,Shared Control,0.01,Good Visuals,-0.1321762010883847,0.23234149681415187,0.0,5.027127901870922,0.9909293214663121,-1.6214984737555698,-0.3930268769724242,-0.00647556873162758,3.3410819707655506,-0.014515988313714572,27.609012716086387,1.0254774878912218,2.3900034139355943,-0.025466837576816885
2880,11.7685697,-0.7110994971400496,-0.32415900393748354,0.06122322168600147,-0.1826575721784353,2.9084079337148716,-0.7728027299480015,-0.12653847905765425,0,0.0035816000000000003,1,Shared Control,0.01,Good Visuals,-0.13281157074104702,0.2320834893636009,0.0,5.027314305346885,0.9909331099250254,-1.6102837458474095,-0.381812149064264,-0.017994638436283374,3.2804071454530233,-0.014430700940847484,27.609996586064405,1.0254668375768168,2.38737603826009,-0.025438557506631893
2881,11.7722044,-0.7118848953034471,-0.3191114800549696,0.06091783464455436,-0.19257300099731534,2.926606323074163,-0.7732350375177796,-0.11133689061519492,0,0.0036347000000000003,1,Shared Control,0.01,Good Visuals,-0.1268154835796512,0.23178090929250003,0.0,5.027810683314692,0.990943229571405,-1.5978912600579935,-0.369419663274848,-0.019655791567078237,3.326573910669202,-0.014208898918968503,27.61262396173991,1.0254385575066318,2.3844234537709084,-0.025405391853357003
2882,11.7760396,-0.7129844527322036,-0.30641594743518963,0.06025058478557599,-0.1950790568199947,2.976023293675708,-0.7736312527461215,-0.09528101663865204,0,0.0038352000000000004,1,Shared Control,0.01,Good Visuals,-0.11548695998191344,0.2316037880333816,0.0,5.02838058405935,0.9909545781568937,-1.5847221734720556,-0.35625057668891,-0.011163832765282208,3.40075575507127,-0.01411959110604497,27.615576546229093,1.025405391853357,2.382824296514718,-0.025385977678966196
2883,11.779586900000002,-0.7139269305282804,-0.2895514311456818,0.059704322217841166,-0.19427041450702978,3.0282855274292775,-0.7739428851260278,-0.08041842474817859,0,0.0035473,1,Shared Control,0.01,Good Visuals,-0.10966655198667163,0.2314238375355687,0.0,5.0287019082276965,0.9909606999728684,-1.5730153229782449,-0.34454372619509926,-0.012950780320501546,3.411186367263257,-0.013954263667565829,27.61717570348528,1.0253859776789662,2.381079979428671,-0.025366253393108926
2884,11.7830802,-0.7145552490589984,-0.2725773652778166,0.05938763606702946,-0.19215894052963803,3.0779859299772068,-0.7741982327052097,-0.0657730066960533,0,0.0034933000000000004,1,Shared Control,0.01,Good Visuals,-0.10773976086519566,0.23112895658062352,0.0,5.029039736442587,0.9909674022893141,-1.5609441872267593,-0.3324725904436137,-0.020648607092581258,3.3924837703011557,-0.013817003365112919,27.61892002057133,1.025366253393109,2.378134008342986,-0.025333931636181913
2885,11.786563300000001,-0.7156548064877548,-0.25599456878040605,0.0585434262174549,-0.19022156208435276,3.126801414101491,-0.7744018851128341,-0.05116346370425423,0,0.0034831000000000003,1,Shared Control,0.01,Good Visuals,-0.10827072823437492,0.2307055908922017,0.0,5.029601656768347,0.9909787387204159,-1.5495516209102076,-0.32108002412706194,-0.030891345599903253,3.3213510733074254,-0.013726202357962323,27.621865991657014,1.0253339316361818,2.373939514023196,-0.025287526730599075
2886,11.790895800000001,-0.7172256028145497,-0.2490211365951943,0.05717628229828442,-0.19785767289094006,3.122836037052349,-0.7745841730300231,-0.032984686058672136,0,0.0043325,1,Shared Control,0.01,Good Visuals,-0.09263856582440261,0.2298034610518625,0.0,5.031537259924464,0.9910176003177118,-1.5261039380318602,-0.2976323412487147,-0.026243826897853487,3.4114472669614226,-0.013301346725578578,27.63196909464283,1.0252221116249784,2.365338984195508,-0.025188644721004832
2887,11.797085900000003,-0.7176968417125882,-0.2339574265229478,0.05688733131743495,-0.20097274046427566,3.1652617615008527,-0.7747079482049322,-0.007006381575396736,0,0.0061901000000000005,1,Shared Control,0.01,Good Visuals,-0.0916334424340326,0.22944831633508103,0.0,5.032085044657465,0.9910278927436856,-1.5141832415196228,-0.28571164473647737,-0.02567822377952244,3.3092822475812955,-0.013139307562224098,27.634661015804493,1.0251886447210048,2.361853412172196,-0.025149717482682986
2888,11.800572500000001,-0.7183251602433062,-0.20884916391927008,0.05638278796162599,-0.20184278234387334,3.226817120634632,-0.7747068691860436,0.007624953364727655,0,0.0034866000000000003,1,Shared Control,0.01,Good Visuals,-0.08712776696112398,0.2290608939839904,0.0,5.0327558908101375,0.9910412943519029,-1.502896514409709,-0.2744249176265636,-0.029848330133486728,3.3179666372442407,-0.013052702391581378,27.638146587827805,1.025149717482683,2.358084020257073,-0.025107252308686344
2889,11.804025600000003,-0.7187963991413446,-0.18475268027563135,0.05591047004469896,-0.192377633640359,3.275646790795586,-0.774655524810142,0.022112484673200122,0,0.0034531,1,Shared Control,0.01,Good Visuals,-0.08376443750725154,0.22851130817139792,0.0,5.033484580678977,0.9910557810904901,-1.4908296358174846,-0.2623580390343392,-0.04059323163040976,3.369695222626204,-0.012915091815799822,27.641915979742926,1.0251072523086864,2.3526337103452306,-0.025047012477163646
2890,11.808150700000002,-0.7197388769374216,-0.16785395561612573,0.05491664787272044,-0.18996644028932586,3.310361082703042,-0.7745286233612807,0.03941250548820671,0,0.0041251000000000005,1,Shared Control,0.01,Good Visuals,-0.09082183247965389,0.22736532396318473,0.0,5.0345280900867015,0.9910767477614674,-1.4747302482036782,-0.24625865142053263,-0.06077162028963403,3.2124246974631965,-0.012776174650391915,27.64736628965477,1.0250470124771636,2.3410492109495173,-0.024921401709839086
2891,11.812493100000001,-0.72021011583546,-0.15917296891386007,0.05431850752582068,-0.19858547440206678,3.336112457443496,-0.7743179580567309,0.05761235670916327,0,0.004342400000000001,1,Shared Control,0.01,Good Visuals,-0.08832025189897141,0.22651846935380016,0.0,5.036724889890617,0.9911213529303449,-1.46404123852588,-0.2355696417427345,-0.06724153296446278,3.139855382251304,-0.012486141434553222,27.658950789050483,1.0249214017098391,2.333133042186809,-0.02482857839121501
2892,11.8160181,-0.7203671954681394,-0.1469522516833238,0.05395076258859144,-0.20456460839248708,3.3888788716426665,-0.7740888518469522,0.07237511648120058,0,0.0035250000000000004,1,Shared Control,0.01,Good Visuals,-0.07684390125039767,0.2257220483498275,0.0,5.038287089712138,0.9911517171234139,-1.452347819554489,-0.22387622277134334,-0.060797553255782344,3.2561313687322295,-0.012304145182331775,27.66686695781319,1.024828578391215,2.3254554072398714,-0.02474128307535862
2893,11.8195886,-0.720838434366178,-0.12677621648919427,0.05325041748077419,-0.19915133297039483,3.4620562344335557,-0.773803759253605,0.08731600173317418,0,0.0035705000000000003,1,Shared Control,0.01,Good Visuals,-0.06913929168520597,0.22496260969378037,0.0,5.039778406105701,0.9911812126009925,-1.4410244827417382,-0.2125528859585926,-0.061341153229528995,3.3060837409491226,-0.012177876641532102,27.674544592760128,1.0247412830753586,2.318131580792035,-0.02465804137653037
2894,11.824132800000001,-0.721466752896896,-0.10640778688429203,0.052337006356709015,-0.1937237886174662,3.5133729184517675,-0.7733638117468872,0.10631006815747514,0,0.0045442,1,Shared Control,0.01,Good Visuals,-0.0654550572010569,0.22305147055165586,0.0,5.04326288238196,0.99125083743153,-1.4184238630335235,-0.18995226625037792,-0.07788529977421209,3.2306695315655674,-0.011752268537266497,27.69265124601216,1.0245391527325938,2.299566363103014,-0.02444856235196287
2895,11.8298342,-0.7217809121622549,-0.09673353162041713,0.05158289958463225,-0.20304359977789227,3.5477365071866402,-0.7726898510530782,0.1301013477643972,0,0.0057014000000000006,1,Shared Control,0.01,Good Visuals,-0.07199471118003475,0.2221117904714286,0.0,5.044793021782211,0.9912807024875013,-1.4093446527884488,-0.18087305600530326,-0.08874475966800426,3.019759943149954,-0.011673846232135306,27.700433636896985,1.0244485623519628,2.290349668718055,-0.02434556447898084
2896,11.833145000000002,-0.7219379917949345,-0.08722492154594622,0.05075185925814374,-0.2173262693103434,3.569617578622796,-0.7722362746231755,0.14389369774924948,0,0.0033108,1,Shared Control,0.01,Good Visuals,-0.05903619875551047,0.2211025986418282,0.0,5.046567738475876,0.9913161427669439,-1.3979756754899877,-0.16950407870684212,-0.08182364655945014,3.188427881891675,-0.011457170184450579,27.709650331281946,1.0243455644789807,2.2805048415242295,-0.024234947457223245
2897,11.8365246,-0.7219379917949345,-0.07275623022598042,0.050298282828241,-0.21664992797522992,3.603787502040738,-0.7717262082013019,0.15795303455692217,0,0.0033796000000000004,1,Shared Control,0.01,Good Visuals,-0.040771908152952036,0.2202985713772478,0.0,5.048468685400351,0.9913539891948007,-1.3861695527946891,-0.15769795601154357,-0.06886097397111197,3.42176700440499,-0.011221367967879908,27.71949515847577,1.0242349474572232,2.2728723386237957,-0.024146818422870073
2898,11.841038400000002,-0.7222521510602934,-0.04402971001870093,0.0494740571410085,-0.2019827445756231,3.6641304674051662,-0.7709709215189441,0.17669694933638028,0,0.0045138,1,Shared Control,0.01,Good Visuals,-0.03835390809460276,0.2184559889729255,0.0,5.051875803252151,0.9914216547667323,-1.3629799095389552,-0.13450831275580974,-0.08467675201715613,3.2950888023055214,-0.010849161712451266,27.737099947607867,1.0240362599307034,2.254948068653821,-0.02394485386872798
2899,11.846882100000002,-0.7222521510602934,-0.03276749715865035,0.048718770458650695,-0.20946444649503063,3.7011835459996747,-0.7698676028561505,0.2009001987135733,0,0.0058437,1,Shared Control,0.01,Good Visuals,-0.049757416983644775,0.21723246885807435,0.0,5.053429342714814,0.991452193090189,-1.3521469157000023,-0.12367531891685686,-0.10250625504196423,3.0128473242165095,-0.01080790408124204,27.74505193134618,1.023944853868728,2.2427278101617243,-0.023810744428683327
2900,11.850536000000002,-0.7222521510602934,-0.01927707570993744,0.04761545179585713,-0.22017727442351076,3.746178412309003,-0.7691059478967177,0.21599422051588515,0,0.0036539000000000003,1,Shared Control,0.01,Good Visuals,-0.03862663241147582,0.21613123825301975,0.0,5.05576119085407,0.9914992258336559,-1.3413992601884186,-0.11292766340527308,-0.09840559978300495,3.1305066735359985,-0.01058329878646251,27.757272189838275,1.0238107444286833,2.2321285651304876,-0.023690039081863692
2901,11.8540338,-0.7219379917949345,-0.002578932620939816,0.04716795610178326,-0.21857315313682496,3.7964143658240626,-0.7683252178799942,0.23041265888216433,0,0.0034978,1,Shared Control,0.01,Good Visuals,-0.022515922119083792,0.215102330296146,0.0,5.057822131565326,0.9915399504789786,-1.3294145484578515,-0.10094295167470588,-0.09073275947889664,3.3524606927654457,-0.010291186556615576,27.767871434869512,1.0236900390818637,2.222167665945076,-0.0235772609850601
2902,11.858081300000002,-0.7219379917949345,0.016865765694187088,0.04638722608505974,-0.21354689318797726,3.85784827573285,-0.7673589234052844,0.24705721558346963,0,0.0040475,1,Shared Control,0.01,Good Visuals,-0.02192583782880589,0.2135235366953416,0.0,5.059753245599151,0.9915782338089691,-1.313007847404873,-0.08453625062172737,-0.10057605222000753,3.286598768625504,-0.010145937272799898,27.777832334054924,1.0235772609850602,2.206345116335015,-0.0234042101923678
2903,11.862493700000002,-0.7217809121622549,0.029351275266715104,0.045578011243029515,-0.21770594031675453,3.901993685742795,-0.7662288698515115,0.2651507292157676,0,0.0044124,1,Shared Control,0.01,Good Visuals,-0.02308628289816153,0.2123098045374694,0.0,5.0627675076262175,0.9916391427328546,-1.3021907273681785,-0.07371913058503297,-0.1138981671721838,3.1458833900521745,-0.00990476457116836,27.793654883664985,1.0234042101923677,2.1948258130282854,-0.023271173605489758
2904,11.865990800000002,-0.721466752896896,0.038678026135368006,0.044762116954615516,-0.2264727030803996,3.947270647949199,-0.7652765965811521,0.27945055519030015,0,0.0034971000000000004,1,Shared Control,0.01,Good Visuals,-0.014958348203774174,0.21107338675872578,0.0,5.065023768402038,0.9916833768731594,-1.290702057951651,-0.062230461168505495,-0.11379324868004252,3.2144230481876503,-0.009676658658214179,27.805174186971715,1.0232711736054898,2.182735416217923,-0.023135650458828018
2905,11.869589300000001,-0.7213096732642165,0.05012747672462529,0.043966923316935635,-0.22932307846567487,3.9970559301789526,-0.7642445770865903,0.2941258336735395,0,0.0035985,1,Shared Control,0.01,Good Visuals,-0.0022258367061099293,0.20997661971434547,0.0,5.0673559779652075,0.9917298693189709,-1.2792637471185218,-0.05079215033537625,-0.10770807224819423,3.3416040996579737,-0.009448091624100877,27.817264583782077,1.023135650458828,2.172142739111494,-0.023015434360705946
2906,11.874165400000003,-0.720838434366178,0.0684491803736085,0.04340614272041232,-0.225676653299931,4.034645420355433,-0.7628560394086923,0.3127277809003547,0,0.0045761000000000005,1,Shared Control,0.01,Good Visuals,0.010684826874679476,0.20776184003370224,0.0,5.071821987841754,0.9918188862132771,-1.2557213934960865,-0.0272497967129409,-0.10972815422083053,3.3598957330274,-0.009059102794619554,27.840413049051605,1.0228761127919117,2.150627119208974,-0.0227726734455497
2907,11.8798429,-0.7203671954681394,0.07114912133095967,0.042488843940552856,-0.241578659569395,4.010850077531781,-0.7610152382841266,0.33570835832907864,0,0.0056775,1,Shared Control,0.01,Good Visuals,0.003613733718753731,0.20669323582035698,0.0,5.0735768030534105,0.9918532965728439,-1.246069254466225,-0.017597657683079516,-0.12014363714194261,3.131879369824259,-0.009018140080358355,27.849372880791027,1.0227726734455498,2.140070106946313,-0.022655544261532545
2908,11.8831746,-0.72021011583546,0.07670254493070074,0.04080512244866663,-0.2590058133983779,4.001414286011494,-0.7598743713713005,0.3491406351459255,0,0.0033317000000000004,1,Shared Control,0.01,Good Visuals,0.023963904601867897,0.20570891996073856,0.0,5.075602854592177,0.9918939140649841,-1.2341299057366824,-0.005658308953536834,-0.09960005001915814,3.389260717501542,-0.008782156640339038,27.85992989305369,1.0226555442615326,2.13050972248701,-0.022547653882650988
2909,11.8866406,-0.7197388769374216,0.08393918901453631,0.04013549443387898,-0.2652014461313892,3.992286660901579,-0.7586400959547512,0.36307077334639914,0,0.0034660000000000003,1,Shared Control,0.01,Good Visuals,0.04972969331041627,0.2050197447237465,0.0,5.0774536212890045,0.9919306701405062,-1.2213840921734136,0.007087504609731992,-0.07552504806425281,3.733067850882706,-0.0083939776677809,27.86949027751299,1.022547653882651,2.1239895862932583,-0.022472113722743697
2910,11.890854700000002,-0.7192676380393831,0.09389226370319778,0.03937245791536814,-0.26917850964320134,3.9868448659507267,-0.7570744989668358,0.3799456281832494,0,0.0042141,1,Shared Control,0.01,Good Visuals,0.05923062668373649,0.20430208369680944,0.0,5.0787330418317875,0.9919557085861486,-1.2063682727953093,0.022103323987836217,-0.06879366622924474,3.7725345773193535,-0.008228568823195217,27.87601041370674,1.0224721137227437,2.116930827374997,-0.02239345124936367
2911,11.8939932,-0.7187963991413446,0.10674526864088593,0.03827809982549113,-0.27320035954236344,3.986472260544828,-0.7558623788993573,0.3924677633993996,0,0.0031385000000000002,1,Shared Control,0.01,Good Visuals,0.06700480598034739,0.20369728724512326,0.0,5.0800908345131806,0.9919828626824748,-1.192764939704618,0.03570665707852751,-0.06521533856729672,3.7641697586240044,-0.00804387519237465,27.883069172625003,1.0223934512493638,2.1110940287293207,-0.022327159806753025
2912,11.897641400000001,-0.7183251602433062,0.11815043142526853,0.037537218656051086,-0.27431733197413105,3.9748518969660136,-0.754404102186945,0.4069730524285743,0,0.0036482000000000003,1,Shared Control,0.01,Good Visuals,0.0765165844092345,0.2031757613399612,0.0,5.081224524485085,0.9920052976767169,-1.1797318360834028,0.048739760699742715,-0.061433268504370545,3.822697137682644,-0.00779714509535057,27.88890597127068,1.022327159806753,2.106043712599152,-0.02226999560792939
2913,11.901014500000002,-0.7176968417125882,0.1302817481861585,0.036707260474356795,-0.2766913042424158,3.9666109405361825,-0.7530087923239287,0.4203349298006479,0,0.0033731000000000004,1,Shared Control,0.01,Good Visuals,0.08135777869849689,0.2026428622940063,0.0,5.082203759318601,0.992024712796152,-1.1661688817882547,0.06230271499489076,-0.061100520824810364,3.79521344688923,-0.007626652979027775,27.893956287400847,1.0222699956079293,2.1008087627380685,-0.022211584804718333
2914,11.904749500000001,-0.7172256028145497,0.1422933337804212,0.035783189509378976,-0.2780415960202267,3.955100497314341,-0.7514112986271879,0.4350732381309578,0,0.003735,1,Shared Control,0.01,Good Visuals,0.08789941833551046,0.20214746359469604,0.0,5.083211408010901,0.9920448504413469,-1.1529305072997338,0.07554108948341168,-0.05958117454774803,3.7954055299658567,-0.007438464329495305,27.89919123726193,1.0222115848047184,2.0959801831278235,-0.022157284396121104
2915,11.9083146,-0.7164402046511523,0.1496856755401037,0.034971093976035594,-0.28538756259085407,3.9221298840787235,-0.7498352279440406,0.44908360024605,0,0.0035651000000000003,1,Shared Control,0.01,Good Visuals,0.09390798782957555,0.20147977421648788,0.0,5.084144565220013,0.9920634187406128,-1.1342321547049603,0.09423944207818513,-0.05829005956968723,3.790923808850347,-0.007233480998649296,27.904019816872175,1.022157284396121,2.0892986975873518,-0.02208409929066319
2916,11.912905300000002,-0.7156548064877548,0.15781079395862005,0.03418042145628575,-0.2912728062874299,3.8915692570637117,-0.7477323679921036,0.467039354825446,0,0.0045907000000000005,1,Shared Control,0.01,Good Visuals,0.10528724693383673,0.20108955420487795,0.0,5.085418692921972,0.992089141450808,-1.1207415382352395,0.10773005854790586,-0.048428036312015185,3.785564573258334,-0.007045968118395231,27.910701302412647,1.0220840992906632,2.0856861646199816,-0.02204132746646838
2917,11.916565900000002,-0.7150264879570368,0.17147109621774495,0.0327058800350668,-0.2955682586077011,3.875884196608349,-0.7459966274432374,0.4812867192121582,0,0.0036606000000000004,1,Shared Control,0.01,Good Visuals,0.1151263638737555,0.20078433618971964,0.0,5.086135695790661,0.9921030020721515,-1.1076780122746988,0.12079358450844657,-0.04057452054529185,3.826009243363608,-0.006873325713179346,27.914313835380018,1.0220413274664684,2.082747108559478,-0.02200787266943842
2918,11.9199852,-0.7143981694263188,0.1823490671296027,0.03159845801691852,-0.2989376520825555,3.840630714252019,-0.7443282942480298,0.4945370382826973,0,0.0034193,1,Shared Control,0.01,Good Visuals,0.12687225858176748,0.20052823767107078,0.0,5.086707246886294,0.992114298582856,-1.0935434084381128,0.13492818834503256,-0.03393465733730225,3.939520007967335,-0.006566828412341493,27.917252891440523,1.0220078726694384,2.0802684536370113,-0.021979801836343498
2919,11.924401200000002,-0.713455691630242,0.18802747327341984,0.030872602617787792,-0.30650956500927745,3.7871362360868335,-0.7421067853307554,0.5115650461698976,0,0.004416000000000001,1,Shared Control,0.01,Good Visuals,0.13583587084620888,0.20027834552471852,0.0,5.087188010433251,0.9921238276674157,-1.0759461422705812,0.1525254545125642,-0.027806474407752014,3.9722051799127858,-0.006336383099255988,27.91973154636299,1.0219798018363435,2.0778186118916304,-0.021952411280673774
2920,11.9279592,-0.7125132138341651,0.19784817288872383,0.029593571496590254,-0.3137168732811738,3.750623065346853,-0.7402623370392538,0.5252136453251084,0,0.0035580000000000004,1,Shared Control,0.01,Good Visuals,0.14702902332401982,0.20016305264666465,0.0,5.08766008110191,0.9921332512186255,-1.0616877740918165,0.16678382269132896,-0.01625912898005129,3.968815949107828,-0.006183113774332632,27.92218138810837,1.0219524112806737,2.076788392968703,-0.021939774084824466
2921,11.931604100000001,-0.7117278156707676,0.21376295931565895,0.02853452136848622,-0.3114506860094495,3.7281535028051316,-0.7383226058834097,0.5391284921002614,0,0.0036449000000000004,1,Shared Control,0.01,Good Visuals,0.1606819816718048,0.20013144470641941,0.0,5.087868419903029,0.992137197677875,-1.0477448087451853,0.18072678803796008,-0.0049077306095718365,4.0796340657843295,-0.005923539609474829,27.9232116070313,1.0219397740848244,2.076537509863,-0.021936309553987742
2922,11.934992400000002,-0.7107853378746906,0.22922506945318405,0.02753726800871914,-0.3099034226470773,3.6978906680771138,-0.736474050667175,0.5520016776401739,0,0.0033883000000000003,1,Shared Control,0.01,Good Visuals,0.16382067357319072,0.2000827755731286,0.0,5.08792255324947,0.9921381530709343,-1.0333868607082555,0.19508473607488985,-0.007519374859901947,4.036079169317414,-0.005710654985481343,27.923462490137,1.0219363095539877,2.0760444497915933,-0.021930974954144335
2923,11.9387605,-0.7098428600786137,0.24281561766675364,0.026631190588561227,-0.3091860599734203,3.6656669925617056,-0.7343671916746977,0.5662463180267805,0,0.0037681000000000004,1,Shared Control,0.01,Good Visuals,0.16735753770871997,0.20002569192509728,0.0,5.088016000668614,0.9921400522960071,-1.0191403972386859,0.2093311995444595,-0.009100919440690143,3.9918359913613854,-0.005509733014885645,27.923955550208408,1.0219309749541443,2.0754781195495258,-0.021924718043464846
2924,11.9425423,-0.7087433026498573,0.255620826571632,0.025623889024840363,-0.3106254914551485,3.636286419249525,-0.7321988494318817,0.5804656643437168,0,0.0037818,1,Shared Control,0.01,Good Visuals,0.17125373504418467,0.1999641779504962,0.0,5.0881244721569105,0.9921422318551123,-1.0039078490780369,0.22456374770510842,-0.00937096572140691,3.945847104095154,-0.005326922324266098,27.924521880450474,1.0219247180434647,2.0748709272327357,-0.021917975526861692
2925,11.946006,-0.7079579044864598,0.262863451239963,0.02424094494542195,-0.3176022131037538,3.5880230762171945,-0.7301658362803033,0.5934200481711221,0,0.0034637,1,Shared Control,0.01,Good Visuals,0.17780486957310315,0.19992422192324732,0.0,5.088241070073704,0.9921445681762596,-0.9897287243327695,0.23874287245037587,-0.006775932250759112,3.931111132902891,-0.005123859904746945,27.925129072767263,1.0219179755268617,2.0744949682964093,-0.02191359596630056
2926,11.9496571,-0.7068583470577035,0.26540796382287113,0.023307489222599842,-0.328012084348251,3.5300151244887745,-0.7279743815253318,0.6070028036840638,0,0.0036511000000000004,1,Shared Control,0.01,Good Visuals,0.19176220377416453,0.19995983269348666,0.0,5.088315062206701,0.9921460117758673,-0.9760488412029408,0.2524227555802046,0.006822334305200315,4.0375075644379725,-0.004846352056897758,27.92550503170359,1.0219135959663006,2.0749011917520073,-0.02191749924537083
2927,11.952976800000002,-0.7059158692616265,0.2710812530772047,0.022058512263705254,-0.3359215506068591,3.4894279669408177,-0.725938906785296,0.6192871234091146,0,0.0033197,1,Shared Control,0.01,Good Visuals,0.20684121103085384,0.20008597032304398,0.0,5.088242389511978,0.9921444398397976,-0.961226968719368,0.2672446280637774,0.023940361994237002,4.141807545848323,-0.004660561645456308,27.92509880824799,1.0219174992453708,2.0762062270088104,-0.021931325129116563
2928,11.957455,-0.704502152567511,0.2813616757452937,0.021436754217785015,-0.33792544766382093,3.457069375628537,-0.7231286921096125,0.6357578836825171,0,0.0044782,1,Shared Control,0.01,Good Visuals,0.22104735044119395,0.20029832745105558,0.0,5.087997630426033,0.9921394086433605,-0.9441606556132144,0.28431094116993094,0.037988970045061785,4.234291801551557,-0.004413598830166231,27.92379377299119,1.0219313251291167,2.0783542508782276,-0.021954601489824855
2929,11.960542,-0.7032455155060752,0.2995799163265283,0.019883176603537334,-0.33617796735598876,3.443914305001308,-0.7211486735258816,0.647043644374635,0,0.0030870000000000003,1,Shared Control,0.01,Good Visuals,0.22620493712451542,0.20048398619479088,0.0,5.087590208543385,0.9921311351473101,-0.9299665510163849,0.29850504576676046,0.04035781878778651,4.1537236909837,-0.0042937460158016996,27.921645749121772,1.0219546014898249,2.080154558989283,-0.021974951453719613
2930,11.9641466,-0.7021459580773187,0.32032096527905923,0.019002715448562912,-0.3267226790955758,3.432945812340454,-0.718792694667178,0.6601502786159503,0,0.0036046000000000003,1,Shared Control,0.01,Good Visuals,0.23237978312858482,0.20066062802453463,0.0,5.087241353658937,0.9921242132891437,-0.9150448055249775,0.3134267912581679,0.03959191632679723,4.180814628732023,-0.003986258503692168,27.919845441010718,1.0219749514537195,2.081882777514373,-0.021994313078091667
2931,11.9675559,-0.7007322413832032,0.3366070012139373,0.018060453283974764,-0.32354327740201305,3.4116256820017874,-0.7165210148727648,0.6724751137632997,0,0.0034093,1,Shared Control,0.01,Good Visuals,0.2274822440846045,0.2007701691126823,0.0,5.086907991872971,0.9921175660792275,-0.901279876875863,0.32719171990728246,0.026563241227721558,4.010526382237206,-0.0038130968160801602,27.918117222485627,1.0219943130780917,2.0829074163835184,-0.022006319823068762
2932,11.9710347,-0.6996326839544469,0.3493984642342233,0.016888330918317873,-0.3230766495290764,3.3924936004471964,-0.7141598386509186,0.684978496580998,0,0.0034788,1,Shared Control,0.01,Good Visuals,0.2291234853406363,0.20086321068200588,0.0,5.086705716829684,0.992113632792078,-0.8870192345239768,0.3414523622591686,0.022522246799308168,3.9494412185349876,-0.003626000260075312,27.91709258361648,1.0220063198230687,2.0838101135593328,-0.022016518063875272
2933,11.9748804,-0.6975906487296135,0.3609093771623057,0.016569189921305072,-0.32406911941869226,3.3702522134029587,-0.7114991760754091,0.6987140958854767,0,0.0038457,1,Shared Control,0.01,Good Visuals,0.23462461095245596,0.20097422048723113,0.0,5.086530846492676,0.9921101620357395,-0.8698901247128585,0.3585814720702869,0.02382528986559435,3.9342895427255025,-0.003392244371313517,27.916189886440666,1.0220165180638752,2.084913781016693,-0.022028685794211307
2934,11.978844600000002,-0.6964910913008572,0.3726403474862216,0.015008084774551955,-0.3260737483992551,3.3374244684830647,-0.7087014276394921,0.7127767364590504,0,0.0039642,1,Shared Control,0.01,Good Visuals,0.23723469308849,0.2010598195107263,0.0,5.086319686255973,0.9921059141557731,-0.8561198074535559,0.3723517893295896,0.022592716486837743,3.813858433308234,-0.0033299800285391734,27.91508621898331,1.0220286857942114,2.0857340872066463,-0.02203806826121775
2935,11.9827066,-0.6947632153413826,0.38366357297541914,0.013938212298109431,-0.32911316348363123,3.2993951071129235,-0.705922382153392,0.7263817948585367,0,0.0038620000000000004,1,Shared Control,0.01,Good Visuals,0.24716514939423245,0.2011563298217623,0.0,5.086159767740695,0.9921027618859344,-0.8428119656128994,0.38565963117024615,0.029656396324967364,3.882440657191851,-0.0030175228159730954,27.914265912793354,1.0220380682612178,2.0866903325590123,-0.022048646709103052
2936,11.9860143,-0.6933494986472674,0.4000607197076022,0.012572883506124621,-0.3263210751509345,3.2907897029408995,-0.7035005632117682,0.7379587868544706,0,0.0033077000000000002,1,Shared Control,0.01,Good Visuals,0.25562344718237123,0.2012678016266866,0.0,5.0859764977576996,0.9920990819546862,-0.8288640544507342,0.3996075423324113,0.0356153881935833,3.9223597193940285,-0.002803759630164244,27.913309667440988,1.022048646709103,2.087795345629013,-0.022060865078999636
2937,11.9908456,-0.6905220652590366,0.42133713208747925,0.012978497952731649,-0.31662165476699133,3.231579816034761,-0.6998946597857384,0.7547420233479605,0,0.0048313,1,Shared Control,0.01,Good Visuals,0.2595428583474301,0.2014341910777959,0.0,5.085585449908328,0.9920912745564961,-0.8016704426234859,0.42680115415965975,0.02746261857138336,3.81799505707763,-0.0023603526832027192,27.911279985391367,1.0220713334690772,2.0893973158537515,-0.02207910294517507
2938,11.996573400000003,-0.6884800300342031,0.42878766362212767,0.011414629751535288,-0.3259543597258328,3.2093536935458884,-0.695515124746507,0.7744428281139945,0,0.005727800000000001,1,Shared Control,0.01,Good Visuals,0.24811521295499714,0.20147969465558072,0.0,5.085453212440591,0.9920886721804772,-0.7899160159815583,0.43855558080158735,0.016193076594672295,3.4534261662095993,-0.00261431323651333,27.910602684146248,1.022079102945175,2.0898251882140504,-0.022084090570031155
2939,12.000076700000001,-0.6869092337074083,0.4509425391335735,0.008605891039098701,-0.32350028898042094,3.2445610989395077,-0.6927810751662625,0.7863860228398563,0,0.0035033000000000004,1,Shared Control,0.01,Good Visuals,0.26532748841991893,0.20156186176924776,0.0,5.085368977204102,0.9920870293517324,-0.776754937597648,0.4517166591854975,0.031588833164492805,3.6541295454674736,-0.002299816116945837,27.91017481178595,1.0220840905700312,2.0906600617775535,-0.022093096867083585
2940,12.003643800000003,-0.6851813577479338,0.47180405762128363,0.007599717418328766,-0.3145819652185726,3.2637227127073034,-0.6899543926486282,0.798462886750793,0,0.0035671,1,Shared Control,0.01,Good Visuals,0.27717662860174624,0.201623702243918,0.0,5.085210983960208,0.9920838131305649,-0.7636255957880881,0.46484600099505746,0.03316141049313923,3.8392133486051554,-0.0017346194200240203,27.909339938222445,1.0220930968670836,2.091250247861533,-0.022099875171199275
2941,12.0078611,-0.682668083625062,0.4849498468707196,0.007286309023566195,-0.3135130398800734,3.2646315347412247,-0.6865571173483178,0.8126310500347014,0,0.0042173,1,Shared Control,0.01,Good Visuals,0.27344567202938863,0.20167218741396278,0.0,5.085095684052747,0.9920815456045321,-0.7451804250288159,0.4832911717543296,0.020237940291114608,3.7267488502186437,-0.0015322831618910366,27.908749752138466,1.0220998751711994,2.09171641080077,-0.022105189606921455
2942,12.011894400000003,-0.681097287298267,0.4912595930536928,0.005459830050050796,-0.32137145698100855,3.2535103658996714,-0.6832523965917064,0.8260685976747926,0,0.0040333,1,Shared Control,0.01,Good Visuals,0.2739790219561794,0.20169796207066748,0.0,5.085004959941976,0.9920797540021309,-0.7322171885040587,0.49625440827908673,0.015266427292986667,3.5655407554960883,-0.00146944587895669,27.90828358919923,1.0221051896069215,2.091952342982526,-0.022108014754408656
2943,12.0156441,-0.6788981724407542,0.49744602527146925,0.004354224150952213,-0.3286225724033233,3.2516262476215645,-0.6801316215913245,0.8384618737996995,0,0.0037497000000000003,1,Shared Control,0.01,Good Visuals,0.2910628195236335,0.201734048165158,0.0,5.084957854692986,0.9920788492450626,-0.7194740097921574,0.5089975869909881,0.030613350091692856,3.744799644979667,-0.0011012365943474359,27.908047657017473,1.0221080147544086,2.092314891741969,-0.022111970133537107
2944,12.019064100000001,-0.6771702964812799,0.5147780816321681,0.0029613251100445437,-0.3236837921675314,3.2939862094177292,-0.6772448737691977,0.8496813281282647,0,0.0034200000000000003,1,Shared Control,0.01,Good Visuals,0.3038782988437329,0.20177424405896316,0.0,5.084888856340808,0.9920774532395538,-0.7057625503168047,0.5227090464663408,0.04095822054966785,3.8433287014667386,-0.0008783952645900879,27.90768510825803,1.022111970133537,2.092712055789591,-0.022116375985753896
2945,12.024187300000001,-0.6726149871335747,0.56149251781152,0.004629886635623026,-0.2881888103167447,3.401443212839279,-0.6728490436191675,0.8663369580753301,0,0.0051232000000000005,1,Shared Control,0.01,Good Visuals,0.2981907789562764,0.20180625826936002,0.0,5.084770668510281,0.992075115290337,-0.67825767663546,0.5502139201476854,0.015341898602789006,3.6263524647085688,-0.0004905227357683003,27.907076869599084,1.0221188830262349,2.093002851416384,-0.022119885047662796
2946,12.0299045,-0.6708871111741004,0.574421612766603,0.0019619324450671494,-0.2919153453087271,3.4221997843564345,-0.6678433980317562,0.884707837754465,0,0.0057172,1,Shared Control,0.01,Good Visuals,0.2623630231741116,0.20176986181964013,0.0,5.084754335770997,0.9920748102762543,-0.6676687820361419,0.5608028147470036,-0.03374456364052396,2.9376875015447714,-0.0009343400981463988,27.906997148583617,1.0221198850476627,2.092611436569377,-0.02211589565064978
2947,12.0336122,-0.6683738370512284,0.5776030083670533,-0.0005304390194722508,-0.3071048293874118,3.4281662393444776,-0.6645412777444718,0.896499038500019,0,0.0037077000000000004,1,Shared Control,0.01,Good Visuals,0.27962621616783073,0.201760292465514,0.0,5.084826362649307,0.9920763215786562,-0.6567202830089635,0.571751313774182,-0.022115964800952667,3.202158178227717,-0.0003958588383406674,27.907388563430622,1.0221158956506498,2.0925393237447296,-0.022114846758434715
2948,12.037079300000002,-0.6666459610917541,0.5872404780378795,-0.00210468334728231,-0.3092585604621395,3.47131451069606,-0.6614140393972265,0.9074372545936911,0,0.0034671000000000003,1,Shared Control,0.01,Good Visuals,0.30736871237322166,0.201759794700424,0.0,5.084842387126644,0.9920765953793618,-0.643940637734194,0.5845309590489515,0.004111917781396971,3.582040327036889,0.0001070215317038418,27.90746067625527,1.0221148467584347,2.092540526978928,-0.022114792198647194
2949,12.041364900000001,-0.6635043684381643,0.5899569504631185,-0.002090329040937755,-0.3174803041305726,3.4623325981529436,-0.6574963606270539,0.920839814379615,0,0.0042856000000000005,1,Shared Control,0.01,Good Visuals,0.3175101618771141,0.2017541440188087,0.0,5.084842752094505,0.9920765897466312,-0.6255856409868318,0.6028859557963137,0.008381112655415243,3.6607492515680518,0.00042464048005708,27.90745947302107,1.022114792198647,2.092480928466903,-0.02211417283020519
2950,12.0454939,-0.6609910943152925,0.5990370621686631,-0.003494733688238605,-0.3218027522109519,3.459909342022353,-0.6536677683878506,0.933628721091757,0,0.004129,1,Shared Control,0.01,Good Visuals,0.32559386805238005,0.2017472413676959,0.0,5.084853823871555,0.9920768196879385,-0.613476234140019,0.6149953626431265,0.015297564684472052,3.5672558907714844,0.0004217325463720541,27.9075190715331,1.0221141728302052,2.0924124128476076,-0.02211341623400025
2951,12.048994,-0.6591061387231385,0.6186862204408659,-0.005438370335287934,-0.31494250065089113,3.478028296771627,-0.6503811439963094,0.9443740393570008,0,0.0035001000000000003,1,Shared Control,0.01,Good Visuals,0.33702339164210554,0.2017286311006391,0.0,5.084866943207516,0.9920770833749328,-0.6002841855077634,0.628187411275382,0.023363316697522493,3.671188465591246,0.0007050528809168919,27.907587587152392,1.0221134162340002,2.092220936170025,-0.02211137637175052
2952,12.052679400000002,-0.6561216257022282,0.6394292184570667,-0.005740481705918787,-0.30494482089993413,3.4957594115590105,-0.6468800447355011,0.9555929618163936,0,0.0036854,1,Shared Control,0.01,Good Visuals,0.34010105528446777,0.20170673041632806,0.0,5.084902952851065,0.992077821386856,-0.5876712738874174,0.6408003228957281,0.018487259908797005,3.687338952331783,0.0010970750031559587,27.907779063829974,1.0221113763717504,2.0920039033030857,-0.02210897584847845
2953,12.057555100000002,-0.6514092367218436,0.6730427393161478,-0.004529191986342496,-0.28255022250024586,3.5675607847831414,-0.6421849742783231,0.970284572672334,0,0.0048757,1,Shared Control,0.01,Good Visuals,0.33166300715286173,0.20171725654807962,0.0,5.084946406619705,0.9920786610113176,-0.5632613266412185,0.6652102701419269,-0.007764237554771165,3.4688195593495483,0.001515551660650044,27.907997906777936,1.0221087831464655,2.0921327292639695,-0.022110129612620048
2954,12.062924800000001,-0.6492101218643307,0.7001659437375776,-0.007025147586007585,-0.27011862893475647,3.685484041441169,-0.6369318379002853,0.9862651707305258,0,0.005369700000000001,1,Shared Control,0.01,Good Visuals,0.30334249299171984,0.20175635123418043,0.0,5.084922235825628,0.9920781568303302,-0.5545578388014608,0.6739137579816846,-0.04393175211011917,2.871490544294867,0.0009136161818645555,27.90786727073603,1.02211012961262,2.092536338482789,-0.022114414762000153
2955,12.0662628,-0.6471680866394973,0.720615401653165,-0.010236248739212028,-0.2656497690773608,3.7526138086992993,-0.6336232587257455,0.9960934666571393,0,0.0033380000000000003,1,Shared Control,0.01,Good Visuals,0.3037001680893917,0.20185291617527956,0.0,5.084846460286705,0.9920766009752549,-0.5440446946956481,0.6844269020874973,-0.059276207161817106,2.9576166392316185,0.0014173681438345012,27.907463661517212,1.022114414762,2.093526772393303,-0.022124999197859898
2956,12.069628700000003,-0.6443406532512665,0.7166985193410491,-0.010717394525521007,-0.27939494731609016,3.730327643578583,-0.630253944381249,1.0059215126736996,0,0.0033659000000000002,1,Shared Control,0.01,Good Visuals,0.31559174954110353,0.2019854831243061,0.0,5.084659906789891,0.9920727840126824,-0.533122778571546,0.6953488182115994,-0.0577813563345236,3.185904009130763,0.0020662166587054765,27.906473227606696,1.0221249991978598,2.09485311098445,-0.022139529796161128
2957,12.074167200000002,-0.6391570253728434,0.7354102357288645,-0.008903080991594314,-0.270511276944835,3.830593730971294,-0.6256587386193129,1.0190420911191962,0,0.0045385,1,Shared Control,0.01,Good Visuals,0.3380766154266726,0.20217774564895544,0.0,5.084199853561027,0.99206358001596,-0.5102132010673264,0.7182583957158191,-0.03811330080956952,3.2616112639849404,0.002243709121875955,27.90408082878003,1.022151641024143,2.0966999704791296,-0.02216060359724484
2958,12.0798938,-0.6369579105153306,0.7413239176761843,-0.011299171896017701,-0.27771817344301186,3.839718503804898,-0.6197761921227994,1.0353816346580471,0,0.0057266,1,Shared Control,0.01,Good Visuals,0.3136272597443104,0.2023024590206412,0.0,5.084047360261361,0.9920605801048701,-0.5018511118297209,0.7266204849534246,-0.07103190947071651,2.7656069710297304,0.0018000048442106053,27.90330002952087,1.0221606035972448,2.0979568504423445,-0.022174273368783408
2959,12.083208800000001,-0.6344446363924587,0.7390711321518477,-0.014668444269659298,-0.2963105025061994,3.818465022217018,-0.6163283848031389,1.0447299523326126,0,0.0033150000000000002,1,Shared Control,0.01,Good Visuals,0.332954734537328,0.20244449967319894,0.0,5.083808534373604,0.9920557398363209,-0.4909651911828543,0.7375064056002911,-0.054186861602172495,3.049106673818429,0.0022858502594613017,27.902043149557656,1.0221742733687833,2.0993619257991383,-0.02218984237508488
2960,12.0865935,-0.6313030437388689,0.7441769026599871,-0.014974658935730023,-0.3005530496726254,3.8257247728390538,-0.6127762516888601,1.0541912382179626,0,0.0033847,1,Shared Control,0.01,Good Visuals,0.3685225416381334,0.20249847490069753,0.0,5.083539027509683,0.9920503331275594,-0.4787611862898762,0.7497104104932693,-0.01657640854137286,3.53708514998062,0.0029695458611553784,27.900638074200863,1.0221898423750848,2.0998234326748806,-0.022195758573313466
2961,12.091022900000002,-0.6259623362277662,0.7904222495509144,-0.013186084538906129,-0.2637689886670481,3.9302589896848112,-0.608079625059271,1.066445025173745,0,0.0044294,1,Shared Control,0.01,Good Visuals,0.36074638203535025,0.20266903938427167,0.0,5.083346022503702,0.9920466220418366,-0.4552062764341539,0.7732653203489916,-0.04000737625250809,3.245450971063299,0.003116272353859294,27.899670401031113,1.0222014077538673,2.1015484500023107,-0.022214454062750855
2962,12.0969047,-0.6210928676147021,0.8041487821070088,-0.013013242555431015,-0.26229624306673616,3.933547161728858,-0.6017596888255378,1.0824926429766881,0,0.0058818,1,Shared Control,0.01,Good Visuals,0.343626342938414,0.2030869101477314,0.0,5.082704562103813,0.9920335545296675,-0.43855258905852407,0.7899190077246215,-0.06924591725486674,2.8860903194010996,0.0030863348480732002,27.89627846730592,1.0222379504147157,2.105705822496236,-0.022260256672302095
2963,12.1029612,-0.6159092397362789,0.8142372676693389,-0.014149550910741104,-0.2682553753073492,3.91735005350871,-0.5951542058313983,1.0987492863115988,0,0.0060565,1,Shared Control,0.01,Good Visuals,0.3569562826536545,0.20352200799615308,0.0,5.081875330521607,0.992016971939458,-0.42176726253901153,0.8067043342441341,-0.05986043226975221,2.9723339106065945,0.0033879139062652865,27.891967933857178,1.022285991831008,2.1099681510465293,-0.022307947534191654
2964,12.108966600000002,-0.6126105674500095,0.823225611928309,-0.017456361618611194,-0.27552367438328984,3.9109507052456323,-0.5885080469233179,1.11460041076689,0,0.0060054,1,Shared Control,0.01,Good Visuals,0.33801282548174394,0.20381389500517177,0.0,5.081499567805809,0.9920095294987971,-0.4119686876454818,0.8165029091376639,-0.08158687214666037,2.5301662647583676,0.002879745013597826,27.89003184895347,1.0223079475341916,2.112900542560377,-0.022339941126173237
2965,12.1128781,-0.6099402136944583,0.8342995031284302,-0.02143216677114035,-0.28030090763845994,3.9011617286380007,-0.5841283398310394,1.124780962748987,0,0.0039115,1,Shared Control,0.01,Good Visuals,0.3620137517833937,0.20402046841807955,0.0,5.08094149774829,0.991998238436196,-0.40320140393381126,0.8252701928493343,-0.06023233451642661,2.902497421595214,0.003557849054107932,27.887099457439625,1.0223399411261733,2.1148564802844625,-0.022362583536704058
2966,12.116081400000002,-0.6074269395715864,0.8377466548235819,-0.023298599740547044,-0.2870343079254052,3.858453544942375,-0.5805120905282874,1.1330337894001845,0,0.0032033,1,Shared Control,0.01,Good Visuals,0.38694326390914136,0.20421076601381064,0.0,5.0805578374876115,0.9919907266384134,-0.39126891405009273,0.8372026827330529,-0.038156672419021063,3.326593220997638,0.0043726007038624535,27.885143519715538,1.022362583536704,2.116711252497576,-0.022383441962892207
2967,12.1197141,-0.6041282672853172,0.8326236851317417,-0.02361617675702976,-0.30041010426844283,3.7926094060487854,-0.5763792568177907,1.1423008665615355,0,0.0036327000000000004,1,Shared Control,0.01,Good Visuals,0.4030948568302475,0.20431830039141616,0.0,5.080199398276841,0.9919835942455502,-0.37940609024980243,0.8490655065333431,-0.020965927033516726,3.483226297175409,0.004757824900066282,27.883288747502423,1.022383441962892,2.1177013812856758,-0.022395228753310428
2968,12.124159500000001,-0.5976880023454582,0.8778917729120622,-0.021308745527667483,-0.2644090936494733,3.8629007041943932,-0.5712763079767248,1.1535081076015832,0,0.0044454,1,Shared Control,0.01,Good Visuals,0.41424168490735985,0.2043825280248851,0.0,5.079992215337252,0.9919797509126951,-0.355128531624702,0.8733430651584436,-0.011934242767894412,3.3834276760259234,0.004899585697216061,27.882283554044804,1.0223962201521228,2.1182955203965714,-0.022402268712731904
2969,12.1298763,-0.5951747282225863,0.8931523169439788,-0.02389842024586153,-0.2603557906576044,3.8341876227652034,-0.5646412356080229,1.1677055487535744,0,0.0057168,1,Shared Control,0.01,Good Visuals,0.3705338396901959,0.20467712720487527,0.0,5.079884374523213,0.9919775171999986,-0.3470222103292863,0.8814493864538593,-0.06934151389374113,2.6589435810068762,0.004355135279983644,27.881704479603428,1.0224022687127319,2.121365007021532,-0.02243455958444422
2970,12.133167200000003,-0.592504374467035,0.8804420037522258,-0.027863138859012038,-0.28726354500134854,3.715504991912895,-0.5607851439510025,1.1757686935325025,0,0.0032909000000000002,1,Shared Control,0.01,Good Visuals,0.3796515115162976,0.2050312871274509,0.0,5.079310734191034,0.9919656804212568,-0.3369484805340756,0.89152311624907,-0.06357927679288541,2.831767525499152,0.004891460000657767,27.87863499297847,1.0224345595844442,2.1248730638040696,-0.022473378879955885
2971,12.1366109,-0.5887344632827273,0.869052025517644,-0.02794931933172473,-0.3067166680148584,3.6310777697046377,-0.5567217436020372,1.1841204961997112,0,0.0034437,1,Shared Control,0.01,Good Visuals,0.426458505393616,0.20506800822208499,0.0,5.078638343432077,0.9919521811043844,-0.32515418719227157,0.903317409590874,-0.005978288280316774,3.4571149436639876,0.005712815223674132,27.87512693619593,1.0224733788799558,2.124985387132024,-0.02247740386113881
2972,12.1408758,-0.5849645520984195,0.893151731920235,-0.028242808496382277,-0.29096876427947616,3.6783987100027433,-0.5516497424507498,1.1943425088416928,0,0.0042649,1,Shared Control,0.01,Good Visuals,0.4461913493123289,0.20491644507681966,0.0,5.078592418117236,0.9919517906602825,-0.310929024195746,0.9175425725873997,0.021204178697321066,3.5562907491314064,0.005731511246519806,27.875014612867975,1.0224774038611388,2.123364958092268,-0.022460791099079388
2973,12.143983200000001,-0.5822941983428681,0.914030366890492,-0.030644455892118283,-0.2803121419512008,3.6770339334594837,-0.5479269838309715,1.201705754063983,0,0.0031074,1,Shared Control,0.01,Good Visuals,0.4320709652315896,0.2049429069888936,0.0,5.078891442362945,0.9919580459632759,-0.29918189616746205,0.9292897006156836,-0.004051529736875192,3.275830459644152,0.005787415916064054,27.876635041907733,1.0224607910990793,2.1237671480828118,-0.02246369157629073
2974,12.147641,-0.5785242871585604,0.9144973173271074,-0.03059730332758892,-0.2872084367368757,3.618493443174509,-0.5435156692916572,1.2102820578895488,0,0.0036578,1,Shared Control,0.01,Good Visuals,0.4336953632754531,0.20500494908866684,0.0,5.078827947906526,0.9919564750448114,-0.2878918031235018,0.9405797936596438,-0.009138945569525384,3.3046754021660885,0.00628036387362365,27.876232851917187,1.0224636915762908,2.124396758932199,-0.022470491980435128
2975,12.1510602,-0.5755397741376501,0.92335942518295,-0.03202410484599294,-0.2869226327065988,3.6266033207679897,-0.5393638949510727,1.218209896846655,0,0.0034192000000000003,1,Shared Control,0.01,Good Visuals,0.4402923635499321,0.20500744324851672,0.0,5.0787087326146345,0.9919540497574404,-0.27623606921165494,0.9522355275714907,-0.0003529411501441978,3.260618768525152,0.006272598610922863,27.8756032410678,1.022470491980435,2.1243742363417755,-0.022470765364073685
2976,12.154630400000002,-0.5717698629533423,0.9373835313491744,-0.03240596800226958,-0.28082636549748063,3.6418787073401133,-0.5350000008170646,1.2263961696390895,0,0.0035702000000000004,1,Shared Control,0.01,Good Visuals,0.4472551870141074,0.20498599609879634,0.0,5.078708466548828,0.9919541442732969,-0.2646809585449225,0.9637906382382231,0.0029523624243064654,3.2913979168634233,0.0065651798567994465,27.875625763658224,1.0224707653640737,2.12414748641842,-0.022468414552505783
2977,12.158409300000002,-0.5669003943402781,0.9585073577053136,-0.0319003935232135,-0.2678888119337759,3.684364023566204,-0.5303493601248132,1.2349591071116015,0,0.0037789000000000004,1,Shared Control,0.01,Good Visuals,0.44314895023638234,0.20506040931298067,0.0,5.078750538984892,0.9919550191986075,-0.24923415432536594,0.9792374424577797,-0.0072335328192659,3.1540826192584985,0.006642769630490951,27.87585251358158,1.0224684145525058,2.124951100113133,-0.022476570948436712
2978,12.1629951,-0.5637588016866883,0.9739922735656787,-0.0334094415618752,-0.26096683354592276,3.710831714849965,-0.5246625215433045,1.2452100184546577,0,0.0045858,1,Shared Control,0.01,Good Visuals,0.42774225340254596,0.2053069908630403,0.0,5.07860296673157,0.991951915787138,-0.23912661027809884,0.9893449865050468,-0.03287680663775968,2.8051576507735048,0.006541507753115318,27.875048899886867,1.0224765709484367,2.127496346272772,-0.02250359863126959
2979,12.166598500000003,-0.5596747312370216,0.9823913266051516,-0.0350122096937171,-0.2628186918495061,3.728241003162982,-0.5201611850807369,1.253157077615688,0,0.0036034,1,Shared Control,0.01,Good Visuals,0.42852131368446256,0.2055991264416386,0.0,5.078125095785226,0.9919421044260074,-0.22951421824676055,0.998957378536385,-0.03883982836456467,2.795275105076855,0.00685919191348319,27.87250365372723,1.0225035986312696,2.1303871681031747,-0.02253561946884095
2980,12.1700588,-0.5568472978487908,0.9936776509808156,-0.03668611276805389,-0.25947942663487233,3.767627110253953,-0.515811811138828,1.2606993985127775,0,0.0034603000000000004,1,Shared Control,0.01,Good Visuals,0.4384749742619445,0.20586747837537217,0.0,5.077570739528071,0.9919309808610759,-0.21923842929404416,1.0092331674891013,-0.03308784366917705,2.901290008672534,0.007198479727819707,27.869612831896823,1.0225356194688409,2.1329947874910697,-0.022565033392756933
2981,12.1743867,-0.5515065903376881,0.9995829391056508,-0.035694779198860105,-0.2611164594071267,3.7562856513823806,-0.5103354331318266,1.270010131471064,0,0.0043279,1,Shared Control,0.01,Good Visuals,0.4436408982073555,0.20622764225410678,0.0,5.077066046775363,0.9919209550538846,-0.20625492477708263,1.0222166720060628,-0.033927356951249245,2.938973791104317,0.007552477526953799,27.86700521250893,1.022565033392757,2.136592561219411,-0.02260451077896017
2982,12.177940500000002,-0.5485220773167778,1.005523094496641,-0.03818664418495121,-0.264487036974423,3.704521495802165,-0.5058086396474698,1.2775538004186016,0,0.0035538,1,Shared Control,0.01,Good Visuals,0.4402035136993546,0.20656224636213671,0.0,5.07637941101138,0.991907105671313,-0.1965186174515511,1.0319529793315942,-0.040024582211631424,2.7210070218354243,0.007361250154961854,27.863407438780587,1.02260451077896,2.139844630672194,-0.02264118657122534
2983,12.181607500000002,-0.5442809272344317,1.0138367793677392,-0.03847228758696186,-0.26371702105086237,3.6421955019828802,-0.5011097241358972,1.285241817780153,0,0.003667,1,Shared Control,0.01,Good Visuals,0.4561691259167514,0.20676195393149427,0.0,5.075750062745496,0.9918946020946768,-0.18645129833151847,1.042020298451627,-0.02325035274445526,2.924166120608989,0.007887919003875149,27.860155369327806,1.0226411865712253,2.141694506875896,-0.02266307642001011
2984,12.185186400000003,-0.5411393345808418,1.025328984278687,-0.040029610444944685,-0.259912833501466,3.5971592806914785,-0.49649668557388155,1.2926513734865563,0,0.0035789000000000003,1,Shared Control,0.01,Good Visuals,0.45683921499276997,0.20696631029837212,0.0,5.0753830647817955,0.9918875052818039,-0.1762471608570153,1.0522244359261301,-0.02268717918776948,2.848487696313306,0.007954605353694607,27.858305493124103,1.0226630764200102,2.1437016661359865,-0.02268547582121234
2985,12.188784000000002,-0.5368981844984956,1.0361912445295194,-0.04040149892461403,-0.25646012895703696,3.5527723250568166,-0.49183298460711733,1.300006512257563,0,0.0035976000000000003,1,Shared Control,0.01,Good Visuals,0.4609524267791981,0.2071515454579748,0.0,5.074996713754575,0.9918797846385448,-0.16616269699160216,1.0623088997915433,-0.020100735779209122,2.8680006442788093,0.008284780776471379,27.856298333864014,1.0226854758212123,2.145498587682434,-0.022705779356257956
2986,12.192548600000002,-0.5323428751507904,1.0620671613216148,-0.040509890543673044,-0.2379393509359482,3.573857769506674,-0.48692464863435375,1.3076033320418912,0,0.0037646000000000003,1,Shared Control,0.01,Good Visuals,0.4593992572975021,0.20739360652173675,0.0,5.074648637727982,0.9918728765053175,-0.155394678934852,1.0730769178482935,-0.02351681123822973,2.7717619647224243,0.008369232941052504,27.854501412317568,1.022705779356258,2.1479114736441423,-0.022732311550803592
2987,12.196023700000001,-0.5292012824972007,1.0848407997494536,-0.04227663386284691,-0.2227625322924376,3.57366349509645,-0.48236854338321383,1.3145256253805568,0,0.0034751,1,Shared Control,0.01,Good Visuals,0.4415581651972875,0.20788938046687125,0.0,5.074187656166734,0.9918635892700526,-0.14648880522660898,1.0819827915565365,-0.05160333750681618,2.4839275138737724,0.008401492299653151,27.852088526355857,1.0227323115508036,2.152957450937195,-0.02278665308991168
2988,12.1996404,-0.5249601324148544,1.0825141882321652,-0.042591589031640564,-0.23201143714839167,3.4963001324765703,-0.4776014084719395,1.3216381178900796,0,0.0036167,1,Shared Control,0.01,Good Visuals,0.43542495630521355,0.208516255824655,0.0,5.073233657635315,0.9918441498529976,-0.13820299154236568,1.09026860524078,-0.06514313459472414,2.423532037861098,0.008788863221971994,27.847042549062806,1.0227866530899117,2.1591824033706044,-0.02285536459059706
2989,12.203112,-0.5215043804959056,1.0807697158350305,-0.04390297202396615,-0.2408684020550491,3.462145971131541,-0.4730014867595892,1.3283773373425376,0,0.0034716,1,Shared Control,0.01,Good Visuals,0.446139961596284,0.2090276824295896,0.0,5.072042107224894,0.9918201940493445,-0.12931288499886745,1.0991587117842783,-0.05036810303332968,2.472771067951218,0.008881038674500134,27.840817596629396,1.0228553645905971,2.1640869857389085,-0.02291142181007323
2990,12.2074849,-0.5169490711482004,1.0782917376151486,-0.04394758438861124,-0.250085599727389,3.4123551919204647,-0.4671742827082283,1.3367439560135121,0,0.0043729,1,Shared Control,0.01,Good Visuals,0.46152937403169325,0.2094129409188963,0.0,5.071086481703888,0.991801349019357,-0.11882623052734045,1.1096453662558052,-0.033080663713669384,2.610763679519753,0.009176936493940753,27.83591301426109,1.0229114218100732,2.167756047399641,-0.022953649804240417
2991,12.2105672,-0.5125508414331748,1.0914818800875905,-0.04537655872494645,-0.24526207592592164,3.4064275553928414,-0.4630450567024232,1.3425596039438672,0,0.0030823,1,Shared Control,0.01,Good Visuals,0.4708621818239761,0.2096220389999063,0.0,5.070369036816989,0.9917872559133039,-0.10998763941640832,1.1184839573667373,-0.021294483312762975,2.6013453544845433,0.009203192893100455,27.832243952600358,1.0229536498042404,2.1696635911936144,-0.02297656894240438
2992,12.214065900000001,-0.5090950895142259,1.1183524991623226,-0.0460500328118027,-0.2242071047815446,3.430287267084119,-0.458336412947624,1.349079277234978,0,0.0034987000000000004,1,Shared Control,0.01,Good Visuals,0.47330459737617536,0.20987317378167067,0.0,5.069987587482044,0.9917799437998571,-0.10057335933025013,1.1278982374528956,-0.0233427310915132,2.616676882027403,0.009511926762722262,27.830336408806385,1.0229765689424044,2.172155521110256,-0.023004095702732513
2993,12.217658400000001,-0.5045397801665208,1.1344562767445856,-0.046203367218896785,-0.2146230004903924,3.4110566623235874,-0.45347795526166645,1.355683639233986,0,0.0035925,1,Shared Control,0.01,Good Visuals,0.4558130814076867,0.21040853431757184,0.0,5.069510429250315,0.9917703545460406,-0.09247279727752315,1.1359987995056227,-0.051114596956337674,2.369001009746442,0.009664666538963104,27.827844478889745,1.0230040957027324,2.177608269566075,-0.02306277630865001
2994,12.221265800000001,-0.5010840282475719,1.1442771560737814,-0.04760607298590547,-0.2114064831602045,3.4005699373869023,-0.44857563811489065,1.3622237618284163,0,0.0036074,1,Shared Control,0.01,Good Visuals,0.44703306048957414,0.21112862079235484,0.0,5.068479935971189,0.9917493478329,-0.08452647137519231,1.1439451254079536,-0.06482847216564386,2.2073740665937507,0.009721582777064619,27.822391730433925,1.02306277630865,2.1847776513083224,-0.02314170463417952
2995,12.224940700000001,-0.49527208183843086,1.1485453384899862,-0.046696443723540204,-0.21367842333843012,3.3649351385360147,-0.44355750396963023,1.368792089904226,0,0.0036749,1,Shared Control,0.01,Good Visuals,0.4508815931589673,0.21201890950745783,0.0,5.067109498429758,0.9917217552418537,-0.07473000279594126,1.1537415939872047,-0.06391941219271327,2.238732278902865,0.010051004530854403,27.815222348691677,1.0231417046341795,2.1935980784126494,-0.0232392887438409
2996,12.2289153,-0.4915021706541231,1.155043948284929,-0.047944666684492876,-0.213748141619297,3.3073572645384703,-0.4381031605255593,1.375789386474029,0,0.0039746,1,Shared Control,0.01,Good Visuals,0.44843935573813853,0.212773496847078,0.0,5.065419289048362,0.9916878160194007,-0.06729221383545077,1.161179382947695,-0.06725024532855589,2.067833123103364,0.009900529076141367,27.80640192158735,1.0232392887438408,2.2008465112154525,-0.023321998692253605
2997,12.232732500000001,-0.4869468613064179,1.1668481421227392,-0.04884370078085859,-0.2089412443512897,3.2526498479177777,-0.4328388373994303,1.3824054824152578,0,0.0038172,1,Shared Control,0.01,Good Visuals,0.4547576643088571,0.21343516021755438,0.0,5.064008292249858,0.9916599650581178,-0.06002599664507446,1.1684456001380714,-0.06037037316334869,2.123134990175406,0.010201354385627151,27.799153488784548,1.0233219986922537,2.207229410015838,-0.02339452328995786
2998,12.236079800000002,-0.4833340297547896,1.1753861551431384,-0.05049519235535932,-0.20701932727211947,3.1884403048675654,-0.42820191991269985,1.388123418581221,0,0.0033473,1,Shared Control,0.01,Good Visuals,0.45447789197689265,0.2141605755798033,0.0,5.062768508861311,0.991635435361751,-0.05253562142092697,1.175935975362219,-0.0621410628226207,2.0972631174989464,0.01042496310178084,27.792770589984162,1.023394523289958,2.2143555879027543,-0.023474035712230404
2999,12.240855400000001,-0.47500880922277666,1.1858984719015129,-0.046806889310076816,-0.20222494667970814,3.060749680707952,-0.4215535778695644,1.3961461765271457,0,0.0047756000000000005,1,Shared Control,0.01,Good Visuals,0.45988009198285607,0.2154686378619597,0.0,5.060155338987774,0.9915834316195022,-0.03770481235302139,1.1907667844301244,-0.05563237815688398,2.071365084095481,0.010797557978748857,27.779244857794325,1.0235466145107444,2.2270362904253256,-0.023617411777792564
3000,12.246496400000002,-0.469982260977033,1.1946048630083708,-0.04842868310746862,-0.2015413135187749,3.010261895850231,-0.4136516600340866,1.4054188671872712,0,0.005641,1,Shared Control,0.01,Good Visuals,0.4373112857287562,0.21630888204650492,0.0,5.0589403758074205,0.9915592849662029,-0.03229106336806444,1.1961805334150815,-0.07782615358048564,1.575092079065766,0.010085416682197774,27.772963709574675,1.0236174117777925,2.235377006513866,-0.023709510530990296
3001,12.2501243,-0.4663694294254047,1.2087257635390052,-0.052717769391318114,-0.19669310364826598,2.98371551623444,-0.40854230684240345,1.4112661082975704,0,0.0036279000000000003,1,Shared Control,0.01,Good Visuals,0.44475419228811525,0.21713722035222546,0.0,5.0573437919488535,0.9915271907944805,-0.02622723583312413,1.2022443609500217,-0.0710984273302278,1.6917273560261998,0.010475554301960994,27.764622993486135,1.0237095105309904,2.2434237191610062,-0.023800304286646073
3002,12.253698,-0.46149996081234057,1.2189855084800898,-0.052957653969937124,-0.19228059981748058,2.9495493346243435,-0.4034887055053288,1.4169372285539077,0,0.0035737000000000004,1,Shared Control,0.01,Good Visuals,0.4615502647259574,0.21782953277389264,0.0,5.055786527750085,0.9914962591318833,-0.019278018996869678,1.2091935777862761,-0.057068572635134346,2.0297388311634936,0.011446989908800448,27.756576280838992,1.0238003042866461,2.2500489396371766,-0.023876188311827824
3003,12.257950100000002,-0.455216775505161,1.2392229066333769,-0.051728069999832205,-0.17771432192053083,2.985382759496193,-0.3974496001863531,1.4235704219233472,0,0.0042521,1,Shared Control,0.01,Good Visuals,0.45831477309769886,0.2189427933923089,0.0,5.054494505609119,0.9914708101475936,-0.00961749225046703,1.2188541045326788,-0.06265157118197222,1.938307934671478,0.011535741021072883,27.749951060362825,1.023876188311828,2.261226239266703,-0.023998212262515167
3004,12.262001600000001,-0.4514468643208533,1.2503537619141631,-0.05399726413450018,-0.173216660009184,3.0054597722354366,-0.3916693972382357,1.4297752331834859,0,0.0040515,1,Shared Control,0.01,Good Visuals,0.4375401231138894,0.22011063405527945,0.0,5.0523672627049185,0.9914277801572836,-0.004049149797814714,1.224422446985331,-0.0932987339883879,1.5574476135295825,0.011325488142556154,27.738773760733295,1.023998212262515,2.27260821457245,-0.0241262187051321
3005,12.265617000000002,-0.4464203160751096,1.2408357457072798,-0.05475091883687394,-0.18893948747620604,2.971307868764451,-0.3864903233517709,1.4352172744137568,0,0.0036154000000000004,1,Shared Control,0.01,Good Visuals,0.44441950310773465,0.22129064541381863,0.0,5.0501683411652705,0.9913840230901466,0.0019203411721919195,1.2303919379553376,-0.09126720210637748,1.6895423327314143,0.011885372045895234,27.72739178542755,1.024126218705132,2.2840795730774577,-0.024255559171724488
3006,12.2691546,-0.4426504048908018,1.23853421618506,-0.056160081539030904,-0.1966830582286967,2.979953487921788,-0.38140380768067356,1.4404557780893779,0,0.0035376,1,Shared Control,0.01,Good Visuals,0.46368312240374004,0.22216287719218997,0.0,5.047949335519886,0.9913399286934499,0.008392988276626864,1.2368645850597726,-0.06820477774421091,1.8675227515032011,0.012115866166411434,27.715920426922544,1.0242555591717244,2.2922902406013144,-0.024351164069401843
3007,12.2741644,-0.4325973083993145,1.2590169222462089,-0.05119350071864093,-0.181438855843169,3.018972972872761,-0.3741691237789809,1.447728410032453,0,0.0050098,1,Shared Control,0.01,Good Visuals,0.4809993902751677,0.22366238931272425,0.0,5.044986877167023,0.9912819085675019,0.023219332260881593,1.2516909290440272,-0.05314781019017783,1.9722419889368261,0.012530663643781609,27.700806805896708,1.0244304287353718,2.3067725023901082,-0.02451552485790387
3008,12.279930400000001,-0.42882739721500673,1.2679088881678497,-0.054658273436025806,-0.17981952186460326,3.010063640126216,-0.3657978902887506,1.4558876340673341,0,0.005766,1,Shared Control,0.01,Good Visuals,0.4380474175691004,0.2249787069056647,0.0,5.043523990720068,0.9912527704713314,0.027465294855960127,1.2559368916391058,-0.1060108965494192,1.183345669038916,0.011450060688013896,27.693227497609893,1.0245155248579039,2.319986429920742,-0.024659805784034493
3009,12.283676700000001,-0.42380084896926307,1.2576145825743996,-0.05800295868051247,-0.1982730514929345,2.946292252795442,-0.3603339650658709,1.4610680572916812,0,0.0037463,1,Shared Control,0.01,Good Visuals,0.45377031352594943,0.22615286567348905,0.0,5.041009233513514,0.9912019039915055,0.032551772722245825,1.2610233695053916,-0.09257931024389769,1.4821171555947714,0.012296947679333328,27.680013570079257,1.0246598057840346,2.3312224867435307,-0.024788504751027448
3010,12.287074700000002,-0.41987385815227585,1.2568532564683474,-0.05953989308640495,-0.20421480082333376,2.9433362136932995,-0.3553613899901587,1.4656847227460346,0,0.0033980000000000004,1,Shared Control,0.01,Good Visuals,0.4887864467637519,0.2268649598370511,0.0,5.038818419329763,0.9911587515753019,0.03954874723305105,1.2680203440161968,-0.05132573893691527,1.9638425189607416,0.013117535323138873,27.66877751325647,1.0247885047510275,2.3377303866567467,-0.024866557043241696
3011,12.291355500000002,-0.41343359321241674,1.2635602171820723,-0.058072203222258034,-0.20212450556396222,2.92854032547104,-0.34907483158620073,1.47138979003387,0,0.0042808,1,Shared Control,0.01,Good Visuals,0.5023375311822771,0.2275312271217177,0.0,5.037518890467283,0.9911338169764179,0.048798809547173916,1.2772704063303197,-0.03794410404714986,2.100520542753335,0.013507515453749576,27.662269613343252,1.0248665570432416,2.3441561689092243,-0.0249395862737236
3012,12.294964,-0.4095066023954295,1.2704756916881812,-0.06043177080922879,-0.20091409834568874,2.8644961201597887,-0.34375679153270083,1.4761028921710468,0,0.0036085,1,Shared Control,0.01,Good Visuals,0.49279479812772864,0.22824158368627775,0.0,5.036271038390003,0.9911091302117164,0.055367269923275994,1.2838388667064218,-0.050583694534374016,1.8208295104790375,0.013213239660822138,27.655843831090777,1.0249395862737236,2.351067175874558,-0.025017448108562972
3013,12.298742100000002,-0.4044800541496858,1.2749685693912336,-0.06072326261698496,-0.20113432277981325,2.7807121005535507,-0.3381707526874939,1.4809435643287197,0,0.0037781000000000004,1,Shared Control,0.01,Good Visuals,0.5033924944932681,0.2287826859864501,0.0,5.0349349328908595,0.9910825682666718,0.0621314695670926,1.2906030663502384,-0.03896249322329317,1.9735082841186298,0.01379304307446455,27.648932824125442,1.025017448108563,2.35615339283473,-0.02507675806644774
3014,12.3021113,-0.40055306333269863,1.2783094481777302,-0.06238231064520472,-0.20263411615098947,2.7070236032220443,-0.3331740005645237,1.4851793765938452,0,0.0033692,1,Shared Control,0.01,Good Visuals,0.5050136994009362,0.2292948117266962,0.0,5.033934114732779,0.9910630537863842,0.06900906895539342,1.2974806657385392,-0.035246198708209706,1.9269302331897427,0.013892431123374415,27.64384660716527,1.0250767580664477,2.3610860608492725,-0.0251328919178027
3015,12.305927800000003,-0.39536943545427544,1.2805749122722192,-0.062195434889751766,-0.20460446432162605,2.635150335501869,-0.327496802008623,1.489885453389994,0,0.0038165000000000004,1,Shared Control,0.01,Good Visuals,0.5147879946828661,0.2296362031831059,0.0,5.032975615554237,0.9910441053962697,0.07621625560996897,1.3046878523931147,-0.02299940458268719,2.02905029689627,0.014303940174468491,27.638913939150726,1.0251328919178027,2.3642396079504135,-0.02517031166799676
3016,12.3095544,-0.3898716483104933,1.3033719650598758,-0.06237484630187029,-0.18651348833011805,2.645671636998536,-0.32208561203371605,1.4942668230783873,0,0.0036266000000000002,1,Shared Control,0.01,Good Visuals,0.5157587385628143,0.22995801031737126,0.0,5.032349465541382,0.9910320173538171,0.08370379982410271,1.3121753966072485,-0.020069165155900764,1.944059253312668,0.01428232352340467,27.635760392049587,1.0251703116679967,2.36733882714429,-0.0252055847902404
3017,12.313084400000001,-0.38610173712618556,1.3231371184962373,-0.06401612509246951,-0.17112970458215004,2.6263096393117213,-0.3168034478796664,1.4984468295636222,0,0.00353,1,Shared Control,0.01,Good Visuals,0.49869307720532935,0.230649560895108,0.0,5.031747213216614,0.9910201123037561,0.08975140015154674,1.3182229969346926,-0.04594021161320639,1.6888021020508308,0.014343595549429934,27.63266117285571,1.0252055847902404,2.3743397904682966,-0.025281385310082376
3018,12.316634100000002,-0.3809181092477624,1.314437568552655,-0.06411466136809602,-0.18400926101096715,2.5188661184519723,-0.31147707528093654,1.5025660145369208,0,0.0035497000000000003,1,Shared Control,0.01,Good Visuals,0.49161640123608763,0.23152016476368575,0.0,5.030420618210358,0.9909931539184389,0.09533311182542453,1.3238047086085705,-0.058471598580644324,1.6256150028768008,0.014765291142784397,27.625660209531702,1.0252813853100824,2.382889207409612,-0.02537681177336523
3019,12.320106000000003,-0.3768340387980956,1.308069666229835,-0.06535696351715908,-0.19449634830708584,2.466943552323963,-0.3062534406376224,1.5065133424260824,0,0.0034719000000000004,1,Shared Control,0.01,Good Visuals,0.5047641189885173,0.23210622692905203,0.0,5.028775680460479,0.9909602817697806,0.1013981205112339,1.3298697172943799,-0.03798283998464692,1.6995961008293028,0.014843836963709507,27.61711079259039,1.0253768117733653,2.3882935991077563,-0.025441049760035507
3020,12.324417100000002,-0.3702366942255571,1.2974305432873152,-0.06398325358793472,-0.20908279913876715,2.374555118442971,-0.2997483428920153,1.5113025722502844,0,0.0043111,1,Shared Control,0.01,Good Visuals,0.5213294458931297,0.23248755404495597,0.0,5.027701725978688,0.9909395692554563,0.11071709526454858,1.3391886920476945,-0.017311655592033032,1.8573314372612675,0.0151697582055075,27.611706400892245,1.0254410497600355,2.391806616266584,-0.025482846838291096
3021,12.328543800000002,-0.3648959867144545,1.3032063703421368,-0.0651476438224392,-0.2080962019081476,2.3181602958466327,-0.29350239242184484,1.5157705472403804,0,0.0041267000000000005,1,Shared Control,0.01,Good Visuals,0.5288296298116052,0.23253749989320432,0.0,5.027003281246916,0.9909261064689299,0.11668249146086751,1.3451540882440134,-0.003426596560322953,1.7493830487738817,0.014875310126497095,27.608193383733415,1.025482846838291,2.392007238808767,-0.02548832137823518
3022,12.3321669,-0.3609689958974672,1.3280593677122807,-0.06746660347562239,-0.18771117952809968,2.3055535837457932,-0.28800364144471036,1.5195994323282342,0,0.0036231,1,Shared Control,0.01,Good Visuals,0.5337008768671079,0.23251049710942193,0.0,5.026936470956713,0.9909253905086136,0.1230614428602971,1.351533039643443,0.0017353323687929346,1.784621586680169,0.01514927021840297,27.607992761191234,1.025488321378235,2.3916921268653275,-0.025485361616340997
3023,12.335641800000001,-0.35562828838636457,1.3391331567871616,-0.06762464694165421,-0.18046627554107264,2.235391112773096,-0.282716924841398,1.5231892704303076,0,0.0034749000000000004,1,Shared Control,0.01,Good Visuals,0.5251620949806278,0.2327296889630841,0.0,5.026992236457771,0.9909266115961651,0.12898755777098247,1.3574591545541284,-0.014103927671529579,1.7319212411039429,0.015686693512401213,27.608307873134674,1.025485361616341,2.3940237873461645,-0.025509387127977606
3024,12.339333700000001,-0.35138713830401835,1.3446793430989716,-0.06867021346262037,-0.17850992733133597,2.1892619489082583,-0.27708655710409325,1.5269148509389336,0,0.0036919,1,Shared Control,0.01,Good Visuals,0.5187466288131164,0.23308812252175862,0.0,5.026561073181439,0.9909176125699978,0.13488371865048346,1.3633553154336293,-0.021306480732086484,1.5996963697164777,0.01573826304896956,27.605976212653836,1.0255093871279777,2.3975934394383542,-0.025548674854647225
3025,12.343080500000003,-0.3460464307929157,1.3371535492491908,-0.06895987368882245,-0.1897613016897428,2.1095738803364,-0.2713585744996728,1.5306026521138694,0,0.0037468000000000002,1,Shared Control,0.01,Good Visuals,0.5220143724913381,0.23341283432404825,0.0,5.025879136686308,0.990903878468546,0.1411538681877988,1.3696254649709447,-0.017975583029881368,1.6096291875841606,0.016006211129170573,27.602406560561647,1.0255486748546472,2.4006909397552896,-0.0255842663561292
3026,12.3467168,-0.34070572328181303,1.341144907010146,-0.06934714878214021,-0.18945774510372337,2.082929996382298,-0.26578647329325755,1.5340918978868991,0,0.0036363000000000003,1,Shared Control,0.01,Good Visuals,0.5345752357648725,0.23341270621115331,0.0,5.025274322321787,0.9908919867830096,0.14687461565689525,1.3753462124400413,8.073933732535048e-06,1.6721953374927558,0.016096119572336406,27.59930906024471,1.0255842663561292,2.40040724947391,-0.025584252313737586
3027,12.350138700000002,-0.3364645731994668,1.3634610840708614,-0.07067809990620927,-0.17063081381603773,2.108524569376976,-0.2605314622350433,1.5372945840738714,0,0.0034219000000000003,1,Shared Control,0.01,Good Visuals,0.5362227034907548,0.23340143556105997,0.0,5.025301418168198,0.9908931316962835,0.15276005759015135,1.3812316543732974,0.0006709869171512941,1.6343455980828328,0.01618650566526683,27.59959275052609,1.0255842523137375,2.400301360376939,-0.025583016943305493
3028,12.353667700000003,-0.3312809453210437,1.3713911950657325,-0.07074948308600038,-0.16590338900813895,2.0695401843399037,-0.2551006420536545,1.5405153559238631,0,0.003529,1,Shared Control,0.01,Good Visuals,0.5242571992834791,0.23373163872198438,0.0,5.025322256528596,0.990893537892523,0.15788213381271615,1.3863537305958622,-0.020215114862209706,1.5002273512286317,0.016496369980837262,27.59969863962306,1.0255830169433056,2.403784091188643,-0.02561921034991568
3029,12.3578693,-0.3256260785445821,1.372201188624076,-0.07052543649092757,-0.1683141672997872,2.05544507211601,-0.24862014423696438,1.5442410951806071,0,0.004201600000000001,1,Shared Control,0.01,Good Visuals,0.5198835663117936,0.23430504568444258,0.0,5.024675571427408,0.9908801016137541,0.1642551779083342,1.3927267746914802,-0.026104569809101495,1.3916158825264269,0.016536392620424185,27.596215908811356,1.0256192103499158,2.4095125330587917,-0.025682061205998523
3030,12.3615998,-0.3201282914007999,1.379541394734934,-0.07150814716383552,-0.16469970044567317,2.114091964547125,-0.24285333877878001,1.547449776254592,0,0.0037305000000000003,1,Shared Control,0.01,Good Visuals,0.5210658303213592,0.23472751553492044,0.0,5.023582963904047,0.9908580585886875,0.1687358055198953,1.3972074023030414,-0.025811770321919614,1.3079069448190577,0.016524465618922037,27.59048746694121,1.0256820612059985,2.4134433029506934,-0.025728367919223442
3031,12.3650345,-0.31604422095113316,1.3874952682991126,-0.07319088217235314,-0.15995450795547939,2.1838556330528585,-0.23753335886690996,1.5503213244774747,0,0.0034347,1,Shared Control,0.01,Good Visuals,0.5223630601882273,0.2352639650217425,0.0,5.022805527974985,0.9908429880374606,0.17339885477459924,1.4018704515577454,-0.031061523618009783,1.3092936276018348,0.01678492972427258,27.586556697049307,1.0257283679192235,2.418719421326795,-0.025787167884517598
3032,12.3686832,-0.31054643380735103,1.386644940331771,-0.07301307494044107,-0.16367638414570362,2.2197105165148234,-0.23187126776590192,1.5532847996043784,0,0.0036487000000000004,1,Shared Control,0.01,Good Visuals,0.5260358906252298,0.23585158563380804,0.0,5.021791266941395,0.9908227016426582,0.1781209197926949,1.406592516575841,-0.03420598700572081,1.366022048743245,0.017219177143306966,27.581280578673205,1.0257871678845176,2.4244208365062567,-0.025851576691766666
3033,12.3723049,-0.30630528372500476,1.382262050155263,-0.07443401595910284,-0.17102274944911544,2.253792188973351,-0.22624054353449521,1.5561375808346678,0,0.0036217000000000003,1,Shared Control,0.01,Good Visuals,0.5287465379892105,0.23647789379270542,0.0,5.020687687874927,0.9908007952905735,0.18295080026446306,1.4114223970476092,-0.03457044890567702,1.320144446446224,0.01722024949670308,27.575579163493742,1.0258515766917666,2.4304850938918956,-0.02592022602206014
3034,12.3760041,-0.30096457621390216,1.3638875968216473,-0.07472403267940694,-0.19224998401302051,2.227400041930899,-0.2204788306259486,1.5589599473743234,0,0.0036992,1,Shared Control,0.01,Good Visuals,0.5430679771581663,0.23689778041049497,0.0,5.019512659886094,0.9907774975615234,0.1886593170116945,1.4171309137948407,-0.021462972690895334,1.469260223723123,0.017601999320541264,27.569514906108104,1.0259202260220601,2.43434337410221,-0.025966249588416344
3035,12.379707800000002,-0.29546678907012003,1.3599759751620268,-0.07498795844417142,-0.19898397221229658,2.250695883002072,-0.21469982084938674,1.5616929624825509,0,0.0037037000000000003,1,Shared Control,0.01,Good Visuals,0.5654949543083067,0.23678147752268341,0.0,5.01874463362998,0.9907627159149284,0.19426566536844708,1.4227372621515932,0.006752904228855262,1.6332182703855818,0.017701957485072795,27.56565662589779,1.0259662495884163,2.432757007417716,-0.025953501685892583
3036,12.383136800000003,-0.29106855935509435,1.3833506537764912,-0.0763687385057076,-0.1783423087060596,2.3431199998676004,-0.20934055686139,1.5641403259314617,0,0.003429,1,Shared Control,0.01,Good Visuals,0.5735121908983943,0.23654202487197895,0.0,5.019006613780097,0.9907689012404179,0.20014931015865886,1.428620906941805,0.013362124759793089,1.6488649469528287,0.017755759596820492,27.567242992582283,1.0259535016858925,2.4303641040693336,-0.02592725539822359
3037,12.38663,-0.28557077221131216,1.4020745867320195,-0.07623021534992216,-0.16206573919944223,2.3873263806926732,-0.2038724666612006,1.5665513170204344,0,0.0034932,1,Shared Control,0.01,Good Visuals,0.560027706837344,0.23677322292703729,0.0,5.019462924275352,0.9907781087744854,0.20528141427752952,1.4337530110606758,-0.013069734202732324,1.4946715164464894,0.018064416043058744,27.569635895930666,1.0259272553982235,2.4330103869821498,-0.025952596903710042
3038,12.390890500000001,-0.28007298506753003,1.4236466212214673,-0.07620051840632944,-0.14290469579896703,2.471152430979225,-0.197192106448261,1.5693793139139267,0,0.0042605,1,Shared Control,0.01,Good Visuals,0.543168244320381,0.23758597519980099,0.0,5.018990391631088,0.9907678619819336,0.21023154304246974,1.438703139825616,-0.039417555015906346,1.2412559591123937,0.01804927377282318,27.56698961301785,1.02595259690371,2.4413305490398467,-0.026041682281933366
3039,12.3940537,-0.2756747553525043,1.4240759126241693,-0.07848264890424331,-0.14530340128975738,2.490788242994208,-0.19222463387306898,1.5713987095530375,0,0.0031632,1,Shared Control,0.01,Good Visuals,0.5239110129016953,0.23892906514515494,0.0,5.01742273521846,0.9907358090843689,0.21375750975840307,1.4422291065415493,-0.07112393145752667,0.9705118812951321,0.018104174476298165,27.558669450960153,1.0260416822819334,2.4547033452987237,-0.02618889771248878
3040,12.397796500000002,-0.27017696820872217,1.405638792088057,-0.07795233433565318,-0.16575991746498042,2.4734179898633064,-0.18633886702690586,1.573699535115611,0,0.0037428,1,Shared Control,0.01,Good Visuals,0.5375299330926143,0.24000248257827322,0.0,5.0148680143843185,0.990684362105963,0.21771532931082876,1.446186926093975,-0.05916471838866444,1.1666380405086798,0.018751785932806273,27.545296654701275,1.0261888977124887,2.464762738152958,-0.026306554471165915
3041,12.401133400000003,-0.26593581812637596,1.3993062013983697,-0.0795969510994701,-0.1743933337172412,2.518654233818271,-0.18108428070826452,1.5756696398821857,0,0.0033369000000000003,1,Shared Control,0.01,Good Visuals,0.5549755367736877,0.24069135066426994,0.0,5.012886099287022,0.9906457851018742,0.22220396511011695,1.4506755618932632,-0.03660316427202588,1.259190338398236,0.018708753763328333,27.53523726184704,1.0263065544711658,2.4710489782116642,-0.026382060964403167
3042,12.404764800000002,-0.26012387171723483,1.4033034018587314,-0.07903959100897032,-0.1723662380234543,2.575597271171901,-0.17535863201835689,1.57772636540746,0,0.0036314000000000003,1,Shared Control,0.01,Good Visuals,0.5716683197803152,0.2410798556350077,0.0,5.01163035959615,0.9906217137808011,0.22714728066452852,1.4556188774476748,-0.021084280709577744,1.441788355133749,0.019158297668889303,27.528951021788338,1.0263820609644032,2.4745257439679196,-0.026424644803808656
3043,12.408762200000002,-0.25431192530809377,1.4328619478159954,-0.07895329328973688,-0.14486441759146462,2.723911127287897,-0.1690474775345874,1.5798848738728841,0,0.0039974,1,Shared Control,0.01,Good Visuals,0.5668092000865032,0.24176284051652255,0.0,5.010928688991044,0.9906084154966658,0.23232809217196254,1.460799688955109,-0.031836846603071435,1.2897857765967968,0.019054853189892616,27.52547425603208,1.0264246448038086,2.4813619780070355,-0.026499506441886478
3044,12.412177,-0.25007077522574755,1.4481378388035422,-0.08102329769116015,-0.13174703506934193,2.8033103681477485,-0.16364946533686303,1.5816409014365604,0,0.0034148000000000004,1,Shared Control,0.01,Good Visuals,0.5390265904060139,0.2432633614667934,0.0,5.009626241721395,0.9905821102053518,0.235619282353899,1.4640908791370455,-0.0781255464655585,0.9219536618119992,0.019087972453860888,27.518638021992963,1.0264995064418865,2.496494101538935,-0.02666397780772142
3045,12.4156427,-0.2444159084492859,1.43315098599887,-0.08076644311242287,-0.1484899154376904,2.7986813741296683,-0.1581650039683197,1.583339993763434,0,0.0034657000000000004,1,Shared Control,0.01,Good Visuals,0.5361623068328908,0.24497561895153067,0.0,5.006754063408398,0.9905238612636833,0.23882900267814658,1.467300599461293,-0.09040730251094364,0.9387343016634215,0.019709999753476298,27.503505898461064,1.0266639778077213,2.5130784051238124,-0.02685165751131037
3046,12.419103800000002,-0.2401747583669397,1.4236167398246384,-0.08200975439861999,-0.1597232539387956,2.849355261314399,-0.15268209037211114,1.584952963198456,0,0.0034611000000000004,1,Shared Control,0.01,Good Visuals,0.5511916156637585,0.2463881234121296,0.0,5.003541757294537,0.9904601570354593,0.24249426921478337,1.4709658659979299,-0.07193423799826448,1.0259955594661267,0.019785809391979384,27.486921594876186,1.0268516575113105,2.526333635346611,-0.027006481432856232
3047,12.424192900000001,-0.22996458224277283,1.4200103238069761,-0.07728249187066169,-0.1649426393914799,2.927808921031953,-0.14461038313043023,1.5871717239091676,0,0.0050891,1,Shared Control,0.01,Good Visuals,0.5738869913936955,0.248460784001122,0.0,4.998921800690888,0.9903703208901867,0.25079659923011594,1.4792681960132625,-0.05151321627228256,1.1727081501131984,0.020214371311701364,27.463488727174187,1.0271261968282894,2.5458048207063695,-0.027233664744040462
3048,12.4295608,-0.2241526358336317,1.4355901001762867,-0.07954225270320148,-0.15158162373288087,2.9949809905348332,-0.13608476367415712,1.5893137140363987,0,0.0053679,1,Shared Control,0.01,Good Visuals,0.549536901477832,0.24990456101232952,0.0,4.997101906547915,0.990334667923426,0.25302242791699237,1.481494024700139,-0.0809066208303744,0.6530995824290464,0.019201668519744943,27.45419517929363,1.0272336647440405,2.5600494061942283,-0.027391916434529377
3049,12.433148500000001,-0.21991148575128552,1.4502266769786964,-0.08382672207712841,-0.1390870370577022,3.0449666376908064,-0.130380392119309,1.5906311659503005,0,0.0035877,1,Shared Control,0.01,Good Visuals,0.5473715794340385,0.25170391946820503,0.0,4.9943687807787445,0.9902799038812118,0.2555213800187976,1.4839929768019442,-0.0922571227172682,0.693094467287537,0.019877971743725346,27.439950593805772,1.0273919164345293,2.5775592578589577,-0.0275891432328697
3050,12.4366552,-0.2139424597094649,1.4565896269798475,-0.08356206759015591,-0.134041538970453,3.0787495112778913,-0.12480039809834041,1.5918300008895803,0,0.0035067,1,Shared Control,0.01,Good Visuals,0.5561037223186818,0.2534717711111312,0.0,4.99098581054793,0.9902126380753338,0.25872476346254114,1.4871963602456877,-0.0905401651139556,0.9379508224002464,0.021099514502985132,27.422440742141042,1.0275891432328697,2.594395964730431,-0.027782916584886633
3051,12.440916000000001,-0.20813051330032378,1.477260243932158,-0.08333011520198337,-0.11456975695742222,3.2002623126333427,-0.11801503234493245,1.593167816228644,0,0.0042608,1,Shared Control,0.01,Good Visuals,0.5495032556784064,0.2558587217365498,0.0,4.987697179993165,0.9901480378693904,0.26199020295089387,1.4904617997340404,-0.10233985145402766,0.7990015631291936,0.021180625269784877,27.40560403526957,1.0277829165848866,2.617755335252752,-0.028044549072905076
3052,12.4442132,-0.20216148725850316,1.5001558305697231,-0.08414645491357071,-0.09301198565892088,3.3330100298655267,-0.11276045931762613,1.5941131558842905,0,0.0032972,1,Shared Control,0.01,Good Visuals,0.5286811444059483,0.2589238200168964,0.0,4.983197333531037,0.9900582801336058,0.2640007406412941,1.4924723374244406,-0.13739666786759927,0.5153639112068689,0.0213207367577389,27.382244664747247,1.028044549072905,2.6475785235638787,-0.028380512992966272
3053,12.448081000000002,-0.19776325754347748,1.4900463911962425,-0.08500279822585136,-0.10406676468804799,3.339310294610359,-0.1065927632348407,1.5951215566869201,0,0.0038678000000000002,1,Shared Control,0.01,Good Visuals,0.5109102165924454,0.2624617054494411,0.0,4.977435890794446,0.9899437278994447,0.26517263808077685,1.4936442348639234,-0.17039998633754092,0.3273182245853068,0.02178752154710127,27.35242147643612,1.0283805129929662,2.681658772153766,-0.02876829888102944
3054,12.4516351,-0.19210839076701586,1.4636454789162618,-0.08551562753217516,-0.13147607777065828,3.313470275249659,-0.1009220386433133,1.5959519817981571,0,0.0035541,1,Shared Control,0.01,Good Visuals,0.5255401549604823,0.26555116999760847,0.0,4.970819041335857,0.989812907909309,0.2668490270055364,1.495320623788683,-0.1536480439852701,0.48727986651151234,0.02230997939033167,27.318341227846233,1.0287682988810294,2.710531048433354,-0.029106933575762634
3055,12.4551996,-0.18755308141931062,1.446566265663122,-0.08663104277599733,-0.14938571613503515,3.323205855169198,-0.09523192150397378,1.5966918060369113,0,0.0035645000000000004,1,Shared Control,0.01,Good Visuals,0.5547180627470675,0.2680288976937651,0.0,4.965126259882169,0.9897022870102802,0.26965518981403325,1.4981267865971797,-0.11610155372886405,0.768222407056733,0.022708774944248812,27.289468951566647,1.0291069335757626,2.733434126692104,-0.02937851609400764
3056,12.459064600000001,-0.18158405537749003,1.4313025162071136,-0.08635213387351626,-0.16538928982979773,3.295974343361897,-0.08905932644205991,1.5973881345229928,0,0.0038650000000000004,1,Shared Control,0.01,Good Visuals,0.5775749548832481,0.27008378805558325,0.0,4.960585198154847,0.9896146044798786,0.273564908555789,1.5020365053389355,-0.0892510181982145,0.999953641207135,0.023219622901311975,27.266565873307897,1.0293785160940077,2.752492535150688,-0.029603751619301896
3057,12.462758000000001,-0.1759291886010284,1.4399136558817578,-0.0868698621589685,-0.15747447864123498,3.32391597694231,-0.08315846421847202,1.5979500327938483,0,0.0036934000000000003,1,Shared Control,0.01,Good Visuals,0.5916909898578797,0.27149719607617057,0.0,4.9568132567904115,0.989541632894828,0.27719934752102077,1.5056709443041671,-0.07042744753932574,1.0578452615862073,0.023322311423242117,27.247507464849313,1.029603751619302,2.765232528860799,-0.029758674579615178
3058,12.466133600000003,-0.1713738792533232,1.4663266661668124,-0.08821541503485118,-0.1316233666270359,3.3729373580433624,-0.07776368354577838,1.5983745881029114,0,0.0033756000000000003,1,Shared Control,0.01,Good Visuals,0.5861952695858859,0.27319986385218836,0.0,4.954254252147944,0.9894929447984128,0.2806007626372756,1.509072359420422,-0.0812261838760218,0.9558027134219973,0.02358492399968338,27.2347674711392,1.0297586745796152,2.781641339960742,-0.029945303159932064
3059,12.469704700000001,-0.16556193284418208,1.4790901510632442,-0.0877982492984037,-0.11928443703966729,3.3551413720614733,-0.07205506368313196,1.598730680151765,0,0.0035711000000000002,1,Shared Control,0.01,Good Visuals,0.5669928101034843,0.2755189792146416,0.0,4.951070116312324,0.9894299793695874,0.2832127409307291,1.5116843377138756,-0.11174014768757287,0.7581059654767266,0.024100439377185635,27.218358660039257,1.0299453031599322,2.8041382768404546,-0.030199500258028315
3060,12.474160700000002,-0.15503759745465628,1.5262877852347934,-0.08298253377152433,-0.07244289491697153,3.479967451479132,-0.06493037477000949,1.5990399987342743,0,0.004456,1,Shared Control,0.01,Good Visuals,0.5274490396578924,0.2816361168861958,0.0,4.940795604128236,0.9892261267675562,0.2859564374443306,1.5144280342274772,-0.1670604342971757,0.20581349212119981,0.024351146366884516,27.16524892631035,1.0305458216470975,2.8623318788848593,-0.03086999671971337
3061,12.479882400000001,-0.15063936773963058,1.5267094957920009,-0.08570899296962109,-0.07233050294227339,3.4565038283074174,-0.055780525799904945,1.5992156677243294,0,0.005721700000000001,1,Shared Control,0.01,Good Visuals,0.481202943707733,0.2855754222285769,0.0,4.935354109618919,0.9891205302324654,0.28446859803577057,1.5129401948189172,-0.2263680428839174,-0.49067983924544034,0.023370878580789713,27.13766812111514,1.0308699967197135,2.9003849891849596,-0.031301782047326
3062,12.4831757,-0.14624113802460487,1.4944780090602923,-0.09046061222469992,-0.10473765866403717,3.327299850930906,-0.050513826825769846,1.5992029744128249,0,0.0032933000000000003,1,Shared Control,0.01,Good Visuals,0.49390529570145103,0.290073523717151,0.0,4.9279807856391535,0.9889745305347476,0.28362694695880947,1.512098543741956,-0.212512884855586,-0.23560481397450328,0.024476381856085673,27.09961501081504,1.031301782047326,2.9430961517632115,-0.03179481674661256
3063,12.4866554,-0.14027211198278425,1.4594479894981562,-0.0897582851570144,-0.13975498491466865,3.208059819558197,-0.04494923470352124,1.5990985617206372,0,0.0034797,1,Shared Control,0.01,Good Visuals,0.5485987856173802,0.29305999521633613,0.0,4.919633425564977,0.988810856960994,0.2854384104580299,1.5139100072411766,-0.14035170979283842,0.5289407829066679,0.026240228545629494,27.05690384823679,1.0317948167466127,2.9693796571205984,-0.032122162423731865
3064,12.490910500000002,-0.13430308594096366,1.4699365180476494,-0.08935385123744241,-0.1291620436729879,3.251626524610045,-0.03814540412944652,1.5988429686321126,0,0.0042551,1,Shared Control,0.01,Good Visuals,0.5792755787120432,0.29536147083526626,0.0,4.914291011166427,0.9887106701172946,0.28847843592013533,1.516950032703282,-0.09399494975954342,0.7591523191672938,0.026304562618741173,27.030620342879402,1.0321221624237318,2.99022284079526,-0.03237442603818719
3065,12.4941189,-0.12990485622593795,1.4794626054119595,-0.09175945209649143,-0.11938036322015311,3.2330147563828495,-0.03301611417907094,1.5985565702640927,0,0.0032084,1,Shared Control,0.01,Good Visuals,0.5664315549238486,0.29784043220260514,0.0,4.910117907440933,0.9886310732846854,0.29040997694248066,1.5188815737256274,-0.11381940823293078,0.5413511833927451,0.026391684926286567,27.00977715920474,1.0323744260381873,3.013572202490552,-0.03264614377852576
3066,12.497749000000002,-0.12393583018411733,1.4689036194786764,-0.09091971600504639,-0.12965295078541628,3.1498992454978376,-0.02721392808654938,1.5981347582336909,0,0.0036301000000000003,1,Shared Control,0.01,Good Visuals,0.5681418518235173,0.30028979404932493,0.0,4.905537001788135,0.9885416756752718,0.2925254638430873,1.520997060626234,-0.11414216346800192,0.6191789792795905,0.02732967487109325,26.98642779750945,1.0326461437785257,3.0363393523467894,-0.03291461712991834
3067,12.501143600000002,-0.11938052083641214,1.472650583613337,-0.09216659274986276,-0.12548417462035388,3.1522995181028697,-0.021789703817381916,1.597645802359596,0,0.0033946000000000002,1,Shared Control,0.01,Good Visuals,0.5737572458060111,0.30257018832987703,0.0,4.901040286618832,0.9884545939061735,0.294611465647855,1.5230830624310017,-0.10231510741559488,0.5810913713208858,0.02730226279417849,26.96366064765321,1.0329146171299184,3.057366083935126,-0.03316457002920768
3068,12.504735200000002,-0.11341149479459152,1.4806289845917284,-0.0916217909772096,-0.11701681776786765,3.149470358395265,-0.016052677034851373,1.597028369395806,0,0.0035916000000000003,1,Shared Control,0.01,Good Visuals,0.5753531851940741,0.3048369831563811,0.0,4.896870419555817,0.9883742221778634,0.29672256443065953,1.5251941612138062,-0.10254976241268089,0.601589759148677,0.027886863326049054,26.942633916064874,1.0331645700292076,3.0784199975101187,-0.03341303229900499
3069,12.508339,-0.1077566280181299,1.484303781164238,-0.09170395098327852,-0.11272458823156817,3.148566505039783,-0.010298578738823491,1.5963047028240573,0,0.0036038000000000003,1,Shared Control,0.01,Good Visuals,0.5639259348017532,0.30815876134149867,0.0,4.892711053061258,0.9882937136071029,0.29852794720813725,1.526999543991284,-0.11769862774356303,0.40140133345436446,0.02792971035287711,26.921580002489883,1.033413032299005,3.1104253776179607,-0.033777130777608966
3070,12.512556700000001,-0.1017876019763093,1.4869421276383377,-0.09148902323748581,-0.10936257518571968,3.198097651694476,-0.003567861102472215,1.595324323320263,0,0.0042177000000000004,1,Shared Control,0.01,Good Visuals,0.5595030301568767,0.31084157850925476,0.0,4.8865054669386625,0.9881710289185727,0.2995772385886062,1.528048835371753,-0.12428115044556995,0.3055773138997502,0.028259375945128618,26.88957462238204,1.033777130777609,3.1344806324047587,-0.03407119305230538
3071,12.516156200000001,-0.09738937226128358,1.488974043747504,-0.09382151115881136,-0.10635027957275889,3.2681955040577,0.0021728284365461654,1.5943729944045484,0,0.0035995000000000003,1,Shared Control,0.01,Good Visuals,0.5546778116563971,0.3138531584716511,0.0,4.881666664577644,0.9880793000684868,0.3002942481686927,1.5287658449518395,-0.13394622998943742,0.20016459062743586,0.02843859239940998,26.86551936759524,1.0340711930523054,3.1627568076495582,-0.034401290855769616
3072,12.519672800000002,-0.09142034621946298,1.4886565028477756,-0.09359317465600914,-0.10571649155677276,3.3258149259544,0.0077778155776743255,1.5933408724028015,0,0.0035166000000000004,1,Shared Control,0.01,Good Visuals,0.5625552803632807,0.316730237182811,0.0,4.876112833462505,0.9879711286990205,0.3014866377508569,1.5299582345340037,-0.13062723446311583,0.3485398211581483,0.029446177609776202,26.837243192350442,1.0344012908557696,3.189142791691336,-0.03471664604301555
3073,12.524160000000002,-0.08089601082993716,1.5287204043662759,-0.08867382640761148,-0.06462046803652566,3.6010469666159506,0.014924229247235962,1.5918753748960102,0,0.0044872,1,Shared Control,0.01,Good Visuals,0.5401825123472986,0.3235151028436693,0.0,4.864340312521979,0.9877428583168641,0.3025331128213148,1.5310047096044617,-0.1709529991476866,-0.005311429764967457,0.029857707844810528,26.77752904612751,1.0351037118892739,3.252037134712259,-0.035460331842301816
3074,12.529904000000002,-0.07194247176720626,1.5230190998575694,-0.08686670101444223,-0.06885627503844072,3.69486058374408,0.024062001890472102,1.5897542336312165,0,0.005744,1,Shared Control,0.01,Good Visuals,0.5027040167076083,0.3321774075928449,0.0,4.850414101139134,0.9874728988450739,0.298974125247851,1.527445722030998,-0.22985959701950365,-0.49056072900634096,0.029972268554359204,26.70688705078712,1.0359349532070585,3.3327377938514564,-0.03640980281977685
3075,12.5361404,-0.06770132168486004,1.4926070455640565,-0.09176332357533214,-0.09714718806715994,3.638753026310374,0.03396835305311001,1.5871361829148416,0,0.0062364000000000005,1,Shared Control,0.01,Good Visuals,0.48863796292251777,0.33746109231884774,0.0,4.842530703621121,0.9873217233992382,0.29596379736775613,1.5244353941509032,-0.24522108778750207,-0.8392327516294555,0.028855155549120173,26.667262206148543,1.0364098028197768,3.382211390492114,-0.03698894491264137
3076,12.540795900000003,-0.05733406592801372,1.4333710144794163,-0.09130241898112373,-0.15376516843542531,3.4894048764525687,0.041352285115860275,1.5849656161193428,0,0.0046555,1,Shared Control,0.01,Good Visuals,0.5955446682655804,0.34395453368084683,0.0,4.8254658490370215,0.9869956002707514,0.2976980253101277,1.5261696220932748,-0.10690499370352409,0.6114555763553575,0.03268970032404046,26.58171341435836,1.037440728746588,3.437786433036369,-0.03770068783737982
3077,12.546532000000003,-0.05152211951887261,1.4394718009399243,-0.09287440463473288,-0.1454938151794185,3.4645159868461968,0.050435535520244386,1.58203431464447,0,0.0057361,1,Shared Control,0.01,Good Visuals,0.5919564374052925,0.34617769208645405,0.0,4.821364264631922,0.9869219329667722,0.29882655737145125,1.5272981541545985,-0.10467504640235302,0.3290756579353751,0.03140388094458571,26.56221356696363,1.0377006878373798,3.4579365021750683,-0.03794436714047229
3078,12.550150900000002,-0.046966810171167404,1.4550221308960598,-0.09740234569141179,-0.12701218374841017,3.4373468536540215,0.05615718123407051,1.580037685234114,0,0.0036189000000000004,1,Shared Control,0.01,Good Visuals,0.5909873421964769,0.3485988378929475,0.0,4.8173387930545815,0.9868451775126774,0.30001697008928946,1.5284885668724366,-0.10684231892024142,0.3316374753693285,0.0321510470503553,26.54206349782493,1.0379443671404722,3.480158559771196,-0.03820974774552659
3079,12.553752600000003,-0.0409977841293468,1.472206769429881,-0.0971549653634173,-0.10783091580423299,3.4183115485355047,0.06184425323026214,1.5779364429124256,0,0.0036017,1,Shared Control,0.01,Good Visuals,0.5941211077846427,0.35101284176574465,0.0,4.81292831887075,0.9867604522906824,0.30175438956522505,1.5302259863483723,-0.10626714378443475,0.5084485311918314,0.03395434451607329,26.519841440228802,1.0382097477455265,3.502009307927764,-0.038474345526729264
3080,12.5580496,-0.03377212102609027,1.5009354016144005,-0.09561637425635242,-0.0770010412980251,3.4833638303717485,0.06861899639057209,1.5752795120280407,0,0.0042970000000000005,1,Shared Control,0.01,Good Visuals,0.5735698744588116,0.3554143111499295,0.0,4.8085608525579095,0.986677249165001,0.30286351328084327,1.5313351100639905,-0.1323244731748077,0.22209125262679486,0.034102640483865604,26.497990692072236,1.0384743455267293,3.5443820186389536,-0.03895678842842077
3081,12.5622839,-0.029373891311064562,1.5040123077650116,-0.09799288770163665,-0.07126720426302913,3.491682435599416,0.07528337518924512,1.5725003687769443,0,0.0042343,1,Shared Control,0.01,Good Visuals,0.534955046887262,0.3597684787664276,0.0,4.800353072463418,0.9865151128796092,0.30177885499124396,1.5302504517743911,-0.18512123830909485,-0.30407285739095613,0.033983427790975344,26.455617981361048,1.0389567884284208,3.5834648031577307,-0.039434046606542476
3082,12.565673500000003,-0.023404865269243957,1.48047927346289,-0.09868824045848908,-0.09202109531405434,3.4540970992662507,0.0806095845208977,1.570159571061702,0,0.0033896000000000004,1,Shared Control,0.01,Good Visuals,0.5399274268782591,0.3639854898318217,0.0,4.79250951792166,0.9863664585479447,0.3011900749178087,1.529661671700956,-0.18136741019260394,-0.17118685626425645,0.03525475213834719,26.41653519684227,1.0394340466065424,3.6212932856168782,-0.03989627112232898
3083,12.569161700000002,-0.01900663555421825,1.4717753188971268,-0.09961622007511595,-0.09838425216457525,3.4929616565407247,0.08608225659983923,1.567642142468328,0,0.0034882000000000003,1,Shared Control,0.01,Good Visuals,0.5629682801504161,0.36761562776291223,0.0,4.784916543727485,0.9862226199276161,0.30138501540690066,1.5298566121900479,-0.14998790274515875,0.05464650830934836,0.03592108754392375,26.37870671438312,1.039896271122329,3.6531614478065677,-0.04029416876153749
3084,12.574173000000002,-0.00863937979737193,1.461061996840031,-0.09472163639721116,-0.1065801456282971,3.483228530386188,0.09392872902371385,1.5638312947339386,0,0.005011300000000001,1,Shared Control,0.01,Good Visuals,0.5748695723536584,0.3742150804463076,0.0,4.772375797943637,0.9859872945388389,0.30232325848566743,1.5307948552688144,-0.13737936643821186,0.10929988227679033,0.03683212879979557,26.31671031849525,1.0406655498223443,3.711826912728416,-0.041017531535249646
3085,12.579519700000002,-0.0028274333882308137,1.4684602545248278,-0.09675616241194467,-0.0953710402091108,3.4924091800170594,0.10227863287886149,1.5595106076725984,0,0.0053467,1,Shared Control,0.01,Good Visuals,0.5565773961004078,0.37772043497606156,0.0,4.766622401297783,0.9858789509289247,0.30126036594263533,1.5297319627257824,-0.15628077547062758,-0.30794198140923257,0.035446264784388275,26.288173087271584,1.0410175315352497,3.743574100568181,-0.0414017517270039
3086,12.5831646,0.0014137166941154068,1.4719917251159065,-0.10086491618474608,-0.08751888255669193,3.4650863077724097,0.10795728550842092,1.5564130064712332,0,0.0036449000000000004,1,Shared Control,0.01,Good Visuals,0.5545996855296934,0.3815576922002003,0.0,4.760284880944729,0.9857582370470934,0.300268679363425,1.528740276146572,-0.1613531494406644,-0.27730952132500697,0.0365467797528542,26.256425899431818,1.041401751727004,3.778232899254695,-0.04182235161039785
3087,12.586642100000002,0.007068583470577034,1.4610918246152487,-0.10088870203784388,-0.09532118185598448,3.3890930125254557,0.1133644045295774,1.5533417655534438,0,0.0034775,1,Shared Control,0.01,Good Visuals,0.5657079303824979,0.38510068201030845,0.0,4.7533574359418855,0.9856265127037364,0.30020991166437155,1.5286815084475185,-0.14893710273368693,-0.017136937291414966,0.03848578464341835,26.221767100745303,1.041822351610398,3.809344916124787,-0.04221069698678369
3088,12.5910705,0.013037609512397642,1.4528394978147443,-0.10032679501717975,-0.10050226773869952,3.3592549121300777,0.12023426639473389,1.5492656716121516,0,0.0044284,1,Shared Control,0.01,Good Visuals,0.5728634304557266,0.38939142172912866,0.0,4.747048733113923,0.985508608185328,0.3002482790635041,1.5287198758466511,-0.1353679781406131,0.008386866708761431,0.03885230796190847,26.190655083875214,1.0422106969867837,3.8485457897256112,-0.04268100286413197
3089,12.594579,0.018849555921538756,1.458994910110668,-0.10138471047319514,-0.0902707615014835,3.412006913822052,0.1256640022303458,1.5459040734307292,0,0.0035085000000000003,1,Shared Control,0.01,Good Visuals,0.5745057755941001,0.3924814066540912,0.0,4.739261412065593,0.9853595306967639,0.3000729964094068,1.5285445931925539,-0.13087102511082677,-0.05110579453532793,0.03906639334926649,26.151454210274387,1.042681002864132,3.8741856255870912,-0.043019694597110594
3090,12.598150500000003,0.023090706003884978,1.4645891700060578,-0.10257329622646082,-0.0813149034246714,3.4568694782504643,0.13117890834107915,1.5423611810566458,0,0.0035715,1,Shared Control,0.01,Good Visuals,0.5688862086130835,0.3960151214233016,0.0,4.733906798406279,0.9852629685428214,0.2996602826608964,1.5281318794440435,-0.1419684644147189,-0.11554459769602765,0.0397916137797374,26.125814374412908,1.0430196945971106,3.9062253275508234,-0.043407023340810064
3091,12.6016948,0.029059732045705583,1.4643720665743227,-0.10211917629537356,-0.07798911448232304,3.480357903637878,0.1366390890291711,1.538723854572863,0,0.0035443000000000002,1,Shared Control,0.01,Good Visuals,0.5650238812098104,0.39962850250589854,0.0,4.727519073724138,0.9851412652622773,0.29918280038537326,1.5276543971685204,-0.15020969824288627,-0.14011863589023044,0.04062057635991016,26.093774672449175,1.0434070233408101,3.9382056760160067,-0.04380308427006906
3092,12.605228700000001,0.03345796176073129,1.4668834360601288,-0.10318112726843981,-0.07184041851273415,3.525994202554772,0.14207019872707596,1.534975988928707,0,0.0035339000000000004,1,Shared Control,0.01,Good Visuals,0.5589320676078744,0.40370361102256486,0.0,4.721064542776068,0.985020098922909,0.29819675154745784,1.526668348330605,-0.15882088149119863,-0.27024661877255873,0.04080973350005599,26.061794323983992,1.043803084270069,3.9747982131312436,-0.04424975491704719
3093,12.6090008,0.03911282853719292,1.4499785993275585,-0.10295737018988305,-0.08499738960114844,3.484188516018171,0.14785252676743887,1.5308410687303544,0,0.0037721,1,Shared Control,0.01,Good Visuals,0.5571227799572254,0.40828967141557027,0.0,4.713735044439894,0.9848812951253365,0.29711790887224515,1.5255895056553923,-0.16414041853644132,-0.27454960560189967,0.04165459366764798,26.025201786868756,1.0442497549170473,4.015839120653481,-0.04475243074873284
3094,12.612725900000001,0.04508185457901353,1.444997755631936,-0.10277067218842534,-0.08584331309841842,3.488492017174202,0.1535472443129645,1.5266205283124281,0,0.0037251000000000003,1,Shared Control,0.01,Good Visuals,0.568165186883067,0.4118414054768175,0.0,4.705501616379738,0.9847257125086387,0.296394148674967,1.5248657454581143,-0.14671829868296324,-0.21170006940392305,0.04203643084463858,25.98416087934652,1.0447524307487328,4.045454141591657,-0.04514173457819979
3095,12.616143000000001,0.04932300466135975,1.4655630672377504,-0.10422423965160474,-0.06105746107467769,3.5568587122654822,0.15875707141475642,1.5226283245781604,0,0.0034171,1,Shared Control,0.01,Good Visuals,0.5674767223490195,0.41556987762801006,0.0,4.6993384193457715,0.9846143060095793,0.2954061458972788,1.523877742680426,-0.14732951698870544,-0.27590906690725525,0.04232521807587837,25.954545858408345,1.0451417345781997,4.0785053069120165,-0.04555041058307229
3096,12.619664500000003,0.05513495107050087,1.470071876477912,-0.10362212034425555,-0.05255644810024851,3.532840371273146,0.16411158535273285,1.5183926196295832,0,0.0035215000000000003,1,Shared Control,0.01,Good Visuals,0.5492011732960288,0.4199170254384732,0.0,4.692677670825349,0.9844892019121777,0.29391348593140315,1.5223850827145502,-0.17563766115528437,-0.433660652491481,0.04331245451788977,25.921494693087983,1.0455504105830722,4.117400806002142,-0.046026899323695476
3097,12.6242515,0.06534512719466769,1.495218931145116,-0.09876645815806516,-0.023173688484467103,3.625470318732067,0.17106345204617068,1.5126890805425004,0,0.004587,1,Shared Control,0.01,Good Visuals,0.5191724817297423,0.4298655762968157,0.0,4.675139900550611,0.9841572451887839,0.28890748725281684,1.5173790840359638,-0.21336631579676696,-0.8479474504711018,0.04387887171545243,25.833872644859753,1.0466200375280978,4.204147828921846,-0.04711735510670513
3098,12.6300345,0.06942919764433443,1.4711169410415486,-0.10163425440183625,-0.041572139500951844,3.531373654320616,0.17978982938173366,1.5051957394032722,0,0.005783,1,Shared Control,0.01,Good Visuals,0.48377147250874114,0.4362498155688192,0.0,4.667254844564671,0.9840143577187638,0.2838861216401083,1.5123577184232553,-0.2586152774294131,-1.3919625250065248,0.04245630045491201,25.795852171078153,1.0471173551067052,4.262492031891861,-0.04781712844388777
3099,12.633790600000001,0.07524114405347554,1.4316429455678432,-0.10454868532825812,-0.07355279383542901,3.418742587706141,0.18543405745750702,1.5001464783454894,0,0.0037561,1,Shared Control,0.01,Good Visuals,0.5140756741237912,0.441396732648966,0.0,4.65568713118258,0.9837930957796702,0.2806601745710118,1.5091317713541588,-0.214997516138287,-0.947275603904421,0.04433792473827552,25.73750796810814,1.0478171284438877,4.304841251472841,-0.04838127950213067
3100,12.6371207,0.07963937376850125,1.4180272219716765,-0.10579468368900577,-0.0821192563738129,3.4041084450906,0.19042207179942444,1.4955489739198362,0,0.0033301000000000003,1,Shared Control,0.01,Good Visuals,0.5581683972311074,0.4453505029881047,0.0,4.646823960689752,0.9836344401957348,0.2791960848984132,1.5076676816815602,-0.15241581769698975,-0.4064093470086334,0.046147448106638025,25.69515874852716,1.0483812795021308,4.337267846892473,-0.04881465033094745
3101,12.641401300000002,0.08670795723907829,1.405495228203005,-0.10371411456034615,-0.09005374571683111,3.320520734352558,0.1968109782097277,1.4894712657212752,0,0.0042806,1,Shared Control,0.01,Good Visuals,0.5716556010177263,0.45020336654354476,0.0,4.640027479386384,0.9835130649515283,0.27794801553725257,1.5064196123203997,-0.13412032126586593,-0.2509438747683923,0.047115715594366156,25.662732153107527,1.0488146503309475,4.380595055395758,-0.049346570326486185
3102,12.6456029,0.09236282401553991,1.4056139885144106,-0.10444815419418779,-0.08385727720686464,3.2392480051908197,0.2030562842050888,1.483320836297368,0,0.004201600000000001,1,Shared Control,0.01,Good Visuals,0.5688896701880433,0.4534197291054531,0.0,4.631340494907561,0.9833493412887468,0.27648452836379406,1.5049561251469412,-0.13067311296681447,-0.42367112684436314,0.04669244353315071,25.61940494460424,1.0493465703264861,4.405471755934265,-0.049699114250302746
3103,12.6491447,0.09660397409788612,1.4234687007495288,-0.10645231010720269,-0.05985213554783919,3.1904188627433303,0.20830051377520553,1.4779930686722544,0,0.0035418000000000003,1,Shared Control,0.01,Good Visuals,0.5656264363064563,0.45675073920470854,0.0,4.62596189613278,0.9832570008127174,0.27479042261370223,1.5032620193968493,-0.13024239139642452,-0.47576548811834307,0.047358853780293225,25.594528244065735,1.0496991142503027,4.434444268946972,-0.050064224634490076
3104,12.6528062,0.10225884087434776,1.4294958588047104,-0.10604167290085777,-0.04849720986754402,3.0842509664828417,0.21370189147296692,1.4723467492207933,0,0.0036615000000000003,1,Shared Control,0.01,Good Visuals,0.550661341052554,0.4604570338146336,0.0,4.620076711951877,0.9831479136739325,0.27280817456149403,1.501279771344641,-0.14771789276242864,-0.5800626378158853,0.04862217133151369,25.565555731053028,1.05006422463449,4.466714317552224,-0.050470469769935224
3105,12.6576062,0.1123119373658351,1.4283546822489182,-0.10138995410713182,-0.04399206697187519,2.9235355857640957,0.2207509738667038,1.4647302241433542,0,0.0048000000000000004,1,Shared Control,0.01,Good Visuals,0.5371845282768457,0.46846269956158976,0.0,4.606015233799674,0.9828869059154492,0.2674834360367165,1.4959550328198634,-0.15263964175005706,-0.7459828671090492,0.04981692088153518,25.496223881963566,1.0509357413656573,4.5349499621757365,-0.0513479668682478
3106,12.663128200000003,0.12063715789784804,1.4596640142183075,-0.10011381596885577,-0.005066209925046694,2.8780516269321272,0.22881433459777556,1.4556648990223036,0,0.005522,1,Shared Control,0.01,Good Visuals,0.49663772694904396,0.4765600681051269,0.0,4.592736260454977,0.982645736890097,0.25972962469539246,1.4882012214785394,-0.19897061591552967,-1.3031382889255205,0.04929060599492155,25.431855596721856,1.0517725161179188,4.604538908654983,-0.05223551546514281
3107,12.668956700000003,0.1291194580625405,1.4341044329821755,-0.09969487653523507,-0.021560466040128068,2.6159390078392204,0.23726993677266547,1.4457418538621718,0,0.0058285,1,Shared Control,0.01,Good Visuals,0.48195701969328314,0.4859536249359797,0.0,4.576500459582583,0.9823456965516718,0.24990756480441934,1.4783791615875663,-0.20508928431943035,-1.4518411804367748,0.05005044476681788,25.35198855356932,1.0527825133953417,4.6840849012990855,-0.05326513862484588
3108,12.6756736,0.13477432483900212,1.409980417871708,-0.10249561193366336,-0.035761435990463886,2.4595104296587147,0.24694117936102913,1.4338509854099464,0,0.0067169000000000005,1,Shared Control,0.01,Good Visuals,0.4766779898597153,0.4922903708697531,0.0,4.56895151999892,0.9822112443457464,0.24235874374603106,1.470830340529178,-0.20156135387309582,-1.6584254708880621,0.04844708663984243,25.315915098700913,1.053265138624846,4.74085148578346,-0.05395970624050536
3109,12.6795538,0.14027211198278425,1.3911478963652562,-0.10666906737824489,-0.04270308904469022,2.343038820547296,0.2524911002822758,1.4267581265456526,0,0.0038802000000000003,1,Shared Control,0.01,Good Visuals,0.502252706915834,0.49617155062085394,0.0,4.557610452262088,0.9819973298984862,0.23799919690687737,1.4664707936900243,-0.15947346015017777,-1.2702272192400255,0.050457602811345426,25.25914851421654,1.0539597062405053,4.768899498094886,-0.054385120450549725
3110,12.6832685,0.1445132620651305,1.3882005038958163,-0.1079778382171453,-0.03855762264983631,2.279129448426456,0.2577782266666996,1.419813333765318,0,0.0037147,1,Shared Control,0.01,Good Visuals,0.5274162248431563,0.4993517040731328,0.0,4.551331466669045,0.9818948207804985,0.23485853281987437,1.4633301296030212,-0.1210860707208692,-0.8812683335212439,0.052926156564344115,25.231100501905114,1.0543851204505497,4.794782371726458,-0.05473369551160875
3111,12.6866734,0.14985396957623312,1.3861180041095595,-0.10792425709046646,-0.0336953296557585,2.1940670446092017,0.2626015212601407,1.4133144151091304,0,0.0034049,1,Shared Control,0.01,Good Visuals,0.5287123276827124,0.5023037188129552,0.0,4.545900495037859,0.9817985881044579,0.23198120163276506,1.460452798415912,-0.11542955806162085,-0.8393614898218518,0.05391891751586454,25.20521762827354,1.0547336955116087,4.819154473955665,-0.05505726440022429
3112,12.690938900000003,0.15550883635269477,1.3973374314684202,-0.10709268490744592,-0.015976983640710207,2.1683039193857194,0.26861233617798846,1.4049921459487913,0,0.0042655,1,Shared Control,0.01,Good Visuals,0.5231442113254754,0.5057765141107993,0.0,4.5408257215224435,0.9817078239277941,0.22824331091028294,1.4567149076934298,-0.1167058640428337,-0.9370025876070684,0.05421075568666676,25.180845526044337,1.0550572644002243,4.849095891458625,-0.055437915790528765
3113,12.694033700000002,0.159435827169682,1.3953733790965366,-0.10917650900830647,-0.009618766852254712,2.0871107410762177,0.27295099439330045,1.3988276529636636,0,0.0030948,1,Shared Control,0.01,Good Visuals,0.5013194352073561,0.5095360158505614,0.0,4.534730800710539,0.9815956991287997,0.2238765608650583,1.4523481576482051,-0.14193280717553772,-1.22153688184643,0.0541649648592542,25.150904108541376,1.0554379157905287,4.880844281746613,-0.05584999293339432
3114,12.697689500000003,0.16493361431346412,1.36955940256942,-0.10801738007983633,-0.029268250394243633,1.9395858141085731,0.2780513120914854,1.3914082860698562,0,0.0036558000000000003,1,Shared Control,0.01,Good Visuals,0.5038136520351093,0.5130180755484026,0.0,4.528199851550812,0.981477178506212,0.22000746063968468,1.4484790574228315,-0.1338770956809638,-1.123366885016443,0.055629363424565405,25.11915571825339,1.0558499929333944,4.909284292921707,-0.05623165979004126
3115,12.7011961,0.16901768476313087,1.3553420764988293,-0.10903362732835456,-0.03606620957102691,1.8648220202933874,0.28291774104764733,1.384151355845247,0,0.0035066000000000003,1,Shared Control,0.01,Good Visuals,0.517204396248756,0.5158708473352784,0.0,4.522247880974417,0.9813715438199571,0.21619147654280252,1.4446630733259493,-0.10611243443819401,-1.0599661389634099,0.055414868454338,25.090715707078292,1.0562316597900412,4.931914423567298,-0.05654435070723116
3116,12.704805500000003,0.174515471906913,1.3533014215160082,-0.10840226914073434,-0.03084993432923877,1.8161663751481865,0.28790000047206055,1.3765376173275483,0,0.0036094,1,Shared Control,0.01,Good Visuals,0.5279440978122074,0.5181074526249708,0.0,4.517439028637302,0.9812878787693495,0.21302794310474588,1.4414995398878927,-0.08711055906869572,-0.9281579151674224,0.056247269717917235,25.0680855764327,1.0565443507072312,4.949472987497327,-0.05678950391669683
3117,12.7087228,0.17969909978533616,1.3690627135836153,-0.10820090068672439,-0.0074749037439330035,1.8345362180854352,0.2932758579296476,1.3681084215379076,0,0.0039173,1,Shared Control,0.01,Good Visuals,0.519564655455242,0.520906617351411,0.0,4.513687688770216,0.9812230871189931,0.20871690356624745,1.4371885003493943,-0.09360823962050585,-1.0802444468523644,0.05616402352327235,25.050527012502673,1.0567895039166968,4.973763275476492,-0.05709631899026944
3118,12.7122204,0.1839402498676824,1.3704229856778376,-0.10933560806196521,0.002314564139930031,1.7992781676267136,0.29804757649587277,1.3604358487087267,0,0.0034976,1,Shared Control,0.01,Good Visuals,0.4951861288838174,0.5242392370532774,0.0,4.508763394540417,0.9811321807540205,0.2038629762259862,1.432334573009133,-0.12482269042438596,-1.360977804643558,0.05636256517109756,25.026236724523507,1.0570963189902693,5.002168141681429,-0.05746160580220997
3119,12.715653200000002,0.18912387774610553,1.3510486962081394,-0.10892369874976723,-0.009387152500587304,1.7156653375589508,0.3027045623406557,1.3527706216018194,0,0.0034328,1,Shared Control,0.01,Good Visuals,0.4900624220617147,0.5275775032972562,0.0,4.502952686474682,0.9810261677704705,0.19912442485365922,1.427596021636806,-0.12848718832142766,-1.3793704690498592,0.057318015753160804,24.99783185831857,1.05746160580221,5.029651093577336,-0.05782751152886362
3120,12.7191707,0.19320794819577225,1.3393238430909098,-0.10949661414488343,-0.013446778510909585,1.6825399134091783,0.3074489160837931,1.3447773325961974,0,0.0035175000000000002,1,Shared Control,0.01,Good Visuals,0.4990629720926024,0.5305448302733763,0.0,4.497229650057794,0.9809241386682549,0.19438571645504596,1.4228573132381928,-0.1101151003037999,-1.3249569127955407,0.05746569303630466,24.970348906422664,1.0578275115288636,5.0534416997104215,-0.058152758784194014
3121,12.7241988,0.20373228358529805,1.3342403792578943,-0.10371663249849505,-0.010536953338303068,1.6223134062955844,0.31418137052286393,1.333106350626174,0,0.005028100000000001,1,Shared Control,0.01,Good Visuals,0.5044947927941179,0.5359669610497804,0.0,4.487602703181836,0.980755158502454,0.1848931938322187,1.4133647906153655,-0.09471781269920693,-1.3085061765869117,0.058071632495207,24.92465317076789,1.0584498434646452,5.097674149783233,-0.058747075880779626
3122,12.7299343,0.2078163540349648,1.3511843229850917,-0.10636501648789914,0.018077972358917727,1.6372402989741943,0.321788391163331,1.319440215734286,0,0.0057355,1,Shared Control,0.01,Good Visuals,0.4752903857952922,0.538773816132238,0.0,4.482955874933428,0.9806723514936404,0.17944691206800129,1.407918508851148,-0.12902349156925652,-1.7980461420328169,0.055588688330535284,24.902325850216766,1.0587470758807795,5.120875713530333,-0.05905473389050567
3123,12.7332824,0.21158626521927257,1.3385328807336427,-0.11020212594405845,0.0190926649993568,1.5287265380278299,0.32619239779677,1.311288064728925,0,0.0033481,1,Shared Control,0.01,Good Visuals,0.4585901823804968,0.5427504300334103,0.0,4.478137734953687,0.9805862782056313,0.17271239601349228,1.4011839927966392,-0.1509413429567064,-1.8813599437113133,0.05730668583615383,24.87912428646967,1.0590547338905056,5.155600392091362,-0.05949060859095952
3124,12.736701200000002,0.2169269727303752,1.3107633150377211,-0.1092654250663948,-0.0005247496912037519,1.4048539378070324,0.3306610106945295,1.3028306550714066,0,0.0034188,1,Shared Control,0.01,Good Visuals,0.4740082920682803,0.5459771277402681,0.0,4.471128072404609,0.9804564674181596,0.16732049444251046,1.3957920912256574,-0.12412161727561956,-1.580229644788198,0.05981225124673377,24.844399607908638,1.0594906085909594,5.180358349476213,-0.059844285344947915
3125,12.741075900000002,0.22588051179310611,1.329098803351127,-0.10478049890142341,0.02626814827972046,1.4500970560346331,0.3363364827560704,1.2918119603482945,0,0.0043747000000000005,1,Shared Control,0.01,Good Visuals,0.4715630307279977,0.5514890647410875,0.0,4.460915887304274,0.9802807850058416,0.15629461336569334,1.3847662101488403,-0.11693585539136377,-1.7025873300083587,0.059578789059851214,24.79659160574961,1.0601600846961898,5.224432849685185,-0.06044844605777055
3126,12.746999900000002,0.2337344934270806,1.317430251194508,-0.10260198932898981,0.025618290846213476,1.3656941453524742,0.343944137017494,1.2765384065538221,0,0.0059240000000000004,1,Shared Control,0.01,Good Visuals,0.44128411930222966,0.5581993557584048,0.0,4.45052308559339,0.9800943883645378,0.14366213365140426,1.3721337304345513,-0.15071626128120827,-2.0732200331019977,0.05902544954041325,24.746319641459593,1.0608219892645887,5.280144759101375,-0.061183957766933236
3127,12.7529976,0.23766148424406783,1.3073381614676673,-0.10628265277342616,0.030799754913845234,1.3102050078683911,0.35155302488052276,1.2606606254960122,0,0.005997700000000001,1,Shared Control,0.01,Good Visuals,0.43095423396772553,0.5616635624656459,0.0,4.444943832445158,0.9799969032860903,0.13668384149241247,1.3651554382755595,-0.15959246231233604,-2.283397846599195,0.057272364342972844,24.719855240898625,1.0611839577669333,5.308591933183296,-0.06156366776603165
3128,12.757464800000001,0.24645794367411925,1.2437614372909023,-0.10509508120640351,-0.01689918820510994,1.059075568221653,0.35715771354746545,1.2485632075037192,0,0.0044672,1,Shared Control,0.01,Good Visuals,0.47538014211543683,0.5676693068977131,0.0,4.432360285242168,0.9797726325646536,0.12407555085983824,1.3525471476429853,-0.08744357582073713,-1.5560164836202643,0.06236761540512852,24.659219539780807,1.0619891528471412,5.354478224082473,-0.0622219544693392
3129,12.7629986,0.2503849344911065,1.2670163707471525,-0.10677277905635896,0.018453163243433268,1.1685253787194645,0.36402482245273904,1.2332556625053466,0,0.0055338,1,Shared Control,0.01,Good Visuals,0.48203387028612626,0.5692213860395761,0.0,4.429106675464441,0.9797242539355011,0.11893998795468753,1.3474115847378347,-0.06984864694709612,-1.6812004141652874,0.05965925190679796,24.645521775917526,1.0622219544693392,5.366297467774832,-0.0623920771032818
3130,12.766262400000002,0.25415484567541424,1.2889851421207668,-0.1098699767773248,0.055729479615420185,1.1874014502356023,0.36803495010147735,1.2240603004780797,0,0.0032638000000000003,1,Shared Control,0.01,Good Visuals,0.45455665536982337,0.5721366689660641,0.0,4.426548376324375,0.979681161395291,0.11204464834940069,1.3405162451325479,-0.1102229500531452,-1.925911126242731,0.060777349285758064,24.63370253222517,1.0623920771032818,5.392521654070318,-0.06271161983584293
3131,12.769675200000002,0.2591813939211579,1.279184218584139,-0.10885355618031944,0.05512391810605943,1.0922159327157828,0.37219582800915685,1.214312490772017,0,0.0034128,1,Shared Control,0.01,Good Visuals,0.4311809769163977,0.5757306685772495,0.0,4.421340948276783,0.9795829921997399,0.10505779957881649,1.3335293963619637,-0.1401264064191898,-2.063756836681197,0.06286064253275743,24.60747834592968,1.0627116198358428,5.422468963059131,-0.0631055563715209
3132,12.774223500000002,0.26766369408585033,1.2839337552113048,-0.10453213392330651,0.06962126443928773,1.1266665625037577,0.37768895361885024,1.2011105355818388,0,0.0045483,1,Shared Control,0.01,Good Visuals,0.40934912931386525,0.5834126999838591,0.0,4.40803732028184,0.9793451723975305,0.08941535591376372,1.3178869526969108,-0.15872667392401377,-2.3426710321480497,0.06271198822026977,24.543130577789334,1.0635612601892332,5.483780287812944,-0.06394758006842693
3133,12.7799644,0.2748893571891069,1.2379176186367702,-0.10279959642974335,0.03680708305493141,0.989205834436359,0.3845357731682493,1.1841028983194632,0,0.0057409,1,Shared Control,0.01,Good Visuals,0.40696740791702196,0.590690727182578,0.0,4.395496233156705,0.9791274505550619,0.07444343117055174,1.302915027953699,-0.15380570424772347,-2.377120212197301,0.06250104991259677,24.48375263107193,1.0643788472282654,5.541673267762716,-0.06474532106214055
3134,12.787112700000002,0.2824291795577224,1.206979944271834,-0.10210659361052687,0.022877045952370834,0.8725958573319361,0.39292284285944024,1.1623893910839118,0,0.007148300000000001,1,Shared Control,0.01,Good Visuals,0.4267501559762359,0.5967281426513976,0.0,4.38514169667524,0.9789524437766379,0.059360164058424335,1.2878317608415717,-0.11658583170566876,-2.17115360075665,0.06285014451939436,24.435661272481102,1.0650661215751596,5.589559396072616,-0.06540707921226203
3135,12.7925453,0.2871415685381071,1.1938551771045658,-0.10578127432133316,0.031465786020653974,0.8075059551492137,0.39919189081174145,1.1454899499766864,0,0.0054326,1,Shared Control,0.01,Good Visuals,0.42482014410984204,0.5993922237081902,0.0,4.379869598794017,0.978859819923532,0.051759539807942415,1.2802311365910897,-0.11266621459820969,-2.2725741517362597,0.06092987795767076,24.410440603927384,1.065407079212262,5.609790594587939,-0.0656990878310198
3136,12.796024000000003,0.29059732045705583,1.1908881835050535,-0.10859457035468562,0.04539823352836714,0.7826575576386264,0.40315761213291845,1.1344885488283876,0,0.0034787000000000004,1,Shared Control,0.01,Good Visuals,0.4320469142709392,0.6019332031379256,0.0,4.375492744133169,0.9787864179524559,0.04413873074431164,1.272610327527459,-0.09645858982531391,-2.116362315985108,0.06340447324214997,24.39020940541206,1.0656990878310197,5.629832306605545,-0.0659776033407777
3137,12.799720400000002,0.29546678907012003,1.188967869205503,-0.10769082306279842,0.05447932037711545,0.7557033461170395,0.407329294865971,1.1226448496123214,0,0.0036964000000000003,1,Shared Control,0.01,Good Visuals,0.4302615101317626,0.6043623988852973,0.0,4.371243977944036,0.9787132255005804,0.037138662948735676,1.265610259731883,-0.09480323613228395,-2.0483007448649486,0.06536667757698274,24.370167693394457,1.0659776033407777,5.648884902432726,-0.06624386629590573
3138,12.8031818,0.2987654613563893,1.1869039540074644,-0.10856383350958171,0.06425910439514304,0.735385959704095,0.41119581468557004,1.111410632341079,0,0.0034614000000000003,1,Shared Control,0.01,Good Visuals,0.4169908269054963,0.6072003022010599,0.0,4.367193595645355,0.9786437406904551,0.029184518720784314,1.2576561155039316,-0.10740559437486798,-2.2367605601505467,0.06508428416416495,24.351115097567273,1.0662438662959057,5.672214749085844,-0.06655492748726513
3139,12.8075546,0.30332077070409447,1.1637332917324437,-0.10787504398147557,0.0523226593913646,0.6276892457892569,0.41602440870940144,1.097020370623179,0,0.0043728000000000005,1,Shared Control,0.01,Good Visuals,0.4107126962072236,0.6105535656008528,0.0,4.362354754130163,0.9785579743412736,0.02013171105576614,1.2486033078389134,-0.11185556809302805,-2.258909987278715,0.06591999251512357,24.327785250914154,1.0665549274872652,5.699678155567919,-0.06692247704481627
3140,12.8106188,0.30819023931715867,1.1516890229630898,-0.10783416939224277,0.05466865233991092,0.5703812182356681,0.41937027527158177,1.0868050517659544,0,0.0030642,1,Shared Control,0.01,Good Visuals,0.4187781825491467,0.6129033180131644,0.0,4.356648614792049,0.9784571155003167,0.012599831249293732,1.241071428032441,-0.09186730274670707,-2.192112636128061,0.06586349274223872,24.30032184443208,1.0669224770448162,5.716059260078554,-0.06718003225492986
3141,12.8142308,0.3116459912361075,1.1689787697139902,-0.1077242840354743,0.08217371794803574,0.600143258456442,0.4232738625410579,1.0746246864046891,0,0.003612,1,Shared Control,0.01,Good Visuals,0.4159078302532746,0.6152668132919031,0.0,4.352939129865439,0.9783988253119652,0.0045343511424327364,1.2330059479255802,-0.08877222131426656,-2.2537458034652236,0.06609192021569922,24.283940739921448,1.0671800322549299,5.73499122531025,-0.06743909381389604
3142,12.817722700000001,0.3158871413184537,1.1702326316475107,-0.10738672122260423,0.09560794524282157,0.5396673730769375,0.4270055772527451,1.0627068574672018,0,0.0034919,1,Shared Control,0.01,Good Visuals,0.38809577359984426,0.6184101615993847,0.0,4.348961427454906,0.9783296226351583,-0.004109278846596185,1.2243623179365513,-0.12413098831057486,-2.527524998253968,0.0662791769526581,24.26500877468975,1.067439093813896,5.7613150062531355,-0.06778363468107496
3143,12.8212869,0.31934289323740245,1.1504768691347418,-0.10766268401534268,0.08777001166753995,0.43665206487498187,0.43077138496829603,1.0503982155758909,0,0.0035642,1,Shared Control,0.01,Good Visuals,0.3729135072926831,0.6221476676869809,0.0,4.343556799366426,0.9782326730052654,-0.014070571631183254,1.2144010251519641,-0.13721637491504923,-2.6934060092437457,0.06640903962489875,24.238684993746865,1.067783634681075,5.7917351847918495,-0.06819330089128843
3144,12.8254539,0.3248406803811846,1.1276934119303252,-0.10593070458711146,0.07729519635443438,0.33529365229111996,0.4351180974789624,1.0358238908181971,0,0.0041670000000000006,1,Shared Control,0.01,Good Visuals,0.38110708630295687,0.6258908933906749,0.0,4.337220491223637,0.9781212434345937,-0.025137847414772582,1.203333749368375,-0.1175104950012874,-2.5688266331474896,0.06698208775706585,24.20826481520815,1.0681933008912885,5.820993026597985,-0.06860359402581873
3145,12.829024400000002,0.3282964323001334,1.1147507066778237,-0.10682166517882902,0.07892681585962658,0.23218398555471093,0.43879397481837024,1.0231786257705764,0,0.0035705000000000003,1,Shared Control,0.01,Good Visuals,0.38318980206920156,0.6286070637919076,0.0,4.33099788726917,0.978014925376095,-0.03436853265757755,1.1941030641255699,-0.10477448101203504,-2.5956597612071777,0.06630106333153085,24.179006973402014,1.0686035940258187,5.84013857105954,-0.06890131213208744
3146,12.832828200000002,0.33253758238247955,1.1090389610998026,-0.10625639243589069,0.08586033532922621,0.12225699966141423,0.4426600696059774,1.0095480537190646,0,0.0038038000000000004,1,Shared Control,0.01,Good Visuals,0.38499842400916773,0.6309621388017002,0.0,4.3266939633495864,0.9779468363743475,-0.043093628748949134,1.1853779680341983,-0.09325014040340049,-2.538505161726917,0.06714885329742597,24.15986142894046,1.0689013121320874,5.858073374712136,-0.0691594507495019
3147,12.836160800000002,0.33567917503606937,1.098949992510286,-0.10698089456990806,0.08940193879122127,-0.008863596833067061,0.44600440128445645,0.9974716299551465,0,0.0033326000000000002,1,Shared Control,0.01,Good Visuals,0.3753668606729446,0.6334630338810545,0.0,4.3228283135578875,0.9778820537271072,-0.052571799885433035,1.1758997968977143,-0.09615112051250714,-2.660763330661922,0.06704376063270238,24.141926625287866,1.069159450749502,5.877979292200394,-0.06943357263326304
3148,12.840856600000002,0.3441614752007618,1.0569721962940237,-0.10184292608369466,0.05950056633887724,-0.3386036346588323,0.45064797504001297,0.9802433110956446,0,0.0046958,1,Shared Control,0.01,Good Visuals,0.38528467131523625,0.6374620232622166,0.0,4.314377071635928,0.9777367203346801,-0.07171469413535544,1.1567569026477917,-0.05799664685083568,-2.5254216194433123,0.0674721071263415,24.10195145354062,1.0697143704877583,5.90686090550387,-0.06987189989911056
3149,12.8470397,0.3474601474870311,1.066993108150004,-0.10318782755298189,0.08674979705435937,-0.39958358272213884,0.4566378422280543,0.9571821265761777,0,0.0061831,1,Shared Control,0.01,Good Visuals,0.38099650365189286,0.6388309221735146,0.0,4.312234626593983,0.9777064700282737,-0.08135270329731527,1.1471188934858318,-0.05384563107959606,-2.665599790347602,0.06492099771625637,24.09313909449613,1.0698718998991106,5.917682593396253,-0.07002194423777208
3150,12.8507405,0.35170129756937735,1.0746979645470665,-0.10493654465867697,0.11751583797088871,-0.4828286171411425,0.4601543116090343,0.9431759677542289,0,0.0037008,1,Shared Control,0.01,Good Visuals,0.35992184382292425,0.6406279201479793,0.0,4.309948963184979,0.9776671465780504,-0.09100864757132297,1.1374629492118242,-0.07443124626069772,-2.837313197581013,0.06591957503275302,24.082317406603746,1.070021944237772,5.932551412531392,-0.07021891230490204
3151,12.854188,0.3545287309576081,1.070136453399506,-0.10562558065142619,0.12696048564527707,-0.5816052913244096,0.46338322316689684,0.9299923878486794,0,0.0034475,1,Shared Control,0.01,Good Visuals,0.3370643260196956,0.6430922999263858,0.0,4.306881829164471,0.9776126637034729,-0.10210260216241401,1.1263689946207331,-0.0947580184596555,-3.0575335109389905,0.06722528035220378,24.067448587468608,1.070218912304902,5.953012788281686,-0.07048903176442532
3152,12.858160700000003,0.3598694384687108,1.0417897686274726,-0.10351378469818606,0.1117973807787932,-0.761947883300494,0.4670473630263642,0.9146385425650525,0,0.0039727,1,Shared Control,0.01,Good Visuals,0.3303632563040215,0.6464468760195161,0.0,4.302669008299367,0.9775376599869845,-0.11720836754171873,1.1112632292414284,-0.09455617508094218,-3.0646092348105567,0.06792699759218562,24.046987211718314,1.0704890317644253,5.980787441437623,-0.07085672520564971
3153,12.862606500000002,0.363796429285698,1.02428744501025,-0.10325093374066618,0.10964890244519743,-0.9150023137779443,0.47107509425672456,0.897252053097816,0,0.004445800000000001,1,Shared Control,0.01,Good Visuals,0.33551808284298773,0.6482330275099043,0.0,4.2969432686158155,0.9774359360086007,-0.12768614681459078,1.1007854499685563,-0.07289323620167111,-3.028084871646741,0.06691616274309917,24.019212558562376,1.0708567252056498,5.991047146060925,-0.07105250439497676
3154,12.8661748,0.3667809423066083,1.0235409541083742,-0.10429415195011627,0.12628890101055823,-1.0436403177714164,0.47425162573169394,0.8831423040393696,0,0.0035683000000000004,1,Shared Control,0.01,Good Visuals,0.33622498488177793,0.6497194848856594,0.0,4.294353229895597,0.9774014470482482,-0.13843812539751038,1.0900334713856368,-0.05918960203548059,-3.0257432342534405,0.06693066537193657,24.008952853939075,1.0710525043949768,6.002385345929758,-0.07121543425930271
3155,12.8697275,0.37070793312359557,1.013850144695855,-0.10354369260809837,0.13070784065648544,-1.217780980846745,0.47736400936687984,0.868958098787964,0,0.0035527,1,Shared Control,0.01,Good Visuals,0.3241918243644005,0.6512806845594,0.0,4.2919148665319335,0.977360606474236,-0.14912362590389794,1.0793479708792493,-0.06376719160825824,-3.1030929305612167,0.06776194268161624,23.99761465407024,1.0712154342593028,6.0146490347713275,-0.07138655659027371
3156,12.874211900000002,0.3771481980634546,1.0012089197932972,-0.10021581130342522,0.13225082100533314,-1.4582839074837608,0.4812202689329593,0.8508615328413723,0,0.0044844,1,Shared Control,0.01,Good Visuals,0.30267366384088273,0.6543858705610578,0.0,4.286496162690576,0.9772677677821392,-0.1718051017043712,1.0566664950787759,-0.06766271942811543,-3.3223517238136537,0.0671820351498335,23.971994143616598,1.0715722073741605,6.0382659137477654,-0.07172691450581765
3157,12.880030000000001,0.37997563145168545,0.964871022820065,-0.10124463748127388,0.11400948997869265,-1.6737884892755235,0.48610161580723965,0.8270656377562842,0,0.0058181000000000005,1,Shared Control,0.01,Good Visuals,0.3001082411801122,0.6559167157051502,0.0,4.284232858784443,0.9772312156047165,-0.18379691402869397,1.044674682754453,-0.06259724987180484,-3.3477045097352907,0.0655798109237746,23.961734086252235,1.0717269145058177,6.050426630041388,-0.0718947096916731
3158,12.883749400000003,0.3837455426359932,0.93082248070546,-0.10235607317124645,0.10375684294917586,-1.849002333500198,0.4891492124728963,0.8116674800768414,0,0.0037194000000000003,1,Shared Control,0.01,Good Visuals,0.322087909427058,0.6563227804475393,0.0,4.281673800720857,0.9771870952217621,-0.1942549974018764,1.0342165993812706,-0.01716733823861722,-3.062306630313152,0.06640805009947572,23.949573369958614,1.071894709691673,6.051079699851382,-0.07193921824904184
3159,12.887128,0.38940040941245485,0.9414492185565202,-0.09974880306044143,0.12978173847967878,-1.9761684908145958,0.4918677065071033,0.7975557565326724,0,0.0033786000000000003,1,Shared Control,0.01,Good Visuals,0.3188614178856129,0.6559256854180507,0.0,4.2820220939923965,0.9772031253733576,-0.21413784082217074,1.0143337559609762,0.0006573430065230336,-3.110410670110144,0.06718102619441318,23.953229455608273,1.071897480699375,6.0476150587455395,-0.07189569285750735
3160,12.893308400000002,0.3930132409640831,0.9295849632929112,-0.09885446554302024,0.13202920676023877,-2.1210505291397492,0.49671641224933233,0.7714380759045097,0,0.0061804,1,Shared Control,0.01,Good Visuals,0.30029682742257324,0.6563446495827149,0.0,4.28195072515012,0.9771993630274745,-0.22537733474958646,1.0030942620335606,-0.018017900694917165,-3.2869783960389882,0.0654278020170502,23.95238494125446,1.0718956928575074,6.0516591954940715,-0.07194161531422864
3161,12.896977,0.39536943545427544,0.9199339096914456,-0.10134697679505689,0.14849583378693587,-2.225177764228973,0.49951777751233545,0.7557514528868265,0,0.0036686,1,Shared Control,0.01,Good Visuals,0.29419670288318245,0.6566234895573073,0.0,4.281177917812979,0.9771841794906087,-0.23550323241977947,0.9929683643633676,-0.01374421943411402,-3.362298336496549,0.06488259954652019,23.94834080450593,1.0719416153142287,6.0533983746585065,-0.07197217882716214
3162,12.9001618,0.39803978920982674,0.8946427022139691,-0.1014779883025087,0.13889124932714259,-2.4104817983920315,0.5019028619061158,0.7420239084907435,0,0.0031848000000000002,1,Shared Control,0.01,Good Visuals,0.28873519407700576,0.6568527693699214,0.0,4.280760031335103,0.9771782129061044,-0.24765308091394633,0.9808185158692007,-0.009277445667006386,-3.3785241349665895,0.0665468055592537,23.946601625341494,1.0719721788271621,6.0551137238100035,-0.07199731007503457
3163,12.903807800000003,0.40149554112877556,0.8637969263588879,-0.10040732077734021,0.12177301786814443,-2.6045019029930856,0.5045794459493698,0.7261845695194385,0,0.0036460000000000004,1,Shared Control,0.01,Good Visuals,0.2986444670973115,0.6564180427988798,0.0,4.280387536389857,0.9771720674136056,-0.25874077863149125,0.9697308181516557,0.018390122369341587,-3.236055721199228,0.06665609764659133,23.944886276189997,1.0719973100750346,6.0503318650274105,-0.07194965990867665
3164,12.9080261,0.40573669121112177,0.8616249201082079,-0.098842754738248,0.13544035058876935,-2.6656539234706274,0.5076037757857522,0.7076957215658128,0,0.0042183,1,Shared Control,0.01,Good Visuals,0.31087329085182963,0.6547226517090162,0.0,4.281248691791911,0.9771903657782127,-0.2742995222678055,0.9541720745153415,0.04966550904114043,-3.125626508962643,0.06590917698734096,23.94966813497259,1.0719496599086766,6.034722742892398,-0.07176382892236224
3165,12.9121345,0.40840704496667307,0.8612450479324997,-0.09919673081907915,0.15354932636668683,-2.726593923127332,0.5104739966961114,0.6895222059519527,0,0.0041084,1,Shared Control,0.01,Good Visuals,0.291113074133439,0.6539508558076736,0.0,4.284299418272903,0.9772485224436744,-0.28629671950296715,0.9421748772801799,0.03184679041003436,-3.3315368179616236,0.06471459048444965,23.9652772571076,1.0717638289223623,6.0310942640433565,-0.07167923275193443
3166,12.915733500000002,0.4115486376202629,0.8482822916895241,-0.09892535907584848,0.1587600857375714,-2.810341718119958,0.5129267360790758,0.6734687924541608,0,0.003599,1,Shared Control,0.01,Good Visuals,0.2750337511752673,0.6535192976573705,0.0,4.285336284840075,0.9772598961645587,-0.29815845704224825,0.9303131397408988,0.018809612628546444,-3.4738293033682193,0.06486978701246024,23.968905735956643,1.0716792327519344,6.028187390599245,-0.07163192987462055
3167,12.919146700000002,0.41406191174313467,0.8356905576520239,-0.09886482433594113,0.16222176519786313,-2.863698998774434,0.515199274811114,0.6581305681863016,0,0.0034132000000000003,1,Shared Control,0.01,Good Visuals,0.26884310128020117,0.6530297118096546,0.0,4.28600497921498,0.9772700711813606,-0.3107989153314791,0.917672681451668,0.020501652376409673,-3.541538240846917,0.06464963118375168,23.971812609400754,1.0716319298746206,6.024224997289207,-0.07157826660983724
3168,12.9242427,0.41955969888691685,0.8091583443128634,-0.0956395759241972,0.15102777612656182,-2.9644633946782055,0.518494343371206,0.635027216605218,0,0.005096000000000001,1,Shared Control,0.01,Good Visuals,0.2596067233042524,0.6519444101316693,0.0,4.2877429037577866,0.9773001747741951,-0.335717520358217,0.8927540764249301,0.02348816096102777,-3.602342046453586,0.06394057137377247,23.980097661662228,1.0715183385599294,6.015771550275173,-0.07145930722490564
3169,12.9295695,0.42254421190782715,0.7960193425895783,-0.09595013146337888,0.1609921259843603,-3.012451759346842,0.5218121200315828,0.6106218669659531,0,0.0053268000000000005,1,Shared Control,0.01,Good Visuals,0.262560883749009,0.6512445012103255,0.0,4.288628427467912,0.9773150617459138,-0.3478128250401121,0.880658771743035,0.031381516123174566,-3.518224695859414,0.06235168691114374,23.984228449724828,1.0714593072249057,6.010010762602211,-0.07138259055111798
3170,12.933302000000001,0.4245862471326605,0.7772325961499069,-0.09722587289892232,0.1666107291839538,-3.078845834875046,0.524059104993508,0.5933680145702467,0,0.0037325,1,Shared Control,0.01,Good Visuals,0.2542652792293716,0.6505579334701143,0.0,4.289819011613055,0.9773361145891589,-0.3607673005544951,0.867704296228652,0.029520803873657284,-3.6142274682317286,0.06248699550593334,23.98998923739779,1.071382590551118,6.0047772071125,-0.0713073361976547
3171,12.9367199,0.4275707601535708,0.753813019518261,-0.09648834483993723,0.16044500494801428,-3.1511885771243437,0.5260600203419065,0.5774596543112474,0,0.0034179,1,Shared Control,0.01,Good Visuals,0.2543530235563105,0.6496619909665599,0.0,4.2909447142766615,0.9773549557571801,-0.37303385558260344,0.8554377412005436,0.039764249282677105,-3.5722974629006763,0.0632510629529509,23.9952227928875,1.0713073361976546,5.9973880749154596,-0.07120913237901252
3172,12.941101200000002,0.4325973083993145,0.7527473873454593,-0.09346271194259198,0.17528773303421197,-3.1216146452319,0.528545104592542,0.5569175005531817,0,0.0043813,1,Shared Control,0.01,Good Visuals,0.24141287214002358,0.647570967054677,0.0,4.294868448644892,0.9774251903813442,-0.3982601370870932,0.8302114596960539,0.0366082366130002,-3.7082341346279515,0.0618111495964976,24.01437428468829,1.0710566916202726,5.981812386695316,-0.0709799362730076
3173,12.947002900000001,0.4368384584816607,0.7278573781413868,-0.0917066461108813,0.17093987758820517,-3.1962903391389195,0.531749588683342,0.528986040296991,0,0.0059017,1,Shared Control,0.01,Good Visuals,0.22131208021067386,0.646818447316367,0.0,4.296502754495381,0.977447579605347,-0.4211238214863713,0.8073477752967758,0.0183159067495525,-3.867091469619751,0.06056862773600409,24.020974969224724,1.0709347577758481,5.976488584895148,-0.070897452953361
3174,12.9530645,0.44107960856400696,0.6977113519639017,-0.09066998011933503,0.16872531166691063,-3.2690546636887876,0.5348683741650525,0.49999376807988083,0,0.0060616,1,Shared Control,0.01,Good Visuals,0.21930254273161018,0.6457240984118872,0.0,4.2980059508704125,0.9774739842594965,-0.44448272944602724,0.7839888673371198,0.028489890605768068,-3.839369213947711,0.05991709317585301,24.028208946269274,1.0708374549782895,5.96761164645929,-0.0707775019063681
3175,12.959044300000002,0.4434358030541993,0.6823014692520294,-0.09143257111085323,0.18230770117214856,-3.3095420054006874,0.5377719885159491,0.4710993491955648,0,0.0059798,1,Shared Control,0.01,Good Visuals,0.22485440418614155,0.6448027980636336,0.0,4.298904094365658,0.9774890498380694,-0.45878290228313245,0.7696886945000146,0.03912213470334518,-3.717710343716421,0.05854779116558134,24.03238835354071,1.0707775019063681,5.959661425699064,-0.07067651862679834
3176,12.9630389,0.4456349179117121,0.660487799527288,-0.09213707060423698,0.1893884503317232,-3.374448396903661,0.5396150161933467,0.4516394148544758,0,0.0039946,1,Shared Control,0.01,Good Visuals,0.21499747063807878,0.6439945177153392,0.0,4.300509044751907,0.9775183783420595,-0.4724878936228444,0.7559837031603027,0.03664819565640153,-3.8182908477173534,0.058955977686430315,24.040338574300936,1.0706765186267984,5.95373743525833,-0.07058792341402406
3177,12.966796600000002,0.4479911124019045,0.6436418206085301,-0.09162390379144225,0.19200240575405436,-3.412533498938452,0.5412775696939527,0.4332208158150892,0,0.0037577,1,Shared Control,0.01,Good Visuals,0.21122155600963094,0.6430670502728255,0.0,4.301810927668564,0.9775395534140187,-0.4857157954869551,0.742755801296192,0.04383825953911877,-3.8612592282417886,0.05933576834747975,24.04626256474167,1.070587923414024,5.946240959321055,-0.07048626416227544
3178,12.970217900000002,0.4498760679940584,0.632625308812091,-0.0914015016998943,0.1994044929970018,-3.435665881716813,0.5427309267383085,0.41635800416948077,0,0.0034213000000000004,1,Shared Control,0.01,Good Visuals,0.20659687236962754,0.6420508448806561,0.0,4.30337553726678,0.9775668856763096,-0.49970547555837314,0.728766121224774,0.04622365156072646,-3.9045689445471643,0.05892031354564392,24.053759040678944,1.0704862641622754,5.938201086493732,-0.07037487838736255
3179,12.9745736,0.45270350138228915,0.6179959628075382,-0.09002742535601932,0.20163795863805745,-3.483775701527367,0.5444974796903588,0.39476418934302526,0,0.0043557000000000005,1,Shared Control,0.01,Good Visuals,0.19855302913031503,0.6409024437093722,0.0,4.305072379875142,0.9775960831531605,-0.5171391562524404,0.7113324405307067,0.042654410090864354,-3.952767417314889,0.05868441138977786,24.06179891350627,1.0703748783873626,5.929018759568049,-0.07024900269790056
3180,12.978046000000003,0.45458845697444306,0.6026647259168767,-0.08990902271591572,0.20790053657385144,-3.5383443048849745,0.5458382245497666,0.37745093210493436,0,0.0034724,1,Shared Control,0.01,Good Visuals,0.19062089097769633,0.6400215561810451,0.0,4.306999857547659,0.9776295025873928,-0.5314555046741842,0.6970160921089629,0.04090772606206129,-3.994962725121048,0.05769879691153588,24.07098124043195,1.0702490026979006,5.922773094974791,-0.07015244904771341
3181,12.981697800000003,0.45694465146463537,0.5941476550747831,-0.08889357308513124,0.2166967229698487,-3.5672235964292964,0.5471832147230147,0.3591511788136124,0,0.0036518,1,Shared Control,0.01,Good Visuals,0.1841095294904804,0.6391518003618629,0.0,4.308397837666003,0.9776516834204199,-0.5453443662855333,0.6831272304976138,0.042247958864550614,-4.038751231890741,0.05754371263335731,24.07722690502521,1.0701524490477134,5.915955493144577,-0.07005711553870912
3182,12.985186600000002,0.45867252742410974,0.5907943901751656,-0.08851068729890493,0.23164321136155314,-3.5764884826647507,0.5484055981223,0.3415821616834588,0,0.0034888000000000002,1,Shared Control,0.01,Good Visuals,0.17125815963632068,0.6384595434544306,0.0,4.309844009977977,0.9776764085151849,-0.560264401429455,0.6682071953536921,0.032782864360890826,-4.167956852228332,0.05681648727796047,24.084044506855424,1.070057115538709,5.910952666568742,-0.06998123759841543
3183,12.988916500000002,0.46071456264894317,0.5806968578904282,-0.08769103547335688,0.23911469620696946,-3.607388461152244,0.5496444953071317,0.3227082466330689,0,0.0037299000000000004,1,Shared Control,0.01,Good Visuals,0.15508911690492735,0.6380990178062091,0.0,4.310952332926369,0.9776942551608592,-0.5753048467811452,0.6531667500020019,0.017648841631961478,-4.297515672807084,0.05651049300369671,24.089047333431257,1.0699812375984155,5.908799255424652,-0.06994172055883607
3184,12.992680100000001,0.462599518241097,0.5636357241625054,-0.08704497706603465,0.2409274775294365,-3.645561108733614,0.5508230567314479,0.3035711910021801,0,0.0037636,1,Shared Control,0.01,Good Visuals,0.14429566885644282,0.6378471198243276,0.0,4.311483904127784,0.9777015918790686,-0.5924326290550466,0.6360389677281005,0.011174650243769497,-4.379946879913403,0.05595556360595847,24.091200744575346,1.0699417205588362,5.906984129101899,-0.0699141101445172
3185,12.996158600000001,0.46417031456789193,0.5385333997447512,-0.086652742163556,0.23496220874257112,-3.699811343843329,0.5518481484198575,0.28580330046769786,0,0.0034785000000000003,1,Shared Control,0.01,Good Visuals,0.13977134067954874,0.637559847360787,0.0,4.311886693136352,0.977708064066975,-0.6080396489047947,0.6204319478783524,0.014050594644130615,-4.364745322523719,0.05552138791674485,24.0930158708981,1.0699141101445173,5.904654202792753,-0.06988262235060352
3186,12.9998519,0.4663694294254047,0.5179964041900149,-0.08547871899445281,0.23219310372231705,-3.7264031168145,0.5528687423345727,0.2668559474840598,0,0.0036933,1,Shared Control,0.01,Good Visuals,0.14395244064889337,0.6369792388675484,0.0,4.312372309363579,0.977716571601265,-0.622619514294388,0.6058520824887591,0.02972799405141997,-4.260875968669514,0.0552463090671904,24.095345797207248,1.0698826223506035,5.89952581341209,-0.06981898213826188
3187,13.0031471,0.4676260664868407,0.5096565741059687,-0.08524267584773204,0.24280062662190888,-3.712677418305913,0.553720136504836,0.24988138441177649,0,0.0032952000000000003,1,Shared Control,0.01,Good Visuals,0.1416801196860954,0.6362650784039106,0.0,4.3133961749103,0.9777355839659656,-0.6379692643426583,0.5905023324404888,0.03521510576418832,-4.267612891534225,0.0544481693644596,24.10047418658791,1.069818982138262,5.893759960829195,-0.06974070335990919
3188,13.007608700000002,0.46951102207899453,0.490893421464058,-0.08420911442584145,0.24101203705228152,-3.7555745925782147,0.5547835535961669,0.2267971654745236,0,0.0044616000000000005,1,Shared Control,0.01,Good Visuals,0.1303881997750064,0.6356862746050757,0.0,4.3146008346629285,0.977756622334426,-0.6553376290590837,0.5731339677240634,0.025792231197911374,-4.331371035792739,0.05423693783161636,24.106240039170807,1.0697407033599091,5.889562101710934,-0.0696772609592365
3189,13.0106784,0.47139597767114844,0.47509250205231274,-0.0833875759250185,0.24829533657778913,-3.777294668800579,0.5554552884404909,0.21084914674985206,0,0.0030697000000000003,1,Shared Control,0.01,Good Visuals,0.12775216535996656,0.635095301374546,0.0,4.3155292264623535,0.9777716165609828,-0.6699187745622003,0.5585528222209468,0.03142192548100444,-4.290338816900076,0.053530578237155686,24.110437898289067,1.0696772609592364,5.8848907111695645,-0.06961248467312096
3190,13.014176200000001,0.47265261473258435,0.47054895361835464,-0.0828026737079065,0.2596998068685026,-3.7612534209112254,0.5561609246383701,0.19261416207638737,0,0.0034978,1,Shared Control,0.01,Good Visuals,0.11716346421049723,0.6345658602705752,0.0,4.316516085907218,0.9777885963580845,-0.6857306655260252,0.5427409312571219,0.02702490971970717,-4.408724651840229,0.052959057662992456,24.115109288830435,1.069612484673121,5.880901317871915,-0.06955445289323578
3191,13.017744500000003,0.47422341105937926,0.45727627079803007,-0.08193751357899082,0.2646621087216427,-3.7868661854879253,0.5568149406560827,0.17394488322007012,0,0.0035683000000000004,1,Shared Control,0.01,Good Visuals,0.10355540632064819,0.6343143523056447,0.0,4.3173804755805145,0.977802962326845,-0.7011213746503349,0.5273502221328122,0.01358750219264845,-4.4860409013377796,0.052543749874161425,24.119098682128083,1.0695544528932357,5.879507497590711,-0.06952688522848373
3192,13.021256000000001,0.47532296848813566,0.43443637021771336,-0.08149197216794707,0.26049148699764324,-3.8305726394309576,0.5573933978988813,0.15550928358974325,0,0.0035115000000000003,1,Shared Control,0.01,Good Visuals,0.09499629469385501,0.6341111853803556,0.0,4.317740493912262,0.9778076163098185,-0.7174448801052442,0.5110267166779029,0.010602353616266573,-4.537584214963399,0.05197414085539253,24.120492502409288,1.0695268852284838,5.877952080943413,-0.069504616201391
3193,13.0250956,0.47752208334564855,0.4138568965141872,-0.07987131455323276,0.25834761292444397,-3.8637054905828228,0.5579516813451192,0.13528180636802478,0,0.0038396000000000003,1,Shared Control,0.01,Good Visuals,0.09717639836819242,0.6335669903977795,0.0,4.318074686987628,0.9778132359666117,-0.7368219009795746,0.49164969580357254,0.02345876210459572,-4.434506791086227,0.05167497107039986,24.122047919056588,1.069504616201391,5.872986298816872,-0.06944496725610394
3194,13.0290307,0.4784645611417255,0.3998261960845276,-0.07948712020339371,0.2645443897165028,-3.897317932516506,0.5584431219863424,0.11447920192541446,0,0.0039351,1,Shared Control,0.01,Good Visuals,0.0923477489331942,0.6330600882501047,0.0,4.319050583421621,0.9778317512865067,-0.7527726292081861,0.47569896757496094,0.026960125777874256,-4.419953510477609,0.05060382838060605,24.127013701183127,1.069444967256104,5.869202162330346,-0.06938940596017022
3195,13.032799700000002,0.47987827783584086,0.3833003377929116,-0.07856484415050152,0.2688211358674972,-3.954876762574773,0.5588369428813819,0.09448939082477958,0,0.003769,1,Shared Control,0.01,Good Visuals,0.08469089584137518,0.6325981336700172,0.0,4.319874689536189,0.9778453557325573,-0.7679180553929381,0.46055354139020893,0.026205003198047364,-4.441473954472723,0.05032012333070711,24.130797837669654,1.0693894059601703,5.865669731300663,-0.06933877134508737
3196,13.0362018,0.4806636759992383,0.3613958392631035,-0.07817326688214354,0.2669064484383239,-4.022482667858979,0.5591276364332642,0.07639318669219883,0,0.0034021000000000003,1,Shared Control,0.01,Good Visuals,0.07658102351204943,0.6321064357311231,0.0,4.320634211720429,0.9778581178700921,-0.7840516221021948,0.44441997468095223,0.02692091944381817,-4.5045696641882635,0.049699973781683025,24.134330268699337,1.0693387713450875,5.861759929429806,-0.06928487657502533
3197,13.040894900000001,0.4833340297547896,0.3170031257880474,-0.07579360667847462,0.24060993909584857,-4.149010182593832,0.5594274326890507,0.05135271779321324,0,0.0046931,1,Shared Control,0.01,Good Visuals,0.08238781442480836,0.6302800904901217,0.0,4.32285552765442,0.9778978734126285,-0.8163174666630688,0.4121541301200782,0.05999209193117911,-4.2684621594975045,0.04874127620640937,24.145150108127226,1.0691968994604293,5.846472538759738,-0.06908469176839571
3198,13.047050500000001,0.48411942791818713,0.31959285644757857,-0.07530800477086358,0.26824013865436536,-4.139607770998701,0.5596421336203243,0.018382165679688617,0,0.006155600000000001,1,Shared Control,0.01,Good Visuals,0.09247727449334359,0.62910465676808,0.0,4.324594323025168,0.977928540916413,-0.8284494284900139,0.40002216829313314,0.07788685068073176,-4.009903099304264,0.04777120127588168,24.153527461240262,1.0690846917683956,5.837017523663154,-0.06895585305429595
3199,13.0502353,0.48490482608158453,0.3123525237415462,-0.0747373075387398,0.29397035806185756,-4.195443843167457,0.5596734389184777,0.0012713185390340609,0,0.0031848000000000002,1,Shared Control,0.01,Good Visuals,0.06349674343493117,0.6282818549435527,0.0,4.326574423388761,0.9779630490764989,-0.8441696630002475,0.3843019337828995,0.04675830528822282,-4.370130799019694,0.047376616493263066,24.162982476336847,1.068955853054296,5.831354497807358,-0.06886566614962991
3200,13.053798500000003,0.48569022424498204,0.2875023857903452,-0.07398321467349561,0.28623106725131114,-4.298751461546088,0.5596438039940635,-0.01791192675888595,0,0.0035632000000000003,1,Shared Control,0.01,Good Visuals,0.035954882207252625,0.6278759261346744,0.0,4.3278641872392205,0.977983074333799,-0.8603329938806633,0.36813860290248374,0.02471135478110316,-4.7139905740829935,0.046956094213926214,24.168645502192643,1.0688656661496299,5.828951648115305,-0.06882117249186663
3201,13.058106500000001,0.4869468613064179,0.2624541294235089,-0.07269694268764565,0.28036605618239485,-4.377132566464907,0.559516589546001,-0.04115681610945893,0,0.004308,1,Shared Control,0.01,Good Visuals,0.04030198223027737,0.6268285555800294,0.0,4.328461081223099,0.9779912636175933,-0.8829319670294695,0.34553962975367747,0.04450323251111357,-4.57320971928247,0.04645227943154149,24.171048351884693,1.0688211724918666,5.81932005294544,-0.06870637071877131
3202,13.062061100000001,0.48757517983713583,0.24285362017783071,-0.0719414097088652,0.2840104362872896,-4.440587151752778,0.5593115617976928,-0.06254098131563868,0,0.0039546,1,Shared Control,0.01,Good Visuals,0.040597379840264236,0.6258395207733066,0.0,4.330347453514775,0.978027242453004,-0.8988369584931541,0.3296346382899928,0.058632371054815786,-4.42678378571201,0.0455685195799811,24.18067994705456,1.0687063707187714,5.811880255940952,-0.06859796309841078
3203,13.065769,0.48804641873517435,0.21925387854558392,-0.07126514306251847,0.2817948598612226,-4.529118685755681,0.559042436530351,-0.08262784637090675,0,0.0037079,1,Shared Control,0.01,Good Visuals,0.03386988476814545,0.624835160657808,0.0,4.33196189213351,0.9780540609290763,-0.9141183724179116,0.3143532243652353,0.06316635572920241,-4.457301926483925,0.045023777375952305,24.188119744059048,1.0685979630984108,5.803943187663756,-0.06848787567846747
3204,13.069187800000002,0.4888318168985718,0.1955099390720697,-0.07021061963177921,0.27813778544297646,-4.612795245353396,0.5587282474731363,-0.10117731967943364,0,0.0034188,1,Shared Control,0.01,Good Visuals,0.033218725464270515,0.6235675614571672,0.0,4.333639987039362,0.9780829512975364,-0.9298655580108136,0.2986060387723333,0.07707159535703524,-4.40419118805816,0.0445289671147704,24.196056812336245,1.0684878756784675,5.7934711416044475,-0.06834893475143607
3205,13.074201600000002,0.4896172150619692,0.15845995449977313,-0.06911103241116712,0.2596372741792068,-4.74475568614075,0.5581526770942982,-0.1284254960614066,0,0.0050138000000000005,1,Shared Control,0.01,Good Visuals,0.029027838183721344,0.6206042924703671,0.0,4.338298343993458,0.9781650495593107,-0.9600955639914959,0.2683760327916511,0.09771408856073716,-4.30800513786922,0.04328653610097576,24.218469142169077,1.0681871389736906,5.7698828364314965,-0.0680241322903259
3206,13.0795751,0.4899313743273282,0.13855521560270773,-0.06822130276696997,0.2669807116641143,-4.810943497612223,0.5573840059148203,-0.15767956642550737,0,0.005373500000000001,1,Shared Control,0.01,Good Visuals,0.04601621597930411,0.6186271189664759,0.0,4.340773223038932,0.9782074000375016,-0.9736199171546435,0.25485167962850347,0.1267713504095555,-3.9126173590081703,0.04289060337142898,24.230117163568504,1.068024132290326,5.753339578431559,-0.06780741527173383
3207,13.0831585,0.4904026132253667,0.12349369266460684,-0.06698139268945358,0.2811732590901142,-4.8545113358001935,0.5567839845924569,-0.1772128012210521,0,0.0035834,1,Shared Control,0.01,Good Visuals,0.03518620584495663,0.6165968347209447,0.0,4.344170472502391,0.9782682861357652,-0.988098689817158,0.24037290696598898,0.12781638592057556,-4.045706008302921,0.04220354798287031,24.246660421568443,1.0678074152717338,5.737395182254218,-0.06758487681078437
3208,13.0867556,0.49071677249072565,0.11404065337608789,-0.06606721210173128,0.29125345459713997,-4.878740484170317,0.5561112414483071,-0.1968372183096691,0,0.0035971,1,Shared Control,0.01,Good Visuals,0.01612604274496321,0.6148637646398258,0.0,4.347554298588125,0.978326316868308,-1.0028003470114455,0.22567124977170142,0.11699461358170402,-4.2945862747312695,0.0413005147175177,24.262604817745782,1.0675848768107843,5.724364655078963,-0.06739491584870794
3209,13.091113100000001,0.49071677249072565,0.10063089065739719,-0.0653944689575815,0.2974681089670663,-4.915342119412049,0.5552016953317088,-0.22062803178763357,0,0.0043575,1,Shared Control,0.01,Good Visuals,0.002463169976573143,0.6130202123034085,0.0,4.350384748172804,0.978373363156306,-1.020483355865602,0.2079882409175449,0.10823278888254793,-4.407969103140023,0.040622334752128356,24.275635344921035,1.067394915848708,5.709541344545322,-0.06719284498078436
3210,13.0942082,0.49103093175608464,0.08005238516405858,-0.06417076357562418,0.3006804169516921,-4.961339326222882,0.5544926656971784,-0.2375357141635624,0,0.0030951000000000004,1,Shared Control,0.01,Good Visuals,-0.006356644877251683,0.6114150409729796,0.0,4.353492894107089,0.9784275760135772,-1.0362689465401294,0.19220265024301753,0.10702597262302634,-4.409013399583101,0.04008813124384527,24.290458655454678,1.0671928449807844,5.697410424780113,-0.06701690293807773
3211,13.097780800000002,0.4911880113887641,0.06491227878315688,-0.06330465430841425,0.30244799294671926,-4.971527396029478,0.553609173630999,-0.2570586006672858,0,0.0035726000000000004,1,Shared Control,0.01,Good Visuals,-0.014671567314072098,0.6098833173877197,0.0,4.356121363276908,0.978471442890503,-1.0514638843096047,0.17700771247354222,0.10977870506405205,-4.469362247624953,0.039234970040857645,24.302589575219887,1.0670169029380778,5.685409156785525,-0.06684901146671653
3212,13.101228900000002,0.4911880113887641,0.053299908961612255,-0.06242116224223493,0.31035850962889805,-4.974112535445811,0.5526903178785486,-0.27590538661307396,0,0.0034481000000000004,1,Shared Control,0.01,Good Visuals,-0.020025676758768762,0.6082610774884584,0.0,4.358672660362991,0.9785151486150554,-1.0674992717914769,0.16097232499167002,0.11131318137509727,-4.450812557419841,0.03860845257569849,24.314590843214475,1.0668490114667166,5.672403396011177,-0.06667119854654684
3213,13.1049303,0.4911880113887641,0.03724147400861842,-0.0615023064897845,0.3131468606216924,-4.9934551845101085,0.5516316367218181,-0.2961382631382976,0,0.0037014,1,Shared Control,0.01,Good Visuals,-0.03146131608000918,0.6068401701321515,0.0,4.361404720367199,0.9785627212131092,-1.082915228850617,0.14555636793252985,0.10475159545664013,-4.51352863684385,0.03796836340354369,24.327596603988823,1.066671198546547,5.66160615713162,-0.06651545358772136
3214,13.108849800000002,0.49103093175608464,0.017897496466683035,-0.0606007049657335,0.31403575960498065,-5.013796606481806,0.5504289372774834,-0.3175615630096854,0,0.0039195,1,Shared Control,0.01,Good Visuals,-0.03806613138359999,0.605194337209076,0.0,4.363738149837707,0.978601835278484,-1.1008711110630078,0.12760048572013888,0.10600372729714858,-4.51868087988297,0.03732207013378055,24.33839384286838,1.0665154535877213,5.648079420479915,-0.06633505464777621
3215,13.1122419,0.49071677249072565,-0.006164682648236582,-0.05971216478675778,0.3113968803614488,-5.044955256854592,0.549320296830962,-0.33609775556033095,0,0.0033921000000000003,1,Shared Control,0.01,Good Visuals,-0.04271594646445748,0.6036661450873436,0.0,4.366543866408449,0.9786515504450685,-1.116884707920758,0.1115868888623886,0.11083473777935454,-4.4695759902172245,0.036675203476139846,24.351920579520083,1.0663350546477761,5.63628222110376,-0.0661675502584012
3216,13.1157462,0.49071677249072565,-0.028930407710243286,-0.0586035243402363,0.30716734785008765,-5.065113248630224,0.5481089670215246,-0.35523990465045263,0,0.0035043,1,Shared Control,0.01,Good Visuals,-0.043875610767449724,0.6020721983456003,0.0,4.369072596654564,0.9786944341588998,-1.1320395023363987,0.09643209444674783,0.12199942897849529,-4.4054634929188285,0.03604621233164229,24.36371777889624,1.0661675502584012,5.623485218019372,-0.06599283853735835
3217,13.119169200000002,0.4904026132253667,-0.04239452163797049,-0.05770635379615785,0.31284538301248216,-5.052410214134116,0.5468609926011252,-0.37392825446287814,0,0.0034230000000000003,1,Shared Control,0.01,Good Visuals,-0.044436830080427536,0.6003128845574568,0.0,4.371759897131819,0.9787412943656577,-1.1474744751012376,0.08099712168190899,0.13235586948751107,-4.339201249568141,0.03528355273032597,24.376514781980628,1.0659928385373583,5.60922314824532,-0.06580000101541905
3218,13.124173500000001,0.4896172150619692,-0.06547747981476967,-0.05724377753915599,0.30845077464810844,-5.034461559398221,0.5449214248289311,-0.4012271665142956,0,0.005004300000000001,1,Shared Control,0.01,Good Visuals,-0.06788563480935406,0.5972041431011865,0.0,4.377547294379145,0.978841705958689,-1.1785308553180076,0.04994074146513897,0.11625184466810863,-4.483498253497664,0.03389158561762288,24.40396300926198,1.0656152957453144,5.585231550186452,-0.06545925338823785
3219,13.1297277,0.48946013542928973,-0.08444212090344991,-0.0554612893996414,0.31678504561084564,-5.044541917861559,0.5426088771873632,-0.43148515276556176,0,0.0055542000000000005,1,Shared Control,0.01,Good Visuals,-0.05121538099269307,0.5954504833104902,0.0,4.379885492253075,0.9788808995622228,-1.1923927726627002,0.03607882412044652,0.1399581324585593,-4.035845152325515,0.034186221113146606,24.414768449813547,1.0654592533882379,5.570571144488093,-0.06526703559818728
3220,13.133296400000003,0.4888318168985718,-0.09990756909109849,-0.05377706028879137,0.33157758367446327,-5.031873412851003,0.5410343880858861,-0.4508989371158459,0,0.0035687,1,Shared Control,0.01,Good Visuals,-0.06703059143712425,0.5937873037494288,0.0,4.382901667109024,0.9789350018364991,-1.2075910767845834,0.02088051999856335,0.13231559275806307,-4.254129799553035,0.03302445157803944,24.429428855511908,1.0652670355981873,5.557606089117104,-0.06508473530175546
3221,13.136801600000002,0.48836057800053334,-0.11543559634576875,-0.05267381008535277,0.3354633407700771,-5.021625140304181,0.5394205134240649,-0.46994274758294585,0,0.0035052000000000004,1,Shared Control,0.01,Good Visuals,-0.08876023560067986,0.5924441033683271,0.0,4.385668215981313,0.9789822823995173,-1.2231341033622771,0.005337493420869675,0.1160370660967566,-4.542088421301483,0.031932135632451904,24.442393910882895,1.0650847353017554,5.54751656339194,-0.06493750776639187
3222,13.141032500000001,0.48757517983713583,-0.13269206914769466,-0.05184533358692911,0.3372506784352512,-5.013522583229663,0.5373836680863716,-0.49289280860828727,0,0.0042309,1,Shared Control,0.01,Good Visuals,-0.0972993895797547,0.5907244592053746,0.0,4.387864466612452,0.9790188353232478,-1.2441367944700787,-0.01566519768693196,0.11341722688878564,-4.579441185225919,0.031206288187010364,24.45248343660806,1.0649375077663918,5.532993114915724,-0.06474901841262455
3223,13.144736300000002,0.4869468613064179,-0.1487806841353937,-0.05043680677995371,0.3441121244728936,-4.993816163176493,0.5355209419360614,-0.5129471717574194,0,0.0037038,1,Shared Control,0.01,Good Visuals,-0.10254843348733483,0.5894423125832867,0.0,4.390837772844709,0.9790725524365445,-1.2595098949769334,-0.031038298193786576,0.11516947086813131,-4.488889685769443,0.030626306645460944,24.467006885084274,1.0647490184126245,5.5237333818708,-0.06460848294985917
3224,13.1482189,0.48647562240837944,-0.16050948681173333,-0.04904531952768193,0.3524376849456861,-4.95700314434665,0.5337017666006723,-0.5317695744996122,0,0.0034826,1,Shared Control,0.01,Good Visuals,-0.11535848244152602,0.5882334427867861,0.0,4.392897384586387,0.9791058642533059,-1.2759343154530822,-0.0474627186699354,0.10780434690273774,-4.613212503482522,0.02972958802769231,24.476266618129202,1.0646084829498592,5.514116887901434,-0.06447597932402764
3225,13.151782,0.48569022424498204,-0.167752661161267,-0.04801154235569022,0.3640169133383452,-4.907634639970891,0.5317727651869855,-0.5509896778568633,0,0.0035631,1,Shared Control,0.01,Good Visuals,-0.12953555202505418,0.5872308725783044,0.0,4.394928374303985,0.9791410884373781,-1.2921122401137302,-0.06364064333058339,0.09611730179426635,-4.72637957890911,0.028850097158346334,24.485883112098566,1.0644759793240277,5.506515346032433,-0.06436608809491508
3226,13.155419300000002,0.48490482608158453,-0.17958540352869148,-0.046867939105400935,0.3714042743281718,-4.879230639707053,0.5297330310880091,-0.5705679175154117,0,0.0036373000000000004,1,Shared Control,0.01,Good Visuals,-0.14534760239192981,0.5863443162151952,0.0,4.396575378840051,0.9791686989054728,-1.3101576663020507,-0.08168606951890389,0.08035955492110572,-4.844149626414823,0.02819385991136219,24.493484653967567,1.064366088094915,5.49961362554693,-0.06426891308652621
3227,13.159222100000001,0.48411942791818713,-0.19360241235376005,-0.04561360316982194,0.3769655051616516,-4.8501521920630175,0.5275244322115267,-0.5909880130628158,0,0.0038028000000000003,1,Shared Control,0.01,Good Visuals,-0.15754926001853348,0.5855484629390247,0.0,4.398049933000143,0.9791938908585447,-1.3291388775930764,-0.10066728080992965,0.07134715239095618,-4.896481695092417,0.02748074970717172,24.500386374453072,1.0642689130865262,5.493409758844884,-0.06418167999903594
3228,13.162888600000002,0.4833340297547896,-0.2042338263491674,-0.044190402456737055,0.38675418671364836,-4.804124665253588,0.5253215586367915,-0.6106254175473497,0,0.0036665,1,Shared Control,0.01,Good Visuals,-0.16845953506833475,0.5849345830029912,0.0,4.399374529806741,0.9792165437208092,-1.3459455951053196,-0.11747399832217295,0.06447486496366435,-4.925911519166241,0.02670897522519986,24.506590241155116,1.064181679999036,5.488841078525856,-0.06411439292015851
3229,13.166199300000002,0.4822344723260332,-0.21890845831248945,-0.043087086310758305,0.3917169592348602,-4.7771995533894245,0.5232706719879419,-0.6283115716516727,0,0.0033107,1,Shared Control,0.01,Good Visuals,-0.18426817311046761,0.5844511472748111,0.0,4.400374573696022,0.9792330878188852,-1.3640952061571896,-0.13562360937404283,0.05015333984707888,-5.05799711614689,0.025848494633765845,24.511158921474145,1.0641143929201584,5.485191079621938,-0.06406140376696286
3230,13.169805200000003,0.48144907416263577,-0.2382719740926545,-0.04182159782530609,0.39003959755901824,-4.761117325061798,0.5209703901153101,-0.6475225177586735,0,0.0036059000000000004,1,Shared Control,0.01,Good Visuals,-0.19395392066307648,0.5840495735755805,0.0,4.4011673764320385,0.9792463416155321,-1.3814478589047055,-0.15297626212155876,0.04501362322451659,-5.078032525903062,0.0251822970270515,24.514808920378062,1.064061403766963,5.4821137632735955,-0.06401738747063329
3231,13.1742296,0.47956411857048187,-0.260400016703522,-0.04140627154482823,0.38712250105515156,-4.655453283388763,0.5180534878166362,-0.6710152844923184,0,0.0044244,1,Shared Control,0.01,Good Visuals,-0.20827328080215132,0.5832647746192469,0.0,4.402670723532362,0.979272657293174,-1.4165106609070277,-0.18803906412388113,0.040793402409740304,-5.038706352507928,0.02370480071358066,24.52197272927622,1.0639639517894202,5.47604329187936,-0.06393136604172173
3232,13.180027500000001,0.47767916297832796,-0.28859560103344983,-0.04037432483830822,0.38241968345886856,-4.591361304142046,0.5140740898276517,-0.7016604255597865,0,0.0057979,1,Shared Control,0.01,Good Visuals,-0.21604769557414807,0.5826057587456027,0.0,4.403836711072095,0.979292615546872,-1.4452218807917474,-0.21675028400860097,0.0359520826782698,-4.907681241659699,0.023074879118933776,24.527435510008196,1.0638872129615504,5.4708307270153345,-0.06385913163484751
3233,13.186068200000001,0.4767366851822511,-0.2951146005688306,-0.037337404645400585,0.4065458249909559,-4.517131337765375,0.5097395887577905,-0.733406255311453,0,0.0060407,1,Shared Control,0.01,Good Visuals,-0.19668504212750412,0.5820594356391428,0.0,4.404236803749045,0.9792987801245863,-1.4612581286840771,-0.2327865319009307,0.061418173322117686,-4.438731148231216,0.023522314156263994,24.529169272984667,1.0638591316348476,5.46584836343918,-0.06379924942694469
3234,13.1908305,0.4740663314266998,-0.31649483791366273,-0.03567325733109067,0.41691141739779025,-4.418182973317005,0.5061875785357846,-0.7582928233727798,0,0.0047623000000000006,1,Shared Control,0.01,Good Visuals,-0.2740480039361577,0.5820572162754843,0.0,4.405417894538103,0.9793188386076211,-1.497873002943023,-0.2694014061598766,-0.022991647315986175,-5.516946023486538,0.02002678675815934,24.534669558244953,1.0637809948405026,5.467201155468474,-0.06379900616358197
3235,13.196602000000002,0.4729667739979433,-0.3356403828795762,-0.033220804537841264,0.4226524404932036,-4.384026823302933,0.5017244723083694,-0.7882756393357351,0,0.005771500000000001,1,Shared Control,0.01,Good Visuals,-0.25114246009856833,0.5820048574546844,0.0,4.405085196725159,0.9793116255608861,-1.5147936657880583,-0.28632206900491197,0.007167021836148832,-4.9219450942566,0.020763876857613647,24.532798844531527,1.063799006163582,5.466291618092383,-0.06379326713889931
3236,13.200210900000002,0.47139597767114844,-0.349796415376141,-0.030328494637220926,0.4384792239595941,-4.333714672699305,0.4988459974128535,-0.8069196530696938,0,0.0036089000000000004,1,Shared Control,0.01,Good Visuals,-0.2675649489384726,0.582035854576244,0.0,4.405222632444741,0.9793152701865203,-1.5331185299588586,-0.3046469331757121,-0.0044012713850195085,-5.128848882084622,0.01933466960957624,24.533708381907616,1.0637932671388992,5.466760774959471,-0.0637966647181993
3237,13.2037403,0.469982260977033,-0.3699605336152466,-0.02886373643582052,0.4369591194544472,-4.317220090407211,0.49596599792302787,-0.8250718935221542,0,0.0035294000000000002,1,Shared Control,0.01,Good Visuals,-0.29580707003750406,0.5822246740407543,0.0,4.4051482167262055,0.9793134101701889,-1.551998244833476,-0.32352664805032955,-0.0309537838933041,-5.506858848039153,0.017652271294185912,24.53323922504053,1.0637966647181993,5.468557540231114,-0.06381736112714889
3238,13.207967200000002,0.46809730538487915,-0.3916486449976504,-0.02786869253814872,0.43342324852450376,-4.302712276086467,0.4924327447104745,-0.8467019262547462,0,0.0042269000000000004,1,Shared Control,0.01,Good Visuals,-0.30077794221132814,0.5824502696842984,0.0,4.404801296498273,0.9793066372430407,-1.5769524069471004,-0.348480810163954,-0.029198707833471296,-5.4756461311795235,0.016805179537943846,24.531442459768886,1.0638173611271489,5.470403722757645,-0.06384208855505545
3239,13.211672700000001,0.46684066832344323,-0.40325526269785505,-0.02559207638703126,0.4434466635568911,-4.253166461483531,0.48926031785915025,-0.8655619521784671,0,0.0037055,1,Shared Control,0.01,Good Visuals,-0.30170597466374716,0.5825764340662869,0.0,4.404416942694398,0.979299836117383,-1.595108888934656,-0.36663729215150964,-0.022411086118788778,-5.293280658743372,0.016232127484593517,24.529596277242355,1.0638420885550555,5.471214334761471,-0.06385591737112205
3240,13.215178100000003,0.46495571273128933,-0.41195460833418596,-0.024304605127860923,0.45360734384428114,-4.2076085658666695,0.4861950389190422,-0.8833127821418544,0,0.0035054,1,Shared Control,0.01,Good Visuals,-0.3215527377334702,0.5827991516655906,0.0,4.404224240391031,0.9792969856530647,-1.6148788275993067,-0.38640723081616035,-0.041429413853623656,-5.50250178536856,0.014909340601908695,24.52878566523853,1.063855917371122,5.473211153271979,-0.06388032933801019
3241,13.218766300000002,0.4633849164044944,-0.43084951230792756,-0.02281012251454778,0.4524632698339268,-4.202140812476999,0.48299307725045953,-0.9013885698586652,0,0.0035882,1,Shared Control,0.01,Good Visuals,-0.33717963517731486,0.5830716816017855,0.0,4.403827333034278,0.9792895233867459,-1.6339798399138126,-0.4055082431306663,-0.05647537518268243,-5.5823164843516295,0.01416470325008451,24.52678884672802,1.0638803293380101,5.475466602998339,-0.06391020121072798
3242,13.2225757,0.46149996081234057,-0.45449906450628264,-0.021493116438118964,0.4468895053523826,-4.20127811421718,0.479522945679485,-0.9204709413325436,0,0.0038094,1,Shared Control,0.01,Good Visuals,-0.34264758106613336,0.5833399525164423,0.0,4.403360508139455,0.9792811997648959,-1.6542856598786084,-0.42581406309546216,-0.05538961601187877,-5.554260227247964,0.013299936492100123,24.52453339700166,1.063910201210728,5.47759771966358,-0.06393960625418268
3243,13.226163800000002,0.4596150052201867,-0.4746007630439639,-0.01990794045929828,0.44587017828857967,-4.187387605493059,0.47618811478488804,-0.9383401868945994,0,0.0035881000000000003,1,Shared Control,0.01,Good Visuals,-0.34299474493934257,0.583570926726793,0.0,4.402909918933877,0.9792733891758286,-1.6756257411318147,-0.44715414434866857,-0.04701837329911508,-5.445704252228138,0.012537793522442683,24.522402280336422,1.0639396062541826,5.479375469894431,-0.06396492322416045
3244,13.229796500000003,0.45804420889339187,-0.48548252832516015,-0.01814390589149617,0.45285765856943927,-4.1507339013404625,0.4727467065500099,-0.9563251413045692,0,0.0036327000000000004,1,Shared Control,0.01,Good Visuals,-0.34898065231910347,0.5837563223435742,0.0,4.402527704129431,0.9792669099316322,-1.6941296995834554,-0.4656581028003093,-0.04662686531385379,-5.407984116097939,0.011617695263054513,24.520624530105568,1.0639649232241604,5.480778207032687,-0.06398524434683875
3245,13.233190100000002,0.45600217366855844,-0.49178287392727443,-0.016744532881451446,0.4645422673772948,-4.110174207001638,0.4694729543914872,-0.9730269591533287,0,0.0033936,1,Shared Control,0.01,Good Visuals,-0.3635926858729396,0.5839823507968818,0.0,4.40222334436621,0.9792618134081272,-1.7138832773139567,-0.4854116805308107,-0.059833348866982716,-5.509602468552528,0.010591619776167713,24.519221792967315,1.0639852443468387,5.482676860794033,-0.06401001921481134
3246,13.236792400000002,0.4544313773417636,-0.5004773478233593,-0.015041577049723587,0.4725496113299694,-4.079231929350705,0.4659360473657667,-0.990648061838715,0,0.0036023,1,Shared Control,0.01,Good Visuals,-0.3811985968278472,0.5842384255042267,0.0,4.401833382385428,0.9792547903254687,-1.7330822450622287,-0.5046106482790826,-0.07767946309999234,-5.6134049904309595,0.0097785116751057,24.517323139205967,1.0640100192148114,5.484774947149272,-0.0640380874379609
3247,13.241060700000002,0.4519181032188917,-0.5116175107529146,-0.014017944146875017,0.4790305510858004,-4.042848489767929,0.4616633629342397,-1.0113792955956589,0,0.0042683,1,Shared Control,0.01,Good Visuals,-0.396538867672002,0.5845568274055744,0.0,4.401396899174705,0.9792470613931608,-1.7559935819796744,-0.5275219851965283,-0.09212164514467121,-5.704446000758287,0.00878786729263102,24.515225052850727,1.064038087437961,5.487439899535066,-0.06407298731429362
3248,13.244247400000003,0.4495619087286994,-0.5383002250105208,-0.012101454205540318,0.4730790705851381,-4.052059467698859,0.4584158849380932,-1.026750019840138,0,0.0031867,1,Shared Control,0.01,Good Visuals,-0.4073936912248129,0.5848429045382524,0.0,4.400848550789002,0.9792372101223457,-1.7761393475111893,-0.5476677507280432,-0.10088906996524016,-5.669433649888806,0.0081942849572458,24.512560100464935,1.0640729873142936,5.489651320741537,-0.06410434408857738
3249,13.2479102,0.4479911124019045,-0.5664907988415926,-0.010424772536188731,0.46025922099854544,-4.047377829081882,0.45462292353318984,-1.044301150741504,0,0.0036628000000000003,1,Shared Control,0.01,Good Visuals,-0.4100018867883692,0.585066530773569,0.0,4.400374232382385,0.9792291455121868,-1.7955611056399192,-0.5670895088567731,-0.09378022442556003,-5.637011124609594,0.007077449626704849,24.510348679258463,1.0641043440885773,5.491326217922155,-0.06412885565061348
3250,13.251243200000001,0.4453207586463531,-0.5818643826973735,-0.009302164886836717,0.4624367680441306,-4.00083980450734,0.4511158066242755,-1.0601617370549186,0,0.003333,1,Shared Control,0.01,Good Visuals,-0.40482735712875456,0.5852372814500181,0.0,4.400008857574057,0.9792230727032063,-1.815185775215241,-0.5867141784320948,-0.07927094064956429,-5.485735331615617,0.00609918550185152,24.508673782077846,1.0641288556506134,5.492601119924289,-0.06414757154856063
3251,13.254839400000002,0.4434358030541993,-0.5997369278240174,-0.007680003570076199,0.4604248092309011,-3.985547145482875,0.4472726607242731,-1.077154334559704,0,0.0035962000000000004,1,Shared Control,0.01,Good Visuals,-0.4118996001274757,0.5853908546656952,0.0,4.399730276686616,0.9792184530093611,-1.8339093922638863,-0.6054377954807402,-0.08346591195316659,-5.458462202975149,0.005443973689972135,24.507398880075712,1.0641475715485607,5.49380618666246,-0.06416440463345259
3252,13.258737200000002,0.44076544929864797,-0.6151192519734237,-0.0065072114256251035,0.46203508258628045,-3.9538985932386845,0.44303846633600186,-1.0954276670884562,0,0.0038978000000000003,1,Shared Control,0.01,Good Visuals,-0.41706646586026497,0.5855382736681836,0.0,4.399473864267385,0.9792140471261918,-1.855503309698313,-0.6270317129151668,-0.0836557837999705,-5.435166734061562,0.004495803853722497,24.50619381333754,1.0641644046334526,5.494975732993152,-0.06418056315805361
3253,13.2622329,0.43809509554309667,-0.633354123781501,-0.0049433707929051884,0.46207354330695516,-3.9326712606000687,0.43918072748206183,-1.11168535472457,0,0.0034957,1,Shared Control,0.01,Good Visuals,-0.4238025671120321,0.585655404830463,0.0,4.399226448656948,0.9792097630122234,-1.8748325240138086,-0.6463609272306624,-0.0868135472747595,-5.3774417347324075,0.0038102213445544027,24.50502426700685,1.0641805631580536,5.495853746665262,-0.06419340184733578
3254,13.265855600000002,0.43605306031826324,-0.655832789305514,-0.0031276671637985864,0.45585256541905594,-3.924476375602652,0.43512310642194835,-1.1284006402511444,0,0.0036227000000000004,1,Shared Control,0.01,Good Visuals,-0.43071939258561887,0.5857420457588675,0.0,4.399035007476192,0.9792065793690586,-1.8932259346421696,-0.6647543378590233,-0.08885188950808763,-5.378662054671714,0.002895111822945975,24.50414625333474,1.0641934018473358,5.496493273457743,-0.06420289851702862
3255,13.269182400000002,0.43306854729735295,-0.6749619275496137,-0.002054559124595401,0.4534387127015307,-3.9021270626554783,0.43134377971787663,-1.1436290020418396,0,0.0033268000000000004,1,Shared Control,0.01,Good Visuals,-0.4326144996995228,0.5857966657814248,0.0,4.398894397424534,0.9792042671801654,-1.9123676794944415,-0.6838960827112952,-0.08401825993534313,-5.337314536100816,0.0018320061629762188,24.503506726542255,1.0642028985170287,5.496873075912397,-0.06420888539092752
3256,13.274209300000003,0.4278849194189298,-0.7207791568928583,-0.00345886029894682,0.4228498451489813,-3.910993983611872,0.4255374876787487,-1.1664137849903642,0,0.0050269,1,Shared Control,0.01,Good Visuals,-0.4334168293932152,0.5858399679804329,0.0,4.398753817741842,0.9792020506037045,-1.9487049978452071,-0.7202334010620607,-0.07165678098624924,-5.154825114784858,0.0003699093878832458,24.50288686037496,1.064212636483919,5.497140059562692,-0.06421363172373497
3257,13.2796047,0.425371645296058,-0.7409729295137899,-0.0001658423826907396,0.4254408554765743,-3.918150603295275,0.4191789356599489,-1.1905591833552425,0,0.005395400000000001,1,Shared Control,0.01,Good Visuals,-0.39884076799053886,0.5858589162311113,0.0,4.398743104706855,0.9792019806340303,-1.9638258925309673,-0.7353542957478209,-0.02690079935189679,-4.409195394459732,0.0020263386067837954,24.502859940437308,1.064213631723735,5.497316405932756,-0.06421570863220379
3258,13.283196700000001,0.42223005264246816,-0.7626919885655995,0.003051116982519253,0.42786719478964297,-3.9405675668338076,0.4148738594373675,-1.206452042602155,0,0.003592,1,Shared Control,0.01,Good Visuals,-0.4158627541635647,0.5858602647050843,0.0,4.398708694283846,0.9792013181891642,-1.9806913119628724,-0.7522197151797261,-0.03814759107939206,-4.689919477185065,9.71602385883819e-05,24.502683594067243,1.0642157086322037,5.4972895297476905,-0.06421585643777497
3259,13.2868533,0.41955969888691685,-0.7859285878111114,0.004685839449549367,0.4205234547910436,-3.9700352854967305,0.4104329989660981,-1.2224782089767434,0,0.0036566000000000003,1,Shared Control,0.01,Good Visuals,-0.43238915286589036,0.5858310386482912,0.0,4.398710200240982,0.9792014404814007,-1.9975789016976246,-0.7691073049144783,-0.04742441202437073,-4.947004638589275,-0.0017875282030249077,24.50271047025231,1.064215856437775,5.496999936483752,-0.06421265298401589
3260,13.2910389,0.41641810623332703,-0.8008128482022361,0.005985107267228951,0.42166536077450734,-3.968831634231618,0.4052781326467204,-1.2406305878135258,0,0.0041856,1,Shared Control,0.01,Good Visuals,-0.43238954091419096,0.5857880292391138,0.0,4.398765040209048,0.9792025378562808,-2.017209871694554,-0.7887382749114079,-0.03851286990108056,-4.8994134962887195,-0.002745110191668643,24.503000063516247,1.064212652984016,5.496635423179783,-0.06420793874375827
3261,13.294170100000002,0.4129623543143783,-0.814562190212365,0.0076842216676578645,0.4260683976011608,-3.976231054712525,0.4013723928641519,-1.2540737060006448,0,0.0031312,1,Shared Control,0.01,Good Visuals,-0.439223887233345,0.5857363348188118,0.0,4.398839558858122,0.9792038878029925,-2.0346475707485228,-0.8061759739653765,-0.04060893865169942,-4.872498897387005,-0.003506004190854745,24.503364576820218,1.0642079387437582,5.496207375250087,-0.0642022725436885
3262,13.297845300000002,0.410292000558827,-0.836282628660336,0.008919607694675091,0.41779107734030885,-4.013203364786714,0.39673465415127745,-1.2697009255149034,0,0.0036752000000000004,1,Shared Control,0.01,Good Visuals,-0.4510108430134715,0.5856620034318097,0.0,4.398928115139369,0.9792054670696176,-2.051612093891404,-0.8231404971082578,-0.04774371792889391,-4.960386883883397,-0.004500927835549216,24.503792624749913,1.0642022725436886,5.495570087993836,-0.06419412511679491
3263,13.301240200000002,0.4068362486398782,-0.855512870198078,0.010101594488600762,0.41418805531682545,-4.027879627280116,0.3923998530991548,-1.2839888367394527,0,0.0033949,1,Shared Control,0.01,Good Visuals,-0.448342163246668,0.5855935991562439,0.0,4.399057637056501,0.9792078315847481,-2.0688876766852413,-0.840416079902095,-0.03612413612964522,-4.849422522411081,-0.0052238753122892,24.504429912006163,1.064194125116795,5.495039852532119,-0.06418662735768049
3264,13.304948200000002,0.4040088152516474,-0.8717538014640642,0.011608962152492575,0.4122350352753885,-4.035247454749483,0.38761014078313905,-1.2994302281373795,0,0.0037080000000000004,1,Shared Control,0.01,Good Visuals,-0.45001563214381846,0.5855300131243865,0.0,4.399171190765209,0.9792097659082293,-2.085325577774798,-0.8568539809916518,-0.030712532554845136,-4.791692490761331,-0.005915429073796597,24.50496014746788,1.0641866273576805,5.4945389263997955,-0.06417965772389715
3265,13.3088692,0.40023890406733964,-0.883534476237249,0.012628763284200595,0.4158957519001305,-4.024880287899238,0.382483370170343,-1.3155692814767095,0,0.003921,1,Shared Control,0.01,Good Visuals,-0.4547363744786573,0.5854466078895242,0.0,4.399277552857437,0.9792115985473228,-2.104437157919006,-0.8759655611358602,-0.030065130323972695,-4.784593466905765,-0.0067973957615094826,24.505461073600205,1.064179657723897,5.493831971659176,-0.06417051571698741
3266,13.312354900000003,0.39646899288303183,-0.9035872985706187,0.013985622712688828,0.4119819829060908,-4.043813772264379,0.3778729284029867,-1.3297507985916344,0,0.0034857000000000004,1,Shared Control,0.01,Good Visuals,-0.4628102929217362,0.585352494703611,0.0,4.399422072329659,0.979214216837664,-2.1215681950161582,-0.893096598233012,-0.03470303960147608,-4.7600758835065795,-0.007393466626575005,24.506168028340824,1.0641705157169874,5.493062913640333,-0.0641602000168118
3267,13.315798700000002,0.39364155949480106,-0.929211988427183,0.015768631091814367,0.40053881016445136,-4.068821229563172,0.37326962994626417,-1.3436064467330708,0,0.0034438000000000003,1,Shared Control,0.01,Good Visuals,-0.4649506789437371,0.5852690634999306,0.0,4.399582272112843,0.9792170481505986,-2.137598575188681,-0.9091269784055344,-0.0293622995889265,-4.720927132913882,-0.008186519144855887,24.506937086359667,1.0641602000168118,5.492418669070847,-0.06415105516347264
3268,13.3191895,0.3895574890451343,-0.9489269982822659,0.01628785909887015,0.39467944845080494,-4.064860441856178,0.36869081588134095,-1.3570960084122645,0,0.0033908000000000002,1,Shared Control,0.01,Good Visuals,-0.4615929420004603,0.5852114582186522,0.0,4.399720526019715,0.9792193968857549,-2.154257712403411,-0.9257861156202644,-0.016899677345593507,-4.64780772109757,-0.009228891951782081,24.507581330929153,1.0641510551634727,5.492006180403468,-0.06414474107682863
3269,13.324168400000001,0.3826459852072368,-0.9745818911422106,0.013955169325895855,0.3825141172700539,-4.039848265939722,0.3618852162528375,-1.376624722274884,0,0.0049789000000000005,1,Shared Control,0.01,Good Visuals,-0.4640023143222457,0.5851546962424184,0.0,4.399847212532918,0.9792213256720919,-2.1858008776132833,-0.9573292808301369,-0.008735828137584166,-4.517472448834213,-0.010556335778640564,24.508125773765254,1.0641421038023693,5.4915885368600605,-0.0641385194244372
3270,13.329660500000003,0.379504392553647,-0.9917049729526939,0.017619176300809503,0.3849197493221901,-4.062522579783536,0.3542663853150582,-1.3977754638757587,0,0.005492100000000001,1,Shared Control,0.01,Good Visuals,-0.4359678032028343,0.5852279677004203,0.0,4.3999047298501655,0.9792223888445988,-2.198957960401074,-0.9704863636179275,0.0249489071460819,-3.817077022191115,-0.008165932867906105,24.50841146313994,1.0641385194244373,5.492386380430124,-0.06414655067303263
3271,13.333245400000003,0.37557740173665977,-1.0088497718085265,0.021311016421601547,0.38892569206723215,-4.074299152122512,0.3492311029630025,-1.411356684404884,0,0.0035849000000000002,1,Shared Control,0.01,Good Visuals,-0.4544410063734509,0.5852726130898751,0.0,4.3997600356701625,0.9792193289314123,-2.213721081281901,-0.9852494844987544,0.011646800145796598,-4.135907236539269,-0.010311234739078154,24.507613619569877,1.0641465506730325,5.492662137723207,-0.06415144423228653
3272,13.336819600000002,0.3722787294503905,-1.0190733770678255,0.02304762648738795,0.3922833073370584,-4.056268748418689,0.34416269980590747,-1.4247182982762912,0,0.0035742,1,Shared Control,0.01,Good Visuals,-0.47460511085779905,0.585255904935174,0.0,4.3996929729407706,0.9792183685196565,-2.2288884781503215,-1.0004168813671752,-0.0037944110291703746,-4.461523964119568,-0.012472754268671978,24.507337862276792,1.0641514442322866,5.492417058892244,-0.06414961285963973
3273,13.341279400000001,0.3648959867144545,-1.0300820750358382,0.020733286908547033,0.394636223240453,-3.9815629432916784,0.3377720241335814,-1.4411368297685905,0,0.0044598,1,Shared Control,0.01,Good Visuals,-0.4966022153271559,0.5850836314767961,0.0,4.399862634715896,0.979221850319028,-2.260598864265413,-1.0321272674822661,-0.02343220928607721,-4.534746636601431,-0.013971202807879586,24.508251584802988,1.0641417556638266,5.4908980724593555,-0.0641307300503118
3274,13.347051700000002,0.3582986421419159,-1.0647049207492867,0.020526618008334496,0.3764319090193038,-3.9741148166850175,0.3293930102274335,-1.4619631855138233,0,0.0057723,1,Shared Control,0.01,Good Visuals,-0.4924865758320297,0.5850127834952775,0.0,4.4000349792830775,0.9792244988317019,-2.285306629227475,-1.0568350324443285,-0.014388395506291606,-4.237962919876771,-0.013847647513497622,24.50899728348761,1.0641296411378782,5.49039337826685,-0.06412296443778576
3275,13.353196400000002,0.35374333279421066,-1.0905121744104074,0.02435032256677716,0.37145101110341594,-3.990274181692726,0.320342927501071,-1.483599151039534,0,0.0061447,1,Shared Control,0.01,Good Visuals,-0.45893241313340516,0.5851407386716795,0.0,4.4001498596474775,0.9792268108867783,-2.2982246330346356,-1.0697530362514895,0.028089144292751302,-3.567622361059674,-0.012008333936800054,24.50960662173315,1.0641229644377859,5.491803562333663,-0.06413698954195021
3276,13.357754400000001,0.3457322715275567,-1.1429997065768471,0.025389344026485683,0.340599444462687,-4.0321481428632655,0.3135448119583517,-1.4992871432616495,0,0.004558,1,Shared Control,0.01,Good Visuals,-0.47788274454672697,0.5854577283467014,0.0,4.399657150280543,0.9792172871071714,-2.327370544676314,-1.098898947893168,0.028662446786472274,-4.057957640493587,-0.016882549889231532,24.507073819787728,1.064152604012253,5.494387313096017,-0.0641717346248476
3277,13.364160900000002,0.3388207676896592,-1.122726137584059,0.025275955731307476,0.37656100567759054,-3.9084017018098294,0.30387035510371035,-1.520809815127224,0,0.006406500000000001,1,Shared Control,0.01,Good Visuals,-0.4857744469491027,0.585895085541553,0.0,4.398760682107008,0.9792007215495956,-2.3491523018253653,-1.1206807050422194,0.01951386144094304,-3.904135215670662,-0.01683083328302214,24.50262199038733,1.0642084838285013,5.497697583501556,-0.06421967313259186
3278,13.3700768,0.33049554715764623,-1.15802427434678,0.026625192053935876,0.3627855407804441,-3.9834828246625427,0.29481598571466205,-1.5401292537106885,0,0.0059159,1,Shared Control,0.01,Good Visuals,-0.519696066104272,0.58589302155901,0.0,4.398450018346501,0.9791964026561553,-2.374859751335231,-1.146388154552085,-0.016128380488060704,-4.212414982953712,-0.018363912068221334,24.501371132353285,1.0642314860864501,5.497312975562176,-0.06421944690047704
3279,13.3764267,0.32688271560601795,-1.1866142642878614,0.032066729891355894,0.3535149894228271,-4.0235384227556725,0.2849720589648798,-1.5602644440548967,0,0.0063499,1,Shared Control,0.01,Good Visuals,-0.47235581901340085,0.5861543008530175,0.0,4.3986789417242305,0.9792015046745738,-2.3860538744012523,-1.1575822776181064,0.04664273540180261,-3.2891966814624816,-0.015599514222069434,24.502687024437826,1.064219446900477,5.5001860239350036,-0.0642480855958195
3280,13.3800429,0.3218561673602743,-1.2046696501923853,0.036884108395394466,0.35559479386251147,-4.0244208853206604,0.2793095447542386,-1.5714496702322693,0,0.0036162000000000004,1,Shared Control,0.01,Good Visuals,-0.4871931243135742,0.5864435488943986,0.0,4.398160179642118,0.979190473307045,-2.3992613667990934,-1.1707897700159478,0.04040105988084287,-3.6775331062653143,-0.01879605164011027,24.499813976064996,1.0642480855958194,5.502461364750555,-0.0642797899318519
3281,13.383833900000003,0.318243335808646,-1.2187580008811,0.03893379105440742,0.35269166935116925,-4.022286276941037,0.2733303004908938,-1.582954124984958,0,0.003791,1,Shared Control,0.01,Good Visuals,-0.510396459580799,0.5866086272858745,0.0,4.397676701590066,0.9791821518232816,-2.4132721581068504,-1.1848005613237045,0.0210819708474744,-4.096243511798846,-0.021630447425200813,24.497538635249445,1.064279789931852,5.5035398679398595,-0.06429788409342357
3282,13.387299800000001,0.31321678756290233,-1.2277298913036312,0.039886487072008536,0.3552242336813267,-3.998031001669215,0.26782600368715115,-1.5932722527148273,0,0.0034659,1,Shared Control,0.01,Good Visuals,-0.5165563889842568,0.5867702693619199,0.0,4.397422854724087,0.9791783486575524,-2.428027413190002,-1.199555816406856,0.018727831873672596,-4.138108950038319,-0.022838897725460994,24.49646013206014,1.0642978840934236,5.504853334936491,-0.06431560160214532
3283,13.391365500000003,0.3070906818884023,-1.2445136732144206,0.039264678201251124,0.3487585795004067,-4.0189607782976555,0.26132403955744854,-1.6051310936698093,0,0.0040657,1,Shared Control,0.01,Good Visuals,-0.5232129683683996,0.5869437620026982,0.0,4.397148471355128,0.9791735183924068,-2.4485664933593427,-1.2200948965761966,0.014060813406764279,-4.121085930564549,-0.023404204763143185,24.49514666506351,1.0643156016021453,5.506260711477064,-0.06433461804545852
3284,13.395680600000002,0.30332077070409447,-1.2503046101035578,0.04199673114664593,0.35482648356625157,-4.010865004853643,0.25437110305524985,-1.6174260888841516,0,0.0043151000000000005,1,Shared Control,0.01,Good Visuals,-0.5141344266934175,0.5872067910926242,0.0,4.396854214267693,0.9791683443646536,-2.461600119539727,-1.2331285227565807,0.031167030467380123,-3.7792867400423473,-0.02304615793726767,24.493739288522935,1.0643346180454585,5.508537123629725,-0.06436344853507392
3285,13.3992112,0.2979800631929919,-1.2463694774270864,0.04360896013774207,0.37105661145706526,-3.9848143361540336,0.2486431969424196,-1.6272611773982133,0,0.0035306,1,Shared Control,0.01,Good Visuals,-0.5320660272677047,0.5873356141026079,0.0,4.39639378398114,0.9791598868695846,-2.475884181199591,-1.247412584416445,0.013804660528392135,-3.9904072130585524,-0.02466076573300162,24.491462876370274,1.064363448535074,5.509280409496189,-0.06437756876205186
3286,13.403146,0.29436723164136364,-1.2541281826971975,0.04572403469894404,0.3731329947010158,-3.997424045277181,0.24221907343250818,-1.6379824974288804,0,0.0039348000000000005,1,Shared Control,0.01,Good Visuals,-0.5550367588600165,0.5872290972557986,0.0,4.396205568038574,0.9791573422163437,-2.4903052872260685,-1.2618336904429224,-0.011528833670316697,-4.18112145964956,-0.02561309538287689,24.49071959050381,1.0643775687620518,5.5079976668042745,-0.06436589350268544
3287,13.407761700000002,0.28368581661915826,-1.267629062924873,0.041466743186650085,0.3703534345040074,-3.8450330846906975,0.23463022567604364,-1.6502350009586337,0,0.0046157,1,Shared Control,0.01,Good Visuals,-0.571805813038379,0.5867251943895462,0.0,4.396888410097764,0.9791709618940446,-2.5237167155889972,-1.2952451188058511,-0.02589478559624662,-4.105185882663214,-0.02673699117018275,24.49431668001794,1.0643375663856138,5.503776867978957,-0.06431066095651825
3288,13.414139500000001,0.2785021887407351,-1.2860389490765645,0.04387196306469149,0.36419605188206927,-3.753951165542329,0.22405285903607003,-1.6665851385362855,0,0.0063778,1,Shared Control,0.01,Good Visuals,-0.5449834584700113,0.5867427292549915,0.0,4.397296232706498,0.9791779178675959,-2.536068741391983,-1.307597144608837,0.0019149164773140594,-3.437994267141475,-0.02432958295688866,24.496223132021044,1.0643106609565183,5.504430216175403,-0.06431258294452448
3289,13.417875000000002,0.2745751979237479,-1.2993136404481302,0.050522338887677876,0.3672714980881553,-3.6335157273797933,0.21780995893172594,-1.6758469432334464,0,0.0037355,1,Shared Control,0.01,Good Visuals,-0.5495262048643053,0.586722058071449,0.0,4.397215217413319,0.9791751981263203,-2.548096815715386,-1.31962521893224,-0.00222477374355897,-3.504071060829377,-0.025741555346351263,24.495569783824596,1.0643125829445246,5.50412909771527,-0.06431031718622897
3290,13.4213108,0.2689203311472863,-1.3111792247764944,0.05111037221556036,0.364667718456952,-3.518093768287521,0.21203774736340417,-1.6841593707244524,0,0.0034358,1,Shared Control,0.01,Good Visuals,-0.5817836239582518,0.5862711619052949,0.0,4.397263663789353,0.9791763881211782,-2.5629135890613965,-1.3344419922782504,-0.040033860827892044,-4.090319497021434,-0.029642570650761563,24.49587090228473,1.064310317186229,5.49969163002922,-0.06426089467847677
3291,13.425193200000002,0.26357962363618365,-1.333177442435339,0.05154187627277948,0.35098192828911334,-3.462789147151403,0.20548131510486747,-1.6933133675425738,0,0.0038824000000000003,1,Shared Control,0.01,Good Visuals,-0.5818690137143363,0.585699644423808,0.0,4.398106657366889,0.9791931869470726,-2.5801154309482603,-1.3516438341651145,-0.04184723355548974,-3.9682211554739366,-0.029964537304228676,24.50030836997078,1.0642608946784768,5.494983084193715,-0.064198250927477
3292,13.4290618,0.258238916125081,-1.3542972276408995,0.05275760102021351,0.33901613990167423,-3.431217392931878,0.1989133274495364,-1.7021816518732356,0,0.0038686000000000003,1,Shared Control,0.01,Good Visuals,-0.570422211897721,0.5854033449572245,0.0,4.399083298622403,0.9792105436362286,-2.593353199245915,-1.364881602462769,-0.025726764648563057,-3.683399175729569,-0.030188058605902846,24.505016915806287,1.064198250927477,5.493173231805139,-0.06416577368818464
3293,13.4328739,0.2539977660427348,-1.3640109145337602,0.055084438593198365,0.33817073733947534,-3.380576443865582,0.19240817889854586,-1.7106722301678752,0,0.0038121,1,Shared Control,0.01,Good Visuals,-0.5640787644969025,0.585241817380647,0.0,4.399526328015299,0.9792168299179755,-2.605604718403381,-1.377133121620235,-0.014152961233824873,-3.5468470723947503,-0.030884476109151668,24.506826768194863,1.0641657736881847,5.492081552454359,-0.06414806872969345
3294,13.436361700000003,0.24834289926627315,-1.3733420743049432,0.055934720367727286,0.337330155862932,-3.344254053193323,0.1864284666359709,-1.7182239284048664,0,0.0034878,1,Shared Control,0.01,Good Visuals,-0.5735031113530807,0.5849506899068607,0.0,4.399778386425622,0.9792207084728207,-2.618515226847442,-1.3900436300642962,-0.023769483802380583,-3.63748019160435,-0.03223771695167606,24.50791844754564,1.0641480687296934,5.489474114776437,-0.06411615838999639
3295,13.440836700000002,0.23860396204014478,-1.3983554471774489,0.05217549540417388,0.3198684812274175,-3.2968608221312237,0.1787182879088531,-1.727608940152522,0,0.004475000000000001,1,Shared Control,0.01,Good Visuals,-0.5769585039349491,0.5843648777184981,0.0,4.400825946897497,0.9792396912694025,-2.643294215602217,-1.4148226188190711,-0.02208599995187308,-3.5236869490906546,-0.033626120200894956,24.513043414895783,1.0640818128731953,5.4848585429492545,-0.06405194780318293
3296,13.446642,0.23420573232511907,-1.4063079706214112,0.05548744441626596,0.32130096953111087,-3.2680265090058334,0.16865486428088516,-1.739272632160991,0,0.0058053,1,Shared Control,0.01,Good Visuals,-0.5428691602602681,0.5845697680403444,0.0,4.401276883114474,0.9792473371270803,-2.652729639376556,-1.4242580425934104,0.018040269208773198,-2.7458090895262908,-0.030489526991762127,24.515141457050746,1.064051947803183,5.487428626993858,-0.06407440573092753
3297,13.450220100000003,0.22839378591597795,-1.4172175548425636,0.059738921635092784,0.3220550773184274,-3.2513852445983105,0.16241916203366744,-1.7461730087523906,0,0.0035781000000000003,1,Shared Control,0.01,Good Visuals,-0.5588211696910521,0.5845951309592817,0.0,4.4008382580607215,0.9792373235632771,-2.6635086713593803,-1.4350370745762346,0.0020036370463461786,-2.9896080939742964,-0.0324362825115681,24.512571373006143,1.0640744057309275,5.487168702744549,-0.06407718574803987
3298,13.4538246,0.2241526358336317,-1.4268945399843744,0.06173347379996427,0.31927846876801613,-3.2166868439966287,0.15611288821498406,-1.752901198740143,0,0.0036045,1,Shared Control,0.01,Good Visuals,-0.5782703043009672,0.5843865208203123,0.0,4.400841937583133,0.9792385677914406,-2.6748019294603527,-1.446330332677207,-0.016172369861870973,-3.3063760689109722,-0.03492308271663334,24.512831297255453,1.0640771857480398,5.485093022885126,-0.06405432009296379
3299,13.4580771,0.21661281346501624,-1.424259560184061,0.06049992525003217,0.32864163855608197,-3.106601440481035,0.14864230089473313,-1.7605504372165093,0,0.0042525,1,Shared Control,0.01,Good Visuals,-0.5843557833444168,0.5839703422968777,0.0,4.401234261272054,0.9792464383680153,-2.691460886321636,-1.4629892895384902,-0.021382686056948222,-3.3449705562482484,-0.03607620997211303,24.514906977114876,1.0640543200929637,5.481401916849907,-0.0640087029690122
3300,13.4622828,0.21064378742319562,-1.4390093205568597,0.06200148652846249,0.3215411166596496,-3.03402788524711,0.14122258553641132,-1.7678077438007849,0,0.004205700000000001,1,Shared Control,0.01,Good Visuals,-0.5881446464412861,0.5835671228058298,0.0,4.401971839862119,0.9792602075344219,-2.7026737705239277,-1.4742021737407818,-0.029475384710742254,-3.122583252747688,-0.0353301620571968,24.518598083150092,1.0640087029690122,5.478242669341118,-0.06396450627824828
3301,13.465791800000002,0.2062455577081699,-1.4700334157387847,0.06502297217175859,0.2977743280620002,-2.98215649165976,0.13500907361826445,-1.7736282652777788,0,0.0035090000000000004,1,Shared Control,0.01,Good Visuals,-0.5878466477822615,0.583190401083398,0.0,4.402644657441656,0.9792717573273243,-2.71317387568685,-1.4847022789037043,-0.028128069998052795,-3.073081585964214,-0.03618202910309927,24.521757330658883,1.0639645062782483,5.475271251117974,-0.06392321399491371
3302,13.469235000000001,0.20027653166634932,-1.4838357771552761,0.06526745804808487,0.2897924881225027,-2.8524114022933817,0.12889258254196823,-1.7791319717488263,0,0.0034432000000000004,1,Shared Control,0.01,Good Visuals,-0.5779192729524008,0.5830051844424385,0.0,4.403275260364378,0.9792826337011126,-2.724009026854499,-1.4955374300713533,-0.012354245332759318,-3.009931431648731,-0.03792077322048252,24.524728748882026,1.0639232139949137,5.474159655725884,-0.06390291248968749
3303,13.4742851,0.1897521962768235,-1.483409076918464,0.06085961373485527,0.2957228948303623,-2.5778516591957636,0.1198881594465039,-1.786831715663525,0,0.0050501,1,Shared Control,0.01,Good Visuals,-0.5839814736788811,0.5824796493440961,0.0,4.403720700660245,0.9792891731141138,-2.744104123281151,-1.5156325264980053,-0.028070673861273068,-2.9273837943506376,-0.03904581559651671,24.526592532571414,1.0638911210601643,5.469437920959855,-0.06384530884516458
3304,13.479633800000002,0.1850398072964388,-1.4982554599420816,0.0651516478499349,0.2885762557214433,-2.5161218426673955,0.11031019432623027,-1.7945033412109064,0,0.0053487000000000005,1,Shared Control,0.01,Good Visuals,-0.5576580805828715,0.5824286058107518,0.0,4.404487828085472,0.9793041314296781,-2.7517023350160197,-1.5232307382328738,-0.0038080374302622037,-2.2131573269453053,-0.035449486467495635,24.530562079040145,1.0638453088451645,5.4698224909111515,-0.0638397139884952
3305,13.483399300000002,0.1789137016219387,-1.5197692461670653,0.06860350729570844,0.27473409504384105,-2.4623502291709154,0.10354330797368626,-1.7996057961709078,0,0.0037655,1,Shared Control,0.01,Good Visuals,-0.5695634340883451,0.58218831326257,0.0,4.404494352282297,0.979302224241945,-2.760563057949586,-1.5320914611664398,-0.01598058480219789,-2.4711967128419303,-0.037946183423510645,24.530177509088848,1.0638397139884952,5.46743350755901,-0.06381337564007541
3306,13.486824200000001,0.174515471906913,-1.528578992695984,0.07097216393322674,0.2710268034749237,-2.3559607042945374,0.09737219919345705,-1.8040325973855647,0,0.0034249000000000003,1,Shared Control,0.01,Good Visuals,-0.5712449515234991,0.5819661497974513,0.0,4.404946106876964,0.9793112831526382,-2.769314056782538,-1.540842459999392,-0.014638226259024245,-2.5634187219380404,-0.03994016019638491,24.532566492440992,1.0638133756400754,5.465743651278989,-0.06378902441156367
3307,13.491049800000003,0.1682322865997334,-1.5148215675589314,0.07086008740627636,0.28921102982663327,-2.172493404441334,0.08973802393743745,-1.8092133166601654,0,0.0042256,1,Shared Control,0.01,Good Visuals,-0.5780757810719712,0.581506575070034,0.0,4.405311759867403,0.9793174301236517,-2.779895167131425,-1.5514235703482788,-0.02494800412118444,-2.645939071989739,-0.041303396987013505,24.534256348721012,1.0637890244115638,5.4615854040421565,-0.06373865065096546
3308,13.494245900000003,0.16179202165987433,-1.5199537470914497,0.07205399772243688,0.2892595695687157,-2.070871408499945,0.08394961735243459,-1.8129257428744223,0,0.0031961000000000003,1,Shared Control,0.01,Good Visuals,-0.5954529860456901,0.5806055814442661,0.0,4.40613460015574,0.9793329919838107,-2.7895494775966307,-1.5610778808134849,-0.05492590668351894,-2.6815294462144887,-0.04120560673678702,24.538414595957843,1.0637386506509654,5.453555524094479,-0.06363989318129343
3309,13.4978506,0.15723671231216912,-1.5490747330676866,0.07328709495973454,0.2638510098067357,-2.0247676895542,0.07740733328627723,-1.816899938565941,0,0.0036047,1,Shared Control,0.01,Good Visuals,-0.6008850810039641,0.5795998139187095,0.0,4.4077355573622725,0.9793629770488244,-2.798701230471134,-1.5702296336879882,-0.06345600828014429,-2.6746216426054925,-0.04183495324301929,24.54644447590552,1.0636398931812934,5.445381361994708,-0.06352965149582354
3310,13.501399200000002,0.15079644737231004,-1.5656654713024944,0.07338911408603281,0.25123446726344656,-1.9073854880127608,0.07095326659907354,-1.8205920980084698,0,0.0035486000000000003,1,Shared Control,0.01,Good Visuals,-0.5815691631846466,0.5789653234027341,0.0,4.409443639720462,0.9793930621305459,-2.8073084488375453,-1.5788368520543994,-0.037420375362826545,-2.422521352775485,-0.04247718660130493,24.55461863800529,1.0635296514958235,5.441030771496605,-0.06346010530138158
3311,13.5048602,0.14624113802460487,-1.5742319222941172,0.07528787142553132,0.24636017571435254,-1.7895770906390787,0.06464626970203186,-1.8239829210083063,0,0.003461,1,Shared Control,0.01,Good Visuals,-0.5697395116912868,0.5785463178056685,0.0,4.410440460275946,0.9794085829967689,-2.8148166742126604,-1.5863450774295145,-0.02547495993942327,-2.194745798045947,-0.04248975217106014,24.558969228503393,1.0634601053013815,5.43800401823407,-0.06341417830327506
3312,13.508800100000002,0.1396437934520663,-1.5658895319209725,0.07499752375003443,0.2580933890873338,-1.611164196021293,0.05745276420523234,-1.8275906617875064,0,0.0039399000000000005,1,Shared Control,0.01,Good Visuals,-0.5733933553251207,0.5778929134333204,0.0,4.411114174012632,0.9794194936298776,-2.8237514245559407,-1.595279827772795,-0.032966723338329056,-2.227895058667613,-0.04355752078866775,24.561995981765932,1.0634141783032751,5.432263462410801,-0.06334255897030726
3313,13.512328800000002,0.1333606081448867,-1.569960294593984,0.07590784393965436,0.2576303671935225,-1.4852063806568765,0.05099838248179524,-1.8305942408019935,0,0.0035287,1,Shared Control,0.01,Good Visuals,-0.5836963237882429,0.5769498506480443,0.0,4.412267079691715,0.9794408899099313,-2.8316207304973893,-1.6031491337142436,-0.05374706028875989,-2.195860686287494,-0.04334053750019204,24.567736537589198,1.0633425589703072,5.424184795457636,-0.06323919032068295
3314,13.5158482,0.12864821916450203,-1.5885812242589463,0.0776498366827068,0.2420130165430472,-1.3918519847810675,0.04455083135961692,-1.8333760684136733,0,0.0035194000000000002,1,Shared Control,0.01,Good Visuals,-0.5873918681281627,0.5758993275743899,0.0,4.413910429374348,0.9794708862952182,-2.839034616342787,-1.6105630195596412,-0.06204610697907299,-2.1701507026307816,-0.04379501922399864,24.575815204542366,1.063239190320683,5.415596132001181,-0.06312404300152431
3315,13.519267500000002,0.12189379495928396,-1.5992644108647323,0.07734296359966704,0.23411165754894103,-1.256797422886206,0.038277639584538226,-1.8358746659657939,0,0.0034193,1,Shared Control,0.01,Good Visuals,-0.5799307492889534,0.5749148015807563,0.0,4.415700005655346,0.9795025424503295,-2.84647560750133,-1.6180040107181841,-0.053863175397562045,-2.078489150431011,-0.04471848873183203,24.58440386799882,1.0631240430015243,5.407829614259615,-0.06301612958995635
3316,13.524246100000003,0.1107411410390402,-1.6128993453679288,0.07246350145450198,0.22297532059786507,-1.0210936044106074,0.029129214617800974,-1.8391539518142854,0,0.0049786000000000006,1,Shared Control,0.01,Good Visuals,-0.5700389331587168,0.5731821971943275,0.0,4.4187599218513105,0.9795550560578439,-2.8594179792112677,-1.630946382428122,-0.048843997166750946,-1.838384933552188,-0.045295926056775355,24.598754041147103,1.0629230324335264,5.394046872942455,-0.06282621967244663
3317,13.529799200000003,0.10571459279329654,-1.6189711135712173,0.07658537817549556,0.22018283824306817,-0.9335670646963405,0.018907198015333262,-1.8423115560145709,0,0.0055531,1,Shared Control,0.01,Good Visuals,-0.5387302237765832,0.5728838295328185,0.0,4.420262601563146,0.9795815865777158,-2.863217624739718,-1.6347460279565724,-0.018098055680336466,-1.1081560687267693,-0.04153478898008579,24.605953127057546,1.0628262196724467,5.392789815588576,-0.06279351573932226
3318,13.5333495,0.09927432785343746,-1.6167158497656033,0.08036712983810419,0.22559570624896752,-0.810414602052257,0.012363280987657734,-1.8440550224766508,0,0.0035503,1,Shared Control,0.01,Good Visuals,-0.5542452692413847,0.5721185985098654,0.0,4.4206525993471795,0.9795855111095783,-2.8688427966091483,-1.6403711998260029,-0.037689602224936086,-1.4087230145577205,-0.04387452473539703,24.607210184411425,1.0627935157393222,5.385594830035895,-0.06270963914199675
3319,13.5371272,0.09267698328089889,-1.6197604435232797,0.08031370229324115,0.22429457895337102,-0.7135843345757891,0.005393857830128796,-1.845675261156195,0,0.0037777,1,Shared Control,0.01,Good Visuals,-0.5763839037467525,0.5708213576018211,0.0,4.422050487606965,0.9796126075852698,-2.875060208115071,-1.6465886113319255,-0.06778340991998863,-1.728499167618173,-0.045979529689236555,24.614405169964105,1.0627096391419968,5.374238747733591,-0.0625674492019466
3320,13.541481300000001,0.08592255907568085,-1.64405254094582,0.08052870124555205,0.20162272021037508,-0.7098164073718571,-0.0026459268470512883,-1.8472434223242,0,0.0043541000000000005,1,Shared Control,0.01,Good Visuals,-0.5750661064590716,0.5692084143949492,0.0,4.42433612485664,0.9796549390869744,-2.8821371766472414,-1.6536655798640962,-0.06910031850455045,-1.6129475185000341,-0.045844776577056406,24.625761252266408,1.0625674492019466,5.360736919777897,-0.062390655287672674
3321,13.5451574,0.07916813487046279,-1.6680391862104487,0.08181406171751407,0.17920423611375136,-0.7214057171133192,-0.009438624704902083,-1.8483188944250175,0,0.0036761000000000003,1,Shared Control,0.01,Good Visuals,-0.5540407042751371,0.568444416197898,0.0,4.427116364804275,0.9797049308154048,-2.88682258818096,-1.6583509913978147,-0.03929481660688733,-1.2972870209924938,-0.04583761434926525,24.639263080222104,1.0623906552876727,5.3562682091692215,-0.062306913819789964
3322,13.5488374,0.0744557458900781,-1.676944584160044,0.08389437059498019,0.1713743102649734,-0.7028237069323874,-0.016242071197084117,-1.8491686195244652,0,0.00368,1,Shared Control,0.01,Good Visuals,-0.5378623854163036,0.5681754437426696,0.0,4.428240569383781,0.9797203569523592,-2.8906269714784876,-1.6621553746953421,-0.014263124776521228,-1.1121976546592531,-0.04650674654979108,24.643731790830778,1.06230691381979,5.354858435890022,-0.062277431880817094
3323,13.5523475,0.06770132168486004,-1.6675962124461812,0.08394339288194416,0.18157240707828404,-0.6328150057985864,-0.022733950798921244,-1.849768495940677,0,0.0035101000000000004,1,Shared Control,0.01,Good Visuals,-0.5394360003591657,0.5678883525631508,0.0,4.428620019249803,0.9797250882018043,-2.894776622996422,-1.6663050262132764,-0.014171608991079585,-1.1606767503731614,-0.04766672124031484,24.645141564109977,1.062277431880817,5.35242063469681,-0.06224596395735619
3324,13.5575829,0.05592034923389831,-1.642421013719194,0.07865430003281956,0.20734748222148314,-0.482934668484689,-0.03241977394422208,-1.8502831261960553,0,0.0052354,1,Shared Control,0.01,Good Visuals,-0.566748799783014,0.5661382222093304,0.0,4.43016990090019,0.9797540092227783,-2.9042375311801947,-1.675765934397049,-0.05217463577452266,-1.3526723561448755,-0.048452445576122626,24.65288403744777,1.0621815728614967,5.3366895102081795,-0.06205413302715153
3325,13.5632956,0.04932300466135975,-1.6473573821636887,0.08174277860558182,0.20292574403236663,-0.4517385453510053,-0.042990272219522216,-1.8503288332711132,0,0.0057127,1,Shared Control,0.01,Good Visuals,-0.5517726530285317,0.5653634788584706,0.0,4.4322438136536935,0.9797930320359431,-2.9070518157836718,-1.6785802190005261,-0.04123516298774681,-0.7860471478582909,-0.04452920558969974,24.66331048979182,1.0620541330271516,5.331293426499326,-0.0619692137882269
3326,13.566848400000001,0.04429645641561608,-1.6697143151623586,0.0872867286351383,0.18061451810875462,-0.45126197208306257,-0.04956375302229574,-1.8500876343041277,0,0.0035528,1,Shared Control,0.01,Good Visuals,-0.5612333665323742,0.5644117609971476,0.0,4.433470628883815,0.9798123910264517,-2.9103381055104642,-1.6818665087273186,-0.05096848732560757,-0.9610439323855697,-0.0462143816840095,24.668706573500675,1.0619692137882268,5.323166565906793,-0.06186489645995965
3327,13.570298400000002,0.03738495257771854,-1.681892171607569,0.08694870560001428,0.16819546269655872,-0.39613470972912046,-0.05594586771765508,-1.8496568024057343,0,0.0034500000000000004,1,Shared Control,0.01,Good Visuals,-0.5641015791020472,0.5633877543921559,0.0,4.435127624790815,0.9798425924330372,-2.9145435271952116,-1.686071930412066,-0.04893403603697126,-1.1804029766040554,-0.04926565622063856,24.676833434093208,1.0618648964599597,5.314798947746064,-0.061752655597933304
3328,13.5746787,0.029059732045705583,-1.7061577386058775,0.08500559976336067,0.14349906379985677,-0.4381967552206454,-0.06404622671079255,-1.8488323611313506,0,0.0043803,1,Shared Control,0.01,Good Visuals,-0.5505906304613944,0.562423436181402,0.0,4.436872920218018,0.979873478715751,-2.919239412291439,-1.6907678155082932,-0.03278096767268387,-0.9379576742689348,-0.04898583599529672,24.685201052253937,1.0617526555979333,5.307122748944554,-0.06164695715154135
3329,13.578716400000001,0.02403318379996192,-1.7104485916642376,0.08807941051075446,0.13838376946711306,-0.44276493851798787,-0.07150925935216215,-1.8477992905862226,0,0.0040377,1,Shared Control,0.01,Good Visuals,-0.5179120089434668,0.5626752421772038,0.0,4.438496216504649,0.9799016961406983,-2.9206472065770996,-1.6921756097939542,0.012754680004348028,-0.412830792545952,-0.04780914151357028,24.692877251055446,1.0616469571515414,5.311467295207887,-0.061674557483311104
3330,13.5823009,0.01712167996206437,-1.6918983640058736,0.08863093931422653,0.15590092658034904,-0.40851056265528213,-0.07813072252412401,-1.8466641708115343,0,0.0035845,1,Shared Control,0.01,Good Visuals,-0.5264822695970478,0.5627876527361253,0.0,4.437838344740777,0.9798843084880933,-2.92277335241433,-1.6943017556311846,0.005227149171659472,-0.5935970286533188,-0.04956010363996412,24.688532704792113,1.061674557483311,5.311851192590305,-0.06168687874957317
3331,13.5858417,0.012252211349000192,-1.6829755870023009,0.0903829338731242,0.16368858380923346,-0.4224633402399454,-0.0846671103642041,-1.8453429470383063,0,0.0035408,1,Shared Control,0.01,Good Visuals,-0.5460822368109222,0.5623652222981513,0.0,4.437700198412192,0.9798832064797736,-2.925349525791264,-1.6968779290081186,-0.020430229566487934,-0.748909380195359,-0.049880398296451516,24.688148807409696,1.0616868787495732,5.3074711603956946,-0.06164057635633348
3332,13.590854700000001,0.0004712388980384689,-1.65799488226184,0.08513834926224258,0.18734806477646626,-0.3135875470712967,-0.09391244522355398,-1.843135166652762,0,0.005013,1,Shared Control,0.01,Good Visuals,-0.5728263327670116,0.560444891999243,0.0,4.440027408752344,0.979928339797609,-2.9318356009006874,-1.703364004117542,-0.053631689546799824,-0.9367220764270598,-0.05062889573834832,24.700122773382013,1.0615473271530567,5.290879840111815,-0.06143008989357621
3333,13.596180800000003,-0.006283185307179586,-1.663159609043773,0.0876292599163744,0.17997555760898898,-0.2873584169816047,-0.10372197330902898,-1.8403604124815436,0,0.0053261,1,Shared Control,0.01,Good Visuals,-0.5617679577233443,0.5595226436776247,0.0,4.4418764328314895,0.9799617136385541,-2.933716399981999,-1.7052448031988534,-0.04520136771948133,-0.5270559286286893,-0.04771535295727137,24.709120159888187,1.0614300898935762,5.283726477962422,-0.061329002707110634
3334,13.599803300000001,-0.011309733552923255,-1.6734580587255907,0.09241223975610573,0.16690235375595286,-0.2504770134853653,-0.1103848684069402,-1.8382230357961455,0,0.0036225000000000003,1,Shared Control,0.01,Good Visuals,-0.5657466353036439,0.5585321674939827,0.0,4.443410407126234,0.9799879059446632,-2.9358159848451537,-1.707344388062008,-0.048687323542774025,-0.6086811802501018,-0.049030555171923514,24.71627352203758,1.0613290027071107,5.275533473640597,-0.06122043709813252
3335,13.603355,-0.01806415775814131,-1.6786771022229727,0.09232071064879889,0.15954593357317282,-0.190982108848873,-0.11690967452072291,-1.8359325728058415,0,0.0035517,1,Shared Control,0.01,Good Visuals,-0.5743498248502428,0.5572561199360029,0.0,4.44510897756078,0.9800182237875964,-2.938813974495717,-1.7103423777125715,-0.05753678278357525,-0.8437435693356345,-0.051615208573951334,24.724466526359404,1.0612204370981324,5.264662746262555,-0.06108057015079439
3336,13.607766900000001,-0.030002209841782524,-1.7045575148141012,0.0869074646789404,0.13137505799174032,-0.18285065543047216,-0.12500286952664524,-1.8328210157846487,0,0.0044119,1,Shared Control,0.01,Good Visuals,-0.5465167898963715,0.5555434808674682,0.0,4.44944385113166,0.9800956365579656,-2.942788571488954,-1.714316974705809,-0.02166550711709861,-0.37273357000825413,-0.05120314465767569,24.745380191537294,1.0609434792372834,5.252347609098414,-0.06089284862199245
3337,13.614174300000002,-0.03675663404700058,-1.6932266134931084,0.08824623547964466,0.1395944022915403,-0.11299476054488947,-0.13673067144562842,-1.8277824332237138,0,0.006407400000000001,1,Shared Control,0.01,Good Visuals,-0.5155064056631444,0.5558656966635065,0.0,4.45008145015123,0.980103157966361,-2.9419841723027993,-1.713512575519654,0.014984409606989098,0.22206249617789275,-0.04828087544110509,24.747652390901585,1.0608928486219924,5.256281923722527,-0.060928166537452706
3338,13.617884700000001,-0.04162610266006476,-1.6818120528403586,0.09510456878556367,0.1459703803833552,-0.058395510411424406,-0.14350660907439258,-1.8245865808919712,0,0.0037104000000000004,1,Shared Control,0.01,Good Visuals,-0.5294577564774482,0.555756722691321,0.0,4.449402003370594,0.9800878638290166,-2.9417646604288246,-1.7132930636456791,-0.005281332387245062,0.06397152007195395,-0.04905305516282452,24.743718076277474,1.0609281665374528,5.254435685475477,-0.06091622195377824
3339,13.621369400000003,-0.0485376064979623,-1.668615642904261,0.09496900257643029,0.15597093798771033,0.02399142702122574,-0.14985924783695073,-1.8214015152097542,0,0.0034847000000000003,1,Shared Control,0.01,Good Visuals,-0.5662500869826237,0.5545553149666634,0.0,4.449683302854998,0.9800952416274575,-2.9438259536758,-1.7153543568926546,-0.051080068342948745,-0.5662582404745518,-0.05285500346123617,24.745564314524522,1.0609162219537782,5.24272264839109,-0.06078453624198367
3340,13.625383000000003,-0.05529203070318035,-1.6807904813042507,0.09456721713377038,0.14061103390550356,0.016161083656701956,-0.15716190283825401,-1.8175147910425427,0,0.0040136,1,Shared Control,0.01,Good Visuals,-0.5756678300178774,0.5528604867541597,0.0,4.4519213851655435,0.9801396240373402,-2.9460646310294853,-1.71759303424634,-0.06705848495206677,-0.5698410002762611,-0.05266556513584217,24.75727735160891,1.0607845362419837,5.2282375658017965,-0.06059876695238076
3341,13.6290689,-0.06031857894892402,-1.6914109145475127,0.09684332388933,0.12610387649502997,0.03987863844640049,-0.1638541865485677,-1.8137416843901677,0,0.0036859,1,Shared Control,0.01,Good Visuals,-0.5591111793626196,0.5518844215349922,0.0,4.454875244293577,0.9801935239611094,-2.9470800720224704,-1.718608475239325,-0.04432434436720385,-0.2967303681905644,-0.0522824776955626,24.7717624341982,1.0605987669523809,5.221728909148048,-0.060491780922154736
3342,13.632380000000001,-0.06707300315414208,-1.680795625587637,0.09678118339442562,0.13294605880253063,0.13270490646580796,-0.16985382549925876,-1.8101876324668054,0,0.0033111000000000004,1,Shared Control,0.01,Good Visuals,-0.5551810867746412,0.5509753813334402,0.0,4.456393476663649,0.9802167337867502,-2.9481337063614506,-1.7196621095783051,-0.03839530571248371,-0.29424551468391336,-0.053446321784188774,24.778271090851952,1.0604917809221548,5.214300061188749,-0.060392141471255274
3343,13.635867100000002,-0.07194247176720626,-1.6725253299699876,0.0979113537320525,0.13766230249681777,0.1937063463539034,-0.17615936346894634,-1.806277913610792,0,0.0034871000000000004,1,Shared Control,0.01,Good Visuals,-0.5617647026889011,0.5498152087556543,0.0,4.457944044016377,0.9802441966063313,-2.949098556451159,-1.720626959668014,-0.0514380278740428,-0.2821776649339949,-0.053324049426645266,24.785699938811252,1.0603921414712554,5.204387634142803,-0.060264975523696696
3344,13.640832,-0.08388052385084747,-1.6546448830256393,0.09227883961809887,0.15163303058515276,0.380878719914017,-0.1851129504928298,-1.800419522030598,0,0.0049649,1,Shared Control,0.01,Good Visuals,-0.5787740221576714,0.5464240630548681,0.0,4.462858600484936,0.9803343770876493,-2.9515837701699623,-1.7231121733868175,-0.08090318935036923,-0.3400680812853132,-0.05342575944487378,24.809895181723796,1.0600843735539787,5.175805915318073,-0.059893273705702806
3345,13.646148200000003,-0.08890707209659114,-1.6544043278745026,0.09620587839623866,0.14601519415609543,0.4708219225093095,-0.19466684098788165,-1.793771882787243,0,0.0053162,1,Shared Control,0.01,Good Visuals,-0.560761466217335,0.5451865721550007,0.0,4.465838234687271,0.9803872904510201,-2.951212965288294,-1.7227413685051491,-0.06477187365600298,0.12153950692199089,-0.05042337847811012,24.824194084681928,1.0598932737057027,5.166658476393905,-0.059757632934760704
3346,13.6493352,-0.0956614963018092,-1.6664304317425818,0.09900534468607244,0.12734145104466132,0.5110269428768174,-0.20037698589128897,-1.7896035214729087,0,0.003187,1,Shared Control,0.01,Good Visuals,-0.5729900634323776,0.5432746466708709,0.0,4.467853415922518,0.9804205777028733,-2.9516319344598223,-1.7231603376766773,-0.08276087378151724,-0.11851021738699785,-0.05245015306400619,24.833341523606094,1.0597576329347607,5.149690313540457,-0.05954806771963145
3347,13.652945600000002,-0.10053096491487337,-1.6861904333745517,0.0998460209764156,0.10341308809835703,0.5238170483380749,-0.20682940254005178,-1.7847176690836777,0,0.0036104,1,Shared Control,0.01,Good Visuals,-0.5675339141327231,0.5415209112744175,0.0,4.471249959727517,0.9804841209836931,-2.951984538021153,-1.723512941238008,-0.07551903889367238,-0.1025606635632883,-0.05378709365285379,24.850309686459543,1.0595480677196314,5.135795602802172,-0.05935584164247091
3348,13.6575807,-0.1123119373658351,-1.6765723779104709,0.09451746517421668,0.10814529117320681,0.7149950793137798,-0.21508673567481373,-1.7781934063889728,0,0.0046351000000000005,1,Shared Control,0.01,Good Visuals,-0.5439148883052216,0.5391457839787899,0.0,4.476236446162867,0.9805691929490086,-2.9507704806919364,-1.7222988839087916,-0.04957621420169191,0.2374294823444867,-0.05378123022082621,24.87349796143021,1.0592193752244194,5.117366192463926,-0.059095505103835294
3349,13.663141,-0.11718140597889928,-1.6406818735047932,0.09790532969591445,0.1375115328841796,0.9213963412323457,-0.22495142798637655,-1.7699993942907815,0,0.005560300000000001,1,Shared Control,0.01,Good Visuals,-0.5293114969831167,0.5382514210159497,0.0,4.478155481035917,0.9806029565330756,-2.9485040001717064,-1.7200324033885617,-0.03838889367486131,0.630646517774542,-0.05095869286104102,24.882633807536074,1.0590955051038353,5.1104616946215815,-0.05899747441787656
3350,13.666882400000002,-0.12409290981679683,-1.6040075647071474,0.10085851816957972,0.165991829583634,1.1004718648612053,-0.23156302959760586,-1.7642639652120307,0,0.0037414,1,Shared Control,0.01,Good Visuals,-0.5734285120286577,0.5358572371877218,0.0,4.479641851823172,0.9806282918820355,-2.948257219865343,-1.7197856230821984,-0.10513485681003831,0.07221076996732023,-0.05269768283386101,24.88953830537842,1.0589974744178765,5.0880399912633685,-0.05873504910204375
3351,13.670290300000001,-0.13069025438933538,-1.6441256543248504,0.10087277520827048,0.1201383108871803,0.9801008747384196,-0.23756634357088022,-1.7588868631766157,0,0.0034079,1,Shared Control,0.01,Good Visuals,-0.6150412964064411,0.5317682492677431,0.0,4.484013576626427,0.9807129183644645,-2.9496612563440614,-1.7211896595609166,-0.16721431949319301,-0.39062862830542144,-0.05404576689319863,24.91196000873663,1.0587350491020437,5.051689569600133,-0.05828685714047195
3352,13.674717900000001,-0.13901547492134833,-1.7138489648854796,0.09855086864953189,0.045037898291136136,0.8111469360702355,-0.24533813920132896,-1.7516862704057257,0,0.0044276,1,Shared Control,0.01,Good Visuals,-0.5708861885269189,0.5282561878883234,0.0,4.491287384639686,0.980849197148093,-2.9489051623517204,-1.7204335655685754,-0.10230289430405809,0.1517803858960587,-0.0536409390712806,24.948310430399868,1.058286857140472,5.024155305083661,-0.05790190181421339
3353,13.678752200000002,-0.14388494353441253,-1.7256242331855534,0.10145319566691643,0.026062037220172307,0.8329149598533925,-0.25239137935888195,-1.7449173911657765,0,0.0040343,1,Shared Control,0.01,Good Visuals,-0.48737987367459557,0.5286088276992013,0.0,4.497169097095892,0.9809505853575643,-2.944887176374131,-1.716415579590986,0.015138168853343847,1.1760876880896465,-0.052060106185884594,24.97584469491634,1.0579019018142133,5.033913861483393,-0.05794055449102699
3354,13.682386700000002,-0.15063936773963058,-1.6964186585385899,0.10175201161925138,0.048498732627186625,0.8987109122811254,-0.25872194391521985,-1.738652280243824,0,0.0036345,1,Shared Control,0.01,Good Visuals,-0.48168617956888077,0.5291867057346518,0.0,4.495882532750946,0.9809106272950889,-2.9408334662450013,-1.712361869461856,0.02284358669787541,1.1256553729672696,-0.05362905482782638,24.96608613851661,1.057940554491027,5.038361103279165,-0.058003895419228894
3355,13.6859884,-0.15566591598537424,-1.6748525045506337,0.10305602792984561,0.06379977569319029,0.8996955284402887,-0.26497263578028185,-1.7322899211783773,0,0.0036017,1,Shared Control,0.01,Good Visuals,-0.504939578628693,0.5289142481187112,0.0,4.49492291351602,0.9808942940975836,-2.937727918576825,-1.7092563217936796,-0.011314761823137615,0.9070735368684169,-0.05384581183066565,24.961638896720835,1.0580038954192288,5.034607828170768,-0.05797403147349873
3356,13.690817500000001,-0.16728980880365646,-1.6448844238996845,0.09768282697662539,0.08740549727869285,0.9775548768157181,-0.27331697726909837,-1.7235231867090535,0,0.0048291,1,Shared Control,0.01,Good Visuals,-0.5350091180323155,0.5266999295136371,0.0,4.4973963473785945,0.9809450806923095,-2.9331604923643666,-1.7046888955812212,-0.05208400886842527,0.6380910033185554,-0.05422030767522736,24.974927464461246,1.0578628906440588,5.01496949406806,-0.0577313210966096
3357,13.6961561,-0.17200219778404116,-1.6118895392361159,0.10131477948505721,0.11163364747293758,1.132660537991925,-0.28249162682104384,-1.7135228333175665,0,0.005338600000000001,1,Shared Control,0.01,Good Visuals,-0.5252648047536099,0.5256200457185162,0.0,4.499475885326274,0.9809826959555213,-2.9297075941073123,-1.7012359973241669,-0.044874592718993515,0.964550605356223,-0.0514495380832814,24.985030505931938,1.0577313210966095,5.006305873570249,-0.05761295556316303
3358,13.699865600000003,-0.1787566219892592,-1.5784952323736787,0.10373500483178463,0.13502760094388777,1.2715966955768851,-0.2888347518074241,-1.70638719250223,0,0.0037095,1,Shared Control,0.01,Good Visuals,-0.5655629270110698,0.5231524801322502,0.0,4.501304516963017,0.981014729509921,-2.9282234139064345,-1.699751817123289,-0.10422724093303275,0.4347207758641769,-0.053253079024897156,24.99369412642975,1.057612955563163,4.98342576122793,-0.057342486908801886
3359,13.703308200000002,-0.18535396656179778,-1.6177568139116454,0.10348078524562629,0.08863037859058465,1.1269813031273543,-0.2946975667910785,-1.6996304370295439,0,0.0034426,1,Shared Control,0.01,Good Visuals,-0.5998838726654655,0.5191894114205539,0.0,4.505790028610579,0.9811010589723195,-2.927980295813075,-1.6995086990299297,-0.15553976692776866,0.0673345408960877,-0.05426922505427909,25.01657423877207,1.057342486908802,4.948274590809076,-0.05690809688992692
3360,13.7077211,-0.19179423150165686,-1.6863760790140179,0.10290333528942164,0.013254358015525991,0.9365649645354863,-0.3021784213523574,-1.6907833141144422,0,0.0044129,1,Shared Control,0.01,Good Visuals,-0.553958894965427,0.5167041194985511,0.0,4.512836329185526,0.9812329510409861,-2.9254711861639673,-1.6969995893808216,-0.08764535390001829,0.6292753615499436,-0.053726127985013444,25.051725409190922,1.056908096889927,4.930585390932535,-0.05663568526059475
3361,13.7108184,-0.19682077974740053,-1.7008112192301668,0.10535764160495686,-0.0100279051157246,0.935925729159848,-0.3074055040567958,-1.6844511550743042,0,0.0030973000000000003,1,Shared Control,0.01,Good Visuals,-0.47780264126303706,0.5172309210541699,0.0,4.516823247683859,0.9812971815258775,-2.9204602276917724,-1.691988630908627,0.021794124111878733,1.4773743947740776,-0.05317057725418479,25.069414609067465,1.0566356852605947,4.940009122971364,-0.05669342772087893
3362,13.714239500000001,-0.2034181243199391,-1.6803398337221824,0.10398737973685668,0.004111321352121777,0.964335318949353,-0.3131560529173692,-1.6773416031127497,0,0.0034211000000000003,1,Shared Control,0.01,Good Visuals,-0.4658934330176293,0.5182295547155831,0.0,4.515414377665302,0.9812594523726667,-2.9150199600913838,-1.6865483633082383,0.038028101475646565,1.5109336222819865,-0.05449423000742697,25.059990877028635,1.0566934277208788,4.948604235968375,-0.056802887466996924
3363,13.717895300000002,-0.20813051330032378,-1.658500289830675,0.10502553961704542,0.018841313282074612,0.9657706985524145,-0.31927399175387805,-1.6696127101972575,0,0.0036558000000000003,1,Shared Control,0.01,Good Visuals,-0.4733982837161141,0.5188477614010228,0.0,4.513664485843335,0.9812273175574979,-2.909865306326705,-1.6813937095435594,0.02507334015087664,1.50549191409766,-0.053889333497071486,25.051395764031625,1.056802887466997,4.953012427901079,-0.056870648798755884
3364,13.721430000000002,-0.21472785787286236,-1.633894920485119,0.10454613388101569,0.03571778971213857,1.0081706721854033,-0.3251621767208269,-1.6620129233036445,0,0.0035347000000000004,1,Shared Control,0.01,Good Visuals,-0.4924331159014449,0.5188469563239273,0.0,4.512671946560954,0.9812113053056941,-2.905243124328853,-1.6767715275457074,-3.051927438269219e-05,1.2736792498903249,-0.05449226612023845,25.04698757209892,1.0568706487987558,4.95197437280965,-0.05687056055465007
3365,13.7252848,-0.2211681228127214,-1.6208231060976832,0.10399405390810551,0.041189817205961266,1.012377893322199,-0.3315527072827509,-1.6535854375557963,0,0.0038548000000000002,1,Shared Control,0.01,Good Visuals,-0.5068401218877452,0.5181466799328988,0.0,4.512775822787894,0.98121571424227,-2.900110077296903,-1.671638480513757,-0.02226041015622903,1.1797124938407197,-0.054243443359598804,25.04802562719035,1.05687056055465,4.945035601643491,-0.056793803602690394
3366,13.729076600000003,-0.2276083877525805,-1.621221710411692,0.10394431953017039,0.032363727144104404,0.9624727930141889,-0.3378068354256257,-1.6451565947669609,0,0.0037918,1,Shared Control,0.01,Good Visuals,-0.5098560575800175,0.5174366464274804,0.0,4.514093415718538,0.9812421200478236,-2.895809434930741,-1.6673378381475954,-0.027463287159134427,1.1959517147279257,-0.05388417376524777,25.05496439835651,1.0567938036026905,4.939255400445658,-0.05671597717820519
3367,13.7329996,-0.23232077673296517,-1.618335519524665,0.1054860586926605,0.026821075242295933,0.9373677049985958,-0.3442434475547113,-1.6362940349987716,0,0.003923,1,Shared Control,0.01,Good Visuals,-0.5010976187919856,0.5170891225548884,0.0,4.515304682373408,0.9812635599690094,-2.8912734211547435,-1.662801824371598,-0.014128230686195604,1.3260484041270342,-0.05378460011287783,25.06074459955434,1.056715977178205,4.937011033217473,-0.05667788525687936
3368,13.736262400000001,-0.23876104167282428,-1.6083362897410383,0.10548240588188704,0.027957745257733313,0.9470915832552486,-0.3495701730659149,-1.628815190685008,0,0.0032628,1,Shared Control,0.01,Good Visuals,-0.5026768650334295,0.5167025836338679,0.0,4.515839461028144,0.9812715695781833,-2.8867319974583943,-1.6582604006752488,-0.014776174751773539,1.2668908685103997,-0.054545693531161274,25.062988966782527,1.0566778852568794,4.9336733935119454,-0.056635516915219675
3369,13.7407869,-0.24991369559306803,-1.6039322488717342,0.0996564774728469,0.024882941813273662,0.8962464201653075,-0.35691599650752015,-1.6182860921100266,0,0.0045245,1,Shared Control,0.01,Good Visuals,-0.49192526310107093,0.5161514240390207,0.0,4.517430271419203,0.9813009408603495,-2.876565085340105,-1.6480934885569598,-0.001357620403597216,1.470527966631332,-0.05403580622008125,25.07083562470654,1.0565787833499727,4.929768427717511,-0.05657510458219547
3370,13.747070400000002,-0.2546260845734527,-1.5757365585568825,0.10228991193406745,0.04254953355314406,0.958945784666362,-0.3670378032224805,-1.603367159051402,0,0.0062835,1,Shared Control,0.01,Good Visuals,-0.4746057968924887,0.5165459883522459,0.0,4.517400390020312,0.9812982271884849,-2.870973623273898,-1.6425020264907526,0.018739508895051726,1.8332061460959022,-0.05143783276232251,25.070231572282488,1.0565751045821954,4.9337098565745245,-0.056618352583160836
3371,13.750452300000003,-0.2609092698806323,-1.5663362816465007,0.10612853334184819,0.0370308774049013,0.9259408464469314,-0.3724464455470584,-1.5951990179463007,0,0.0033819,1,Shared Control,0.01,Good Visuals,-0.5037613618765246,0.5159802225210185,0.0,4.516654772744839,0.9812832115708224,-2.865846387468636,-1.6373747906854907,-0.02256888512714002,1.446736965367327,-0.05283744365844706,25.066290143425476,1.0566183525831607,4.9272446594158446,-0.056556339267726685
3372,13.7538844,-0.265307499595658,-1.569575483431758,0.10713894595140039,0.0256235345145428,0.8840151613558779,-0.37790696525813583,-1.586813320551116,0,0.0034321000000000004,1,Shared Control,0.01,Good Visuals,-0.5158066933502131,0.5150731271541535,0.0,4.517804728250822,0.9813081990673184,-2.861632296816439,-1.6331607000332937,-0.035986115737217175,1.2264881551258568,-0.05476022424955616,25.072755340584155,1.0565563392677266,4.9192999448203025,-0.056456912989203946
3373,13.7579736,-0.27316148122963246,-1.555642535574845,0.10474548402850337,0.031170784976270793,0.9618477332674357,-0.3843751267635986,-1.5766984978522425,0,0.0040892,1,Shared Control,0.01,Good Visuals,-0.5093499586804,0.5142071999523564,0.0,4.519408016071636,0.9813379766130211,-2.855810577142691,-1.6273389803595457,-0.025575544023943374,1.274094428850825,-0.05518439193118763,25.080700055179697,1.0564569129892039,4.912233327255703,-0.05636199913307452
3374,13.761731700000002,-0.2778738702100172,-1.541479246308828,0.10650125655358139,0.03521925154341443,1.0772269759090234,-0.3902828671567066,-1.567287143734334,0,0.0037581000000000003,1,Shared Control,0.01,Good Visuals,-0.5041324117207244,0.5135754573543526,0.0,4.520887210009299,0.9813642066863971,-2.8508185311096206,-1.6223469343264751,-0.025534251355787192,1.4619709579659546,-0.05386088204995099,25.087766672744298,1.0563619991330746,4.90739318345267,-0.05629275413657444
3375,13.7653043,-0.28399997588451725,-1.5367029238373195,0.10628289127218937,0.030584219897014542,1.1907305614094432,-0.39586602571124396,-1.558240457669398,0,0.0035726000000000004,1,Shared Control,0.01,Good Visuals,-0.516155309846454,0.512309088062015,0.0,4.5219350993761225,0.9813820054224286,-2.846161388075627,-1.617689791292482,-0.04780939495971344,1.2944778703041688,-0.05469643154331881,25.09260681654733,1.0562927541365745,4.895717495784931,-0.05615394801918928
3376,13.768825200000002,-0.28855528523222246,-1.5324361930640213,0.1073107404790215,0.02580426460537666,1.3177214997493576,-0.4013366021002781,-1.5492319017668046,0,0.0035209000000000004,1,Shared Control,0.01,Good Visuals,-0.5108645764868688,0.511088042237265,0.0,4.524231699614185,0.9814260676798199,-2.8413601598546667,-1.6128885630715213,-0.048400794982516294,1.3987962419766191,-0.05444969110424963,25.10428250421507,1.0561539480191893,4.885772430885096,-0.05602010978486976
3377,13.772751,-0.2945243112740431,-1.5212555641608154,0.106812290826235,0.027976337605989166,1.47191345917112,-0.4073986887945368,-1.5390816858763376,0,0.0039258,1,Shared Control,0.01,Good Visuals,-0.5110482422330607,0.5095665602047282,0.0,4.526315907818044,0.9814629833649652,-2.836322149045448,-1.6078505522623026,-0.05608837107603472,1.3783133095914497,-0.05484523626245433,25.114227569114902,1.0560201097848698,4.872576534372444,-0.055853340885082335
3378,13.7763062,-0.30065041694854316,-1.521550383423472,0.10674827184599361,0.017531302452865605,1.5692159969408896,-0.41285395200583835,-1.5297961670262263,0,0.0035552,1,Shared Control,0.01,Good Visuals,-0.5112112302541312,0.5076528220123137,0.0,4.528992911003928,0.9815124009707598,-2.83071785359214,-1.6022462568089946,-0.06616827634310252,1.431346849187296,-0.05442797162391162,25.127423465627558,1.0558533408850823,4.85602345198688,-0.05564357697988654
3379,13.7799352,-0.30520572629624837,-1.522281403457158,0.10764822570958998,0.007514763569068439,1.6703057596741209,-0.4183882492507429,-1.5202288719492767,0,0.0036290000000000003,1,Shared Control,0.01,Good Visuals,-0.5010294372002838,0.5061519122188965,0.0,4.532355901760908,0.9815743777499027,-2.8253474145152637,-1.5968758177321185,-0.05946380884887092,1.57149853013287,-0.05419106144755627,25.14397654801312,1.0556435769798866,4.844310971308614,-0.05547906299314494
3380,13.783274000000002,-0.3113318319707485,-1.5125949888223529,0.10705641727999443,0.007633883126923813,1.8014860548776164,-0.4234491863479512,-1.511349421710251,0,0.0033388000000000003,1,Shared Control,0.01,Good Visuals,-0.495547086560466,0.504592358108294,0.0,4.534867705570178,0.9816176065046124,-2.819585876583812,-1.591114279800667,-0.05845996473848496,1.6086941034347397,-0.05448635528988035,25.155689028691384,1.055479062993145,4.831132626386897,-0.05530812103154286
3381,13.786887700000001,-0.3158871413184537,-1.5112142654153273,0.10756204502949751,0.0001351562949236662,1.8834953082575818,-0.4288932635949657,-1.50165788777253,0,0.0036137,1,Shared Control,0.01,Good Visuals,-0.4932707618344201,0.5029670473320063,0.0,4.537577891047756,0.981666809058707,-2.8138335294336896,-1.5853619326505446,-0.06430455838310514,1.6861141839965157,-0.0540198500459379,25.168867373613104,1.055308121031543,4.81748015850044,-0.055129971514047596
3382,13.791008100000003,-0.32326988405438967,-1.5062695717261634,0.10562337954057605,-0.0046116839536334275,2.0056782044434938,-0.43505775935862345,-1.4905078910604923,0,0.004120400000000001,1,Shared Control,0.01,Good Visuals,-0.48850680294192733,0.5007883459876944,0.0,4.540394499513648,0.981717748569682,-2.8058656985630726,-1.5773941017799278,-0.0633981391171634,1.7257593395314927,-0.05410016419347866,25.18251984149956,1.0551299715140476,4.7983422705632215,-0.054891165127651784
3383,13.794797200000001,-0.3275110341367359,-1.4876108759139508,0.10754672522188757,0.002897015146541504,2.2039471763497156,-0.44068587247988117,-1.4801638923232303,0,0.0037891,1,Shared Control,0.01,Good Visuals,-0.47545170329512265,0.49940661904375566,0.0,4.5442534473886385,0.9817895919366569,-2.7992201120023585,-1.570748515219214,-0.05549111118057988,1.9514848654236845,-0.052894957537755555,25.20165772943678,1.0548911651276518,4.788267471621298,-0.054739714714620545
3384,13.798303400000002,-0.33363713981123605,-1.4704161774097861,0.10704873266864512,0.009747714913444172,2.393422391724279,-0.44585873273619986,-1.4705175586423735,0,0.0035062,1,Shared Control,0.01,Good Visuals,-0.49180518875274076,0.4970709613077174,0.0,4.5464966201715376,0.9818264237615352,-2.793106076979689,-1.5646344801965444,-0.08810854130313821,1.7164612640846686,-0.05370954643229068,25.211732528378704,1.0547397147146205,4.766942431717287,-0.05448370441506436
3385,13.801874400000003,-0.33803536952626173,-1.4692886095015543,0.10782336320993813,0.0012289491408192799,2.524198851375228,-0.45109230286189983,-1.4606216609970026,0,0.0035710000000000004,1,Shared Control,0.01,Good Visuals,-0.4967195582950814,0.4943686055949757,0.0,4.550714405450472,0.9819068919896965,-2.7872256914719666,-1.5587540946888219,-0.1065849935674124,1.7181048056221782,-0.05321081645437628,25.233057568282714,1.0544837044150643,4.743860988364958,-0.054187500530029464
3386,13.805408800000002,-0.3436902363027234,-1.465636580206912,0.10740206655917645,-0.005014919209909374,2.6829367521330783,-0.45623731399639783,-1.4507587281371042,0,0.0035344,1,Shared Control,0.01,Good Visuals,-0.4923893865813085,0.4913887332079697,0.0,4.555437264914599,0.9819932707141894,-2.7808177026760563,-1.5523461058929116,-0.10876591823827346,1.7450474649139247,-0.05330448572065771,25.256139011635042,1.0541875005300294,4.71844398075326,-0.05386087817836137
3387,13.809280100000002,-0.34950218271186445,-1.4635540816966768,0.10673513128453338,-0.01279535355957262,2.8192168801860618,-0.4618326043731574,-1.4398802957659547,0,0.0038713000000000003,1,Shared Control,0.01,Good Visuals,-0.48489732819138,0.4882224749154605,0.0,4.560642433201288,0.9820883977905874,-2.773559221725757,-1.5450876249426122,-0.10914850296212875,1.8596707617789399,-0.05277616543043176,25.28155601924674,1.0538608781783614,4.691577456896578,-0.05351382615895357
3388,13.8128925,-0.35405749205956966,-1.4617033872375158,0.10777511231358772,-0.02182309147156114,2.9382499607779637,-0.4670155892610127,-1.4296609476600766,0,0.0036124000000000004,1,Shared Control,0.01,Good Visuals,-0.47480224880080546,0.4855478035697492,0.0,4.5661601508971215,0.9821889104425285,-2.7666612817477936,-1.5381896849646488,-0.1050481703769165,2.001026914006526,-0.05211048995616148,25.308422543103422,1.0535138261589536,4.669934733583031,-0.05322065674381857
3389,13.816455400000002,-0.3598694384687108,-1.4547953032649947,0.10714615079230194,-0.025134355604918168,3.06045165885083,-0.47209127959464525,-1.4195194065426062,0,0.0035629000000000004,1,Shared Control,0.01,Good Visuals,-0.47117347031936363,0.4826770785743355,0.0,4.57071780812119,0.9822693926086362,-2.759482776930496,-1.5310111801473514,-0.10759617657590088,2.0055610921960545,-0.05232996906334555,25.33006526641697,1.0532206567438185,4.645338599404308,-0.05290599798424112
3390,13.819841,-0.364110588551057,-1.4519383160697132,0.10798069104358826,-0.03241890952710702,3.15109462553008,-0.4768808128032659,-1.4098274507416615,0,0.0033856000000000003,1,Shared Control,0.01,Good Visuals,-0.4655824876604954,0.4799431735989466,0.0,4.5757454584204496,0.9823615772262506,-2.7523475356152596,-1.5238759388321148,-0.10874385688040858,2.103177891657311,-0.05171699104491353,25.354661400595692,1.0529059979842412,4.622541043674783,-0.05260633599999225
3391,13.824128700000003,-0.36976545532751864,-1.4318690440392277,0.10711535747574724,-0.022041593297566164,3.3144038643031144,-0.48289928607939026,-1.3974792298672538,0,0.0042877,1,Shared Control,0.01,Good Visuals,-0.4627527082619755,0.4766114293257636,0.0,4.580472264505859,0.9824467457403395,-2.743893650810147,-1.515422054027002,-0.11080761249570269,2.09851925161047,-0.0518245955468671,25.377458956325217,1.0526063359999922,4.5933693205102575,-0.0522411451433606
3392,13.827272100000002,-0.3752632424713008,-1.414674570147547,0.10763604360808948,-0.017195340280293125,3.4478674761463206,-0.48727782604021685,-1.388376271432017,0,0.0031434,1,Shared Control,0.01,Good Visuals,-0.46961363933428585,0.4731539349492464,0.0,4.586370807859518,0.9825564319939328,-2.736534402932992,-1.5080628061498471,-0.1305265322637455,2.058530874728671,-0.05105240362925601,25.406630679489744,1.0522411451433606,4.563993435908126,-0.05186217087954257
3393,13.8311523,-0.379504392553647,-1.4117247415912904,0.10777343348656987,-0.023348470159273438,3.5321484093535913,-0.4926431144341872,-1.3770836682337306,0,0.0038802000000000003,1,Shared Control,0.01,Good Visuals,-0.47741095494437386,0.4693523122589399,0.0,4.592404396592287,0.9826665060290021,-2.7297641081376733,-1.5012925113545283,-0.14936815166283715,1.9807187605156864,-0.05092841757553622,25.436006564091876,1.0518621708795426,4.531202837760237,-0.051445476879934664
3394,13.834678500000003,-0.3853163389627881,-1.4093255300333438,0.10732677547139907,-0.03224186179961319,3.628064499274667,-0.4974808169249977,-1.3667700542704548,0,0.0035262,1,Shared Control,0.01,Good Visuals,-0.4727128864989842,0.465348645574817,0.0,4.599088153531561,0.9827896456593792,-2.7224575800115653,-1.4939859832284206,-0.1487956506292397,2.023969010002175,-0.05058371020700663,25.468797162239763,1.0514454768799346,4.496908248188512,-0.05100663693720231
3395,13.8382687,-0.394898196556237,-1.3941911971141216,0.1025826203687607,-0.027421142843666813,3.8467705737214963,-0.5023688731084329,-1.3562214842593785,0,0.0035902000000000004,1,Shared Control,0.01,Good Visuals,-0.45591417610705715,0.4576396877762961,0.0,4.612319995592975,0.9830303013411135,-2.706358382058775,-1.47788678527563,-0.13882181440849414,2.2025757385757796,-0.0499065513285139,25.533009374259276,1.0506126203061117,4.430995449243058,-0.05016166185167764
3396,13.845615500000001,-0.40055306333269863,-1.3746469825871164,0.10181580977573429,-0.018425498327737877,3.98274596486537,-0.5122530624840937,-1.3344949794722873,0,0.0073468000000000006,1,Shared Control,0.01,Good Visuals,-0.4469319077532074,0.4537116536288112,0.0,4.61960746344502,0.983165839431572,-2.6965343475112333,-1.4680627507280886,-0.13815883959051253,2.4535550818035956,-0.04694587835683396,25.569004550756944,1.0501616618516776,4.397793747349867,-0.04973111195421268
3397,13.849645200000001,-0.4060508504764807,-1.3776289447434218,0.10620221200761304,-0.043133965271134445,4.025581503990116,-0.5176065329797405,-1.322503622141277,0,0.004029700000000001,1,Shared Control,0.01,Good Visuals,-0.45292831899059,0.4495656020176392,0.0,4.626451780483198,0.9832903895152797,-2.687431633812276,-1.4589600370291314,-0.1554005429576339,2.405897634189823,-0.04619501941890489,25.602206252650134,1.0497311119542128,4.361896390314498,-0.049276665269420615
3398,13.853596,-0.4126481950490193,-1.3827370206716831,0.10495833793072118,-0.06023339853040621,4.059106361639466,-0.5228081779820887,-1.3106998381671966,0,0.0039508,1,Shared Control,0.01,Good Visuals,-0.44969666394476254,0.443606130227781,0.0,4.633761344009243,0.9834254847136938,-2.6752097396097247,-1.44673814282658,-0.1538195261712631,2.3147526898771726,-0.0477448613768075,25.6381036096855,1.0492766652694205,4.307916275205711,-0.04862345048774371
3399,13.859092800000003,-0.41955969888691685,-1.381703712736355,0.10324847909517182,-0.07100387456915835,4.077886963122696,-0.5299675353582437,-1.2942049974401642,0,0.0054968000000000005,1,Shared Control,0.01,Good Visuals,-0.42823211403516415,0.43936503105598296,0.0,4.644504533227758,0.9836297424627781,-2.6636980992053574,-1.4352265024222126,-0.1298502989703777,2.5521306266056394,-0.04656016212458695,25.692083724794287,1.0486234504877436,4.27430738747736,-0.04815858568642177
3400,13.863056200000003,-0.4233296100712246,-1.3729717753988155,0.1066379252870191,-0.07876677795865139,4.118501872817449,-0.5350733358235478,-1.2822635888242786,0,0.003963400000000001,1,Shared Control,0.01,Good Visuals,-0.4104284153967177,0.4366443760086813,0.0,4.651679482895699,0.983754997516982,-2.654070874392094,-1.4255992776089492,-0.1105113807526834,2.7825957608137193,-0.045363771224133174,25.72569261252264,1.0481585856864217,4.252917681502766,-0.047860376020295706
3401,13.8664816,-0.42882739721500673,-1.3530006909463501,0.10624593860854104,-0.07073710212207152,4.204208093873575,-0.5394478821954651,-1.2719133125690651,0,0.0034254000000000003,1,Shared Control,0.01,Good Visuals,-0.4190411063049053,0.43338478258810925,0.0,4.656266444887091,0.9838346695112824,-2.6449185286745833,-1.4164469318914386,-0.12428193575947405,2.5598818889354016,-0.04656285034581083,25.747082318497235,1.0478603760202958,4.223732411558343,-0.04750309358325189
3402,13.8700896,-0.4329114676646735,-1.3413716287611714,0.10653641453079166,-0.0694583161921063,4.245197985593204,-0.5440172364129559,-1.2609835765186934,0,0.003608,1,Shared Control,0.01,Good Visuals,-0.42572906878093186,0.42989157140067513,0.0,4.6621122450060195,0.9839450656035271,-2.6363638385615227,-1.407892241778378,-0.13987740232873172,2.5067954383931834,-0.04604537300473216,25.776267588441655,1.0475030935832519,4.193212281265276,-0.0471202044172969
3403,13.874341900000001,-0.43919465297185306,-1.324976885734639,0.10482258344110279,-0.06399330921594548,4.3245814130539015,-0.5493518697535035,-1.2480684807187579,0,0.0042523000000000005,1,Shared Control,0.01,Good Visuals,-0.4289931657300408,0.4244970061770826,0.0,4.668303646703085,0.9840602317752886,-2.624185593928015,-1.3957139971448704,-0.14768445728191604,2.4467572044095194,-0.04579910665403575,25.806787718734725,1.047120204417297,4.14355955215534,-0.046528908767442895
3404,13.87837,-0.4445353604829557,-1.3113221522546414,0.10481650927054775,-0.06325367153588357,4.394484537458016,-0.5543545222586869,-1.2358038514145266,0,0.004028100000000001,1,Shared Control,0.01,Good Visuals,-0.4273866552650234,0.420506787153337,0.0,4.678113909432492,0.9842486835757074,-2.6151652808974744,-1.3866936841143296,-0.15258955625505113,2.493452297252543,-0.04449687285049556,25.856440447844662,1.046528908767443,4.11118325802761,-0.04609154281617273
3405,13.882116200000002,-0.44846235129994294,-1.3142464676721142,0.10589217095874393,-0.07844261625758753,4.40648136166503,-0.5589626874235112,-1.2243735772226536,0,0.0037462000000000003,1,Shared Control,0.01,Good Visuals,-0.42879461751067544,0.4165751684547223,0.0,4.6849454650976226,0.9843699306595574,-2.606730299595624,-1.3782587028124793,-0.16027157755470176,2.4856287908796837,-0.044076053553986,25.88881674197239,1.0460915428161728,4.0767987636215395,-0.045660600017815516
3406,13.8855125,-0.4534888995456866,-1.3106957604460852,0.10547378787782458,-0.08632218322343155,4.460039207434652,-0.5631034041309736,-1.2139929631771265,0,0.0033963,1,Shared Control,0.01,Good Visuals,-0.4196109900369969,0.41264068637067924,0.0,4.691921294042984,0.9844998221780229,-2.5976079630534157,-1.369136366270271,-0.14994490323102524,2.532997318322967,-0.044112048955175,25.92320123637846,1.0456606000178155,4.042427582390671,-0.045229343365185054
3407,13.889531600000002,-0.462285358975738,-1.2685440467470226,0.10081804515523557,-0.05455108356989613,4.651883978884274,-0.5679578448983644,-1.201689193262249,0,0.0040191,1,Shared Control,0.01,Good Visuals,-0.4169784907083216,0.40453968482382097,0.0,4.705147815798009,0.9847448168364409,-2.57850789168337,-1.3500362949002256,-0.15700206287130766,2.5323719177678248,-0.04330010404998115,25.988086196307258,1.0448402986643406,3.9704903855021882,-0.04434139655657684
3408,13.8964019,-0.4673119072214817,-1.2538384806557032,0.10064593767688274,-0.05214928739345415,4.7084822544660385,-0.5761414459275948,-1.1806154917079499,0,0.0068703,1,Shared Control,0.01,Good Visuals,-0.42146687460068255,0.40022448475525724,0.0,4.713385868669041,0.9849020628893885,-2.5691646962832007,-1.3406930995000566,-0.17252137537851375,2.6019815640439745,-0.04078490021165275,26.02950961449781,1.0443413965565769,3.933004499679167,-0.043868409592283136
3409,13.900018600000003,-0.4707676591404305,-1.2512607815062289,0.10537378678716425,-0.070645289798279,4.740424669303567,-0.5803912887381867,-1.169504633940043,0,0.0036167,1,Shared Control,0.01,Good Visuals,-0.42378245092043954,0.39590427530427047,0.0,4.721022935406989,0.9850437422106404,-2.5602933710612468,-1.3318217742781027,-0.18071783779802714,2.581274796890659,-0.040280968549440126,26.066995500320832,1.0438684095922832,3.894886523078487,-0.043394873552037534
3410,13.903533900000003,-0.4757942073861742,-1.2375079125357171,0.10459708135201251,-0.06800327859567412,4.826390173925448,-0.5844834535991426,-1.1586964099902308,0,0.0035153000000000003,1,Shared Control,0.01,Good Visuals,-0.4286850549640404,0.3910054849164363,0.0,4.728727777060631,0.9851880824499523,-2.551779643331148,-1.3233080465480043,-0.18876800503698,2.3815289183189625,-0.04171793269403897,26.105113476921513,1.0433948735520375,3.850802284249565,-0.04285791953891246
3411,13.907867900000003,-0.4806636759992383,-1.2300234581929355,0.10381977759990424,-0.07132704820270463,4.847950254022081,-0.589476350548332,-1.1453616093198649,0,0.004334,1,Shared Control,0.01,Good Visuals,-0.428526522631364,0.3847975648380568,0.0,4.73755016019313,0.9853553867895307,-2.541142012237683,-1.3126704154545394,-0.19550122364366265,2.41522820213081,-0.040898032514887585,26.149197715750436,1.0428579195389125,3.794064695786223,-0.042177472462114944
3412,13.911493200000002,-0.48537606497962305,-1.2276912062073215,0.10410028556870898,-0.08232959688745667,4.8174859771442815,-0.5936084020404752,-1.1342015922569995,0,0.0036253,1,Shared Control,0.01,Good Visuals,-0.42272330818167286,0.37989607028348776,0.0,4.748817581442305,0.9855710948026686,-2.5322650437756273,-1.3037934469924837,-0.19105766236207997,2.475382298891775,-0.03994959760247179,26.205935304213778,1.042177472462115,3.752435299582973,-0.04164022204659958
3413,13.915085000000001,-0.4888318168985718,-1.215448079822452,0.10477658514190336,-0.08124648756545261,4.810008448366044,-0.5976623652129692,-1.1231415216016543,0,0.0035918,1,Shared Control,0.01,Good Visuals,-0.4140928416506101,0.3754863143247617,0.0,4.757407281148457,0.9857283158392817,-2.523505989048095,-1.2950343922649512,-0.1799462172565711,2.559480663763771,-0.039547289402941416,26.247564700417026,1.0416402220465997,3.7136726237256332,-0.04115687085753452
3414,13.918539600000003,-0.493701285511636,-1.1990281454806855,0.10396107970133323,-0.07588662387903122,4.805785158274718,-0.6015239934753064,-1.1125026215297484,0,0.0034546000000000004,1,Shared Control,0.01,Good Visuals,-0.41918922415642806,0.370649962547278,0.0,4.765264345697519,0.9858752505417087,-2.514681842108494,-1.2862102453253499,-0.18735221662629908,2.463813189892867,-0.03934217378246788,26.286327376274368,1.0411568708575345,3.669871497257628,-0.04062676070988386
3415,13.922456200000003,-0.5018694264109694,-1.1770360567427347,0.09965456706433695,-0.06453343521298627,4.770353647875571,-0.6058576012452306,-1.1004413973612288,0,0.0039166,1,Shared Control,0.01,Good Visuals,-0.4210346806409577,0.3604761322967822,0.0,4.782538377424706,0.9862027841807323,-2.496489616916506,-1.2680180201333615,-0.19121840414161217,2.448596570359319,-0.038130199013397606,26.372517039239654,1.0401059147858553,3.577924915665621,-0.03951161216312757
3416,13.9293856,-0.5065818153913542,-1.168018190222052,0.09927578585387642,-0.0675767928608233,4.748675977018779,-0.6134090850016699,-1.0791101024111387,0,0.0069294000000000005,1,Shared Control,0.01,Good Visuals,-0.413928211904369,0.35588424981866584,0.0,4.792388908269482,0.9863914689039683,-2.4870552105076165,-1.2585836137244721,-0.18518477927991625,2.6172514797041027,-0.035923092901062485,26.42207508433438,1.0395116121631276,3.5377250621865537,-0.039008298175546775
3417,13.933151500000001,-0.5098804876776234,-1.1683346333291011,0.10352859732404651,-0.08922453091796245,4.699233334421107,-0.6174510894578037,-1.0675250421255869,0,0.0037659000000000004,1,Shared Control,0.01,Good Visuals,-0.40991199563024444,0.3516449560349368,0.0,4.8005610894710316,0.986543993051539,-2.477944261434368,-1.2494726646512235,-0.18104484612297045,2.6655010307623206,-0.035330688573765326,26.462274937813447,1.0390082981755469,3.4998403616049507,-0.03854363126192611
3418,13.936498,-0.5142787173926491,-1.1549565415089484,0.10317237206515462,-0.08743149938336159,4.712970698765957,-0.6210063452269371,-1.0572367645282204,0,0.0033465,1,Shared Control,0.01,Good Visuals,-0.4097475570229482,0.3471282816595605,0.0,4.8081819609749665,0.9866880348916478,-2.4689110507286265,-1.2404394539454822,-0.17836968643330695,2.5378464645000482,-0.03640530905437301,26.50015963839505,1.038543631261926,3.458609927967391,-0.0380485607976212
3419,13.941024800000001,-0.522289778659303,-1.1380420920316727,0.09871656656763406,-0.08080532750345237,4.646078114434607,-0.6257607669521947,-1.0433320808928799,0,0.0045268,1,Shared Control,0.01,Good Visuals,-0.4053306269527906,0.3377116009954528,0.0,4.825878633279219,0.9870280024053059,-2.44987434563974,-1.221402748856596,-0.1762885658035289,2.599395290031728,-0.03493588137763435,26.5893394407309,1.037478887527261,3.3735595243558567,-0.037016403045889885
3420,13.947409700000001,-0.5265309287416493,-1.1208583556807088,0.09922983821054543,-0.07752627478782892,4.6408442632011395,-0.6323598012351072,-1.0237494624740142,0,0.006384900000000001,1,Shared Control,0.01,Good Visuals,-0.39736904047669463,0.3336596992584577,0.0,4.833409128700491,0.9871689898400502,-2.4400884946860213,-1.2116168979028774,-0.1664139165346792,2.7327909055596216,-0.033337729740329884,26.626440475644145,1.03701640304589,3.336756467459824,-0.036572276082656036
3421,13.951132900000001,-0.5299866806605981,-1.1076342307866445,0.10237312057450909,-0.08388476831263025,4.610228570067107,-0.6361501978862812,-1.0123492432445824,0,0.0037232000000000003,1,Shared Control,0.01,Good Visuals,-0.4038049735809477,0.3295260933681741,0.0,4.840755468415028,0.9873092519428681,-2.4310511886392696,-1.202579591856126,-0.17664058928492238,2.6406340716314602,-0.033108997974796,26.663243532540175,1.0365722760826561,3.298897923125351,-0.036119193567229924
3422,13.954419300000001,-0.5342278307429443,-1.0897514827188297,0.10192236714333691,-0.07740223947424729,4.608664230149329,-0.6394606654448288,-1.0022996810825728,0,0.0032864,1,Shared Control,0.01,Good Visuals,-0.41350136564286055,0.3241234238792724,0.0,4.848281311613702,0.987453661925848,-2.421088267654997,-1.1926166708718533,-0.18856152554980674,2.448915022066382,-0.03373461448882703,26.701102076874648,1.03611919356723,3.247939071207468,-0.03552700961282792
3423,13.959165000000002,-0.5395685382540469,-1.0704173186523527,0.09989212719078189,-0.06811763756977984,4.614238247221318,-0.6441828897391911,-0.9878118206029596,0,0.0047457,1,Shared Control,0.01,Good Visuals,-0.41871933879410117,0.3173111588546686,0.0,4.858261830296623,0.9876485185843479,-2.4093453408172105,-1.1808737440340669,-0.1975380264250663,2.3902717061118635,-0.03303542660837862,26.75206092879253,1.035527009612828,3.1838477543153423,-0.034780320582712104
3424,13.963381400000003,-0.5438096883363932,-1.0696513893893145,0.10037320140279793,-0.0818395687863549,4.554993644413356,-0.6483208089489179,-0.9749660435475679,0,0.0042164,1,Shared Control,0.01,Good Visuals,-0.41926487983116034,0.3122781447415412,0.0,4.8708328847526765,0.9878936002244939,-2.4005864061006292,-1.1721148093174856,-0.201801792419017,2.420330685175381,-0.03169688663936495,26.81615224568466,1.0347803205827122,3.1396269528765295,-0.03422865437285133
3425,13.9670622,-0.5469512809899829,-1.0741412029916337,0.10136952795893495,-0.09917515944406585,4.500627232100372,-0.651888859562316,-0.9637739704015666,0,0.0036808,1,Shared Control,0.01,Good Visuals,-0.40894067020399005,0.3078570343148664,0.0,4.87982072631308,0.9880618821303303,-2.3919666840362535,-1.1634950872531098,-0.18712862858396825,2.5211237392148993,-0.031344357115834796,26.86037304712347,1.0342286543728514,3.0993502271590687,-0.03374405862612013
3426,13.9705257,-0.5511924310723292,-1.0692427509195748,0.10069642848998683,-0.10546878051800812,4.480754509601066,-0.6552086819038103,-0.9532626133718268,0,0.0034635000000000004,1,Shared Control,0.01,Good Visuals,-0.3974731341338272,0.3036207534327792,0.0,4.887855210066845,0.9882156156002423,-2.3826932198048816,-1.1542216230217377,-0.17042016636202784,2.594992229508623,-0.031207322247335644,26.900649772840932,1.0337440586261202,3.06029412501675,-0.03327972195517157
3427,13.974820100000002,-0.5562189793180728,-1.063747539938472,0.09898970258573747,-0.1104849265666451,4.418408712780736,-0.6592744380895156,-0.9402581820793456,0,0.0042944,1,Shared Control,0.01,Good Visuals,-0.38872775145301447,0.2976531821750657,0.0,4.895599518579003,0.9883648495147952,-2.3681613076518095,-1.1396897108686659,-0.1604885550526379,2.697388750245354,-0.030573525486119777,26.93970587498325,1.0332797219551715,3.002978967578463,-0.03262561939479324
3428,13.979273200000002,-0.560460129400419,-1.0592671447426292,0.09881430868909657,-0.11900896266328354,4.3012806264198575,-0.6634315420355108,-0.9268087068000108,0,0.004453100000000001,1,Shared Control,0.01,Good Visuals,-0.37649219091487873,0.29410547753251776,0.0,4.906731358698191,0.9885845096243282,-2.357972588040214,-1.1295009912570704,-0.14427039137541847,2.8092088592449613,-0.029464599977208086,26.997021032421536,1.0326256193947931,2.9726911706620527,-0.03223675722793479
3429,13.9831626,-0.5632875627886499,-1.0479498641884133,0.10014397924686091,-0.12114115738840248,4.1941660947516,-0.6670134786991729,-0.915093071271522,0,0.0038894000000000003,1,Shared Control,0.01,Good Visuals,-0.36780924432967577,0.2911146600164528,0.0,4.912986499881803,0.9886996543942683,-2.3480658101848357,-1.119594213401692,-0.12917815665197435,2.8905487863269483,-0.029061829444052365,27.027308829337947,1.0322367572279347,2.945232534433522,-0.03190893518603562
3430,13.9866031,-0.5684711906670731,-1.0271002827416664,0.09854228803209986,-0.11200721147014447,4.145088348464528,-0.6701440655921519,-0.9047551601509981,0,0.0034405000000000004,1,Shared Control,0.01,Good Visuals,-0.3727677517259585,0.2870061611457014,0.0,4.9184453224430005,0.9888046074014245,-2.3354115880489292,-1.1069399912657858,-0.13122761961692905,2.765043621961399,-0.02915338047114462,27.054767465566478,1.0319089351860355,2.905620758134386,-0.03145860463871347
3431,13.991708300000003,-0.5733406592801371,-1.0107727044911636,0.09680340631201478,-0.10601754434016553,4.092567240925453,-0.6747239590402098,-0.8894615172330899,0,0.005105200000000001,1,Shared Control,0.01,Good Visuals,-0.37466151087383937,0.28210205501361607,0.0,4.926126465059124,0.9889565205191494,-2.320539145782274,-1.0920675489991307,-0.13486986558938988,2.7599313872836078,-0.02828224379860697,27.094379241865614,1.0314586046387135,2.8589223675431836,-0.030921067969466705
3432,13.99635,-0.5772676500971244,-1.0036589085707732,0.09745630894308532,-0.11419739133768336,3.99461884791652,-0.6788203984770234,-0.8756066233667691,0,0.0046417,1,Shared Control,0.01,Good Visuals,-0.37288233713762053,0.2789373472370664,0.0,4.935240103777545,0.9891354919449685,-2.310675108721871,-1.0822035119387279,-0.1332259904788946,2.7570118677407494,-0.027308439852937422,27.141077632456817,1.0309210679694667,2.831051608735037,-0.030574185901353204
3433,13.999989200000002,-0.5802521631180347,-0.9969014361617595,0.09856823535898862,-0.12129481279499044,3.8924739071316123,-0.6819871946170811,-0.8647789678205796,0,0.0036392000000000004,1,Shared Control,0.01,Good Visuals,-0.36855353644298106,0.2760465696497044,0.0,4.9409050292096275,0.9892417788079408,-2.301028458481406,-1.0725568616982628,-0.12473308256109332,2.7769734125352654,-0.027184204288100214,27.168948391264962,1.0305741859013533,2.8040414771719497,-0.030257329187001664
3434,14.0035636,-0.5840220743023425,-0.9865851100205383,0.09796512031473859,-0.12180614219995867,3.809394441430102,-0.6850592999070549,-0.8541750085897546,0,0.0035744,1,Shared Control,0.01,Good Visuals,-0.36753860548148976,0.27318244849193346,0.0,4.946228818669392,0.9893452002712794,-2.291320664299094,-1.062849067515951,-0.11958147157504982,2.7298990979758124,-0.02720942324727351,27.19595852282805,1.0302573291870016,2.777074449134984,-0.02994339427083117
3435,14.0079059,-0.5888915429154067,-0.9830249459080029,0.09616775699164826,-0.12884993731824834,3.6927543121789888,-0.6887404903185967,-0.8413354441335973,0,0.0043423,1,Shared Control,0.01,Good Visuals,-0.3645557069437326,0.26938092232799965,0.0,4.951523686883438,0.9894485171793109,-2.2775822136340635,-1.0491106168509203,-0.11397678065487026,2.7572854864991507,-0.026762351434387138,27.222925550865014,1.0299433942708311,2.74025811671748,-0.02952671085143166
3436,14.0120012,-0.591876055936317,-0.9782884370239164,0.09686443438227976,-0.13695299289031915,3.5798953367200204,-0.6921612911765318,-0.8292701983857644,0,0.0040953000000000005,1,Shared Control,0.01,Good Visuals,-0.34935366733436113,0.26731790621940243,0.0,4.958650061187382,0.9895898237155787,-2.267577205326647,-1.0391056085435035,-0.09153412192844873,2.9130053885217455,-0.025905759076625144,27.25974188328252,1.0295267108514317,2.7225307670481707,-0.02930058466701602
3437,14.015542,-0.5956459671206248,-0.9666243922261047,0.09651532405590701,-0.1373541938403403,3.4895270734575985,-0.695079155747961,-0.8188739321449725,0,0.0035408,1,Shared Control,0.01,Good Visuals,-0.345134073250537,0.2653853809569934,0.0,4.9623023568529945,0.9896573628619312,-2.257188899000715,-1.0287173022175715,-0.08192794176704668,2.9044388195633104,-0.025893597786197722,27.27746923295183,1.029300584667016,2.7042744032201247,-0.029088761520287162
3438,14.019193300000001,-0.5994158783049325,-0.9652084847098639,0.0956632774430285,-0.14633455256489136,3.35257497545106,-0.6980495910848658,-0.8081883832619212,0,0.0036513,1,Shared Control,0.01,Good Visuals,-0.3433404777309411,0.263336991345037,0.0,4.9658816737063,0.9897273423491667,-2.245524782038371,-1.0170531852552278,-0.07772045335040292,2.9080321521674892,-0.02561375604276455,27.295725596779874,1.029088761520287,2.6847470496692036,-0.02886423853899872
3439,14.024458900000003,-0.6056990636121121,-0.9409253583316781,0.09235052747275363,-0.1327369750697569,3.1775641039532263,-0.7022647526697777,-0.7928429664365131,0,0.0052656000000000005,1,Shared Control,0.01,Good Visuals,-0.31920902771320914,0.2610399891601231,0.0,4.972369273822939,0.9898534531278372,-2.2229903546724703,-0.9945187578893273,-0.03799083265271473,3.100185924068046,-0.02488271025233742,27.328642186985565,1.0287029717943497,2.6641163186184555,-0.028612465255453134
3440,14.0303471,-0.6093118951637403,-0.9129757395309348,0.09295285750603743,-0.12013277309442172,3.136471354990707,-0.7068828739012802,-0.7757755444403294,0,0.0058882000000000006,1,Shared Control,0.01,Good Visuals,-0.32794342924694325,0.2599107346122206,0.0,4.973845449636253,0.9898810902227443,-2.212158680949664,-0.983687084166521,-0.04956782502304604,2.995236491111449,-0.02410718069041926,27.335883681381546,1.0286124652554531,2.653065239291883,-0.028488688217994693
3441,14.034088700000002,-0.6119822489192918,-0.895827774100669,0.09490062498198848,-0.12005222966033968,3.070335860182425,-0.7097653106271296,-0.7649821240629344,0,0.0037416000000000003,1,Shared Control,0.01,Good Visuals,-0.343608736161235,0.25836171047689105,0.0,4.975973942371679,0.9899235453786183,-2.2025951246383024,-0.9741235278551594,-0.07110164947335848,2.791871642493502,-0.024159445478699252,27.346934760708116,1.0284886882179947,2.637953051519717,-0.028318900441820723
3442,14.0376559,-0.615280921205561,-0.8816604112229041,0.09448438942156856,-0.11667828715996964,3.027933804985574,-0.7124758581042463,-0.7547300667245948,0,0.0035672000000000004,1,Shared Control,0.01,Good Visuals,-0.3536502048123925,0.2564359267326244,0.0,4.978889259442422,0.9899815935202586,-2.193218598070396,-0.9647470012872532,-0.08275235274129784,2.61534267764872,-0.024518687795672522,27.362046948480284,1.0283189004418207,2.6192915472076748,-0.0281078162295909
3443,14.0416898,-0.6196791509205867,-0.8742447077687656,0.09279670718365962,-0.11951464104417087,2.971074839206229,-0.7154970562287393,-0.7431823891135548,0,0.0040339,1,Shared Control,0.01,Good Visuals,-0.355250916877602,0.2536822627645714,0.0,4.982501736316206,0.9900532505397641,-2.1803444814771913,-0.9518728846940483,-0.08553763862741388,2.5866702684705825,-0.024229191963086105,27.380708452792327,1.028107816229591,2.5922993198355555,-0.02780598847184157
3444,14.0459353,-0.6221924250434584,-0.8658649661985687,0.09330463118528087,-0.12268257708501384,2.9266351341161188,-0.7186265316745537,-0.7310820470454237,0,0.0042455,1,Shared Control,0.01,Good Visuals,-0.34450359288484567,0.252101233074649,0.0,4.98769688499852,0.9901569668730139,-2.17106987110551,-0.9425982743223671,-0.07238022015905073,2.696342812361894,-0.02354087865545213,27.407700680164446,1.0278059884718416,2.5783641015391843,-0.027632692582517132
3445,14.049462900000002,-0.6258052565950867,-0.8546178122210484,0.09282127507946702,-0.1235357651756247,2.894459853857748,-0.7211878257643161,-0.7210697499205589,0,0.0035276,1,Shared Control,0.01,Good Visuals,-0.34415810057012486,0.25045319854200104,0.0,4.990530828226102,0.9902101884614332,-2.161517118254179,-0.9330455214710358,-0.07171435355320871,2.6519954613506727,-0.023522212573384656,27.421635898460817,1.0276326925825172,2.5625156213632967,-0.027452052325225934
3446,14.053445400000001,-0.629103928881356,-0.8600449635573765,0.09208389688296004,-0.13897521363681753,2.7941805277772493,-0.7240370537915531,-0.7098125479677109,0,0.0039825,1,Shared Control,0.01,Good Visuals,-0.3411794675968685,0.24870228732427652,0.0,4.993611177807378,0.9902710280247619,-2.150869631987546,-0.9223980352044032,-0.06951781805806774,2.6827297907814858,-0.023247385236399448,27.437484378636704,1.027452052325226,2.545697871577866,-0.02726013580491151
3447,14.057966800000003,-0.6339733974944203,-0.8650004918637662,0.09006365629713287,-0.15518794389605528,2.704780614853167,-0.7272176189071575,-0.6970920727581191,0,0.0045214,1,Shared Control,0.01,Good Visuals,-0.32250027091808503,0.2471098690977253,0.0,4.99688204200858,0.9903355869933781,-2.1337933666134243,-0.9053217698302816,-0.042506926293397744,2.858717878280645,-0.02290147578052498,27.454302128422135,1.0272601358049116,2.530621022000524,-0.027085591623669615
3448,14.063089600000001,-0.636486671617292,-0.8489845050906766,0.09073094728986553,-0.15189243233255745,2.6819053481881303,-0.7307519301070124,-0.6827574917954575,0,0.0051228,1,Shared Control,0.01,Good Visuals,-0.29660640380400893,0.24693376045386128,0.0,4.999836125040666,0.9903934200364712,-2.1231480693284595,-0.8946764725453168,-0.008383242362492868,3.0951030077818187,-0.022255618318047028,27.469378977999476,1.0270855916236696,2.5302329540705926,-0.027066288441540482
3449,14.066456600000002,-0.6396282642708818,-0.8261488771360642,0.09112366583613063,-0.1433913853406067,2.6606404878826284,-0.7330349797637725,-0.6733813849123836,0,0.003367,1,Shared Control,0.01,Good Visuals,-0.3032249988128618,0.24652623827451234,0.0,5.0000409229214355,0.9903946385066141,-2.1125667410327478,-0.8840951442496051,-0.01851007485141414,2.959812110688576,-0.022404534003827567,27.46976704592941,1.0270662884415405,2.5260577460506664,-0.027021620135220963
3450,14.0700544,-0.6419844587610741,-0.8081118446263658,0.09105052100269839,-0.13473045971398212,2.628577245495303,-0.7354397080653119,-0.6634026127845122,0,0.0035978000000000004,1,Shared Control,0.01,Good Visuals,-0.3136773354201494,0.24579295270921914,0.0,5.000827136533318,0.9904107219288392,-2.1029508159189283,-0.8744792191357855,-0.034570923860495026,2.810605651015583,-0.02246437455636498,27.473942253949332,1.027021620135221,2.518750311355344,-0.02694124506385055
3451,14.074405900000002,-0.6460685292107409,-0.794384881161766,0.08937117885457102,-0.1309822683772538,2.615423300917963,-0.7383003436679122,-0.6513889268413253,0,0.0043515,1,Shared Control,0.01,Good Visuals,-0.32201266556246155,0.24445982084290868,0.0,5.00222227823725,0.99043883117172,-2.090578139131095,-0.8621065423479519,-0.046429140956593826,2.6756361722748974,-0.02237957640296601,27.481249688644656,1.0269412450638506,2.505445327915116,-0.026795121133457847
3452,14.078094800000002,-0.6481105644355744,-0.780748383337191,0.09018977923233784,-0.12935945649586567,2.644482781761652,-0.7406845423583835,-0.6412523434462982,0,0.0036889,1,Shared Control,0.01,Good Visuals,-0.317544727807327,0.24354619981930795,0.0,5.004760623765173,0.9904900154106248,-2.081388725784251,-0.8529171290011077,-0.04430514910971258,2.7194854685697885,-0.02184766237130798,27.494554672084885,1.0267951211334578,2.4970956132930606,-0.026694979580899048
3453,14.081498800000002,-0.6514092367218436,-0.7674356728901515,0.08927530563653996,-0.12618332944385324,2.6950646695679694,-0.7428515010559658,-0.631937624504389,0,0.0034040000000000003,1,Shared Control,0.01,Good Visuals,-0.32339516483522684,0.24230774465582128,0.0,5.006427051365256,0.9905219853355275,-2.0720500744755275,-0.8435784776923841,-0.055904793601431864,2.5968108861363453,-0.021965377994578223,27.502904386706938,1.026694979580899,2.4849051383206078,-0.026559233117494304
3454,14.0851334,-0.653451271946677,-0.7597894067481934,0.0894002291092888,-0.12785178224380445,2.7329017260833695,-0.7451303294184293,-0.6220332735517751,0,0.0036346000000000004,1,Shared Control,0.01,Good Visuals,-0.32216611562420305,0.2410429371524298,0.0,5.008769088223273,0.9905688504233076,-2.063146360130755,-0.8346747633476117,-0.060788626233466106,2.6118258564894337,-0.021632097962249127,27.515094861679394,1.0265592331174942,2.4727585226383417,-0.026420598187029968
3455,14.0885699,-0.6565928646002668,-0.752329942652979,0.08853746481816249,-0.13029666910120397,2.7838535156691813,-0.7472519128007801,-0.6127080799921558,0,0.0034365000000000003,1,Shared Control,0.01,Good Visuals,-0.3213444069310949,0.23961374543346164,0.0,5.011132152742495,0.9906154877019334,-2.053746839647955,-0.8252752428648118,-0.06404471567994845,2.573307548607856,-0.021549293806603125,27.52724147736166,1.02642059818703,2.4588870349620016,-0.026263945183274004
3456,14.092656000000002,-0.659263218355818,-0.7486027134896136,0.08798869444496205,-0.13589463349745778,2.8163327608466315,-0.749732929317158,-0.6016698880951333,0,0.0040861000000000005,1,Shared Control,0.01,Good Visuals,-0.3148297461397143,0.23814780067570784,0.0,5.013816344711315,0.9906687789895241,-2.0433900290961597,-0.8149184323130164,-0.06177767523559594,2.6394848238430435,-0.021214793556263253,27.541112965038,1.026263945183274,2.4447730459365093,-0.02610326369695232
3457,14.0961523,-0.6644468462342412,-0.7348335390608052,0.08528608308291674,-0.13316365096567184,2.8475166532593175,-0.7518201000365113,-0.5922678299663662,0,0.0034963000000000004,1,Shared Control,0.01,Good Visuals,-0.3078725152116036,0.2358781676569343,0.0,5.018688308697739,0.9907644404032531,-2.0263553307302025,-0.7978837339470594,-0.06269771516224557,2.632527069108407,-0.020919665256795793,27.56603760639819,1.0259768751500704,2.423236514570996,-0.02585449033429158
3458,14.1023912,-0.6666459610917541,-0.7554463287748785,0.08517413894475723,-0.16317849880851232,2.700482827001176,-0.7554631040883465,-0.5755884189844045,0,0.0062389,1,Shared Control,0.01,Good Visuals,-0.29626293455853664,0.2348291456645545,0.0,5.020774949622749,0.9908056288545947,-2.0162502348950313,-0.787778638111888,-0.049723590529236604,2.7897674990810386,-0.020117125004235466,27.576763485429005,1.0258544903342917,2.413193311641358,-0.025739507547915652
3459,14.107723,-0.6715154297048181,-0.712958647190159,0.08394767438352835,-0.1373702282057545,2.6857032027167596,-0.7584942493062643,-0.5614330804509502,0,0.0053318,1,Shared Control,0.01,Good Visuals,-0.2636907934876841,0.23472374363111517,0.0,5.022804807178584,0.9908437978076381,-1.9937597367406061,-0.7652881399574626,-0.0010311259543658103,3.008485545728826,-0.020370223059061866,27.58674795773507,1.025730537498331,2.413038331562843,-0.025727954482696255
3460,14.1133971,-0.6741857834603696,-0.6929952865026058,0.08430846584589469,-0.13156220605165558,2.6360081625305796,-0.7616373730423129,-0.5464684509734653,0,0.0056741000000000005,1,Shared Control,0.01,Good Visuals,-0.28554382754186824,0.2339972136454584,0.0,5.022847644782108,0.9908446160291856,-1.9839720840996207,-0.755500487316477,-0.03553862978211998,2.742330739117854,-0.019704512400427643,27.586961668437155,1.0257279544826963,2.405419402883171,-0.025648319887098345
3461,14.117149700000002,-0.6760707390525235,-0.6846559736261864,0.08556663398978948,-0.13818752265272105,2.5881022136424217,-0.7636695719563568,-0.5366274137492534,0,0.0037526,1,Shared Control,0.01,Good Visuals,-0.29322661512926484,0.23307496708304662,0.0,5.0242663108567776,0.9908740013761925,-1.9749722738811473,-0.7465006770980036,-0.04670918351892762,2.625918425137383,-0.019727946094662652,27.594580597116828,1.0256483198870983,2.3963853503195702,-0.025547232893458525
3462,14.120546400000002,-0.6787410928080747,-0.67132321029303,0.08492847914828205,-0.1346957965437766,2.586379333870616,-0.7654772603512083,-0.5277577815273834,0,0.0033967000000000003,1,Shared Control,0.01,Good Visuals,-0.29312724184149563,0.23209805315627308,0.0,5.026006567744225,0.9909087299804501,-1.9657444399940704,-0.7372728432109269,-0.046633228602423527,2.57049886823497,-0.01994344040057728,27.60361464968043,1.0255472328934585,2.3869221853270854,-0.02544015383680782
3463,14.124843600000002,-0.682039765094344,-0.663165514441663,0.08343749525686428,-0.13540773291427965,2.5512469331147054,-0.7677211214914862,-0.5165881250412021,0,0.0042972,1,Shared Control,0.01,Good Visuals,-0.29353065849828763,0.2305040017118296,0.0,5.027839904743213,0.9909450883956618,-1.9519158334439597,-0.7234442366608161,-0.050696494174297245,2.549944966921265,-0.019711734667839396,27.613077814672913,1.0254401538368079,2.3710065308246366,-0.025265430639353326
3464,14.129512000000002,-0.6845530392172159,-0.6605523271383289,0.0831680822742703,-0.1439642020971268,2.480508774857145,-0.7701045615485663,-0.5045180389118868,0,0.0046684000000000005,1,Shared Control,0.01,Good Visuals,-0.2855738197495271,0.22964055312331869,0.0,5.030876574142813,0.9910063306970287,-1.9426649903543423,-0.7141933935711986,-0.04242583042103326,2.5893142692130597,-0.019232676549519018,27.628993469175363,1.0252654306393534,2.363321342001388,-0.02517078846281123
3465,14.1331487,-0.6862809151766903,-0.6511056810629302,0.083823646371876,-0.14658764215104336,2.434820056621943,-0.7719223164659995,-0.49516136289937385,0,0.0036367,1,Shared Control,0.01,Good Visuals,-0.2758640971124042,0.2290749448446036,0.0,5.032432559409175,0.9910357293683227,-1.9334822195917802,-0.7050106228086367,-0.029062021990013707,2.672984445060826,-0.019098764415669107,27.636678657998612,1.0251707884628112,2.358083752317247,-0.025108792416630717
3466,14.1367032,-0.688794189299562,-0.6294000183560978,0.08312812716643747,-0.13423865545672398,2.438527784309447,-0.7736661713736575,-0.4860546168755989,0,0.0035545000000000004,1,Shared Control,0.01,Good Visuals,-0.27664737296127784,0.22838568243024682,0.0,5.033471166881007,0.9910558081335218,-1.9230971974251312,-0.6946256006419875,-0.030336374010477264,2.607598595552934,-0.019201897169311054,27.641916247682754,1.0251087924166307,2.3513055148213087,-0.025033242701255207
3467,14.141298300000003,-0.6917787023204723,-0.6137096795404754,0.08188746905318511,-0.12765506266487647,2.422591030759967,-0.7758726962463587,-0.47433741817160924,0,0.0045951,1,Shared Control,0.01,Good Visuals,-0.2854898721363718,0.22718696240379802,0.0,5.0347744429238945,0.9910818724806522,-1.91178170584037,-0.6833101090572266,-0.046177598165105825,2.474792026936332,-0.018985274052055162,27.64869448517869,1.0250332427012552,2.3392841400385724,-0.024901851586743847
3468,14.145004400000001,-0.6936636579126263,-0.6092125121530771,0.08220903833373239,-0.1348750939814679,2.3883556246882387,-0.7776131973983287,-0.464932149763603,0,0.0037061000000000004,1,Shared Control,0.01,Good Visuals,-0.285949831818209,0.22621791367691035,0.0,5.037063200330464,0.9911281423278905,-1.9033712391748934,-0.6748996423917497,-0.05024676372561914,2.4435534633419955,-0.01860376535312814,27.660715859961428,1.0249018515867439,2.3301224009433317,-0.024795634630797276
3469,14.1485397,-0.6958627727701392,-0.6023086345178175,0.08175042462818949,-0.1373764847542145,2.3837179072551193,-0.7792410677108847,-0.4559972503124879,0,0.0035353000000000003,1,Shared Control,0.01,Good Visuals,-0.2805566433993084,0.22533005633568887,0.0,5.038860636879098,0.9911633045800794,-1.8945322471051387,-0.666060650321995,-0.04415083205589941,2.4678203282672158,-0.01859715713724209,27.66987759905667,1.0247956346307974,2.3215871366395486,-0.024698317022835238
3470,14.152142900000001,-0.6975906487296135,-0.5908313566110387,0.08165041898127123,-0.1348341062985508,2.394253320859218,-0.7808677655644174,-0.44692728666999104,0,0.0036032000000000004,1,Shared Control,0.01,Good Visuals,-0.2758976908797236,0.2245478236811559,0.0,5.040520919304309,0.99119609054124,-1.8860108067085588,-0.6575392099254151,-0.04102987326827157,2.494055783820606,-0.018420827786936423,27.67841286336045,1.0246983170228352,2.3140977304181876,-0.0246125768850061
3471,14.1558271,-0.6999468432198059,-0.5793610364526558,0.08092092234461146,-0.13243374978266476,2.403351299024119,-0.7824973093022639,-0.4376909727186032,0,0.0036842000000000003,1,Shared Control,0.01,Good Visuals,-0.27802892943270774,0.2235725878961895,0.0,5.0419808237964,0.9912248539688643,-1.8770418918355638,-0.64857029505242,-0.04735782112240253,2.428954603383917,-0.018334423884898997,27.685902269581813,1.024612576885006,2.3044821038568446,-0.02450568176865629
3472,14.159752400000002,-0.7018317988119598,-0.5681236477284131,0.08066551049030413,-0.13043267500980987,2.4085801999124334,-0.7841961305509083,-0.42789126176752,0,0.0039253000000000005,1,Shared Control,0.01,Good Visuals,-0.2768746430703296,0.2223842281956868,0.0,5.043827396745356,0.9912618364787017,-1.8666428416590612,-0.6381712448759175,-0.050051322309151984,2.4226092432154966,-0.01809170002353137,27.695517896143155,1.0245056817686562,2.2927900705051436,-0.024375426244393462
3473,14.163613000000002,-0.7041879933021521,-0.5568494356393066,0.08000813724875622,-0.12895817387178654,2.4003122191404085,-0.7858295083895881,-0.41829359860114734,0,0.0038606,1,Shared Control,0.01,Good Visuals,-0.27774543359966475,0.221303473624756,0.0,5.046075193157487,0.9913068011456438,-1.858208740894964,-0.6297371441118202,-0.05468895380788231,2.3545129293144416,-0.01793873729239736,27.707209929494855,1.0243754262443934,2.2824031642733105,-0.02425696526563721
3474,14.1671315,-0.7056017099962675,-0.5481299583116566,0.08022779839332062,-0.12983635971050922,2.379756246514314,-0.7872859367952377,-0.4095807227982303,0,0.0035185000000000004,1,Shared Control,0.01,Good Visuals,-0.27604650666330915,0.22025507045506293,0.0,5.048096118659457,0.9913467026170376,-1.850109920355124,-0.6216383235719803,-0.05587373119793717,2.3628943952851786,-0.01770607869139598,27.717596835726688,1.0242569652656373,2.2722498286197013,-0.024142050308112638
3475,14.170525600000001,-0.7079579044864598,-0.5408684966878028,0.07932803230877794,-0.13128777388957247,2.365630159351834,-0.7886618745285049,-0.40120628228054367,0,0.0033941,1,Shared Control,0.01,Good Visuals,-0.27643759838861776,0.21911160751135156,0.0,5.050063939570941,0.9913857221170957,-1.8417981185926726,-0.6133265218095292,-0.05796759424093539,2.3124952737532114,-0.017670579387575415,27.7277501713803,1.0241420503081127,2.2610651522152043,-0.024016715895354254
3476,14.1748902,-0.7103140989766522,-0.5376189958390822,0.07834777555185268,-0.13641271355853857,2.3219627261109026,-0.7903895545001033,-0.39048015792966145,0,0.004364600000000001,1,Shared Control,0.01,Good Visuals,-0.27062025985279836,0.21755160480476204,0.0,5.052220742505199,0.9914287262514874,-1.8289930180441338,-0.6005214212609905,-0.053232705347706105,2.3706125126885906,-0.017381692679888767,27.738934847784797,1.0240167158953541,2.245566161472952,-0.023845724763365942
3477,14.179383000000001,-0.7123561342014856,-0.5324708501441766,0.0780334202986177,-0.14199069221451516,2.252046953769475,-0.7921191927790506,-0.3794880851752763,0,0.0044928,1,Shared Control,0.01,Good Visuals,-0.2608109651864939,0.21675275871798366,0.0,5.055186065445888,0.9914883628780943,-1.820283525294991,-0.5918119285118477,-0.04137945354496747,2.414474592244079,-0.017044684304188852,27.75443383852705,1.0238457247633659,2.2384328094480677,-0.023758163635371945
3478,14.1833043,-0.7156548064877548,-0.5185348913376815,0.07646438629129582,-0.13904680616240517,2.0894870416220552,-0.7935885349432097,-0.3699338075074562,0,0.0039213,1,Shared Control,0.01,Good Visuals,-0.25248464871242415,0.2157105056192269,0.0,5.057696261811769,0.9915365661897677,-1.804611842821329,-0.5761402460381858,-0.02940288014708401,2.4469517145744817,-0.016903396299276046,27.767010259751444,1.0236950937258649,2.2285274580422834,-0.023643922784108064
3479,14.190997200000002,-0.7191105584067037,-0.5081701233093497,0.07447797653650601,-0.13823631580189355,1.8980127361858123,-0.7963626121832781,-0.3512930496378565,0,0.007692900000000001,1,Shared Control,0.01,Good Visuals,-0.2434255056010274,0.21506176894764767,0.0,5.059383435906976,0.9915698940136789,-1.7873229109320221,-0.5588513141488792,-0.012698804064111368,2.474906268483601,-0.016439075840302554,27.775684335750412,1.023596252717558,2.222411467484055,-0.023572815075533528
3480,14.196367000000002,-0.7203671954681394,-0.49890056321001996,0.07599541671513865,-0.14760751357216345,1.806862405731493,-0.798214230801315,-0.33835881041810345,0,0.0053698,1,Shared Control,0.01,Good Visuals,-0.23976938346648263,0.21496881004120336,0.0,5.059769043218637,0.991577183024266,-1.778364559753119,-0.549892962969976,-0.005074773485740005,2.488292644548402,-0.01601736538158238,27.777588532515946,1.0235728150755334,2.2215966498985877,-0.023562625895364692
3481,14.200001,-0.7224092306929729,-0.48711651544155665,0.07580500010834212,-0.1487577050234532,1.7224205751008759,-0.7994279764455807,-0.3296400234461196,0,0.003634,1,Shared Control,0.01,Good Visuals,-0.2381672004572113,0.21493359239484341,0.0,5.059935448747953,0.9915802995389909,-1.7699534506470136,-0.5414818538638706,-0.0019877085100927605,2.457663951059322,-0.01633664429983873,27.778403350101414,1.0235626258953647,2.221296655710576,-0.02355876570641014
3482,14.203667800000002,-0.7241371066524472,-0.48374248050024304,0.07529086979313349,-0.15410245705412345,1.6027464949629557,-0.8006206126940532,-0.32086964345976443,0,0.0036668000000000004,1,Shared Control,0.01,Good Visuals,-0.23606774357161328,0.21495012718273815,0.0,5.059997667197946,0.9915814452453547,-1.7599883521606232,-0.5315167553774802,0.0007937003210133262,2.4694202523641815,-0.016293040994777467,27.778703344289426,1.0235587657064102,2.221497841392989,-0.023560578076406272
3483,14.2082339,-0.7261791418772807,-0.4776490134677386,0.07444147081677244,-0.15677937000797415,1.500762972093015,-0.8020608700223808,-0.3099849042738262,0,0.0045661,1,Shared Control,0.01,Good Visuals,-0.22816397873588662,0.21531680429949515,0.0,5.059962736152815,0.9915806646498478,-1.7475541602094844,-0.5190825634263414,0.014459053162677165,2.5102844469623986,-0.016183782037733022,27.77850215860701,1.0235605780764063,2.2253513386596544,-0.02360076937543649
3484,14.2125454,-0.727592858571396,-0.45728190620904746,0.0744680114509848,-0.14729700193522127,1.4522893206829035,-0.8033752783316059,-0.2997427863693775,0,0.0043115,1,Shared Control,0.01,Good Visuals,-0.2211606324112421,0.2157775257623715,0.0,5.059245735623043,0.991565799531623,-1.7384902611849822,-0.5100186644018393,0.025335356153218726,2.5213216012968793,-0.01602849960362157,27.774648661340347,1.0236007693754365,2.2299029947372695,-0.02365126882914626
3485,14.2161346,-0.729163654898191,-0.4327670648963151,0.07421162343341492,-0.1330242785269376,1.4158687985275389,-0.8044358525291142,-0.29124178000220496,0,0.0035892000000000003,1,Shared Control,0.01,Good Visuals,-0.23063484007085336,0.21600187563688095,0.0,5.058372353212142,0.9915482890529206,-1.729007234531036,-0.5005356377478932,0.011021075039551607,2.3639602776881623,-0.01606852325933745,27.77009700526273,1.0236512688291464,2.231892642205782,-0.023675859708919587
3486,14.220165700000003,-0.7307344512249858,-0.4161599467908964,0.07370140130412839,-0.12491816678869144,1.364528076520836,-0.8055906770744765,-0.2817202473127898,0,0.0040311,1,Shared Control,0.01,Good Visuals,-0.2434610753168357,0.215847123279805,0.0,5.057968561147235,0.991540674692437,-1.7215843196597533,-0.4931127228766105,-0.008896960690990177,2.1666418188215824,-0.01602984985567553,27.768107357794218,1.0236758597089195,2.230085907754818,-0.02365889737891689
3487,14.224512100000002,-0.7326194068171398,-0.4081903738274205,0.07297127025733674,-0.12647012651463074,1.29612698342118,-0.8067928884896469,-0.27148340622803896,0,0.0043464,1,Shared Control,0.01,Good Visuals,-0.24894061545422913,0.21535358109157793,0.0,5.0582882630061174,0.9915476740790613,-1.7100362444357589,-0.481564647652616,-0.01759594882027399,2.0803219585297574,-0.015908235453186582,27.76991409224518,1.023658897378917,2.2250181481526967,-0.023604800461589463
3488,14.2289688,-0.7341902031439346,-0.4024275700995806,0.07260268534571235,-0.13094416387154162,1.2178811816544959,-0.8079794742308267,-0.2610167183755454,0,0.0044567,1,Shared Control,0.01,Good Visuals,-0.24377568887927958,0.21516119118844412,0.0,5.059242044805852,0.9915672034614579,-1.7029102936570664,-0.4744386968739235,-0.011227780619447403,2.0799015728357366,-0.015714624366718815,27.774981851847304,1.0236048004615894,2.223399427935804,-0.023583712698612508
3489,14.232669600000001,-0.735289760572691,-0.39686177887983953,0.0726897136581357,-0.13584506050429412,1.1364423105443044,-0.8089293965178124,-0.2523469659834365,0,0.0037008,1,Shared Control,0.01,Good Visuals,-0.23749834929171942,0.21511625105870355,0.0,5.059580026184955,0.9915733812941355,-1.6952110213343103,-0.46673942455116735,-0.0025155549554655575,2.1422571849627525,-0.015621280262463264,27.776600572064197,1.0235837126986125,2.223070775798361,-0.023578786833020362
3490,14.236158500000002,-0.7367034772668064,-0.3875200534275936,0.07222591925100597,-0.13517308744415713,1.075607729769416,-0.809795576797226,-0.24419058029954493,0,0.0034889,1,Shared Control,0.01,Good Visuals,-0.23308430632087407,0.21519067613037124,0.0,5.059654286668144,0.9915746254309646,-1.6878188726578573,-0.4593472758747143,0.004370813417772194,2.1577245910426623,-0.01563673869266879,27.776929224201638,1.0235787868330204,2.223887880961545,-0.02358694452864423
3491,14.2409411,-0.7390596717569988,-0.36275046394292676,0.0707359050402272,-0.11855988364338182,0.9826559646252796,-0.8109367546478548,-0.2330347679625366,0,0.0047826000000000006,1,Shared Control,0.01,Good Visuals,-0.23415871842666844,0.2153242859616171,0.0,5.05929330439462,0.9915671920636066,-1.67302748334544,-0.4445558865622969,0.0013796725576970205,2.0756342891639856,-0.01550014210747891,27.775001209140868,1.023599152481009,2.225141984603204,-0.023601589436754323
3492,14.2464762,-0.7400021495530756,-0.349189475354708,0.07093460509477911,-0.1161547073921714,0.9491358226611921,-0.8121909694828479,-0.2201568440396433,0,0.0055351,1,Shared Control,0.01,Good Visuals,-0.24031119491476455,0.21520367990847108,0.0,5.059258404974386,0.9915666545952901,-1.6659968526609903,-0.43752525587784713,-0.006915268599709525,1.958720311040773,-0.015231158244635673,27.774858015396795,1.0236015894367543,2.2238546765628473,-0.023588369866387574
3493,14.250211800000002,-0.7414158662471911,-0.33466953300554914,0.07077510323565672,-0.11451268896590583,0.9315001075286549,-0.8129971837272812,-0.21148390284462834,0,0.0037356000000000004,1,Shared Control,0.01,Good Visuals,-0.24371764722535147,0.21493497969345748,0.0,5.059496116978864,0.9915716237160029,-1.6584822883957198,-0.4300106916125767,-0.013839367443251462,1.8868488588536203,-0.015265388049250646,27.776145323437152,1.0235883698663877,2.2211224358197854,-0.023558917767531204
3494,14.254071800000002,-0.7426725033086271,-0.3284605359837773,0.07032468041865414,-0.11697663313914894,0.8978832930595859,-0.8137962380693171,-0.20253615797058303,0,0.00386,1,Shared Control,0.01,Good Visuals,-0.2445741937171176,0.21460919631601488,0.0,5.0600128503496125,0.9915821483672699,-1.6520314514886485,-0.4235598547055054,-0.019337961867474555,1.8632728422262033,-0.015212045376758234,27.778877564180213,1.0235589177675313,2.217907689467882,-0.023523208811221975
3495,14.2581807,-0.7442432996354219,-0.3315835279337993,0.0695529384338952,-0.12904736996321628,0.8461775454146004,-0.8146088952467493,-0.19302563497626815,0,0.0041089,1,Shared Control,0.01,Good Visuals,-0.23989380525599568,0.2142503329420277,0.0,5.060630079553425,0.9915945150143608,-1.642595405758328,-0.4141238089751849,-0.014996333146739226,1.9056174102470786,-0.015092323145827953,27.782092310532118,1.023523208811222,2.214386564047292,-0.02348387397270662
3496,14.262437000000002,-0.7451857774314989,-0.32838409098425325,0.06942311781525035,-0.1353584560079851,0.8253682405457422,-0.8154095289876035,-0.18318769459739773,0,0.0042563,1,Shared Control,0.01,Good Visuals,-0.22406443799652315,0.21434407028609007,0.0,5.061308086895484,0.9916080568148687,-1.6352020601342305,-0.40673046335108737,0.005475013287695734,2.058223775534522,-0.014901740216558402,27.78561343595271,1.0234838739727066,2.2156661331009717,-0.023494148477041194
3497,14.265994200000002,-0.7464424144929348,-0.3199306476643534,0.06896711449466875,-0.1367429530669557,0.8123369846316397,-0.816046554959565,-0.17497510197337943,0,0.0035572000000000004,1,Shared Control,0.01,Good Visuals,-0.2171352642863938,0.2145470422631552,0.0,5.061096882597928,0.9916030725164329,-1.6279608753082966,-0.39948927852515337,0.012440282309367645,2.1079982608756658,-0.014880433644471532,27.78433386689903,1.0234941484770412,2.2177171668811897,-0.023516396135954652
3498,14.269531,-0.7472278126563322,-0.31130614860917644,0.06881874230323282,-0.136331046635797,0.7942570526530163,-0.81665097815598,-0.16681704298509736,0,0.0035368,1,Shared Control,0.01,Good Visuals,-0.21342875941728706,0.21478924650440107,0.0,5.060707763569706,0.9915951739793927,-1.6199625325905003,-0.39149093580735705,0.013701521608765692,2.134314267590745,-0.01479669042825556,27.78228283311881,1.0235163961359546,2.2201056350461483,-0.023542944024114117
3499,14.274348100000001,-0.7495840071465245,-0.289433726618432,0.06706697100945547,-0.12261668363333461,0.7915590053352027,-0.8174278105979406,-0.1557158789488147,0,0.0048171,1,Shared Control,0.01,Good Visuals,-0.21617833808532425,0.21505195922237555,0.0,5.059810946457821,0.9915772893007709,-1.6051150231142215,-0.3766434263310782,0.002123466127874229,2.003107971675239,-0.014657328520889357,27.77763189999479,1.0235684966106575,2.2224918598265355,-0.023571739836354973
3500,14.2804708,-0.750369405309922,-0.29274901622565,0.06705840528801854,-0.13703313727683533,0.7495669569157843,-0.8183380501533994,-0.1416188876565847,0,0.0061227,1,Shared Control,0.01,Good Visuals,-0.21775963972602602,0.2150312230138938,0.0,5.0597708326199085,0.9915768427024061,-1.5981167677119337,-0.36964517092879046,-0.0012507921375561337,1.9437978508145886,-0.01442288351469366,27.777508140173463,1.023571739836355,2.2222558474874243,-0.02356946695070775
3501,14.2840758,-0.7511548034733195,-0.28486226732101455,0.06718324668007991,-0.14324337966442985,0.7612044587200392,-0.8188336329538264,-0.13332348574648334,0,0.003605,1,Shared Control,0.01,Good Visuals,-0.20342398643303092,0.21529808240980633,0.0,5.059813095009474,0.991577756110437,-1.590927976055977,-0.3624563792728336,0.016953220716151244,2.095002522572957,-0.01441965090244399,27.777744152512575,1.0235694669507078,2.225089377704474,-0.023598717278284782
3502,14.287548700000002,-0.7520972812693965,-0.26820427270549435,0.06673635168442993,-0.134880786959011,0.792997254725246,-0.81928277856584,-0.125334156572228,0,0.0034729,1,Shared Control,0.01,Good Visuals,-0.19786404647237424,0.21560268783746125,0.0,5.05928852571266,0.9915668208123646,-1.583287204032614,-0.3548156072494706,0.01865679188373844,2.1471286526619964,-0.014464424180286192,27.774910622295526,1.0235987172782848,2.2280769283804895,-0.023632104929898774
3503,14.291630400000003,-0.7533539183308323,-0.25706769653515427,0.06592886023500766,-0.13173353996292628,0.7996391137362214,-0.8197751941044754,-0.11594559004274264,0,0.004081700000000001,1,Shared Control,0.01,Good Visuals,-0.20385829665247548,0.2156963244415977,0.0,5.058713153162414,0.9915553313628406,-1.5731037958955632,-0.3446321991124197,0.0040956608967801225,2.03472828825345,-0.014388536799629177,27.77192307161951,1.0236321049298989,2.2288165714606105,-0.02364236839217945
3504,14.2960663,-0.7542963961269092,-0.2532612990315806,0.06547879797756617,-0.137315708988838,0.7923532066850194,-0.8202668868072728,-0.10574213027239057,0,0.0044359,1,Shared Control,0.01,Good Visuals,-0.20288392538664435,0.21570185241214163,0.0,5.058553227192928,0.9915525184935112,-1.5662471084546987,-0.3377755116715553,0.000354461755606977,1.9859489778324815,-0.01422061282731496,27.771183428539388,1.0236423683921794,2.2288058923958927,-0.02364297431032107
3505,14.2995388,-0.7549247146576272,-0.2490026639268474,0.06534217214964555,-0.14326053365445682,0.7989527556335618,-0.8206202062356789,-0.09775327935413239,0,0.0034725000000000003,1,Shared Control,0.01,Good Visuals,-0.19507195965691385,0.21581716867423856,0.0,5.058548937675315,0.9915525710450783,-1.5588899736030613,-0.33041837681991776,0.0072172837984050275,2.06278664600391,-0.014123898017481417,27.771194107604106,1.023642974310321,2.2300204689528926,-0.02365561406928388
3506,14.3031027,-0.7558671924537043,-0.24083151629723654,0.06475301378197462,-0.14307823694310415,0.8197885306808249,-0.8209539753230095,-0.08955175990187639,0,0.0035639,1,Shared Control,0.01,Good Visuals,-0.18847214583762126,0.2159967746500806,0.0,5.058323195531254,0.9915478853090813,-1.5516727195875712,-0.32320112280442764,0.01176834777417617,2.1106784861350207,-0.014101962588361187,27.769979531047106,1.0236556140692838,2.2318175974041172,-0.0236753005922568
3507,14.3075848,-0.7572809091478195,-0.22363939469551222,0.06367306617518997,-0.13408763479363583,0.8386646036879166,-0.8213322309805389,-0.07923217066479993,0,0.0044821,1,Shared Control,0.01,Good Visuals,-0.18461331550276866,0.21626678029382568,0.0,5.057640822265957,0.9915342139817659,-1.5370841317532873,-0.3086125349701437,0.006859644038645631,2.0724511101552894,-0.013934460676013678,27.766425572646646,1.0236950945075485,2.234370713286809,-0.023704895778516533
3508,14.313421700000003,-0.7579092276785375,-0.21788267600113487,0.06342300330200135,-0.13865050533633494,0.8223369943292301,-0.8217554539818394,-0.06578168369877672,0,0.005836900000000001,1,Shared Control,0.01,Good Visuals,-0.18907316270504887,0.21624739604213042,0.0,5.057479573767188,0.9915311660148037,-1.5299755125643746,-0.3015039157812309,-0.0012263103371656526,1.961214806851176,-0.013770369013144034,27.765629286713192,1.0237048957785166,2.2340965130218384,-0.023702771080189974
3509,14.317197200000003,-0.7591658647399735,-0.20135606224039604,0.06258958924186586,-0.1355743785416193,0.8142959250346562,-0.8219873744985513,-0.057072533623198474,0,0.0037755,1,Shared Control,0.01,Good Visuals,-0.17626481935673058,0.21639010184839033,0.0,5.057432250497534,0.991530286599873,-1.5168968224374946,-0.288425225654351,0.007469270967767666,2.085633641847079,-0.013673614900690256,27.765399191859576,1.0237078112760993,2.2355812357309475,-0.023718412993662695
3510,14.3244413,-0.7602654221687298,-0.18991003065591738,0.06172195232982147,-0.1328374970327189,0.8024772238215361,-0.8223402198188742,-0.04033749322885665,0,0.007244100000000001,1,Shared Control,0.01,Good Visuals,-0.1748099839987943,0.21641236735507696,0.0,5.057325497157414,0.9915283157119801,-1.5031116636163855,-0.2746400668332418,0.004649630802244266,2.0042106157242885,-0.013421741447258398,27.764883215704817,1.023714421538455,2.235769879394284,-0.023720853504936527
3511,14.3303398,-0.7615220592301658,-0.18040049941064262,0.06081816058870837,-0.14006300618178597,0.798741512012035,-0.8225378916115114,-0.02668219082256946,0,0.0058985,1,Shared Control,0.01,Good Visuals,-0.1710668647826479,0.2163545057433309,0.0,5.057325201971132,0.9915283444493963,-1.4915101746048043,-0.2630385778216607,-1.2472304440369793e-05,2.0122329882705374,-0.013260247128298982,27.76488993787636,1.0237145281240527,2.2351594610669516,-0.023714511322035604
3512,14.336382500000003,-0.7623074573935633,-0.1620639628780755,0.06023043421794805,-0.13538177205550606,0.8761984778708082,-0.8226567791928717,-0.01266120549432391,0,0.006042700000000001,1,Shared Control,0.01,Good Visuals,-0.15728393330422033,0.2166031058689179,0.0,5.057228998235203,0.9915262452930586,-1.4777439024771475,-0.24927230569400383,0.0133821563911778,2.1227958533983182,-0.013135926687140384,27.764347951699484,1.023719650732979,2.2377399216882647,-0.02374176025994257
3513,14.342701400000003,-0.7627786962916017,-0.1458471836740587,0.05987808290127006,-0.13318597817973477,0.9346380025164999,-0.8226903583457904,0.002040212437810482,0,0.0063189000000000006,1,Shared Control,0.01,Good Visuals,-0.170342034550166,0.21646378715087258,0.0,5.056837609999973,0.9915181965172367,-1.471525552647492,-0.24305395586434822,-0.010135277517406763,1.8663074611049564,-0.013046099119441096,27.762260078311733,1.0237417602599426,2.2361010112828215,-0.02372648960354877
3514,14.3465323,-0.7632499351896401,-0.13644694029574284,0.05944042315615028,-0.13848715273355333,0.9736573338433118,-0.8226654339119445,0.01097499259426657,0,0.0038309000000000004,1,Shared Control,0.01,Good Visuals,-0.17075387896181593,0.2161554447252762,0.0,5.05712659890158,0.9915245476608608,-1.46482247011152,-0.23635087332837623,-0.020885367304133554,1.8633130972291054,-0.012961436592142824,27.76389898871718,1.0237264896035487,2.232974074319571,-0.02369269234142221
3515,14.349981,-0.7638782537203581,-0.13536571994535998,0.05878718019158635,-0.14634071253962655,0.9931392528742496,-0.8226136927661849,0.01903367190374386,0,0.0034487000000000003,1,Shared Control,0.01,Good Visuals,-0.16331786382280566,0.2158824076238968,0.0,5.057718757601206,0.9915365911089264,-1.4581197026445654,-0.22964810586142156,-0.01963866292327353,1.9614220194172822,-0.012848371101976268,27.76702592568043,1.0236926923414222,2.2303502188724753,-0.023662764878577137
3516,14.353405500000001,-0.7641924129857172,-0.13798619958217087,0.05842127978046774,-0.15701987148591473,1.0060942510537578,-0.8225347887316825,0.027050994079965057,0,0.0034245,1,Shared Control,0.01,Good Visuals,-0.15225539464801321,0.21574156391051597,0.0,5.058229365466333,0.9915466720905708,-1.4506978430779653,-0.22222624629482152,-0.009848472877615142,2.0837969415167024,-0.012691117997179516,27.769649781127526,1.0236627648785772,2.229085050246162,-0.02364732706819213
3517,14.3579088,-0.7645065722510761,-0.1309333254914063,0.05802821648060641,-0.15798431957137135,1.053935548870398,-0.8223891866845442,0.03761834785541304,0,0.0045033,1,Shared Control,0.01,Good Visuals,-0.13982983981640726,0.21579797318715055,0.0,5.058484386136796,0.991551517001365,-1.4409754533743229,-0.21250385659117899,0.0032084179893626537,2.19968544619619,-0.012603898265491915,27.770914949753838,1.023647327068192,2.2297901210860185,-0.02365351006135339
3518,14.361319000000002,-0.7649778111491146,-0.11710517861318105,0.05741137553542963,-0.1547235264685941,1.110478114998953,-0.8222472276346329,0.0456400754730482,0,0.0034102000000000004,1,Shared Control,0.01,Good Visuals,-0.1368786497972835,0.21580476199451223,0.0,5.058363443014072,0.9915487786163136,-1.4332307021466266,-0.20475910536348277,0.00047972113503903514,2.1617683324111563,-0.01252237150418007,27.77020987891398,1.0236535100613533,2.2298095331022947,-0.023654254179200574
3519,14.364922700000001,-0.7654490500471531,-0.11164370660867147,0.05679817758747974,-0.15728378208171967,1.128025550508453,-0.8220674519925304,0.0541360808322625,0,0.0036037,1,Shared Control,0.01,Good Visuals,-0.13699121032593495,0.21568707552730687,0.0,5.058355091688082,0.9915487123133957,-1.4259505926071336,-0.1974789958239899,-0.008804792005033308,2.130867712422913,-0.012389648233200955,27.770190466897706,1.0236542541792006,2.2285645479592513,-0.023641354623217658
3520,14.3683409,-0.7657632093125121,-0.11264197844257431,0.056304242680018324,-0.1667780592748368,1.1336203261761921,-0.8218686039701011,0.06221368192652031,0,0.0034182,1,Shared Control,0.01,Good Visuals,-0.13136317821217097,0.21559811245930413,0.0,5.0585859897007595,0.9915535162510288,-1.4181584099684075,-0.1896868131852637,-0.006399069418205503,2.1678071049453838,-0.01225063281912413,27.77143545204075,1.0236413546232177,2.2277257282811442,-0.02363160342494173
3521,14.372078900000002,-0.7659202889451915,-0.10675955065911957,0.0559483150249096,-0.1689732325856399,1.1707288077379732,-0.8216195059715302,0.07106897452773552,0,0.0037380000000000004,1,Shared Control,0.01,Good Visuals,-0.11945922654354732,0.2156767532094869,0.0,5.0587508348340835,0.991556736166236,-1.410121223962018,-0.1816496271788743,0.0058308557027947116,2.278113947389281,-0.012139088445262541,27.772274271718857,1.0236316034249417,2.228626372580579,-0.023640223199021197
3522,14.375887200000001,-0.766077368577871,-0.09016053566188609,0.05554213739365921,-0.16122951018962162,1.2374772065183763,-0.8213316363655006,0.08011534212192728,0,0.0038083,1,Shared Control,0.01,Good Visuals,-0.11547363064860328,0.21575321292415153,0.0,5.0585900289408485,0.9915532496398765,-1.4013024216124754,-0.17283082482933163,0.005195011849471156,2.274587281613238,-0.012066750932114055,27.771373627419422,1.0236402231990211,2.229363552107224,-0.023648603910866622
3523,14.379351,-0.76639152784323,-0.07331373629047969,0.0549401085222706,-0.15342907841240697,1.2951793218901275,-0.8210398503274231,0.08836567933498858,0,0.0034638000000000004,1,Shared Control,0.01,Good Visuals,-0.12108975975510022,0.21559504772765412,0.0,5.058446811418863,0.9915504168884727,-1.39356772054069,-0.16509612375754618,-0.01158284348568761,2.1400274110575888,-0.011983394595356633,27.770636447892777,1.0236486039108665,2.2276333880759887,-0.023631267501207837
3524,14.382999000000002,-0.7665486074759095,-0.06416409378777999,0.05449124285151363,-0.15252977312276855,1.331108135341326,-0.8207016076204953,0.09707853091959727,0,0.003648,1,Shared Control,0.01,Good Visuals,-0.12579526987745968,0.21525215150200258,0.0,5.0587625279898605,0.9915571022969596,-1.3866581232507922,-0.15818652646764847,-0.02701008187793444,2.0390112107586154,-0.011844815319021427,27.77236661192401,1.0236312675012078,2.224152524901295,-0.02359368281399479
3525,14.386343100000001,-0.7668627667412684,-0.061105393026741575,0.05383884087922686,-0.15818392394633884,1.3585468323308545,-0.8203635816435833,0.1050876459087863,0,0.0033441,1,Shared Control,0.01,Good Visuals,-0.12445013475591474,0.21482979091352136,0.0,5.059421389469506,0.9915705096084879,-1.3794225165428295,-0.15095091975968586,-0.031712775117829446,2.0193142185651403,-0.011729357261806428,27.775847475098704,1.0235936828139949,2.2199807175502104,-0.02354738807692376
3526,14.3907876,-0.7670198463739479,-0.06094764287502892,0.05334373526963532,-0.16603528878381524,1.379462060038089,-0.8198728041560962,0.11576598047679607,0,0.0044445000000000005,1,Shared Control,0.01,Good Visuals,-0.11558343290312953,0.21445361966202287,0.0,5.060221973904884,0.9915865585475833,-1.3709724105577,-0.14250081377455628,-0.025536606812902662,2.103167401346404,-0.011566186929110652,27.78001928244979,1.0235473880769237,2.2163561921805606,-0.02350615613043836
3527,14.3938855,-0.7670198463739479,-0.05562619974754071,0.05285295778214827,-0.17139218022433678,1.4161106221458033,-0.8195026126234054,0.12323242437601685,0,0.0030979000000000002,1,Shared Control,0.01,Good Visuals,-0.10532804405042179,0.21425060683554087,0.0,5.060926382082459,0.991600486260888,-1.363498722530436,-0.13502712574729245,-0.016341803209520334,2.1801254418668745,-0.011439757114866007,27.783643807819438,1.0235061561304384,2.214516419551728,-0.023483903994040344
3528,14.3973726,-0.7670198463739479,-0.04105760411497224,0.05248276624945747,-0.1642900284909891,1.4772619636206903,-0.8190582013047698,0.1316605736204658,0,0.0034871000000000004,1,Shared Control,0.01,Good Visuals,-0.09755066091156336,0.21408544082405853,0.0,5.061295516835227,0.991607535071035,-1.3554728466144599,-0.1270012498313162,-0.01291925452183036,2.2502245537825574,-0.011323778277878489,27.785483580448272,1.0234839039940404,2.2129319396978335,-0.023465800228482717
3529,14.4010174,-0.7670198463739479,-0.02396545683261266,0.05203835493082187,-0.15562603045307846,1.5384055175775027,-0.8185622293962528,0.1404973092361455,0,0.0036448,1,Shared Control,0.01,Good Visuals,-0.10273475705027954,0.2137415416810629,0.0,5.061604147871907,0.9916136224828852,-1.3481972155817534,-0.11972561879860971,-0.028116903152300296,2.122227060848374,-0.011235796148181123,27.78706806030217,1.0234658002284827,2.209435594531006,-0.02342810561199119
3530,14.4044257,-0.7670198463739479,-0.010443405301476728,0.05154238302230485,-0.15094071453762223,1.5885371153219672,-0.818069253406214,0.14878661225845627,0,0.0034083000000000004,1,Shared Control,0.01,Good Visuals,-0.10910897882829965,0.21315832364430756,0.0,5.062265457187418,0.9916270905167572,-1.341011786214187,-0.11254018943104326,-0.04566149339188079,1.9955091556227673,-0.01112275820946021,27.790564405468995,1.0234281056119912,2.20356450833196,-0.023364179368863824
3531,14.408446900000001,-0.7670198463739479,-0.002043629760102009,0.051049407032266014,-0.15083024201855827,1.6284036035922103,-0.8174512349061629,0.15859953881737662,0,0.0040212,1,Shared Control,0.01,Good Visuals,-0.11129843225588762,0.21228598418550562,0.0,5.06338144808175,0.9916496962909664,-1.3325842840067823,-0.10411268722363856,-0.056744170654020966,1.9287991686093169,-0.01098668796166732,27.79643549166804,1.023364179368864,2.194835167106939,-0.02326856266838725
3532,14.4124631,-0.7670198463739479,0.0019752254278089104,0.05043138853221496,-0.15662431338956773,1.6587271185667034,-0.8167945257598545,0.16843669779622053,0,0.0040162,1,Shared Control,0.01,Good Visuals,-0.1089917498998281,0.21152625259361005,0.0,5.065045744252136,0.9916832986129003,-1.3257168590194308,-0.09724526223628717,-0.060376322996722305,1.9020176666901332,-0.010837073613931063,27.805164832893063,1.0232685626683873,2.1875236465300296,-0.023185288861004242
3533,14.415955500000003,-0.7670198463739479,0.003101257782993659,0.04977467938590652,-0.16533544001322686,1.6802044580743383,-0.8161912956350482,0.17702108695665103,0,0.0034924,1,Shared Control,0.01,Good Visuals,-0.10018288273469572,0.2108850903156454,0.0,5.066467656933595,0.9917113939499573,-1.3189471392158478,-0.09047554243270413,-0.05492758117791591,1.9933805846656574,-0.01066756262931179,27.81247635346997,1.0231852888610042,2.181357500144913,-0.023115011378000986
3534,14.419371600000002,-0.7670198463739479,0.0027293009661121252,0.049171449261100286,-0.1742917859905389,1.6935066029295434,-0.8155721922454111,0.1854456136212556,0,0.0034161,1,Shared Control,0.01,Good Visuals,-0.08827255650076235,0.21034184298649367,0.0,5.067667270054812,0.9917350876953577,-1.3112761517196014,-0.08280455493645775,-0.04454681055767335,2.1282286916675117,-0.01049673775772919,27.818642499855088,1.023115011378001,2.1761286373622797,-0.02305546630454124
3535,14.424302100000002,-0.7668627667412684,0.00398695935065604,0.0487094255041427,-0.18145865427059957,1.7101234397875904,-0.8146277799973056,0.19765399742373724,0,0.0049305,1,Shared Control,0.01,Good Visuals,-0.0640358999378439,0.2097232759995759,0.0,5.069393020782377,0.991769036250897,-1.2951831962714615,-0.06671159948831783,-0.02046630868176242,2.361450171797582,-0.010194026724876907,27.82748014350105,1.0230135589199212,2.170323275791727,-0.02298766548031389
3536,14.429778600000002,-0.7665486074759095,0.015988777203374684,0.04807917252139615,-0.18166522022036255,1.750424696779317,-0.813508039909407,0.21128374259056765,0,0.0054765000000000005,1,Shared Control,0.01,Good Visuals,-0.0669818002940197,0.209439753697571,0.0,5.069827895899814,0.9917774638169766,-1.2876062530777843,-0.05913465629464073,-0.02505834462599927,2.205484847526443,-0.010215500288786102,27.829676724208273,1.0229876654803138,2.1675120220415627,-0.022956588739767882
3537,14.4334047,-0.7665486074759095,0.03197722787561969,0.04695943243349754,-0.17930651471494796,1.7942830208980902,-0.8127254777526416,0.22034919341737935,0,0.0036261,1,Shared Control,0.01,Good Visuals,-0.0636055841818774,0.2090977158098656,0.0,5.070366396947288,0.991788281461295,-1.2796345094344286,-0.051162912651285045,-0.029386478152424806,2.2264330801160974,-0.010069690050864234,27.832487977958436,1.0229565887397678,2.164125918598456,-0.022919098134556372
3538,14.436965400000002,-0.766077368577871,0.0454729346444719,0.04664810917477058,-0.17487625877290747,1.830807716525274,-0.8119249840032156,0.22928333393002742,0,0.0035607000000000004,1,Shared Control,0.01,Good Visuals,-0.060295575131089185,0.20871271461024513,0.0,5.07101553450574,0.9918013102505756,-1.2719420952282903,-0.04347049844514674,-0.035654424884339,2.263939668649803,-0.009819110057572054,27.835874081401546,1.0229190981345564,2.16033183331481,-0.022876898341785572
3539,14.441247200000003,-0.766077368577871,0.05748509201979386,0.045847615425344546,-0.17179824191023357,1.8817233092100918,-0.8109201631995856,0.24006953241716295,0,0.0042818000000000005,1,Shared Control,0.01,Good Visuals,-0.06314223951113598,0.2080346667442673,0.0,5.071744572777383,0.9918159059633561,-1.2619672772625283,-0.03349568047938483,-0.04677623708454137,2.175722629185079,-0.00973605349730145,27.83966816668519,1.0228768983417855,2.1534758065869766,-0.02280257784756074
3540,14.444839400000003,-0.7657632093125121,0.062441951963791716,0.045156953887073525,-0.17762758045337124,1.9276275347373941,-0.810041477070413,0.24915496605537246,0,0.0035922000000000003,1,Shared Control,0.01,Good Visuals,-0.062190251724618784,0.20745634844223387,0.0,5.073045016046024,0.9918423105607467,-1.2546573093500042,-0.026185712566860628,-0.053979960319206065,2.122645888995935,-0.00953789339603088,27.846524193413025,1.0228025778475607,2.147908925532949,-0.022739188661954495
3541,14.4483505,-0.7654490500471531,0.06589286598262561,0.04459242702325983,-0.18326210007274685,1.9829988036713226,-0.8091510317706384,0.25806767561373745,0,0.0035111,1,Shared Control,0.01,Good Visuals,-0.05294979704558203,0.20691740835125721,0.0,5.074127619552222,0.9918637040372973,-1.2467461061280443,-0.018274509344900703,-0.049442946402860254,2.2196294321193886,-0.009368096760186613,27.85209107446705,1.0227391886619546,2.14266548724136,-0.022680115702759795
3542,14.452023,-0.7652919704144736,0.07065153819342523,0.0438590613561648,-0.1874161374203122,2.0378906690398177,-0.80818610737484,0.26742462810611956,0,0.0036725000000000004,1,Shared Control,0.01,Good Visuals,-0.044538169682967504,0.2064429286173003,0.0,5.075141785432679,0.9918838643913794,-1.238854489575854,-0.010382892792710522,-0.04558455356318559,2.2853053840467337,-0.009226949431745492,27.85733451275864,1.0226801157027599,2.1380729494416006,-0.0226281082117009
3543,14.455585200000002,-0.7649778111491146,0.07125349845497944,0.04320829622572542,-0.1961711296511401,2.065727248319199,-0.8072172716870554,0.2765345266363082,0,0.0035622,1,Shared Control,0.01,Good Visuals,-0.03673166579250925,0.2059645050509175,0.0,5.076032412861776,0.9919015182356913,-1.229998134363399,-0.001526537580255477,-0.042844399235493186,2.3479825054892878,-0.009054393072772523,27.8619270505584,1.0226281082117008,2.13338638441585,-0.022575668439102994
3544,14.459493900000002,-0.7645065722510761,0.07497851042341327,0.04271069943597927,-0.2015560162128949,2.1009377405805534,-0.806116782984247,0.2865692872898286,0,0.0039087,1,Shared Control,0.01,Good Visuals,-0.02477976602531054,0.20560566595479704,0.0,5.07693573940998,0.9919195432484338,-1.220718266439493,0.007753330343650401,-0.03260549682383092,2.4514246265766415,-0.008899375346224963,27.86661361558415,1.022575668439103,2.1299671972949135,-0.02253633626167271
3545,14.4630334,-0.7643494926183966,0.081801927555422,0.041767290365850473,-0.20476735973440663,2.133528967021215,-0.8050863371032111,0.29569134509682843,0,0.0035395,1,Shared Control,0.01,Good Visuals,-0.0169380279898535,0.2053276884328178,0.0,5.077604200459542,0.9919326777111055,-1.212222423728496,0.016249173054647438,-0.0283917205451633,2.488676170542222,-0.008781561800929693,27.870032802705087,1.0225363362616726,2.127304926151412,-0.02250586728174738
3546,14.466395200000001,-0.7638782537203581,0.08602312420935668,0.04120808338285298,-0.20966822088747175,2.1446802263138327,-0.8040776747775491,0.30438647797571694,0,0.0033618000000000003,1,Shared Control,0.01,Good Visuals,-0.008981921048331287,0.20507479555713004,0.0,5.078123317631852,0.9919429069957617,-1.2030601902087859,0.025411406574357562,-0.025194646136194557,2.5570688844046003,-0.008575981182922379,27.87269507384859,1.0225058672817473,2.124845874127293,-0.022478147817606087
3547,14.4699475,-0.7637211740876787,0.08847167389241084,0.0403565006898704,-0.2159148040833061,2.1466096084526134,-0.8029800351839274,0.31360728971235236,0,0.0035523000000000004,1,Shared Control,0.01,Good Visuals,-0.0012984481167779283,0.20488401227866684,0.0,5.07859909650372,0.9919523618777298,-1.1941012677906762,0.034370328992467294,-0.020038009698534687,2.595735764649049,-0.008450739275039741,27.875154125872708,1.0224781478176062,2.123024977780394,-0.02245723615597174
3548,14.474268900000002,-0.7632499351896401,0.0886038734533236,0.03973009999428723,-0.22500341625902875,2.132995620240629,-0.8016004949063493,0.3248702292453412,0,0.0043214,1,Shared Control,0.01,Good Visuals,0.009209867841067032,0.20477010970678364,0.0,5.078954789265815,0.9919593573364112,-1.1834199367398999,0.04505166004324354,-0.01061227205594668,2.681932119109209,-0.008268401782867434,27.876975022219607,1.0224572361559718,2.121967056616838,-0.0224447513509003
3549,14.477348200000002,-0.7627786962916017,0.0926687434992319,0.03882179861474766,-0.2322014857461093,2.127014694567393,-0.8005877246705493,0.3329265339596539,0,0.0030793,1,Shared Control,0.01,Good Visuals,0.021399448649435687,0.2047918467133614,0.0,5.0791643847028976,0.9919634166094488,-1.1735389151454614,0.054932681637681925,0.0022986155886006577,2.761759068264963,-0.008135536934491679,27.87803294338316,1.0224447513509003,2.1222826086883497,-0.02244713393353626
3550,14.480996900000001,-0.7623074573935633,0.1044205389500353,0.03828026727698597,-0.2285059950096186,2.1396643643885715,-0.7993555109766862,0.3425055847100957,0,0.0036487000000000004,1,Shared Control,0.01,Good Visuals,0.03315476682131849,0.20490242021921476,0.0,5.079113630468446,0.99196218570554,-1.1637733858947807,0.06469821088836246,0.012600631064309881,2.8653881196797415,-0.007950387831048388,27.87771739131165,1.0224471339335364,2.1234303527144656,-0.022459253841312008
3551,14.4843808,-0.7621503777608838,0.11160980574000232,0.03720513321580243,-0.23089577897009336,2.1253513185962665,-0.7981814298193595,0.3514214418301179,0,0.0033839,1,Shared Control,0.01,Good Visuals,0.03224669399203442,0.2049532912180727,0.0,5.078898735113679,0.9919577603878217,-1.1538788550074643,0.07459274177567884,0.005614862026204052,2.77733421863706,-0.007843719411692835,27.876569647285535,1.022459253841312,2.1238798746308296,-0.02246482978656092
3552,14.488018200000003,-0.7615220592301658,0.11179239907040353,0.03665937058919366,-0.2396290427597144,2.0922606822460175,-0.7968856878813445,0.3610394840021343,0,0.0036374000000000003,1,Shared Control,0.01,Good Visuals,0.04008076032914232,0.20504990381178223,0.0,5.078807299209005,0.9919560396262991,-1.143938284116198,0.08453331266694508,0.0111275451268934,2.8271581841432925,-0.007625314502785546,27.87612012536917,1.0224648297865608,2.1248633594159894,-0.022475419445599932
3553,14.491638100000003,-0.7610508203321273,0.11588813820481253,0.035834867549217164,-0.24515134579732178,2.0859400954693417,-0.7955613835820341,0.3706463938392085,0,0.0036199,1,Shared Control,0.01,Good Visuals,0.05152150550558737,0.20531327259946605,0.0,5.078621367533288,0.9919522507066874,-1.1309468613700373,0.0975247354131059,0.02427732692726537,2.9025274796489686,-0.007517000413114639,27.87513664058401,1.0224754194455998,2.1275702864291732,-0.02250428716932004
3554,14.495941900000002,-0.7602654221687298,0.12786156295218337,0.035295961413304267,-0.24278483088702513,2.110568523207685,-0.7939415367167202,0.38211373123963155,0,0.0043038,1,Shared Control,0.01,Good Visuals,0.061202398524592944,0.20557930626937843,0.0,5.078112060787612,0.9919418179496524,-1.120809905280664,0.1076616915024793,0.03249485472462826,2.926288527863917,-0.007357373929698183,27.872429713570828,1.02250428716932,2.130172360395961,-0.022533446989474945
3555,14.499401800000001,-0.7599512629033709,0.14195895291115024,0.03399027381334929,-0.2401547783284813,2.139094859016759,-0.792603460936888,0.3913680984669704,0,0.0034599,1,Shared Control,0.01,Good Visuals,0.061606866081195255,0.20579480392301802,0.0,5.077610117816251,0.9919318105318712,-1.110657468961648,0.11781412782149532,0.026028238149011777,2.8576677791583913,-0.007256119261457841,27.86982763960404,1.022533446989475,2.1322430585087693,-0.022557067581657902
3556,14.503002900000002,-0.7594800240053324,0.14591903241553575,0.033123436931555617,-0.24544906605143466,2.129907158332381,-0.791176712280721,0.4010335894031183,0,0.0036011000000000003,1,Shared Control,0.01,Good Visuals,0.06563959568014913,0.20596748953795715,0.0,5.077207036206602,0.9919238530496641,-1.1007591708150777,0.1277124259680655,0.02229078075145286,2.8711524718115102,-0.006995021734707911,27.86775694149123,1.022557067581658,2.1339017809704197,-0.022575995567264476
3557,14.507470600000001,-0.758066307311217,0.16124202844579963,0.033110404969503904,-0.23979156095731866,2.1511334080584685,-0.7893581415800602,0.4130721053907011,0,0.004467700000000001,1,Shared Control,0.01,Good Visuals,0.08479335930459217,0.20648570569023444,0.0,5.076370815155579,0.9919070806269014,-1.0802111193937192,0.148260477389424,0.039135921173097714,2.9629433343703693,-0.006731359556457217,27.863397899432083,1.0226053882563955,2.139032366879815,-0.02263279698569678
3558,14.513314900000001,-0.7575950684131786,0.16909362780357637,0.03176307316688165,-0.24397847758712474,2.132415453731891,-0.7868978221564864,0.42889769167491776,0,0.0058443,1,Shared Control,0.01,Good Visuals,0.06978358560951364,0.20661837796147145,0.0,5.075900495618279,0.9918977367459397,-1.0707337645274564,0.1577378322556867,0.01683658805588819,2.633256888183907,-0.006836825335817459,27.860967633120186,1.0226327969856968,2.140239808308385,-0.022647339128313872
3559,14.516966700000001,-0.7569667498824606,0.16750128944440834,0.029931072274025805,-0.2613964022305094,2.0831206284541675,-0.7853134476680496,0.43883040512015814,0,0.0036518,1,Shared Control,0.01,Good Visuals,0.08078205120246718,0.20680040301403244,0.0,5.075658720582587,0.9918931083912284,-1.06137110074306,0.16710049604008317,0.025509950228806682,2.750892841015565,-0.006562834656812625,27.859760191691613,1.022647339128314,2.142062944643101,-0.022667290805100177
3560,14.5204053,-0.7563384313517426,0.1672257124147231,0.028975016316306945,-0.2716046927054351,2.050373576461839,-0.7837883609992587,0.44821380690910295,0,0.0034386000000000004,1,Shared Control,0.01,Good Visuals,0.10736594756232462,0.20719150829721203,0.0,5.075311244996036,0.991886089621225,-1.0502525400607612,0.17821905672238195,0.05575337329431851,3.10582996237291,-0.006189757808910669,27.8579370553569,1.0226672908051002,2.146051104967533,-0.022710159663477794
3561,14.524823100000003,-0.7552388739229863,0.17270771608360766,0.028549487076272473,-0.27550609082549526,2.0303234471087395,-0.7817815355258172,0.4603122047170749,0,0.0044178,1,Shared Control,0.01,Good Visuals,0.12236134416855957,0.207889522947759,0.0,5.074557938253897,0.9918707241177217,-1.0338310332891247,0.19464056349401848,0.07272380048224765,3.229211014421281,-0.006003377333511964,27.853948895032467,1.0227101596634778,2.153112911660179,-0.022786668707171946
3562,14.5294415,-0.7536680775961913,0.20809221426089558,0.02811345792962594,-0.2522199904561793,2.0470044317571654,-0.7796263261030076,0.4730106660987222,0,0.0046184,1,Shared Control,0.01,Good Visuals,0.13042874256630732,0.20883217939934873,0.0,5.072323974876154,0.9918260659952057,-1.0121240013392523,0.2163475954438911,0.07210124609805803,3.1214767023599377,-0.00572715539939761,27.8423391839068,1.0228396402464721,2.1621398197385915,-0.022889992818760058
3563,14.536113500000003,-0.7520972812693965,0.22956527221753728,0.027529044833611183,-0.24344539388118494,2.030842476938507,-0.7764089602960565,0.49144488077966475,0,0.006672000000000001,1,Shared Control,0.01,Good Visuals,0.11321009311552568,0.20930268029483165,0.0,5.071000773097951,0.9918000674200573,-0.994540219998122,0.23393137678502124,0.03974535495534093,2.709610709379797,-0.005624489467216899,27.83557080105155,1.0229175051465904,2.1665557191517295,-0.02294156419128416
3564,14.5428453,-0.750055246044563,0.23674171484055678,0.026353714251493576,-0.25470316593910797,2.010361714245632,-0.7730377564079518,0.5101478922598941,0,0.0067318000000000005,1,Shared Control,0.01,Good Visuals,0.10185870723082505,0.2096154508061358,0.0,5.070588596315593,0.9917918929673174,-0.9778519951785382,0.2506196016046051,0.025041333295331727,2.4289326724862237,-0.005761902869631409,27.83344428084827,1.0229415641912842,2.1696860661549486,-0.022975846813714593
3565,14.549852400000002,-0.7491127682484862,0.24339620563394054,0.023924988159465643,-0.26675168662595355,1.9694566131157887,-0.7693945828781015,0.5297217207211093,0,0.0070071000000000005,1,Shared Control,0.01,Good Visuals,0.11899635099799152,0.20993228670910385,0.0,5.0699917856331185,0.9917798424004589,-0.9661678375894458,0.2623037591936974,0.0399882887709248,2.5530213671923088,-0.005524145693242912,27.83031393384505,1.0229758468137147,2.17278150331158,-0.023010575041732532
3566,14.554150700000001,-0.7478561311870502,0.2528157165908252,0.021538451691051286,-0.27690600413028416,1.943112807453568,-0.7670917786721323,0.5417799605717029,0,0.0042983000000000006,1,Shared Control,0.01,Good Visuals,0.1432705699322206,0.21027767155533456,0.0,5.0693943807449315,0.9917679389902866,-0.9562058340065721,0.2722657627765711,0.06392026491268846,2.8810236517073533,-0.0050226274738048565,27.82721849668842,1.0230105750417324,2.176177592312216,-0.02304843250542739
3567,14.558329800000003,-0.7464424144929348,0.27062292334929927,0.020649364179197494,-0.2711570372224036,1.963918665153226,-0.7648030656506684,0.553539658408971,0,0.0041791,1,Shared Control,0.01,Good Visuals,0.16545004457363593,0.21085918018443991,0.0,5.068741092082709,0.9917548757472804,-0.9402816428224967,0.28818995396064645,0.08370219738027235,3.208323162363573,-0.0045290554705013225,27.823822407687786,1.0230484325054274,2.1820427763555394,-0.023112171381220164
3568,14.562655,-0.7453428570641784,0.2885490968101817,0.019460208586490002,-0.2649905615987893,1.9942627689414276,-0.7623825106787256,0.565746319549093,0,0.0043252,1,Shared Control,0.01,Good Visuals,0.16427190914086387,0.21121500312469943,0.0,5.06762723331635,0.9917322897486426,-0.9292551446409626,0.2992164521421805,0.07361847365515686,3.0705071375161013,-0.004354108002155524,27.81795722364446,1.0231121713812201,2.1853295813844165,-0.023151172959284982
3569,14.566164200000003,-0.7440862200027425,0.30351956385068707,0.01829629067598315,-0.262226755698406,2.02826593846695,-0.7603797779932069,0.5756758278586408,0,0.0035092,1,Shared Control,0.01,Good Visuals,0.16419197935038032,0.21149331789087453,0.0,5.06697428830476,0.9917196835903205,-0.918965701710106,0.30950589507303705,0.06426753954369246,3.023194632248146,-0.0041102880174027885,27.814670418615584,1.023151172959285,2.187991831315143,-0.02318167890438131
3570,14.5695795,-0.7431437422066655,0.31603143957463525,0.017236035786541426,-0.25964438828400555,2.0643718827397954,-0.758397139395229,0.5853609588564624,0,0.0034153,1,Shared Control,0.01,Good Visuals,0.16735542138599635,0.21174731870734576,0.0,5.066454919085056,0.9917094561526546,-0.9081260573428408,0.3203455394403023,0.0592386863912822,3.028510384238163,-0.003869543220159548,27.812008168684855,1.0231816789043813,2.1904534159155564,-0.023209519809368792
3571,14.574443600000002,-0.7403163088184347,0.3338237202183204,0.018080830576794327,-0.25153723863814204,2.114774868326558,-0.7555162700458209,0.5991893150086991,0,0.0048641000000000005,1,Shared Control,0.01,Good Visuals,0.17523484880341436,0.2122062030411828,0.0,5.065508681316977,0.9916906577931649,-0.885932789128913,0.34253880765423006,0.05598528381003452,2.971874642265885,-0.0035666700530197393,27.807118370089952,1.0232368318782672,2.194896200078005,-0.023259817896265085
3572,14.580417500000003,-0.7390596717569988,0.34810326724609264,0.016456598288822066,-0.25108604776260646,2.1502985260713565,-0.7518859151262534,0.6162253224171702,0,0.005973900000000001,1,Shared Control,0.01,Good Visuals,0.15786366867220683,0.212341740847788,0.0,5.065116534155316,0.9916829171240015,-0.876666257284886,0.35180533949825715,0.03164839772950721,2.574823374927635,-0.003836864404532443,27.805103799921994,1.023259817896265,2.1961603398251777,-0.023274674128809264
3573,14.584121,-0.7376459550628833,0.3599692294242095,0.014239960063370027,-0.2562560929929607,2.1757141115714775,-0.7495841233859691,0.6268139153339577,0,0.0037035,1,Shared Control,0.01,Good Visuals,0.16564605012750266,0.2124592793846653,0.0,5.064866676021977,0.991678066623024,-0.8674983621124251,0.36097323467071796,0.031701954976998466,2.678869524138974,-0.003494422729081207,27.803839660174823,1.0232746741288092,2.19729479373072,-0.02328755747022143
3574,14.5875083,-0.7363893180014476,0.3706892220451375,0.013194805384521557,-0.2561246932888202,2.204277951451772,-0.7474444900110548,0.636515476398349,0,0.0033873,1,Shared Control,0.01,Good Visuals,0.182002067414591,0.21259998702975366,0.0,5.064646381075994,0.9916737067523517,-0.8570082828731749,0.3714633139099683,0.04200506387468653,2.928635427915438,-0.0030254116535300087,27.80270520626928,1.0232875574702214,2.1986862643391416,-0.023302980366227598
3575,14.591832700000001,-0.7345043624092936,0.3757954122223073,0.01294012760176122,-0.26072006417604177,2.212054604680752,-0.744665123386823,0.6489230820070199,0,0.0043244,1,Shared Control,0.01,Good Visuals,0.1871672509400246,0.2127780957434096,0.0,5.064379498447322,0.991668353230526,-0.8423212954417842,0.38615030134135886,0.04122474193070432,2.9460588994424803,-0.0028052154536094068,27.80131373566086,1.0233029803662277,2.2004525696313615,-0.02332250277502623
3576,14.5960186,-0.7329335660824987,0.38204848216822673,0.011731557304324292,-0.26687459983879314,2.2266043465385743,-0.7419236208890118,0.6609551609988668,0,0.0041859,1,Shared Control,0.01,Good Visuals,0.1930167253186299,0.21290690408031238,0.0,5.064041206487509,0.9916615567284505,-0.8324353894718414,0.39603620731130174,0.044248716538503235,2.8799213359579583,-0.0027533757097794862,27.799547430368637,1.0233225027750261,2.201668020621834,-0.023336621393694964
3577,14.599588800000003,-0.7315198493883833,0.3954120252655433,0.010403771500628434,-0.26554313573332344,2.263845165904448,-0.7395455358314414,0.6712330218879339,0,0.0035702000000000004,1,Shared Control,0.01,Good Visuals,0.2052417475293834,0.2130526541690906,0.0,5.063802423633621,0.9916568905391496,-0.8216664739313393,0.4068051228518038,0.053093039756059446,3.0069010835154093,-0.00249772954570446,27.798331979378165,1.023336621393695,2.2031045265345277,-0.023352596989482277
3578,14.6033416,-0.7283782567347935,0.4279521813644841,0.011167279096647942,-0.24328084052344978,2.352717293383387,-0.7370062387106322,0.6820506139869679,0,0.0037528,1,Shared Control,0.01,Good Visuals,0.2110732328639897,0.21325627921024173,0.0,5.063304887089926,0.9916470025351155,-0.8020984377304636,0.4263731590526795,0.04408105730561829,2.995126820091081,-0.0020456956451716454,27.795759939277723,1.0233656124110484,2.205041362078258,-0.02337491623043008
3579,14.6092041,-0.7272786993060371,0.44149150957898575,0.009727539404595142,-0.24055910440798212,2.3925811261292047,-0.7329581215869393,0.6989749777821892,0,0.0058625000000000005,1,Shared Control,0.01,Good Visuals,0.18470638660091193,0.21327354315064462,0.0,5.063147503532733,0.9916439262593899,-0.7933431217082777,0.4351284750748654,0.006668579892662021,2.4956718608363007,-0.0023814923890534494,27.79495863792174,1.02337491623043,2.2051564193535635,-0.023376808522475215
3580,14.6132651,-0.7239800270197677,0.45639967154685956,0.00897809456717158,-0.24257530623532964,2.457266166475868,-0.7300957515061083,0.7107142575979476,0,0.004061,1,Shared Control,0.01,Good Visuals,0.21276673866438406,0.21332016638243606,0.0,5.063104295728543,0.9916431902804765,-0.7760470578192007,0.4524245389639424,0.0252413584725284,2.882250964605695,-0.0016468489915137522,27.794764562023172,1.0233777509718238,2.2056299949383096,-0.023381918872058136
3581,14.619480800000002,-0.7225663103256524,0.4616268755648084,0.0075294411804558425,-0.24908738203313918,2.454029580232929,-0.7256222726457705,0.7287020113248005,0,0.0062157,1,Shared Control,0.01,Good Visuals,0.19509141565459384,0.21331988708095861,0.0,5.063030418865582,0.9916416690752219,-0.7669742345110112,0.46149736227213184,-0.00013011251011400178,2.5084529039203285,-0.0019152086268662866,27.79437000506169,1.023381918872058,2.2055955287039617,-0.023381888257960098
3582,14.624280300000002,-0.7186393195086651,0.4562718896141643,0.0069829531371053966,-0.2724301217106362,2.3842432212226012,-0.7220915100479209,0.7426037958657264,0,0.0047995,1,Shared Control,0.01,Good Visuals,0.24940882556051286,0.213408278036693,0.0,5.062987201388255,0.9916408327039928,-0.7453980214911977,0.48307357529194533,0.05987238910259312,3.205969151257792,-0.0010541135715421673,27.794151965316303,1.023384495335402,2.2065098538747523,-0.02339157674729073
3583,14.630540500000002,-0.7170685231818702,0.47787526736459096,0.005022986866050738,-0.2647285285011355,2.4246561565153377,-0.7173858773015046,0.7607465686073552,0,0.0062602000000000005,1,Shared Control,0.01,Good Visuals,0.2347984064697617,0.21347846920300223,0.0,5.0628624920489145,0.9916382824887923,-0.7353123917224956,0.4931592050606475,0.042923142528613664,2.806318976238103,-0.001490220004600586,27.793490146125247,1.0233915767472908,2.207197325989056,-0.023399270366623634
3584,14.6343229,-0.713455691630242,0.5119775653107058,0.003930185671262576,-0.24876900329664942,2.4610926561083635,-0.7144876939183444,0.7717109085807572,0,0.0037824000000000004,1,Shared Control,0.01,Good Visuals,0.24839287258033355,0.21353825266480753,0.0,5.0626588166964,0.991634275960982,-0.7145774667458382,0.5138941300373049,0.03740128383192505,3.066665503112347,-0.0005037709797159573,27.792447082547994,1.0234035515494952,2.2077412204620024,-0.0234058232025675
3585,14.6417137,-0.7107853378746906,0.5149679650137579,0.003702356043653876,-0.25674294356699934,2.4424835291222764,-0.7087049658429749,0.7931327513405574,0,0.0073908,1,Shared Control,0.01,Good Visuals,0.22679065011059862,0.2135502454955094,0.0,5.062621085801878,0.9916335543897382,-0.7015396692730633,0.5269319275100798,0.009245404069384353,2.603966021445389,-0.0008392449808896741,27.792258779538,1.0234058232025676,2.207851658798659,-0.023407137730862095
3586,14.646080900000001,-0.7084291433844982,0.5252245814520902,0.0002758224584766822,-0.2679081698884672,2.452865178956869,-0.7052135670549962,0.8057848118633547,0,0.0043672,1,Shared Control,0.01,Good Visuals,0.2358512645487431,0.2135649605456835,0.0,5.062599112564074,0.9916331309152522,-0.6926335918284781,0.5358380049546649,0.01769705773268843,2.6041923578423973,-0.0007906390420340682,27.79214834120134,1.023407137730862,2.2079975518395965,-0.023408750640298664
3587,14.6496165,-0.7068583470577035,0.546334651672915,-0.0016447800027072912,-0.25945016019043976,2.4911637927068684,-0.7023465353424704,0.8160219127258099,0,0.0035356000000000003,1,Shared Control,0.01,Good Visuals,0.2642700960852135,0.21356766187715545,0.0,5.06257116739238,0.9916325695532778,-0.681647803787952,0.546823792995191,0.04198586703300792,3.0759591321646482,-5.8906012462186056e-05,27.792002448160403,1.0234087506402987,2.208014120813059,-0.02340904673191717
3588,14.653209500000003,-0.704502152567511,0.5596115194805663,-0.0021556172250406513,-0.2564103932452436,2.495086541703534,-0.6993958893369486,0.8264181864550189,0,0.0035930000000000003,1,Shared Control,0.01,Good Visuals,0.26560602191140287,0.21355519746172894,0.0,5.062567005223994,0.9916325075690778,-0.6709855723973357,0.5574860243858073,0.033561991843444154,3.0969650838318343,0.00035127181948049757,27.791985879186942,1.0234090467319172,2.2078808152906055,-0.023407680513452066
3589,14.657657200000003,-0.7010464006485623,0.5716900844635706,-0.001650511311613645,-0.25472810199144824,2.534957448265386,-0.6956916315083886,0.8392752112700322,0,0.004447700000000001,1,Shared Control,0.01,Good Visuals,0.26517802282460007,0.21352950985745572,0.0,5.062591597982116,0.9916330221819522,-0.651147211366292,0.577324385416851,0.027703500573510044,3.0292198856380717,0.0004603432621454605,27.792119184709396,1.023407680513452,2.2076202566311545,-0.02340486490773921
3590,14.6630657,-0.69869020615837,0.5861965316182376,-0.0029985746499813226,-0.25307867965179465,2.6280378356604843,-0.691110181236287,0.8548868844723708,0,0.0054085,1,Shared Control,0.01,Good Visuals,0.26095299938882327,0.21352353335769053,0.0,5.062640938009896,0.991634025767914,-0.6417225841120429,0.5867490126711001,0.016088430683286113,2.7526000333681298,0.000352432871383048,27.792379743368844,1.0234048649077392,2.207578261707884,-0.023404209826529503
3591,14.666530700000003,-0.6968052505662161,0.5977208861859584,-0.005695069329929137,-0.2571659982864124,2.7259109714736485,-0.6881306934751541,0.8648729489388318,0,0.003465,1,Shared Control,0.01,Good Visuals,0.2661422059844818,0.21351588066027138,0.0,5.062650652317922,0.9916341843652029,-0.6315672196626897,0.5969043771204533,0.010760923513657893,2.816943898741552,0.0006402662543008122,27.792421738292116,1.0234042098265295,2.207501656304048,-0.023403371018116584
3592,14.670035600000002,-0.6942919764433442,0.607849977730099,-0.006161282968190074,-0.25702297120873285,2.8220028927913123,-0.6850817194212708,0.8749596217303399,0,0.0035049,1,Shared Control,0.01,Good Visuals,0.28384690041271143,0.21349142539683716,0.0,5.062665254876117,0.9916344792516163,-0.621036031804908,0.607435564978235,0.019169768731610793,3.0866955442235087,0.0012159877434011212,27.792498343695954,1.0234033710181165,2.2072498318590617,-0.023400690488679023
3593,14.674465000000001,-0.6911503837897544,0.6207299249596618,-0.006068664368483523,-0.2542296967706781,2.94507883991649,-0.681177983316605,0.887683612378263,0,0.0044294,1,Shared Control,0.01,Good Visuals,0.28606589449363473,0.21346418236755507,0.0,5.062712584766049,0.991635449834121,-0.6040629911065721,0.6244086056765709,0.012094185283601708,3.0482643448098727,0.0013153810831521547,27.792750168140937,1.023400690488679,2.206982562091881,-0.023397704393593382
3594,14.679052800000001,-0.6884800300342031,0.6368347648312755,-0.007302046717598154,-0.25084884754698744,3.1060113271733267,-0.677075295052004,0.9008318272700746,0,0.0045878,1,Shared Control,0.01,Good Visuals,0.28282765685776645,0.21346845985769078,0.0,5.062764053319564,0.9916364777351356,-0.5943174399914146,0.6341541567917284,-0.003122489195484401,2.8385375921584095,0.0012954424774814502,27.79301743790812,1.0233977043935933,2.207049673524029,-0.02339817324719042
3595,14.6828526,-0.6864379948093697,0.6531264767074961,-0.0093626997573657,-0.24770535056257847,3.2750959961224613,-0.6736316668491821,0.9116952626061812,0,0.0037998000000000003,1,Shared Control,0.01,Good Visuals,0.2857192650032693,0.2134942733352534,0.0,5.062753589092676,0.9916362152289034,-0.5840506418368209,0.6444209549463221,-0.014998311459945483,2.868461710603974,0.0015587566666145842,27.79295032647597,1.0233981732471904,2.2073176019045215,-0.023401002649812826
3596,14.6862417,-0.6840818003191774,0.6594612305273975,-0.010450133469995349,-0.2522340320787837,3.399154260617326,-0.6705254528819924,0.9213623793806209,0,0.0033891000000000004,1,Shared Control,0.01,Good Visuals,0.2930339126172181,0.21354209286280137,0.0,5.062703429825846,0.9916351822247707,-0.5738438161491455,0.6546277806339975,-0.022610245152492436,2.979834083927073,0.0019988827811549433,27.79268239809548,1.0234010026498128,2.207800797321613,-0.02340624412478722
3597,14.6910846,-0.6790552520734338,0.65608775027696,-0.008529799191441367,-0.26527462910366095,3.597043810018519,-0.6660300133744286,0.935136820372806,0,0.004842900000000001,1,Shared Control,0.01,Good Visuals,0.3246531615444766,0.21360338980948598,0.0,5.062506651798032,0.9916312180194726,-0.5518207773412037,0.6766508194419393,-0.002331279860789036,3.2551965829366596,0.0024594297231065134,27.7916523775683,1.023412330794634,2.208363571652365,-0.023412962853066828
3598,14.696420500000002,-0.6771702964812799,0.675676899136224,-0.011140283106851334,-0.259459921236582,3.7629909282670213,-0.6609998546732304,0.9502545484671285,0,0.0053359,1,Shared Control,0.01,Good Visuals,0.30623669424010314,0.21366293770111872,0.0,5.062499607335827,0.9916311637928418,-0.5418961433284397,0.6865754534547033,-0.029852698226249558,2.7752674737182907,0.0018219940216860886,27.791636428347637,1.0234129628530668,2.208988927375338,-0.02341948986827955
3599,14.700168900000001,-0.6741857834603696,0.6922683571932566,-0.0131859287871392,-0.2579861912738719,3.8949588662169368,-0.657418081148399,0.960834288523961,0,0.0037484000000000003,1,Shared Control,0.01,Good Visuals,0.3136842998879266,0.2137586664604475,0.0,5.062383207242244,0.9916287515144834,-0.5318483049607896,0.6966232918223534,-0.038094290611882714,2.921053075077071,0.0023802656154320017,27.791011072624663,1.0234194898682796,2.2099493344706795,-0.023429982650665326
3600,14.7036406,-0.6721437482355361,0.703527992121268,-0.014725667087137184,-0.257306296402693,4.0094704811768755,-0.6540653897475096,0.9706011818795366,0,0.0034717000000000003,1,Shared Control,0.01,Good Visuals,0.32257538407276415,0.21388936232544392,0.0,5.062200339541806,0.9916250541400325,-0.5209107677028701,0.7075608290802728,-0.0423156003713528,3.0641650813613825,0.0028186065535813014,27.79005066552932,1.0234299826506654,2.2112502644924703,-0.02344430816036318
3601,14.707903400000003,-0.6686879963165874,0.7007082761412591,-0.014622606569077767,-0.2698929057382775,4.0587734534214315,-0.6499024273725825,0.9825490380114335,0,0.004262800000000001,1,Shared Control,0.01,Good Visuals,0.3296906967030381,0.2141087106111738,0.0,5.061951650709676,0.9916200475878928,-0.5052888482951805,0.7231827484879625,-0.04541586679208989,3.126447336780201,0.0031496635430845496,27.78874973550753,1.0234443081603632,2.2134584221786824,-0.023468350818442056
3602,14.7121767,-0.6657034832956771,0.7006140566674983,-0.015801055923094554,-0.28193498134393513,4.102471132001135,-0.6456782022243043,0.994473782902657,0,0.0042733,1,Shared Control,0.01,Good Visuals,0.3416417113160964,0.21422736015779958,0.0,5.061531925158182,0.9916115453483189,-0.49457523577706003,0.733896361006083,-0.035983544947215305,3.0993758550410764,0.0031308274382797208,27.786541577821318,1.0234683508184421,2.2145306072023043,-0.02348135593708816
3603,14.7156482,-0.6625618906420874,0.72789168005876,-0.016883688417783094,-0.26658210284389694,4.225798930688017,-0.6422091320924087,1.0041200073762857,0,0.0034715,1,Shared Control,0.01,Good Visuals,0.35954296918409845,0.21431237767564304,0.0,5.061316474807266,0.9916074379579751,-0.4815403421929145,0.7469312545902286,-0.020843647630523366,3.2737005761723843,0.003385018498110309,27.785469392797694,1.023481355937088,2.2153353309946855,-0.023490674665545157
3604,14.719580700000002,-0.6603627757845745,0.7488381637044632,-0.018153643692165766,-0.2552818436718225,4.288114178580588,-0.6382390201750234,1.0150002237534448,0,0.0039325,1,Shared Control,0.01,Good Visuals,0.34979499786207396,0.21449821843747202,0.0,5.061158640558678,0.991604348236022,-0.4703919822835328,0.7580796144996103,-0.047016304417972984,3.111372808289385,0.0036183834087498107,27.784664669005316,1.0234906746655452,2.217228508971358,-0.023511044580353944
3605,14.724409700000002,-0.654079590477395,0.7515579137927144,-0.015840570302371515,-0.26344230996073037,4.291337634265064,-0.6333054661547263,1.0282887167690047,0,0.004829,1,Shared Control,0.01,Good Visuals,0.36448631579070995,0.2149650879276591,0.0,5.060230254882588,0.9915855139217024,-0.44756987286899613,0.780901723914147,-0.04033975214926506,3.1734715557278754,0.004077309591047728,27.779773687361967,1.0235437819546167,2.2217556723778187,-0.02356221791632361
3606,14.7304277,-0.6518804756198819,0.771565711238295,-0.018575009465155667,-0.2567230055307097,4.344040881866931,-0.6270676828149857,1.044730652541601,0,0.006018000000000001,1,Shared Control,0.01,Good Visuals,0.34137611541345464,0.21522298644387736,0.0,5.0599239456587295,0.9915796534980786,-0.4380667393435059,0.7904048574396373,-0.06902236422453825,2.636536878673361,0.003405169587873558,27.778244327622183,1.0235622179163235,2.22434481942094,-0.02359048604626979
3607,14.734147,-0.6487388829662922,0.7785006497505306,-0.021671200151306524,-0.26623000279107034,4.332192278623134,-0.6231632316771115,1.054822556576176,0,0.0037193,1,Shared Control,0.01,Good Visuals,0.34853773113578956,0.21552181523494418,0.0,5.059431136289939,0.9915696856410082,-0.4284775901669507,0.7999940066161925,-0.07128526415851551,2.7894895207572583,0.003997769010314092,27.77565518057906,1.02359048604627,2.2272852179409734,-0.02362324052357895
3608,14.737580900000001,-0.6460685292107409,0.7860554857325344,-0.022905297533629354,-0.2687670708436416,4.343068289408812,-0.6195251502427814,1.0640903381144216,0,0.0034339,1,Shared Control,0.01,Good Visuals,0.37361428187979107,0.2157645704939086,0.0,5.058865773376757,0.991558375836082,-0.417128501768097,0.8113430950150462,-0.047872890860361866,3.169074164764236,0.004670616394929379,27.772714782059026,1.023623240523579,2.2296023514383623,-0.023649848808520446
3609,14.7416342,-0.6419844587610741,0.7945525807131661,-0.022459308518292698,-0.2695377574012554,4.345173076473701,-0.6151900082431218,1.0749657995451267,0,0.0040533,1,Shared Control,0.01,Good Visuals,0.38236030948107647,0.21608168066602657,0.0,5.058413279981187,0.9915494759775928,-0.4010353457718409,0.8274362510113022,-0.04253388648671262,3.2262451377763712,0.004942151684378722,27.770397648561637,1.0236498488085204,2.2327521788028206,-0.02368460709904547
3610,14.7461765,-0.6386857864748049,0.809609688559452,-0.02349577823168314,-0.2653561109856747,4.354809961418965,-0.6102796715388656,1.0870673345760256,0,0.0045423,1,Shared Control,0.01,Good Visuals,0.38085168244575435,0.21632147407559232,0.0,5.057810536085909,0.9915373555285237,-0.39070102804600076,0.8377705687371424,-0.047947637201158216,3.027218268744556,0.004853045131229493,27.76724782119718,1.0236846070990455,2.2350210416685687,-0.023710890737126216
3611,14.749807800000003,-0.6361725123519331,0.8303300814518872,-0.02589284081306742,-0.2567372531241383,4.372958028533161,-0.6063147435060106,1.096673649731166,0,0.0036313,1,Shared Control,0.01,Good Visuals,0.38193492254076117,0.21661188096607742,0.0,5.057365465673268,0.9915286448290355,-0.3799224386794106,0.8485491581037325,-0.05283194406221092,3.0113679676445555,0.005082641381630911,27.764978958331433,1.0237108907371262,2.2378915994803994,-0.023742722094040856
3612,14.753392600000002,-0.6302034863101125,0.8488606178789817,-0.023888742804101915,-0.24781303185218428,4.333769382817136,-0.6023664819535307,1.1060952099911705,0,0.0035848000000000004,1,Shared Control,0.01,Good Visuals,0.3861191840916258,0.21731691058312205,0.0,5.0561778587445,0.9915048602458361,-0.3584498452430317,0.8700217515401114,-0.05980556413662544,3.0286947760287024,0.005727880048932565,27.75879574017031,1.0237796273751376,2.244812542867673,-0.023820000044774223
3613,14.759634600000002,-0.6265906547584842,0.8570558228947298,-0.02422417280495348,-0.2490393870964407,4.324470617009933,-0.5954114088308402,1.1223476066652622,0,0.006242,1,Shared Control,0.01,Good Visuals,0.36647350924830674,0.21775385853086546,0.0,5.055482544806565,0.9914909847491556,-0.349760346042022,0.8787112507411211,-0.08169072510654836,2.558067414704489,0.005191427783902216,27.755187457132326,1.0238200000447741,2.249118404639217,-0.02386789369514356
3614,14.763410100000002,-0.6239203010029328,0.869258027782333,-0.028508892172092626,-0.25308957888292927,4.3341058908548415,-0.5911555897940404,1.1320797135493021,0,0.0037755,1,Shared Control,0.01,Good Visuals,0.36936102591760595,0.2182344750432306,0.0,5.0546553003134935,0.991474422307823,-0.3403836922728246,0.8880879045103185,-0.08166677436204237,2.542545559586051,0.005274907097997079,27.750881595360784,1.0238678936951435,2.253826378074191,-0.023920573835475654
3615,14.767353,-0.6177941953284328,0.8947465013600902,-0.026638605534392457,-0.237333212189212,4.372055480087969,-0.5866720098813302,1.1421609766475678,0,0.0039429,1,Shared Control,0.01,Good Visuals,0.39925415185215707,0.21895100222311542,0.0,5.053046053405385,0.991442551077416,-0.3215931330756752,0.9068784637074678,-0.0597580026350186,2.987474251875553,0.006407292228993927,27.742588122252492,1.0239619617179396,2.260678536719841,-0.02399911202843607
3616,14.7744836,-0.6111968507558942,0.922619218381209,-0.02452484087456408,-0.2195417582663588,4.3768896664546215,-0.5784633360191352,1.160169761733054,0,0.007130600000000001,1,Shared Control,0.01,Good Visuals,0.3667511718222044,0.22023429098053676,0.0,5.051084455211369,0.9914030117440319,-0.30466790727276993,0.9238036895103732,-0.10769043822305793,2.368189677245806,0.006042208400656418,27.73231435074113,1.0240748475426635,2.2733471502762734,-0.024139772680095494
3617,14.780531400000001,-0.6083694173676635,0.9254607336139722,-0.029906081348528235,-0.2347090281190818,4.351083404029024,-0.5714012745053234,1.1752082581647916,0,0.006047800000000001,1,Shared Control,0.01,Good Visuals,0.34149953619174767,0.22103621933167739,0.0,5.049979745721145,0.9913812671760691,-0.2979829136797999,0.9304886831033432,-0.13674185398203595,1.865857316336398,0.005401210941420108,27.726652849723727,1.0241397726800956,2.2813138716479364,-0.024227671653575374
3618,14.784303300000001,-0.6019291524278043,0.9369430881194101,-0.030527877922480906,-0.2382651700453815,4.329304723451563,-0.5669510053116773,1.1844730747735661,0,0.0037719000000000003,1,Shared Control,0.01,Good Visuals,0.4159086517975282,0.2220592664294471,0.0,5.047278800820104,0.9913275632059941,-0.28005662450919994,0.9484149722739431,-0.05943517294199825,3.039203222716231,0.007359046009118529,27.71268205023523,1.0242971202090119,2.2909003737572076,-0.024339807344485445
3619,14.791309300000002,-0.5969026041820606,0.9518135004847642,-0.029951598870383345,-0.2326595742888019,4.296414357645821,-0.5585929691258176,1.2014385229098503,0,0.007006,1,Shared Control,0.01,Good Visuals,0.3902565026929272,0.2229707614616853,0.0,5.046565786091369,0.9913138307305834,-0.2675101343644781,0.960961462418665,-0.09064377464665058,2.52079284431444,0.006778998177113823,27.709099626242793,1.0243398073444854,2.300189192649366,-0.024439715868173117
3620,14.795505600000002,-0.5940751707938299,0.950185028312058,-0.0354822016680123,-0.25125349459779234,4.169010591214725,-0.5535303393457288,1.2114432043667542,0,0.0041963,1,Shared Control,0.01,Good Visuals,0.38173049011701754,0.22371305484800835,0.0,5.044811197562192,0.9912780484354088,-0.2592385119475918,0.9692330848355514,-0.10331824257685167,2.2879491098626232,0.006678330807124327,27.699810807350634,1.024439715868173,2.307227779185583,-0.024521078282391168
3621,14.799333700000002,-0.5903052596095221,0.930434404859178,-0.036774920263793254,-0.2810087995075762,3.9785969764313203,-0.5488755148107476,1.220463895043239,0,0.0038281,1,Shared Control,0.01,Good Visuals,0.4280073651704831,0.22416907589464355,0.0,5.043432258481007,0.9912510274724339,-0.2471775797826464,0.9812940170004968,-0.048926727189187925,3.019611477879275,0.007937831727884129,27.69277222081442,1.0245210782823913,2.3114148720293035,-0.02457106252578079
3622,14.803319600000002,-0.5860641095271759,0.9233338331051666,-0.037188594716428325,-0.29713006193807234,3.8357484936879565,-0.543992331265134,1.2297459007970821,0,0.0039859000000000006,1,Shared Control,0.01,Good Visuals,0.4639868961863759,0.2241388042059322,0.0,5.042598139633131,0.991234979712817,-0.23386242078408148,0.9946091759990617,0.00319781140937818,3.3516648623266105,0.008243799891633735,27.688585127970697,1.024571062525781,2.310722037767722,-0.024567744460819697
3623,14.8080031,-0.5811946409141117,0.9444494569550486,-0.03720230964897764,-0.28529644384203356,3.769434761866207,-0.5382075594036714,1.2405043804806035,0,0.0046835,1,Shared Control,0.01,Good Visuals,0.48205718657560204,0.22377359028428997,0.0,5.042692896710969,0.9912377167066685,-0.216650625796916,1.0118209709862271,0.030478529308634063,3.4315154087414736,0.008335407149839293,27.68927796223228,1.0245677444608197,2.306917608104921,-0.02452771354188878
3624,14.8121857,-0.5771105704644449,0.9815746470715634,-0.03890301106077354,-0.25892973340904013,3.747732442874334,-0.5329991770095175,1.249973351713507,0,0.0041826,1,Shared Control,0.01,Good Visuals,0.4704270483223104,0.22365258029146073,0.0,5.043403738380829,0.9912523863032796,-0.20590900919745755,1.0225625875856856,0.014656971478456756,3.1291122697094016,0.00832489439701961,27.69308239189508,1.0245277135418889,2.3059609957519718,-0.024514449695891356
3625,14.815644900000002,-0.5739689778108551,1.0171721538353768,-0.04096980080133761,-0.23280119787813014,3.7334247043809885,-0.5286618730062514,1.2577031028554329,0,0.0034592000000000004,1,Shared Control,0.01,Good Visuals,0.4528772894353287,0.22378029241919348,0.0,5.04361041683704,0.9912560223333686,-0.19537086244286267,1.0331007343402805,-0.013982376873238687,2.9403311257240174,0.008700758804849239,27.69403900424803,1.0245144496958913,2.307398847131786,-0.024528448159610305
3626,14.8192096,-0.569727827728509,1.0396253293966435,-0.0410659547222576,-0.21807777345878931,3.7020674957625426,-0.5241644867289428,1.2655702904071389,0,0.0035647,1,Shared Control,0.01,Good Visuals,0.43738940633794576,0.22415262434541006,0.0,5.043351637971717,0.9912504594583242,-0.18584522619506638,1.0426263705880767,-0.0401071228112121,2.7869850632833844,0.009168234003679438,27.692601152868214,1.0245284481596104,2.3112054092971004,-0.024569259279533517
3627,14.824410800000003,-0.5626592442579319,1.0570882271447666,-0.03849475752898912,-0.20848206326237229,3.666372683095459,-0.5175525317700255,1.2768659138758214,0,0.0052012000000000004,1,Shared Control,0.01,Good Visuals,0.4136294264321939,0.22558564863592123,0.0,5.041344934429592,0.9912096985398441,-0.16710343260043625,1.0613681641827069,-0.07787109737365507,2.3877653220718056,0.009360960978630461,27.68201609750187,1.0246431385032422,2.32539901893192,-0.024726332369577664
3628,14.830034100000002,-0.5584180941755857,1.0403181809844124,-0.040865562405560274,-0.23654773289140896,3.600650892838293,-0.5103385774034037,1.2888269026593968,0,0.0056233,1,Shared Control,0.01,Good Visuals,0.4006537794444473,0.22637266474642187,0.0,5.039914314894478,0.9911811917634592,-0.16025646077086803,1.0682151360122751,-0.08870672308988665,1.9901095275594312,0.008683864846259524,27.67460098106808,1.0247263323695777,2.3330422504569963,-0.024812596819670667
3629,14.833814400000001,-0.5538627848278805,1.0568326006685345,-0.043524207424476824,-0.23199430199086235,3.670806028865213,-0.5054514727953052,1.296717066948416,0,0.0037803000000000003,1,Shared Control,0.01,Good Visuals,0.4403532052008812,0.22681007956553406,0.0,5.038435245603904,0.9911518169269907,-0.15036050899856584,1.0781110877845774,-0.040594956530999066,2.4840483388478827,0.009250846258107877,27.666957749543002,1.0248125968196706,2.336978610074949,-0.024860541643581882
3630,14.837542800000001,-0.5507211921742907,1.074481382422982,-0.045269719378985496,-0.22223568452543407,3.6983474374950958,-0.5006024745019215,1.3043774862918567,0,0.0037284,1,Shared Control,0.01,Good Visuals,0.4491974883791916,0.22723998809071416,0.0,5.037642807688521,0.9911367473843785,-0.1408343232343912,1.087637273548752,-0.04117196189202139,2.632852181796096,0.009871728948972397,27.66302138992505,1.0248605416435819,2.341145795436291,-0.024907663706294634
3631,14.841702400000003,-0.5450663253978291,1.0630199961617106,-0.04446385089590754,-0.24135749013014607,3.596458517778008,-0.49515925946956346,1.3127787092224694,0,0.0041596,1,Shared Control,0.01,Good Visuals,0.448278530696958,0.22797847440502544,0.0,5.0368356398568155,0.9911207337962814,-0.12783930503735308,1.1006322917457902,-0.04939734399457955,2.619752075848348,0.010287090492550636,27.65885420456371,1.0249076637062946,2.3485543947988767,-0.02498860882921562
3632,14.846120300000003,-0.5408251753154829,1.0669676420278074,-0.04566591584591945,-0.24581106719466206,3.546675275720234,-0.4893401364626809,1.321530560630053,0,0.004417900000000001,1,Shared Control,0.01,Good Visuals,0.46310193182886594,0.22825015368762194,0.0,5.035425347267141,0.9910922170325833,-0.11889575411218346,1.1095758426709599,-0.026893156338165414,2.5989628400469638,0.010136800893421526,27.651445605201122,1.0249886088292157,2.350771351450967,-0.02501838746220947
3633,14.8497321,-0.5364269456004572,1.0985118895252155,-0.04708680913777635,-0.22301867110483742,3.5602832515033724,-0.4845543158098828,1.328552030423504,0,0.0036118,1,Shared Control,0.01,Good Visuals,0.4735451848053909,0.22843730706891052,0.0,5.034954837684789,0.9910837769836696,-0.10821424791333432,1.120257348869809,-0.01564879414133594,2.6870361739910296,0.010423252310117124,27.649228648549034,1.0250183874622094,2.352526651929489,-0.02503890125259381
3634,14.853562400000001,-0.5329711936815084,1.112527700166333,-0.048416877871625574,-0.21602433025717094,3.487109831334239,-0.4794515139866443,1.3358646138223713,0,0.0038303,1,Shared Control,0.01,Good Visuals,0.4580923605190289,0.2289129187972004,0.0,5.034609049494121,0.9910770431336471,-0.09926518318833771,1.1292064135948057,-0.04232112027054791,2.4950692070696228,0.010756383877901399,27.647473348070513,1.0250389012525938,2.35737522943725,-0.02509103282099666
3635,14.857912800000001,-0.5273163269050467,1.0989824386532017,-0.04786481291840239,-0.23688217516916965,3.333199214776913,-0.4736222058145651,1.344000265231321,0,0.0043504,1,Shared Control,0.01,Good Visuals,0.4578084413348661,0.22961468185571451,0.0,5.033693459695782,0.9910583664289275,-0.08690451006316263,1.1415670867199808,-0.04340945554472086,2.4703065981523844,0.011083248832641394,27.64262477056275,1.0250910328209966,2.364342746738177,-0.025167952725850696
3636,14.8622421,-0.5226039379246621,1.106875865949758,-0.04898173211009699,-0.23712439928156304,3.271606624437581,-0.46778642913783103,1.35191376567242,0,0.0043293,1,Shared Control,0.01,Good Visuals,0.4756306937156313,0.22977101476107775,0.0,5.032360247330621,0.9910315614566336,-0.07832839291201368,1.1501432038711297,-0.014378845897938865,2.497049687334094,0.01099046379034226,27.635657253261822,1.0251679527258506,2.3653757605692656,-0.025185088298976414
3637,14.865702500000001,-0.5191481860057133,1.1381719525562968,-0.0513617568678823,-0.21374181311612328,3.2606526479952858,-0.4630975190635477,1.3581056661590478,0,0.0034604,1,Shared Control,0.01,Good Visuals,0.4814784346111324,0.22986849305599216,0.0,5.032112579414591,0.9910276842467021,-0.06928777276350927,1.1591838240196342,-0.008438009924283214,2.5346585590737947,0.011254582291692251,27.634624239430735,1.0251850882989764,2.3662877951361003,-0.025195772847100145
3638,14.8692347,-0.5108229654737003,1.1807592320760096,-0.04772544641015264,-0.17734643408303818,3.1781714143234794,-0.45828943784316867,1.3643019255454112,0,0.0035322,1,Shared Control,0.01,Good Visuals,0.4585533855728265,0.2306660397499664,0.0,5.0312739182381225,0.9910106857912371,-0.05406354685895887,1.1744080499241847,-0.043588778963138945,2.2499116131647208,0.011854707568787261,27.63020881493894,1.025233122875193,2.374294881128501,-0.025283191549285815
3639,14.8756339,-0.5061105764933156,1.2096473608202105,-0.04782113865014692,-0.15465456472520067,3.1887040386262178,-0.4495238944618137,1.3752023662207862,0,0.006399200000000001,1,Shared Control,0.01,Good Visuals,0.4158276609706579,0.23187783735155693,0.0,5.030409129905511,0.9909933657753703,-0.04798874660629711,1.1804828501768465,-0.09474516399956025,1.5349707531488184,0.01100863971872916,27.625705118871497,1.0252831915492857,2.3866481115268696,-0.025416016090398102
3640,14.8794234,-0.4988849133900591,1.2098111479578373,-0.049361018928245404,-0.1653912182629489,3.0366008395018635,-0.44430066768527277,1.3814563133850863,0,0.0037895000000000003,1,Shared Control,0.01,Good Visuals,0.4246606710075407,0.23414991346892888,0.0,5.025701488082006,0.9908987343388295,-0.03873485462439523,1.1897367421587484,-0.09394865627157573,1.8311665947732338,0.012387189633008895,27.60110580849052,1.0255548657035443,2.4083613190876445,-0.02566505723989866
3641,14.8855121,-0.4954291614711104,1.1942261115206574,-0.051128493785837614,-0.18723020186442896,2.9422843702724584,-0.4358595755559431,1.3911849554249835,0,0.006088700000000001,1,Shared Control,0.01,Good Visuals,0.4118618354926246,0.23537740822486114,0.0,5.02384065925844,0.9908624130087351,-0.03356414442435177,1.194907452358792,-0.10213177994976105,1.4435260189959402,0.011557878310786822,27.591638680912354,1.0256650572398986,2.4203997117245115,-0.025799602338403928
3642,14.8893883,-0.48569022424498204,1.199765177194289,-0.049830648689038914,-0.19141977823069456,2.913524998952236,-0.4304554125718478,1.3971696263148985,0,0.0038762000000000002,1,Shared Control,0.01,Good Visuals,0.4823569003913245,0.2363141704135623,0.0,5.020191922261015,0.9907907724786527,-0.01813622997149996,1.2103353668116437,-0.014024110399543807,2.3351957034346853,0.012878226860696021,27.57297489514292,1.0258800425109533,2.428529365990207,-0.02590228038272607
3643,14.896532,-0.48192031306067423,1.2138321870350768,-0.05146490048882646,-0.1833374392798217,2.915168221594214,-0.4204362687038493,1.4077650694280752,0,0.0071437,1,Shared Control,0.01,Good Visuals,0.4397984952375276,0.2371266837900144,0.0,5.019855064033519,0.9907850840951851,-0.012584315156375314,1.2158872816267683,-0.06728634186768016,1.5433560768144572,0.011775688406119898,27.571470634009792,1.025902280382726,2.436912233046807,-0.02599133957564178
3644,14.9001533,-0.47689376481493057,1.2127218618380138,-0.05645749611108125,-0.19504320759006144,2.881947988163742,-0.4153289547790161,1.4129176288329,0,0.0036213,1,Shared Control,0.01,Good Visuals,0.4399074432694574,0.237983560213586,0.0,5.018281657254327,0.9907527773240365,-0.007203349110677331,1.2212682476724663,-0.07204643680891547,1.5728759889211021,0.01220370118449851,27.563087766953192,1.0259913395756417,2.4451732448277723,-0.026085261380406413
3645,14.9036303,-0.4732809332633023,1.2216920790881143,-0.05795197848428618,-0.19122554974478567,2.914551969019723,-0.4104078435200097,1.4177243950477414,0,0.003477,1,Shared Control,0.01,Good Visuals,0.476462461871249,0.23843827945332036,0.0,5.016677506887146,0.9907210480344127,0.0005655679795724062,1.229037164762716,-0.03329729080663804,2.1592320984574034,0.013435955925259802,27.55482675517223,1.0260852613804063,2.4491887197373474,-0.026135102933379756
3646,14.908022800000001,-0.46574111089468684,1.2245506861828561,-0.05533326737467714,-0.19317370886488527,2.874149059073302,-0.4041675080717857,1.42359768464391,0,0.004392500000000001,1,Shared Control,0.01,Good Visuals,0.4801273282016102,0.23916784654371853,0.0,5.015861302162793,0.9907056990624457,0.01235207489923264,1.2408236716823764,-0.034645931662008474,2.183414271360867,0.013817970040709037,27.550811280262653,1.0261351029333798,2.4564667512208542,-0.026215070424539647
3647,14.9125814,-0.46181412007769956,1.2250702124536255,-0.057646612005913866,-0.19852747219028455,2.7613303814727317,-0.39766445221526,1.4294550793757883,0,0.0045586,1,Shared Control,0.01,Good Visuals,0.4688400201113555,0.23979753543325413,0.0,5.014472273182739,0.9906776972961939,0.018823536628855855,1.2472951334119997,-0.04698186714066086,1.79762825822867,0.01323393840022933,27.543533248779145,1.0262150704245396,2.462419043215079,-0.026284090315061213
3648,14.916190800000003,-0.45694465146463537,1.2324195137343772,-0.05928019924937539,-0.19703556564141111,2.6491244188760317,-0.3924968748688763,1.4339187753612168,0,0.0036094,1,Shared Control,0.01,Good Visuals,0.48567224009246157,0.24012062363228848,0.0,5.013304768423464,0.990654860357311,0.025697120241785724,1.2541687170249296,-0.02447752490155842,2.015240885695399,0.013823515485095184,27.53758095678492,1.0262840903150612,2.465253648798695,-0.026319503854186233
3649,14.9196287,-0.45301766064764815,1.243020229847931,-0.060520785778771846,-0.1908985455132859,2.5552605178004053,-0.3875601051752634,1.4380257684926332,0,0.0034379000000000002,1,Shared Control,0.01,Good Visuals,0.4923475402129064,0.2403297777832283,0.0,5.012726629533835,0.9906440301581121,0.03318267208319597,1.26165426886634,-0.014658819990562436,2.088602634322055,0.014234398412806337,27.534746351201306,1.0263195038541861,2.467173356017211,-0.026342429138147723
3650,14.924295800000003,-0.4467344753404685,1.2521919313891283,-0.059174370165205104,-0.18583383710350487,2.448332535607066,-0.3808361143465673,1.4433729993013684,0,0.0046671,1,Shared Control,0.01,Good Visuals,0.492462116833369,0.24056831548075464,0.0,5.012344307487251,0.9906366768903698,0.042280144656526436,1.2707517414396703,-0.013273825792471458,2.0619838108183295,0.014544946997478601,27.532826643982787,1.0263424291381478,2.469495567736763,-0.02636857513824735
3651,14.927587900000002,-0.4429645641561608,1.2551269492661865,-0.06212844980959353,-0.1882460500351819,2.296325216590843,-0.3760784038079433,1.4469851966349023,0,0.0032921,1,Shared Control,0.01,Good Visuals,0.48066792414258797,0.24090903905407363,0.0,5.0118956345789165,0.990627753814849,0.04859807391534189,1.2770696706984856,-0.02383198806360217,1.7634055093266312,0.014235478550278017,27.530504432263236,1.0263685751382474,2.472859087429384,-0.026405921682103217
3652,14.931138500000003,-0.43762385664505815,1.260602237520136,-0.06154545283711488,-0.18638295911476632,2.161116987502925,-0.3709340411926116,1.4507315383690127,0,0.0035506,1,Shared Control,0.01,Good Visuals,0.4978205418719289,0.24090073747476426,0.0,5.011250333781877,0.9906148202918519,0.05550497177821408,1.2839765685613578,0.0005776782985300085,2.011210140024515,0.014967305141548422,27.527140912570616,1.0264059216821033,2.472460967473311,-0.02640501175006438
3653,14.934718400000001,-0.4338539454607504,1.274609236486214,-0.06291990426813882,-0.17612230188279865,2.0755143813403767,-0.365734042147526,1.4543503855348856,0,0.0035799,1,Shared Control,0.01,Good Visuals,0.49305650966469655,0.2408989365481534,0.0,5.0112961550496005,0.9906164135294517,0.06211609575443965,1.2905876925375834,0.00012137718225214479,1.8483864948767224,0.014826344976679296,27.52753903252669,1.0264050117500645,2.4724641265886285,-0.02640481435138134
3654,14.938368400000002,-0.4286703175823272,1.285504233161383,-0.06293627543480124,-0.16884615237350253,1.9888265050661353,-0.36041918001322826,1.4578749272267295,0,0.00365,1,Shared Control,0.01,Good Visuals,0.4897800036958549,0.2409473663893625,0.0,5.011297572631735,0.9906163972511063,0.06828993020188802,1.2967615269850319,-0.0033174213702484106,1.7996893885580434,0.015157338025906257,27.52753587341137,1.0264048143513813,2.4729735380080133,-0.02641012272253697
3655,14.942662200000001,-0.41955969888691685,1.3313913759797655,-0.0591405188736886,-0.12648355124696398,1.9847331037568186,-0.3541508338631205,1.4618057654464158,0,0.0042938,1,Shared Control,0.01,Good Visuals,0.4639037733055051,0.24158715400476063,0.0,5.010863332961985,0.990607486815969,0.07897422302906293,1.3074458198122068,-0.036536529341802085,1.3714397408543002,0.015169173140963874,27.525223567717518,1.0264294113207335,2.4794847764143104,-0.026480249529450137
3656,14.9485296,-0.4156327080699296,1.3169657324353263,-0.06148187420680906,-0.1448400330110895,1.8561911374314075,-0.34555897637289107,1.4667969043545899,0,0.0058674,1,Shared Control,0.01,Good Visuals,0.4215856372284513,0.24287747505610968,0.0,5.009972573977564,0.9905893566810846,0.08149287798142402,1.3099644747645678,-0.08815907509131644,0.6987723205973486,0.01428758964105926,27.52051522358569,1.02648024952945,2.4926084456256894,-0.026621680987399893
3657,14.9523793,-0.4063650097418397,1.3078321251551857,-0.06080603336894863,-0.15896477919940422,1.7764277311650358,-0.33990634711086964,1.4698307240098358,0,0.0038497,1,Shared Control,0.01,Good Visuals,0.49489748046697335,0.24344025228351399,0.0,5.006285058444326,0.9905162873351725,0.09020140175196543,1.3186729985351093,0.008535104835949896,1.6448494922968822,0.015765988179420654,27.501491775319263,1.0266958365983676,2.4967257516936074,-0.026683366723433955
3658,14.959037600000002,-0.40102430223073704,1.31986139135021,-0.061117955119867395,-0.14996933265962586,1.731331714950816,-0.33010349937970174,1.4746223435370724,0,0.006658300000000001,1,Shared Control,0.01,Good Visuals,0.46188756901080724,0.24404034658101517,0.0,5.006563310071302,0.9905232725630578,0.09495163713399773,1.3234232339171417,-0.03197336778863562,1.0469530507873355,0.014802636103696625,27.503274248306393,1.0266833667234339,2.503162581498572,-0.026749142765229283
3659,14.9630556,-0.39568359471963443,1.319362717893854,-0.0655800953399327,-0.15525962564321838,1.6534434979985149,-0.3241731525532434,1.4772320213923447,0,0.004018,1,Shared Control,0.01,Good Visuals,0.4544628558450662,0.2446392723278322,0.0,5.005378012557524,0.9904984204520294,0.09811891902663625,1.3265905158097802,-0.041777486751605565,0.9210427744092469,0.01491524694977537,27.49683741850143,1.0267491427652293,2.5088724430006986,-0.02681479072275692
3660,14.966754600000002,-0.39144244463728817,1.3319201495809154,-0.06726929208404475,-0.14531187181142924,1.6613108402617707,-0.31870472166844904,1.479445350918585,0,0.003699,1,Shared Control,0.01,Good Visuals,0.4819610616873027,0.2447998274175377,0.0,5.004263082504496,0.9904765066478789,0.10303921653770753,1.3315108133208515,-0.010036330567351462,1.372927482301269,0.016043466803150993,27.491127556999302,1.026814790722757,2.510012433401768,-0.026832389087438766
3661,14.9702786,-0.38610173712618556,1.3474324850117325,-0.06739701545773652,-0.13201286590685246,1.674853627990095,-0.3134876911648132,1.4813842294390238,0,0.0035240000000000002,1,Shared Control,0.01,Good Visuals,0.4805430042331653,0.24505616243998338,0.0,5.004001418781625,0.9904722126967292,0.10772367345099641,1.3361952702341404,-0.016317704257424483,1.3690837366404267,0.01646751109267409,27.48998756659823,1.0268323890874387,2.512575291811526,-0.026860485843598923
3662,14.974527700000003,-0.37824775549221107,1.3696047526844088,-0.06476006432739789,-0.11177947675461497,1.7534417346534124,-0.3071885593774436,1.4835004524297504,0,0.0042491000000000004,1,Shared Control,0.01,Good Visuals,0.4679756101310939,0.24603527511415998,0.0,5.003512902642258,0.9904623522148869,0.11473379652486768,1.3432053933080117,-0.03560087476120367,1.176668973054798,0.016516053967981153,27.487424708188474,1.026860485843599,2.5226147036781743,-0.026967805903874698
3663,14.9795589,-0.3741636850425443,1.3686287409572047,-0.06697512566510072,-0.11487171147254571,1.7969530208397513,-0.2997191178064638,1.4856909008055292,0,0.0050312,1,Shared Control,0.01,Good Visuals,0.4346144754363166,0.2473640495516364,0.0,5.00162312201139,0.9904236764007532,0.11691390558877719,1.3453855023719212,-0.08251068225052646,0.6036073602939025,0.01593326024320204,27.477385296321827,1.0269678059038747,2.5356324725942563,-0.027113452218628823
3664,14.9832824,-0.36882297753144166,1.3458351484964899,-0.06910385972497785,-0.13985575230903935,1.8128134187523193,-0.2941844833471665,1.4870905226546909,0,0.0037235000000000002,1,Shared Control,0.01,Good Visuals,0.44858236084147657,0.2484818753470323,0.0,4.999116342141096,0.9903736451189554,0.11969780700981984,1.348169403792964,-0.07100121311726015,0.8146017325655155,0.016567238303749048,27.464367527405745,1.027113452218629,2.5461228499224102,-0.02723597655612715
3665,14.986793300000002,-0.3645818274490955,1.339876301569762,-0.070397344101929,-0.147214221084929,1.9093335334735348,-0.2889613957689842,1.4882367074048568,0,0.0035109000000000004,1,Shared Control,0.01,Good Visuals,0.4838193717824505,0.24899903741038107,0.0,4.997051500054707,0.9903334228121552,0.12411174546958956,1.3525833422527336,-0.03042384310397708,1.2262302644098568,0.01717105665818075,27.453877150077588,1.0272359765561272,2.5505225474387414,-0.02729266243638869
3666,14.991124600000003,-0.356413686549762,1.3420518497986063,-0.0674522907807778,-0.14618485760625055,1.9657463119824647,-0.2825127456580386,1.4894175442962112,0,0.004331300000000001,1,Shared Control,0.01,Good Visuals,0.49750364398843616,0.24954221787783348,0.0,4.996139471074646,0.9903166513910245,0.13145517913426052,1.3599267759174045,-0.020906091734949013,1.356654226878561,0.017528870917627688,27.449477452561258,1.0272926624363887,2.5557667673812943,-0.027352200181170353
3667,14.995585600000002,-0.35248669573277475,1.3383485786422282,-0.06997395007473617,-0.15106896565398298,1.9168714131213858,-0.27586624242425045,1.490363187376188,0,0.0044610000000000006,1,Shared Control,0.01,Good Visuals,0.4816987879768972,0.2502492049750835,0.0,4.995122170919801,0.9902965135310621,0.13478927279669317,1.3632608695798372,-0.04317540585980103,0.9370959449205039,0.016832194242375833,27.444233232618707,1.0273522001811703,2.5626753686428483,-0.02742969269034952
3668,14.999163500000002,-0.34683182895631315,1.3379797458619809,-0.0709655865320627,-0.15238344151420713,1.8595037165625137,-0.2705328186777714,1.4909223370448825,0,0.0035779,1,Shared Control,0.01,Good Visuals,0.49903428593450294,0.2506130039901464,0.0,4.993790201431757,0.9902699674164763,0.13880215292210932,1.3672737497052534,-0.02232750204557061,1.173802944223283,0.017510925375168913,27.43732463135715,1.0274296926903494,2.5658244051237076,-0.027469568522063833
3669,15.0028462,-0.3429048381393259,1.3483768283633526,-0.07237201946155447,-0.14254550868152993,1.8494426102441983,-0.26504142372700573,1.4913118630861184,0,0.0036827,1,Shared Control,0.01,Good Visuals,0.5052402731438378,0.25085508277719837,0.0,4.99314351902322,0.9902579517704273,0.14313445102880895,1.371606047811953,-0.013989789114124716,1.2095309918754893,0.01778489882072291,27.434175594876294,1.0274695685220638,2.568039134121158,-0.027496102659250597
3670,15.0076763,-0.33206634348444114,1.358727570833069,-0.06702491975743541,-0.13258429225304935,1.7947016107437783,-0.25783756645320083,1.49153565908891,0,0.0048301,1,Shared Control,0.01,Good Visuals,0.5024487807703492,0.25156325402923263,0.0,4.992037876539833,0.9902361772111284,0.15153937317965094,1.380010969962795,-0.0187873221718273,1.1014821830247863,0.018218140304921332,27.428502058962984,1.0275345683302732,2.574910655696859,-0.027573724963055213
3671,15.013456100000003,-0.3279822730347744,1.365968288067768,-0.07014470658157357,-0.12556737102114202,1.7779931948432834,-0.24921703099735237,1.4913735852749703,0,0.005779800000000001,1,Shared Control,0.01,Good Visuals,0.4658343554440937,0.2525770843358375,0.0,4.99137231825095,0.9902230807497473,0.1529935164852329,1.3814651132683768,-0.06072849892338739,0.39984142806367373,0.016861006915228658,27.425089344303142,1.0275737249630552,2.5852077174884625,-0.027684850406003585
3672,15.0172469,-0.32248448589099227,1.3575260589930278,-0.0732674548936399,-0.13384752628194252,1.716128197271316,-0.24356415327008854,1.4910120567482346,0,0.0037908000000000004,1,Shared Control,0.01,Good Visuals,0.47431649418873645,0.2534552082588339,0.0,4.989425153935628,0.9901834349487562,0.1549982026595945,1.3834697994427385,-0.0536863586505175,0.5895962396287153,0.01771694546996668,27.414792282511538,1.0276848504060037,2.5934311255587668,-0.02778110113876509
3673,15.0206065,-0.318243335808646,1.361559421829214,-0.07467918253855746,-0.1294526349190206,1.7333215797109576,-0.2385557274252866,1.4905221802875088,0,0.0033596000000000003,1,Shared Control,0.01,Good Visuals,0.4979731610864076,0.25389642236184146,0.0,4.987804985342958,0.9901519137929699,0.15828423003238465,1.3867558268155287,-0.02458969215025117,0.9178847410028359,0.018570018038662216,27.406568874441234,1.0277811011387652,2.5972350757224105,-0.027829462400321747
3674,15.0249247,-0.3113318319707485,1.3584412956562586,-0.07277610454546188,-0.13208088463125023,1.6904086942571048,-0.23212112515170236,1.489658128180883,0,0.0043182,1,Shared Control,0.01,Good Visuals,0.5006026394592709,0.25452717532047275,0.0,4.987022229703437,0.9901374052647504,0.16296882956431694,1.391440426347461,-0.024790883219029773,0.9414766533888601,0.01896077727144664,27.40276492427759,1.0278294624003217,2.603449445750263,-0.027898598922935308
3675,15.0290544,-0.3059911244596459,1.36236278448954,-0.07386999930794352,-0.12729534369134288,1.65188973924502,-0.22597141728179201,1.4885846717209619,0,0.0041297,1,Shared Control,0.01,Good Visuals,0.49362429439860844,0.2550534419982535,0.0,4.9858291710768174,0.9901135184217802,0.16533832349779995,1.393809920280944,-0.030628720173214947,0.6869093878773738,0.01852349632078383,27.396550554249735,1.0278985989229352,2.6083580408720395,-0.02795628275552185
3676,15.032758600000001,-0.3017499743772996,1.3793018064826241,-0.0757785570955076,-0.10928286523833775,1.6416460676800495,-0.22045950642449372,1.4874159288125823,0,0.0037042000000000004,1,Shared Control,0.01,Good Visuals,0.4942660604333129,0.2555955627554727,0.0,4.984860127651837,0.9900947088769896,0.16775729785775137,1.3962288946408954,-0.030079934658776238,0.6793154427115109,0.0188407975838996,27.39164195912796,1.0279562827555218,2.6135453508692645,-0.028015704345984292
3677,15.0360826,-0.2962521872335175,1.3877129083434765,-0.07579268080902377,-0.09970302046910584,1.5953193057018342,-0.2155173112706328,1.486201188262391,0,0.003324,1,Shared Control,0.01,Good Visuals,0.4858671291605119,0.2563723667917103,0.0,4.983849421289206,0.9900748026505622,0.16987124697492184,1.3983428437580658,-0.04358690458100771,0.6182583987981012,0.019368662945623984,27.386454649130734,1.0280157043459843,2.621169334193203,-0.028100849455623075
3678,15.0408246,-0.28667032964006856,1.3836472453787698,-0.07115301836943574,-0.10255394288362107,1.533534539066062,-0.20847437248494702,1.4841962668525561,0,0.0047420000000000006,1,Shared Control,0.01,Good Visuals,0.4789444730422129,0.258299317457918,0.0,4.980389490391152,0.9900057827753341,0.1731232558092718,1.4015948525924158,-0.05031883997978856,0.4727100698565465,0.019732281704849974,27.36849123519079,1.0282168688356503,2.6395809494844715,-0.02831206157359485
3679,15.046406900000001,-0.2785021887407351,1.4229101720203725,-0.0700278162557881,-0.06128609483218361,1.6771221226659252,-0.20019666967201624,1.4814259489674289,0,0.0055823,1,Shared Control,0.01,Good Visuals,0.44850396335119647,0.2607937769959127,0.0,4.976707562261287,0.9899333887549804,0.17284437955769877,1.4013159763408427,-0.09232599634175598,-0.03732780180695361,0.019184527482424624,27.349621596671142,1.0284336710042643,2.6638021184522787,-0.02858547806082213
3680,15.052362200000001,-0.27017696820872217,1.391424340848228,-0.06998029853670593,-0.09000160811920077,1.5194106933426672,-0.19138433974150781,1.477981422661531,0,0.0059553,1,Shared Control,0.01,Good Visuals,0.4381454473781048,0.2645417158927525,0.0,4.970113468137161,0.9898019326311951,0.17042432139265373,1.3988959181757976,-0.10518394652404632,-0.16164066116795794,0.01951348534913873,27.315402810752758,1.0288173244231764,2.699587009532849,-0.028996287806142832
3681,15.058934100000002,-0.26483626069761956,1.3674333604507414,-0.07345192095611175,-0.11054806221078972,1.4402235166815205,-0.1816852726204542,1.473594415159085,0,0.0065719,1,Shared Control,0.01,Good Visuals,0.4366798851945279,0.26668799127142107,0.0,4.967130608509325,0.9897445634777685,0.16871842751321797,1.3971900242963617,-0.09850268962060976,-0.37859955600243467,0.01851270825358726,27.30041299046715,1.028996287806143,2.720470653420672,-0.029231539998339023
3682,15.062899600000001,-0.2591813939211579,1.3540772239323868,-0.07749612130070371,-0.11951719122669813,1.4169758266079766,-0.1758474977542849,1.470650209000045,0,0.0039655,1,Shared Control,0.01,Good Visuals,0.47395449191798117,0.2675552916402796,0.0,4.963097074222927,0.9896643662196284,0.16916323880938844,1.3976348355925323,-0.049874582463402636,0.12924173988740062,0.01958874525481264,27.279529346579327,1.029231539998339,2.7273916043501822,-0.029326604366636956
3683,15.0664543,-0.2549402438388117,1.3646384577417274,-0.0790927460845268,-0.10601175125831763,1.4744060399919394,-0.17062475248407205,1.467821194835794,0,0.0035547,1,Shared Control,0.01,Good Visuals,0.5027844819904848,0.2678600099103816,0.0,4.961612350512201,0.9896381283239198,0.171092837890343,1.3995644346734868,-0.01598923377920522,0.538332518958418,0.020734497335600264,27.27260839564982,1.029326604366637,2.72978405166853,-0.029360004386856264
3684,15.070018600000001,-0.24959953632770904,1.376111952443059,-0.07897478384363699,-0.09170924239273504,1.5067449222129603,-0.16539831992406817,1.4648046134055444,0,0.0035643000000000003,1,Shared Control,0.01,Good Visuals,0.49729889583445613,0.26839170229201914,0.0,4.961094468112988,0.9896290696208426,0.17275859091499254,1.4012301876981363,-0.028441668595371675,0.48485068827848377,0.021185783750040644,27.27021594833147,1.0293600043868563,2.735067284915936,-0.029418282928182975
3685,15.074434700000001,-0.24268803248981152,1.3928901105056988,-0.07728971256574335,-0.07191450289984558,1.5825032916727415,-0.15893829817205726,1.460817650332599,0,0.0044161,1,Shared Control,0.01,Good Visuals,0.48247789657578605,0.26974144719007975,0.0,4.960084827342908,0.989608758314918,0.17404457273312945,1.4025161695162733,-0.04984728743023605,0.25875926961586426,0.021196176673937982,27.264932715084065,1.029418282928183,2.748641367358265,-0.02956622780484245
3686,15.078371200000003,-0.23860396204014478,1.393119086183194,-0.07966566386808752,-0.067698564149405,1.6188018303039944,-0.15319517002599822,1.4570314107189977,0,0.0039365,1,Shared Control,0.01,Good Visuals,0.45432770399348543,0.27145913340248173,0.0,4.957506306740659,0.9895565377368793,0.1734083463904878,1.4018799431736317,-0.08932224565555423,-0.17702458059033166,0.020848238920388902,27.251358632641736,1.0295662278048425,2.765210792837941,-0.029754502548609677
3687,15.0821443,-0.23294909526368315,1.375670236411683,-0.07975392523768493,-0.0813611743073146,1.6222650145844926,-0.14770481496065277,1.453197344630496,0,0.0037731,1,Shared Control,0.01,Good Visuals,0.46167424630345805,0.27305353412136335,0.0,4.954292417166079,0.9894929491481558,0.17328100763618534,1.4017526044193294,-0.08428372940928142,-0.0371325793317725,0.021625972075564437,27.23478920716206,1.0297545025486097,2.780132339651906,-0.029929264029864133
3688,15.085434500000002,-0.22902210444669593,1.3702956652658855,-0.08131728948604316,-0.08290167936461046,1.6890128271626805,-0.1429292322908905,1.4496906242824086,0,0.0032902,1,Shared Control,0.01,Good Visuals,0.47539151221084486,0.2743720273608113,0.0,4.951353216203907,0.989435792510559,0.17347142078494532,1.4019430175680894,-0.06673656995241645,0.05311681230751564,0.021777091146200862,27.219867660348093,1.029929264029864,2.7923056496167606,-0.030073783427541984
3689,15.0892394,-0.22336723767023425,1.3647208361424155,-0.08043800537934376,-0.08496978813999312,1.7250752782888725,-0.13742131517311837,1.4454460959495048,0,0.0038049000000000004,1,Shared Control,0.01,Good Visuals,0.4844563029347152,0.27557244582274143,0.0,4.948938643064726,0.9893892050993752,0.17405767768065,1.402529274463794,-0.060153611709282365,0.16499870414699735,0.022311189575771648,27.20769435038324,1.030073783427542,2.8035224250887794,-0.03020536070673392
3690,15.0931037,-0.21802653015913162,1.3758588919694965,-0.08060521498601325,-0.06958720398000828,1.817756025051187,-0.13184433997971326,1.4409282018200744,0,0.0038643,1,Shared Control,0.01,Good Visuals,0.4819694422518579,0.2769592565548249,0.0,4.946727598009285,0.9893462482751769,0.17420809126991169,1.4026796880530557,-0.06449372672477025,0.038854512621846915,0.02216649787948859,27.19647757491122,1.0302053607067339,2.816790425639174,-0.03035736835129173
3691,15.096485300000001,-0.2139424597094649,1.3799168953334626,-0.08209811972975165,-0.061011306486611794,1.8619513356903972,-0.12697862556751205,1.436804000420077,0,0.0033816000000000002,1,Shared Control,0.01,Good Visuals,0.467366063525159,0.2787257062331163,0.0,4.944143692454349,0.9892953637411918,0.17362692034263702,1.402098517125781,-0.08874350800024212,-0.16289335928994664,0.022324360416968062,27.183209574360827,1.0303573683512917,2.8338079041098414,-0.030550988034652265
3692,15.1000908,-0.20844467256568278,1.3645836786704262,-0.08146604699817073,-0.07222032174965087,1.8438943972005952,-0.12180641696165777,1.432231914915331,0,0.0036055,1,Shared Control,0.01,Good Visuals,0.46598800288474934,0.28056919586566786,0.0,4.94084133665515,0.9892300745202485,0.17308840025744546,1.4015599970405894,-0.09424527404490429,-0.15657839827626585,0.02288285640208597,27.16619209589016,1.0305509880346522,2.8512148351190816,-0.03075305202963586
3693,15.1034842,-0.20436060211601603,1.3600399972455604,-0.08255418515435826,-0.07219191766977073,1.8870897146070564,-0.11695381594791354,1.427764595285487,0,0.0033934000000000004,1,Shared Control,0.01,Good Visuals,0.4736705130854316,0.28222707340012043,0.0,4.937428910549248,0.9891633778112469,0.172528809367086,1.40100040615023,-0.0823330316976219,-0.15662092148099482,0.022856863296631467,27.14878516488092,1.030753052029636,2.866604344050916,-0.030934771173530027
3694,15.107819600000003,-0.1974490982781185,1.3593116770909757,-0.08049528233020495,-0.06845291819451127,1.8955905516268508,-0.11077666401746639,1.4218265190163684,0,0.0043354000000000005,1,Shared Control,0.01,Good Visuals,0.4787595315074773,0.28420522534352155,0.0,4.934385599293637,0.9891044790778746,0.1720760836503126,1.4005476804334565,-0.07881990585955047,-0.10300457698703447,0.0232990260730462,27.133395655949084,1.03093477117353,2.8855289524707133,-0.031151595438397173
3695,15.111436100000002,-0.19336502782845175,1.3581627736659954,-0.08258836381098536,-0.063663745350373,1.8457806145654068,-0.10564388782567813,1.4166760811346402,0,0.0036165000000000004,1,Shared Control,0.01,Good Visuals,0.46460026459713816,0.28611525141243915,0.0,4.930700685374511,0.9890319160653459,0.17063678218446707,1.3991083789676109,-0.09538926527591533,-0.4005514334582534,0.022877179853746286,27.114471047529285,1.0311515954383972,2.9033592695616313,-0.03136095245955607
3696,15.115168200000003,-0.18802432031734911,1.3555721368863325,-0.08238043249167099,-0.06110394424830767,1.7716186886897194,-0.10036691911385728,1.4111740904712398,0,0.0037321000000000003,1,Shared Control,0.01,Good Visuals,0.46988930299135045,0.28782933124468507,0.0,4.92718530270193,0.9889636605756903,0.1696108084717664,1.3980824052549101,-0.0872995543950633,-0.29883890035554916,0.023629790475522067,27.09664073043837,1.0313609524595562,2.9192226251154376,-0.03154883190976217
3697,15.1184981,-0.1839402498676824,1.3519130019164658,-0.08357333075382511,-0.059261088554773966,1.702819103962047,-0.09567624772364314,1.4061055693014584,0,0.0033299000000000002,1,Shared Control,0.01,Good Visuals,0.46607074237307794,0.28962499759565635,0.0,4.92404394990954,0.988902973693187,0.16817881985556019,1.396650416638704,-0.0875334034753189,-0.39835001007182846,0.023711504791725586,27.080777374884562,1.031548831909762,2.936135073539197,-0.03174565401829373
3698,15.122445600000002,-0.17294467558011808,1.3707389647354242,-0.07726842785647495,-0.03536660456603413,1.6847212810774228,-0.09013781887936617,1.3999032424097084,0,0.0039475000000000005,1,Shared Control,0.01,Good Visuals,0.46198251517143174,0.2931327494217948,0.0,4.91780185731469,0.9887818588643155,0.16496105246564413,1.3934326492487878,-0.08541626406550923,-0.5143135361913709,0.024103439387871434,27.049130786969428,1.0319208287619577,2.969064367876109,-0.03213013697652958
3699,15.129360700000003,-0.16493361431346412,1.387307072853681,-0.07479579543409795,-0.012596169556027492,1.6361588577720692,-0.08049628533542505,1.3885354463627428,0,0.0069151,1,Shared Control,0.01,Good Visuals,0.3944001552668692,0.2982890578159671,0.0,4.909859146224564,0.9886257767559183,0.15704184877532054,1.3855134455584643,-0.1722515455207986,-1.3922890117241664,0.023308660740555234,27.008401311037872,1.0323891382132293,3.0180908794856047,-0.03269531741209939
3700,15.135350600000002,-0.15676547341413066,1.3645816628864957,-0.07626918807870561,-0.023953783476247104,1.5282447852649315,-0.07220988628622275,1.3781761958353522,0,0.0059899,1,Shared Control,0.01,Good Visuals,0.4075832520219559,0.3036727870730531,0.0,4.899339446132441,0.9884205644174098,0.14831234067844482,1.3767839374615887,-0.14742408417854552,-1.193348817577749,0.024201647357014893,26.954797130617187,1.0330133556776695,3.0678092904566894,-0.033285425336976183
3701,15.142189600000002,-0.1515818455357075,1.3433361107389408,-0.07937195924948474,-0.034840085096411455,1.4294961626137288,-0.06282660173063839,1.3657739801024522,0,0.0068390000000000005,1,Shared Control,0.01,Good Visuals,0.39699888277131157,0.307376099158767,0.0,4.894827753578261,0.98833423305587,0.14173900735281456,1.3702106041359585,-0.15444753067479483,-1.4543094594195116,0.02316087691165941,26.93219070954331,1.033285425336976,3.103586188231973,-0.033691343559404514
3702,15.1458859,-0.14624113802460487,1.3227692307736056,-0.08341453629396647,-0.04300474932884657,1.359748739950693,-0.057791091533068634,1.3588187336081017,0,0.0036963,1,Shared Control,0.01,Good Visuals,0.4223910703186109,0.3096051241428991,0.0,4.88790001266649,0.9881970610122431,0.1380428451237792,1.366514441906923,-0.11726599391136752,-1.072314900065379,0.02439704321669524,26.896413811768028,1.0336913435594046,3.122493113334913,-0.03393566589529342
3703,15.149490500000002,-0.14215706757493812,1.3206039816622699,-0.08436597604186949,-0.03821475194583179,1.3597769477275936,-0.05290557220946464,1.3518673260134721,0,0.0036046000000000003,1,Shared Control,0.01,Good Visuals,0.4498892935922627,0.3112572399501132,0.0,4.883983444425148,0.9881252645652736,0.1355963837567247,1.3640679805398686,-0.07961512389510843,-0.6823779334638278,0.025825567864615852,26.87750688666509,1.0339356658952934,3.137231483168999,-0.034116753499089256
3704,15.1534355,-0.13288936924684824,1.3471574956903452,-0.0799837970373836,-0.0047098303231269956,1.4129043427881576,-0.04758777079766288,1.3440701359582605,0,0.003945000000000001,1,Shared Control,0.01,Good Visuals,0.43346394573319236,0.3146318247388998,0.0,4.878100124149164,0.9880129791694539,0.13046380091520698,1.358935397698351,-0.0998761760781859,-0.9164663982970467,0.0262514409066855,26.84808236318469,1.034291271044479,3.16860427177874,-0.034486640083636694
3705,15.1591333,-0.1288052987971815,1.34898346208483,-0.08121752799951862,0.004913326126569473,1.3582206523784819,-0.039962402824343504,1.3324629454122539,0,0.0056978,1,Shared Control,0.01,Good Visuals,0.3945595220364406,0.3175552049594019,0.0,4.874817945069053,0.9879491626256126,0.12528971665942532,1.3537613134425692,-0.1493038544479194,-1.4700773541827648,0.02516544801141781,26.83139572822126,1.0344866400836368,3.1968889315691555,-0.03480707035662559
3706,15.162939000000001,-0.12362167091875835,1.3310869848561064,-0.08365926809441485,-0.0013759605561474153,1.2472247492877868,-0.03490657224705944,1.3244852082121432,0,0.0038057000000000004,1,Shared Control,0.01,Good Visuals,0.39062272607049353,0.32047521496369297,0.0,4.8693467968744155,0.9878407455540595,0.12028001460407055,1.3487516113872144,-0.15120462160695616,-1.4651250417789496,0.0257910487501831,26.803111068430844,1.0348070703566257,3.2237142863282213,-0.03512713122186759
3707,15.1665484,-0.11969468010177112,1.3213217699708508,-0.08478810785471168,-0.0031634382412923934,1.1940059293616243,-0.030139879274387705,1.3167543363967305,0,0.0036094,1,Shared Control,0.01,Good Visuals,0.40827943766748254,0.32302219460098014,0.0,4.864019946291427,0.9877383170866612,0.11590216099567817,1.344373757778822,-0.12231715349409071,-1.2226592214691339,0.02681072192626282,26.77628571367178,1.0351271312218675,3.2467161334728303,-0.03540630441143405
3708,15.1700199,-0.11466813185602744,1.3095798044327818,-0.08452825258163973,-0.007174531963948683,1.1180140356650463,-0.025581890401804086,1.3091691040388267,0,0.0034715,1,Shared Control,0.01,Good Visuals,0.41514474521994776,0.32525116066191506,0.0,4.8594122916932765,0.9876506139946614,0.11203857022083898,1.3405101670039827,-0.10998050552732713,-1.1233654449565886,0.027388440675293568,26.75328386652717,1.035406304411434,3.266847293527952,-0.0356506202887802
3709,15.174367100000001,-0.10948450397760429,1.3104659800042742,-0.0839026135758002,0.0012968759654474749,1.0965067852867576,-0.01991167984571749,1.2994656465142003,0,0.0043472,1,Shared Control,0.01,Good Visuals,0.4175021819843261,0.32761180051983574,0.0,4.855380173836228,0.9875738662835323,0.10749507074512371,1.3359666675282675,-0.10105156070683319,-1.1425875709078994,0.027492912260901843,26.733152706472048,1.0356506202887803,3.288689173757448,-0.0359093688664702
3710,15.177482700000002,-0.10555751316061704,1.3055587568347127,-0.08564583331489956,0.006093110320512407,1.0429066661163715,-0.015874084290383898,1.2923726382791183,0,0.0031156,1,Shared Control,0.01,Good Visuals,0.4057359494534993,0.3299798175127415,0.0,4.851059874541482,0.9874904519358724,0.10278641368789633,1.33125801047104,-0.11322339793221851,-1.3130300485840847,0.027487486301887916,26.711310826242553,1.0359093688664702,3.3103903842549043,-0.03616892604830979
3711,15.1811368,-0.10053096491487337,1.285321829741687,-0.08465688062448948,-0.00705080853743123,0.9421971353086276,-0.01116704335129048,1.283907836923201,0,0.0036541000000000004,1,Shared Control,0.01,Good Visuals,0.40908726683448743,0.3321468268319808,0.0,4.846746589755737,0.9874076448339093,0.09854317950803143,1.3270147762911753,-0.10565888937942092,-1.2312791422044267,0.028261396447977233,26.689609615745095,1.0361689260483098,3.329984515066739,-0.036406450877568594
3712,15.184586000000003,-0.09660397409788612,1.2751273528723281,-0.08543693074659564,-0.00878048405087295,0.8962949621302776,-0.006752575041733638,1.2757747834317075,0,0.0034492000000000004,1,Shared Control,0.01,Good Visuals,0.41693998298309337,0.3339824575408147,0.0,4.842825346958695,0.9873329652056534,0.0942062502993592,1.3226778470825031,-0.08753581488966101,-1.2168029876752788,0.02811851426891798,26.67001548493326,1.0364064508775686,3.346381703581429,-0.03660765345977578
3713,15.188103400000003,-0.09157742585214247,1.2727736126463953,-0.08482485081040883,-0.003001170785312146,0.8617207596618471,-0.002279958155375985,1.2673396222911575,0,0.0035174000000000004,1,Shared Control,0.01,Good Visuals,0.4221427364765154,0.33555582287931535,0.0,4.839523372973298,0.9872705380522794,0.09024702883764481,1.3187186256207888,-0.07728542397110853,-1.1545949262822282,0.028534436095492402,26.65361829641857,1.0366076534597757,3.360458205791684,-0.03678010926329778
3714,15.1920012,-0.0863937979737193,1.2879247585987605,-0.0841138398183433,0.020585136307603058,0.892866589514471,0.002641396060792861,1.2578275720794634,0,0.0038978000000000003,1,Shared Control,0.01,Good Visuals,0.4132344180680811,0.3375572451819483,0.0,4.836691223084027,0.9872169449552113,0.08502247784493001,1.3134940746280739,-0.08492080098010567,-1.3068565192642954,0.028463472614301894,26.639541794208316,1.0367801092632978,3.3792652238947305,-0.03699948418083368
3715,15.195470100000001,-0.08278096642209104,1.2881915043279963,-0.0854223624828839,0.030363932248532954,0.8614575072012151,0.006989780907486948,1.249218450458051,0,0.0034689,1,Shared Control,0.01,Good Visuals,0.3862018139197707,0.3400739943531722,0.0,4.833001686875605,0.987145069540374,0.07913817944881965,1.3076097762319636,-0.11965673906105415,-1.6349814937789278,0.028393236050755638,26.62073477610527,1.0369994841808337,3.402806698378134,-0.037275343823833296
3716,15.199060500000002,-0.07791149780902687,1.2599674326198382,-0.08490127871651382,0.010748982161787213,0.7534298080434776,0.011458768361288625,1.2401670800278637,0,0.0035904,1,Shared Control,0.01,Good Visuals,0.38248014733550345,0.3425404690501417,0.0,4.828372931296459,0.9870551402542865,0.07359466720717173,1.3020662639903158,-0.12199299684823761,-1.626140287957738,0.02904992401663889,26.597193301621864,1.0372753438238334,3.4251602302076853,-0.03754569290635339
3717,15.2026355,-0.07398450699203962,1.2429409252383077,-0.08544327535332824,0.0027738452104439926,0.7232049849194855,0.01587604630765395,1.2310141825491132,0,0.003575,1,Shared Control,0.01,Good Visuals,0.3989469031663858,0.3444832119732843,0.0,4.8239064476160305,0.9869699740284025,0.06825133556238859,1.2967229323455327,-0.09219541663343975,-1.4960610496088966,0.029082123834511454,26.574839769792316,1.0375456929063533,3.4421782579982425,-0.037758636005866764
3718,15.207504700000001,-0.06408849013323177,1.2397463178337873,-0.07996453644088572,0.008732135284674092,0.6972210727923088,0.021839312868199116,1.2183259861774203,0,0.004869200000000001,1,Shared Control,0.01,Good Visuals,0.4076273136841155,0.34776564615654254,0.0,4.81754786250549,0.9868508329218083,0.057794495213463457,1.2862660919966076,-0.0738866894338694,-1.439369016788076,0.02946990015396686,26.543487671437116,1.037936006444358,3.471696235235262,-0.03811842200771255
3719,15.213291400000003,-0.057019906662654746,1.2602021026777952,-0.07885921953085387,0.04187611650037493,0.6513214579010099,0.028844995699449646,1.2029205605578084,0,0.0057867000000000005,1,Shared Control,0.01,Good Visuals,0.35452987075199505,0.3519974705150265,0.0,4.8111402907089955,0.9867278856415762,0.045691117691011376,1.2741627144741554,-0.14003214939292832,-2.0968436404571387,0.028779145000732902,26.51123422237564,1.0383219227442007,3.5109206444939685,-0.038582270201293456
3720,15.219354600000003,-0.05340707511102648,1.2376054955513967,-0.08225207081047613,0.03468493499358827,0.5143031374512818,0.0360886723349747,1.18640750850387,0,0.0060632,1,Shared Control,0.01,Good Visuals,0.33774210252793296,0.35457523720590123,0.0,4.8067796689585425,0.9866433202454171,0.03851405532596194,1.266985652109106,-0.1544637291819039,-2.355220150641366,0.027758245801649737,26.489079355506032,1.0385822702012935,3.534453681474578,-0.03886481794471247
3721,15.224141900000003,-0.04492477494633404,1.1892351475596892,-0.08101344728130874,0.0028276390558192865,0.25536769688665645,0.04173661590219602,1.17310723838495,0,0.0047873,1,Shared Control,0.01,Good Visuals,0.3785203066856269,0.35901987591238493,0.0,4.797232741908786,0.9864608344529713,0.02423062035256897,1.2527022171357132,-0.08530569788090385,-1.7620770534784462,0.030233627431327223,26.441165600184668,1.0391591492447965,3.573499078745989,-0.03935199261466045
3722,15.229993800000003,-0.040369465598628834,1.167786480837841,-0.08210608150082485,-0.005320757547108812,0.11655221721769232,0.04855321850946616,1.1565430890468575,0,0.0058519,1,Shared Control,0.01,Good Visuals,0.38560327816186585,0.3602763087838854,0.0,4.794172939474426,0.9864054331766186,0.018100602373598475,1.2465721991567427,-0.06490648806083102,-1.7841083788732188,0.029085437790170005,26.42650092125401,1.0393519926146604,3.584252879281813,-0.03948970960582829
3723,15.2335086,-0.03675663404700058,1.160487783099945,-0.08530985255646674,0.003944694053087394,0.021369866930445958,0.05260050831512639,1.1464360057858374,0,0.0035148,1,Shared Control,0.01,Good Visuals,0.3986973228282514,0.36105540652316886,0.0,4.79196069463406,0.986364712056785,0.012240347785823141,1.2407119445689674,-0.03826863988575885,-1.643277042166826,0.029580875971826036,26.415747120718187,1.0394897096058282,3.5906876398679053,-0.039575106127133594
3724,15.237077200000002,-0.032044245066615885,1.1630704540759798,-0.08464475338174227,0.01663444829014238,-0.050972547098895135,0.05667319291743246,1.136055338793784,0,0.0035686000000000003,1,Shared Control,0.01,Good Visuals,0.4047955615084747,0.36155184793009004,0.0,4.790611640822934,0.9863404292096551,0.007075642496005,1.2355472392791493,-0.024397284181096723,-1.50473597582325,0.030801583495206696,26.409312360132095,1.0395751061271337,3.594828721651528,-0.03962952082640095
3725,15.2412819,-0.02748893571891069,1.1710893838808687,-0.08416212863634315,0.03503404508708474,-0.07952283087180255,0.06142399063953219,1.1236736166666896,0,0.0042047000000000005,1,Shared Control,0.01,Good Visuals,0.389020076877203,0.362583960764413,0.0,4.789748086755342,0.9863247882166055,-0.0008241593330329646,1.2276474374501114,-0.0383841725273731,-1.7279034600577363,0.030603467002755656,26.405171278348472,1.039629520826401,3.604838793322652,-0.03974265020825079
3726,15.244997100000003,-0.022776546738526,1.1786019946678947,-0.08420053737805819,0.05492837800120509,-0.05545043896668329,0.06557813151847844,1.1126004519732433,0,0.0037152,1,Shared Control,0.01,Good Visuals,0.36839925119862404,0.3638028949309007,0.0,4.787816832890475,0.9862864791223138,-0.007502621525988195,1.2209689752571562,-0.061136408118072326,-1.9571158694629087,0.030515837947329327,26.395161206677347,1.0397426502082507,3.6159957947690065,-0.03987625698474326
3727,15.248480700000002,-0.019477874452256717,1.1793556151358602,-0.08505600597073515,0.06675516316261687,-0.019366637873052983,0.06943573926200876,1.1021066995940676,0,0.0034836000000000003,1,Shared Control,0.01,Good Visuals,0.3487773628652381,0.3655881271409327,0.0,4.78560063864375,0.986243988201429,-0.015327561617536688,1.2131440351656078,-0.08545108503751521,-2.1854932665480096,0.03063239925287508,26.384004205230994,1.0398762569847433,3.6327722281588546,-0.04007193541220107
3728,15.252158300000001,-0.014922565104551517,1.1682407653260314,-0.08435830436656028,0.06613406573196379,-0.011635792281937889,0.073468302233776,1.0909145425620048,0,0.0036776,1,Shared Control,0.01,Good Visuals,0.34093180971452713,0.36752865681617203,0.0,4.782312653813141,0.9861799567736219,-0.022976547729164316,1.2054950490539802,-0.09586992033926242,-2.2239303691421837,0.031095465924929053,26.367227771841144,1.040071935412201,3.650351205842953,-0.04028463591869665
3729,15.255694100000003,-0.011309733552923255,1.1561132536504923,-0.08477803578669925,0.06519871108848752,0.009250842704276788,0.07730637398405016,1.0800458488006024,0,0.0035358000000000004,1,Shared Control,0.01,Good Visuals,0.3379160227633466,0.36959590225978456,0.0,4.778802668286999,0.9861130797560894,-0.03131012190312826,1.1971614748800163,-0.09712853613384624,-2.285863942168568,0.031004094295131717,26.349648794157048,1.0402846359186966,3.669052898781223,-0.04051122567845019
3730,15.259358000000002,-0.006911503837897544,1.137906366394776,-0.0842178778219477,0.057860517594173544,-0.0020974874847374,0.08124275505317616,1.068674086877486,0,0.0036639000000000003,1,Shared Control,0.01,Good Visuals,0.34053206980223083,0.3717228379898983,0.0,4.775066208334651,0.9860419480466432,-0.04005574588999112,1.1884158508931535,-0.09250372550876121,-2.231709703700841,0.03133361462839741,26.330947101218776,1.0405112256784501,3.688180193386903,-0.04074435806124818
3731,15.2631425,-0.0025132741228718345,1.1278849844989665,-0.08375602917604799,0.05921089762148046,0.007429115154163012,0.08526474586364403,1.0568139238844934,0,0.0037845,1,Shared Control,0.01,Good Visuals,0.3447744509309494,0.37339157396224365,0.0,4.771233284212231,0.985969245193743,-0.04762250820257107,1.1808490885805736,-0.08316220112495197,-2.2000878994504554,0.03130570855346092,26.311819806613098,1.040744358061248,3.702497878972102,-0.04092726739319719
3732,15.266471300000003,0.0006283185307179586,1.12671718567353,-0.08463642733292608,0.06990326178903672,0.027574955134740512,0.08876517318079269,1.0462882859793567,0,0.0033288000000000002,1,Shared Control,0.01,Good Visuals,0.34099639703735546,0.37517154076688575,0.0,4.768293304415063,0.9859150668577077,-0.055754279439098275,1.1727173173440464,-0.0855048389906546,-2.2663799432907474,0.03127379556287216,26.297502121027897,1.0409272673931973,3.7186095766930474,-0.04112236868215121
3733,15.270222400000002,0.0051836278784231585,1.1172355550148143,-0.08358154530236953,0.07094726903545756,0.006907419549482429,0.09266750084494021,1.0343249535017447,0,0.0037511000000000003,1,Shared Control,0.01,Good Visuals,0.3343846065065672,0.37702082872076215,0.0,4.7650759346284675,0.9858538043399008,-0.06352647037988024,1.1649451264032644,-0.09316690987497563,-2.292208376082214,0.03175317884749844,26.281390423306952,1.0411223686821511,3.73521046087126,-0.041325068228293
3734,15.2743942,0.009267698328089888,1.1204393912399544,-0.08339980251685032,0.0861144377382097,0.06491906890998171,0.09695453062680395,1.0208958130776973,0,0.004171800000000001,1,Shared Control,0.01,Good Visuals,0.3280550075384491,0.3792798004054809,0.0,4.761746946185785,0.9857907360414977,-0.0732227490951638,1.1552488476879808,-0.09681681408521349,-2.4025071769081405,0.03151198347566128,26.26478953912874,1.041325068228293,3.7559220296571274,-0.04157267300735397
3735,15.277452200000003,0.012723450247038663,1.112347666807949,-0.08423108037976529,0.09145185373025178,0.0830232906699527,0.10006127251840298,1.010971240399575,0,0.0030580000000000004,1,Shared Control,0.01,Good Visuals,0.31190209680463254,0.3816880175433868,0.0,4.757638647198934,0.985711909033689,-0.08229029201161735,1.1461813047715272,-0.11803899745696969,-2.5579121883419997,0.031631860452447515,26.24407797034287,1.041572673007354,3.777553069610524,-0.041836636507381744
3736,15.2810755,0.016807520696705394,1.0891662661774337,-0.08325375182169759,0.07819502577785875,0.06230552626295331,0.10370289295240592,0.9991259694603299,0,0.0036233000000000003,1,Shared Control,0.01,Good Visuals,0.3102381789332918,0.3840430883773918,0.0,4.753302992490191,0.9856297474559699,-0.09096681569947326,1.1375047810836714,-0.11854041037051073,-2.535808887028268,0.03214999408569028,26.222446930389477,1.0418366365073817,3.7984354161893084,-0.04209477466709016
3737,15.284486000000001,0.020106192982974676,1.0746492268047199,-0.08359669996943125,0.07552325734438992,0.08216935130874763,0.10709128021004136,0.987893353942102,0,0.0034105000000000003,1,Shared Control,0.01,Good Visuals,0.3183143973770229,0.3861720070621981,0.0,4.749089841670412,0.9855505374380472,-0.09982842432114822,1.1286431724619963,-0.10335186049948897,-2.4748257663794675,0.03197302796860965,26.201564583810693,1.04209477466709,3.8170599307915665,-0.04232812440058
3738,15.288090400000002,0.024347343065320895,1.0663648572769366,-0.08274393714472046,0.07847150333483466,0.10080331862621353,0.11063052133575635,0.9759371126513985,0,0.0036044000000000002,1,Shared Control,0.01,Good Visuals,0.3222652819279022,0.3880970311203535,0.0,4.745306229103956,0.9854799936685064,-0.10813494526928746,1.120336651513857,-0.09650070627646284,-2.4061528729909156,0.03228270541097166,26.182940069208435,1.04232812440058,3.833897824108763,-0.04253912534398755
3739,15.292079400000002,0.028431413514987625,1.0721995772651314,-0.08219910782076872,0.09626246461373289,0.1654140288306853,0.11449698027944974,0.9626063956190203,0,0.003989,1,Shared Control,0.01,Good Visuals,0.3150351887084729,0.39045434251635786,0.0,4.74188556938188,0.9854162276204507,-0.11815518323450658,1.110316413548638,-0.10340649136777925,-2.5132274806167825,0.03211267634907515,26.166102175891236,1.0425391253439875,3.8554342181514953,-0.042797509090598436
3740,15.295546300000002,0.03141592653589793,1.062642004682214,-0.08308105374355182,0.10003560906319375,0.1610227585944805,0.11781403695962303,0.9509389334833755,0,0.0034669,1,Shared Control,0.01,Good Visuals,0.29457641454573047,0.3930935099575203,0.0,4.737607706195456,0.9853343407416049,-0.12790416420631726,1.1005674325768273,-0.13025348352477303,-2.724853533403399,0.03209499859958946,26.144565781848506,1.0427975090905985,3.87916819163106,-0.04308678694015912
3741,15.299078400000003,0.03549999698556466,1.0340480494286743,-0.08231403997405837,0.0831091159452988,0.1064155789488534,0.12115174441435997,0.9389766541515396,0,0.0035321000000000003,1,Shared Control,0.01,Good Visuals,0.2946511226320182,0.3955839474970086,0.0,4.732855603713009,0.9852442451594553,-0.13704866128436213,1.0914229354987826,-0.12714815509182797,-2.6700041104980783,0.03265862302702217,26.12083180836894,1.0430867869401592,3.9009700648175762,-0.043359762578101604
3742,15.3025527,0.03848451000647496,1.0167034513294961,-0.08266723440788501,0.0777267971779565,0.10900245829511998,0.1243934863209084,0.9271383299016969,0,0.0034743,1,Shared Control,0.01,Good Visuals,0.3073402380993939,0.3976903962292503,0.0,4.728429771717624,0.9851617143682263,-0.1461934166654735,1.0822781801176713,-0.10367300351377146,-2.5583313417572686,0.03256211286736457,26.099029935182422,1.0433597625781017,3.919059870166109,-0.043590649391105143
3743,15.3074726,0.045553093477052,0.9969028582538628,-0.0788403928438564,0.06976452835216596,0.0788283283214202,0.1289134425875632,0.9102572039202302,0,0.0049199000000000005,1,Shared Control,0.01,Good Visuals,0.31004344968450454,0.4013700868128566,0.0,4.721353527985348,0.985030857315364,-0.16360588934036918,1.0648657074427756,-0.0929257728507702,-2.5247785745092886,0.032696559204699806,26.06440719001601,1.043799058359751,3.9511180973914914,-0.04399397847226623
3744,15.312989100000003,0.04932300466135975,0.9939893548031723,-0.07959043792620346,0.08373215088294206,0.05815726574941964,0.13388231253875632,0.8911735961652871,0,0.005516500000000001,1,Shared Control,0.01,Good Visuals,0.30326848664203293,0.40320985561337375,0.0,4.7181982396377915,0.9849721299530418,-0.17263371474072697,1.055837882042418,-0.09802439385573906,-2.625512694592929,0.03164417532009836,26.048881902608507,1.0439939784722663,3.9674262495830144,-0.044195634628674416
3745,15.316538300000001,0.05230751768227006,0.9882791764126764,-0.08157479485648626,0.09710558024738924,0.018107959948786334,0.137023349544868,0.8788131261829849,0,0.0035492,1,Shared Control,0.01,Good Visuals,0.292793097649247,0.4053131404073355,0.0,4.714910105669361,0.984910354911953,-0.1823871677951805,1.0460844289879645,-0.10694030510388636,-2.7264845147048082,0.032091648984429684,26.032573750416987,1.0441956346286745,3.986308785121118,-0.044426174643953986
3746,15.3200441,0.0562345084992573,0.9836719293224305,-0.08078884104561071,0.10485880313944562,-0.009116533793569692,0.1400828022365874,0.8665434505487938,0,0.0035058000000000003,1,Shared Control,0.01,Good Visuals,0.28867596228042175,0.4073548893801132,0.0,4.711128001310775,0.9848387469135589,-0.19160338162410823,1.0368682151590367,-0.1068371643115362,-2.710172860356327,0.03306333628136661,26.013691214878882,1.044426174643954,4.004140057560893,-0.04464996974803716
3747,15.324465500000002,0.06283185307179585,0.9963539794759376,-0.07725094916479154,0.12981052892714384,0.04547287914354469,0.14387978123558,0.8509877802343441,0,0.004421400000000001,1,Shared Control,0.01,Good Visuals,0.25320542509570254,0.4123388155600472,0.0,4.702801922013507,0.9846815560352761,-0.21225689350991456,1.0162147032732305,-0.14591147978358732,-3.0904407892067822,0.032828475138208586,25.972213407887484,1.0449348869612711,4.048318847490589,-0.04519625545360249
3748,15.3303136,0.06534512719466769,0.9764457816032901,-0.07853465404091232,0.12545800136894603,-0.018897186948857503,0.14879596591332997,0.8302810375110209,0,0.0058481,1,Shared Control,0.01,Good Visuals,0.23515940287870893,0.4150485736058925,0.0,4.698600868228725,0.9846040609711112,-0.22228584249995634,1.0061857542831887,-0.16820562316789422,-3.291309438496207,0.031853564879499564,25.951681152509412,1.0451962554536025,4.072560495055767,-0.0454932707047404
3749,15.333534100000001,0.0681725605828985,0.933355213480465,-0.08062340533043147,0.10307417596944413,-0.1610002618755377,0.15145143858538745,0.8188179453673946,0,0.0032205000000000003,1,Shared Control,0.01,Good Visuals,0.24510618976832607,0.4179035824441447,0.0,4.693738447145364,0.9845122191412269,-0.23347066708104777,0.9950009297020973,-0.14835156232065475,-3.126523335688328,0.0325956961383129,25.927439504944232,1.0454932707047404,4.097703628455379,-0.04580620682403512
3750,15.3371329,0.07194247176720626,0.9008256494914658,-0.07950896681818119,0.08200770412407121,-0.25838203207627664,0.15437508034795214,0.8059609576348843,0,0.0035988,1,Shared Control,0.01,Good Visuals,0.276547341439211,0.4196967948343884,0.0,4.6886549236110096,0.9844171342362454,-0.2427374293092802,0.9857341674738649,-0.09510096390124538,-2.726881743292948,0.03369280991643366,25.902296371544622,1.045806206824035,4.111772286642289,-0.04600275995513421
3751,15.341356300000001,0.07539822368615502,0.8984063043139994,-0.07897685666179712,0.09244534667911508,-0.2511182426076546,0.1577470088214842,0.790812421009527,0,0.0042234,1,Shared Control,0.01,Good Visuals,0.2918242062790831,0.4213355864969379,0.0,4.68563111950686,0.984364625083196,-0.25457869196945526,0.9738929048136898,-0.06538013393691525,-2.595402126112363,0.03336965853418438,25.88822771335771,1.0460027599551343,4.125969948140172,-0.04618238710596458
3752,15.344940300000001,0.07885397560510381,0.8998325525264808,-0.0788930332163804,0.10902013151695378,-0.2324510143944846,0.1605581712522718,0.7779095703946811,0,0.0035840000000000004,1,Shared Control,0.01,Good Visuals,0.2788328480015148,0.42281390335651653,0.0,4.68273668261412,0.9843110446877381,-0.2638894450673173,0.9645821517158278,-0.07894287955883347,-2.708661516803989,0.03327576022128289,25.874030051859826,1.0461823871059646,4.138623947205216,-0.04634442469230274
3753,15.348496,0.08168140899333462,0.8976552732074436,-0.07887676225893717,0.11974570281276253,-0.20790102661096393,0.1633013658091363,0.7650682048368277,0,0.0035557,1,Shared Control,0.01,Good Visuals,0.261925990113843,0.4247178843761838,0.0,4.6801408926088905,0.9842633584367255,-0.2742475862855061,0.954224010497639,-0.09809975814916365,-2.894871920345662,0.03335707132185311,25.861376052794782,1.0463444246923028,4.155864358291606,-0.046553119118576465
3754,15.352117100000001,0.08498008127960391,0.8942658355344761,-0.07832128452953238,0.12919763069764845,-0.18085158899021572,0.16604801824015125,0.7519521048210462,0,0.0036211000000000004,1,Shared Control,0.01,Good Visuals,0.25102990876050074,0.42674963809388794,0.0,4.676705536887472,0.9841980067702828,-0.28440604190983365,0.9440655548733116,-0.11019855334664931,-2.980854961802729,0.03350037159305901,25.844135641708395,1.0465531191185764,4.173680044290086,-0.046775818647650486
3755,15.3557013,0.08749335540247574,0.8814500683366143,-0.07855466283767551,0.12949796351556808,-0.18702081561541378,0.16871984564203132,0.7389341571323508,0,0.0035842,1,Shared Control,0.01,Good Visuals,0.2388555995179316,0.42919330918541254,0.0,4.673096948748033,0.9841307116274151,-0.2958651315960742,0.932606465187071,-0.12365992435727709,-3.1082240719994942,0.033423579828026365,25.826319955709913,1.0467758186476506,4.1955307838043705,-0.04704366823815562
3756,15.3594544,0.0909491073214245,0.8552538655298172,-0.07777073832060682,0.11631970839746641,-0.24034540275018915,0.17146750474288974,0.7252679399669714,0,0.0037531,1,Shared Control,0.01,Good Visuals,0.23931717251763734,0.43169421896345156,0.0,4.668715684985152,0.9840480154424883,-0.3077779105975757,0.9206936861855696,-0.11907895157367863,-3.0490859998724043,0.0337151356952463,25.804469216195628,1.0470436682381556,4.217275041070626,-0.047317791733032376
3757,15.3632457,0.0940906999750143,0.8318658830329744,-0.07737680476787544,0.10659794306600301,-0.2872236264396477,0.1741909905100105,0.7114296671355032,0,0.0037913,1,Shared Control,0.01,Good Visuals,0.24829086715687987,0.433828490411476,0.0,4.664292913831909,0.9839659854055757,-0.31956840218088534,0.9089031946022599,-0.09973805237735825,-2.9419596235520724,0.033573178137525334,25.782724958929375,1.0473177917330323,4.235213466381984,-0.04755172818027474
3758,15.367255200000002,0.09738937226128358,0.8285475014236823,-0.07680161824872692,0.11711783428817912,-0.27602297029578166,0.17701407438964928,0.6967625662694045,0,0.0040095,1,Shared Control,0.01,Good Visuals,0.25573919188299393,0.435331114555282,0.0,4.660579590289436,0.9838985834373596,-0.32922903580214397,0.8992425609810012,-0.08291784582140856,-2.8381907342554316,0.0335682624053109,25.764786533618015,1.0475517281802746,4.247303794328545,-0.047716430076122134
3759,15.3704784,0.09958848711879643,0.8282211350503713,-0.07742558727085284,0.13145856878096684,-0.27999891011587735,0.17924084762909945,0.6849502624232217,0,0.0032232000000000003,1,Shared Control,0.01,Good Visuals,0.24251657265840398,0.4371751444659743,0.0,4.65801841055797,0.9838533969240324,-0.3400575017602959,0.8884140950228492,-0.09661915180263071,-2.9915368561350264,0.03343413407186757,25.752696205671455,1.0477164300761221,4.263861850060542,-0.0479185532907279
3760,15.3748234,0.10351547793578367,0.8054367064347456,-0.07572536969331578,0.12048644401152397,-0.3845433295579283,0.18218231540072108,0.6690002396733437,0,0.004345,1,Shared Control,0.01,Good Visuals,0.23106567345188925,0.4400047660323553,0.0,4.654706654719704,0.9837907415439269,-0.35520908339283924,0.8732625133903059,-0.10787116677897814,-3.059318667476338,0.03384854230049799,25.736138149939457,1.0479185532907278,4.28979041924957,-0.04822870672359713
3761,15.3789388,0.10681415022205296,0.7908328315198697,-0.07536816517866812,0.12183259184652606,-0.459238800197081,0.1849043907278091,0.6538690086155216,0,0.0041154,1,Shared Control,0.01,Good Visuals,0.23356912036329391,0.4416926804640815,0.0,4.64957417282709,0.9836924291598672,-0.3656392649647764,0.8628323318183688,-0.09369182046951535,-3.007983149801623,0.033319523574621014,25.71020958075043,1.0482287067235971,4.302458182800669,-0.048413718197077994
3762,15.382680500000003,0.10901326507956581,0.7950792351081242,-0.07589112564824328,0.14121022649260262,-0.49240754003793424,0.18732520786617465,0.6400950737006587,0,0.0037417,1,Shared Control,0.01,Good Visuals,0.2303797902888166,0.44332125295594155,0.0,4.646787862996302,0.9836455344451908,-0.3764563198207955,0.8520152769623497,-0.08883184194722644,-3.050236825993041,0.033289566899425575,25.69754181719933,1.048413718197078,4.31657336861039,-0.04859222522961832
3763,15.386101400000001,0.11199777810047612,0.7887002225949606,-0.07532742976569853,0.14860514889430199,-0.5860104589598585,0.18949335299929532,0.6274909193806523,0,0.0034209,1,Shared Control,0.01,Good Visuals,0.21353854528262592,0.4451983930113684,0.0,4.643913788273435,0.983592357102542,-0.3873992356225538,0.8410723611605915,-0.10543509718307222,-3.1833936877842186,0.033644148910616005,25.683426631389608,1.0485922252296183,4.333127520785244,-0.04879797763095854
3764,15.390977800000002,0.11718140597889928,0.7581858908803005,-0.07231194702039603,0.13069497149964826,-0.7693397606444702,0.1925094152059767,0.6095105048697976,0,0.0048764,1,Shared Control,0.01,Good Visuals,0.20609553876469686,0.44888435582707986,0.0,4.636963551955958,0.9834628603052458,-0.41004168650620637,0.8184299102769389,-0.09599536857530319,-3.198225482561112,0.0336754889226588,25.64908984004802,1.049021611796379,4.364417958933089,-0.04920199420840616
3765,15.396743400000002,0.12142255606124551,0.7416366783139893,-0.07108685914473119,0.13212617344419164,-0.9189632742796329,0.19596229261398795,0.5882394843115161,0,0.0057656,1,Shared Control,0.01,Good Visuals,0.1973043221971299,0.45186974710848565,0.0,4.631842772906703,0.9833712329105857,-0.43127645142733645,0.7971951453558088,-0.09368770764036874,-3.258827619903511,0.032994351242544066,25.624605836684896,1.0493477055573817,4.390165513231124,-0.04952922148338417
3766,15.403163900000003,0.12409290981679683,0.7178867973653869,-0.07186938279719113,0.12964731305387078,-1.0656505925633684,0.1996630335175852,0.5645504009900301,0,0.0064205,1,Shared Control,0.01,Good Visuals,0.1991308534781751,0.45326534006201874,0.0,4.628880271847458,0.9833154402170542,-0.4422491573317349,0.7862224394514103,-0.08331115378166977,-3.1877014422167456,0.03212200106446622,25.609834486768875,1.0495292214833842,4.401671449552153,-0.04968219174293021
3767,15.407468400000003,0.1288052987971815,0.6948077824268658,-0.07085773472040369,0.13025738143683574,-1.2334881069357668,0.2020589696951982,0.5486748916642114,0,0.0043045,1,Shared Control,0.01,Good Visuals,0.20116640903412067,0.45530252314277553,0.0,4.624383122475141,0.9832345645086259,-0.46397522088685456,0.7644963758962907,-0.0554952648752516,-3.118312018588231,0.033202377272352014,25.58823528298189,1.0498145802718266,4.4182869948637755,-0.049905486381827076
3768,15.413313200000001,0.13084733402201487,0.6908112969351995,-0.07121163567318334,0.14213640527098814,-1.2851749809365511,0.20520290831594434,0.5271364236997238,0,0.005844800000000001,1,Shared Control,0.01,Good Visuals,0.19950390841788376,0.45606116115815526,0.0,4.62298590827941,0.9832103123403174,-0.47341237563574023,0.7550592211474051,-0.05156971673536225,-3.113442231825296,0.03226170540238125,25.581713005136223,1.0499054863818271,4.4247204254123185,-0.04998864032282423
3769,15.416563,0.13257520998148925,0.6758353009558847,-0.07262769833445509,0.14869887725616093,-1.383051845904152,0.20689655476161511,0.5151734607001854,0,0.0032498,1,Shared Control,0.01,Good Visuals,0.1893695553041436,0.45706449749361666,0.0,4.621661887345434,0.9831861651186729,-0.48485810098494775,0.7436134957981976,-0.05779255508773372,-3.205367242412765,0.0324768612530835,25.575279574587682,1.0499886403228242,4.433703091118973,-0.05009861552673949
3770,15.420142300000002,0.13508848410436108,0.6477107292921477,-0.07180807065725403,0.13253726859196224,-1.516772422259708,0.20871695454187417,0.5020111246417708,0,0.0035793,1,Shared Control,0.01,Good Visuals,0.1893364686131487,0.4578588284396887,0.0,4.619864186637184,0.9831522374459104,-0.495622266266076,0.7328493305170694,-0.047044960975125755,-3.154703930461652,0.033195542443355694,25.56629690888103,1.0500986155267396,4.440125914868518,-0.0501856817523739
3771,15.4244032,0.13775883785991241,0.6383216955415938,-0.07095811668196175,0.136310570899823,-1.5601628795500497,0.21082262997454693,0.48636441759684085,0,0.004260900000000001,1,Shared Control,0.01,Good Visuals,0.20134507334696403,0.45823162543443985,0.0,4.618508848542711,0.9831282760285138,-0.5076758454467768,0.7207957513363685,-0.018938026451403668,-3.0094824679668566,0.032877959103644716,25.559874085131483,1.0501856817523738,4.442669856050427,-0.05022654384823121
3772,15.4274169,0.1394867138193868,0.6343995496797511,-0.07133591615516013,0.14803513208291025,-1.605546223250551,0.2122717319889985,0.4753144227911008,0,0.0030137000000000002,1,Shared Control,0.01,Good Visuals,0.1936693300144535,0.4586135665866283,0.0,4.6179191176481496,0.9831190103515277,-0.5186770523364812,0.7097945444466641,-0.021983131741271526,-3.0725336935356427,0.032515253144941976,25.55733014394957,1.0502265438482312,4.4460071169636945,-0.05026840823070296
3773,15.4311291,0.14184290830957913,0.6181146438280589,-0.07042882367941938,0.1428002210369581,-1.6978772128618578,0.2140109631536993,0.4617250600742647,0,0.0037122,1,Shared Control,0.01,Good Visuals,0.18384096319203239,0.4590825348654161,0.0,4.61724294108709,0.9831064428668975,-0.529410597127144,0.6990609996560013,-0.02817582969401767,-3.1355295602543753,0.032715618933642665,25.553992883036305,1.050268408230703,4.450147960785877,-0.05031981161386237
3774,15.434545200000002,0.14357078426905354,0.6025451868095633,-0.07044017888464577,0.14082012673529853,-1.7653290681339089,0.21556693570355362,0.44924318733021484,0,0.0034161,1,Shared Control,0.01,Good Visuals,0.18474262936158178,0.4593834776023633,0.0,4.6164084574458295,0.9830908306767804,-0.5405465326039509,0.6879250641791945,-0.01746435469117329,-3.107211550770629,0.03233264290233729,25.549852039214123,1.0503198116138623,4.452436721922895,-0.05035279779974327
3775,15.438200700000003,0.14576989912656638,0.5884448142050804,-0.06979703657698724,0.1392016268748656,-1.827555255581702,0.217184773035905,0.43591420978388573,0,0.0036555000000000003,1,Shared Control,0.01,Good Visuals,0.18670769164069428,0.45949359538874207,0.0,4.615909268394777,0.9830823629391522,-0.5509225322329023,0.6775490645502431,-0.006700900795644632,-3.0380042246739523,0.032359054338961135,25.547563278077106,1.0503527977997433,4.453095855649142,-0.05036486775633079
3776,15.442058200000002,0.14812609361675874,0.5829262629472056,-0.06905867941914626,0.1470120531633199,-1.8555422898195548,0.21883923696554702,0.4218826163029039,0,0.0038575000000000003,1,Shared Control,0.01,Good Visuals,0.18531892813135514,0.4595029303171044,0.0,4.615744183134949,0.9830800150916924,-0.5630847452103287,0.6653868515728167,-0.0004886773972622747,-3.037060624638264,0.032071291284239405,25.546904144350858,1.0503648677563309,4.453038898459282,-0.05036589095325279
3777,15.445556,0.14985396957623312,0.578740310030209,-0.0689852673893139,0.15685769372730507,-1.8834535733113968,0.22029269422527248,0.40919217889340115,0,0.0034978,1,Shared Control,0.01,Good Visuals,0.17423234705421115,0.4596542960125656,0.0,4.615741304644466,0.9830802908683028,-0.5742883720999296,0.6541832246832159,-0.008979878580934254,-3.130466592975729,0.03173266555692721,25.546961101540717,1.0503658909532527,4.454572711767754,-0.05038248207293597
3778,15.4490777,0.151738925168387,0.5628922038695039,-0.06855376905688548,0.15370002497610274,-1.9516623388719567,0.22171129710892948,0.39644897829201664,0,0.0035217,1,Shared Control,0.01,Good Visuals,0.16419544075936607,0.4599176532464987,0.0,4.615452536367917,0.9830744219199163,-0.5852213219446171,0.6432502748385284,-0.01643009154745177,-3.199762890625007,0.03170937451707368,25.545427288232247,1.050382482072936,4.456980446161632,-0.050411348530255126
3779,15.452563600000001,0.15330972149518188,0.5409989235681929,-0.0684015756137476,0.14454994527617626,-2.0264500221275794,0.2230713454726857,0.3838712115247681,0,0.0034859,1,Shared Control,0.01,Good Visuals,0.1652768243154724,0.4600272198058919,0.0,4.614975823626303,0.9830653087012033,-0.5965356610335973,0.6319359357495481,-0.006544649920855369,-3.1538227425729053,0.03152908858584521,25.54301955383837,1.050411348530255,4.457654038190768,-0.05042335806712296
3780,15.457561400000003,0.15755087157752812,0.5231083640868952,-0.06552047389515758,0.1392371525621271,-2.0837919121004562,0.22494492764666132,0.3659051411262173,0,0.0049978,1,Shared Control,0.01,Good Visuals,0.17452989663666885,0.45939913271504934,0.0,4.615252751935064,0.983072245185709,-0.6187499015473684,0.609721695235777,0.022874475957262226,-2.980107509443047,0.031065452445382898,25.544773188223708,1.0503987945274593,4.451533786138766,-0.05035451374897097
3781,15.463360000000002,0.1589645882716435,0.5215915342111691,-0.06598033937501782,0.1556863930849518,-2.1068141179551203,0.22700648184936267,0.3451671590628643,0,0.0057986,1,Shared Control,0.01,Good Visuals,0.16555933168869652,0.4591949434534649,0.0,4.6159839835630345,0.9830862229514102,-0.6296121645427984,0.598859432240347,0.012669440234681832,-3.0196438884215664,0.030100048882514423,25.548466213861232,1.050354513748971,4.450133004721886,-0.05033213266409804
3782,15.4671007,0.1608495438637974,0.5068763178074289,-0.06615693798556527,0.1617091587445646,-2.167153068836539,0.22827273266352463,0.3318544714022927,0,0.0037407000000000004,1,Shared Control,0.01,Good Visuals,0.15153160518462136,0.45919008639341863,0.0,4.616307690904181,0.9830913279442858,-0.6402355450073216,0.5882360517758238,0.0003199327614867421,-3.1420823615862714,0.030297838208351732,25.549866995278116,1.050332132664098,4.450380990251783,-0.0503316002841272
3783,15.470504600000002,0.1622632605579128,0.4921608790671157,-0.06600947210561184,0.16030640766482301,-2.2027133863204256,0.22938178208538315,0.3197877834845657,0,0.0034039,1,Shared Control,0.01,Good Visuals,0.14642475785391737,0.45913161606336517,0.0,4.616287678821419,0.983090265706696,-0.6517861584542262,0.5766854383289193,0.0036020482343767225,-3.1976671964189447,0.030378610069115755,25.549619009748216,1.0503316002841272,4.449769085250316,-0.05032519137991098
3784,15.4747622,0.1644623754154257,0.47278745094706703,-0.06491940666995746,0.15299966746250132,-2.2604780831644407,0.23071129569602952,0.30476151310433003,0,0.0042576,1,Shared Control,0.01,Good Visuals,0.14713015682827574,0.4588720895331691,0.0,4.616401139778002,0.9830926145243367,-0.667771308737975,0.5607002880451705,0.011344932840568166,-3.134589043012953,0.030307035603339187,25.550230914749683,1.050325191379911,4.447238868819008,-0.050296744804150716
3785,15.4790986,0.16619025137490004,0.4568972693739026,-0.06452104432112948,0.1521357562695726,-2.308134398391864,0.23199982424753382,0.28953721068533345,0,0.004336400000000001,1,Shared Control,0.01,Good Visuals,0.14931121023217467,0.4585349463702187,0.0,4.6168864474476345,0.9831022582814342,-0.6778207572901681,0.5506508394929773,0.022957255804243223,-3.0261220007206293,0.029789703789896937,25.552761131180993,1.0502967448041507,4.444261856198321,-0.050259790707320305
3786,15.4826619,0.16760396806901545,0.4530483530057873,-0.06439585617851837,0.16351114232045383,-2.3178626933181343,0.23300933912715222,0.277090488654406,0,0.0035633,1,Shared Control,0.01,Good Visuals,0.1483583298195265,0.4580631516658656,0.0,4.617486373605142,0.983113482402137,-0.6886145776389988,0.5398570191441466,0.030054756265377548,-3.0229710269508336,0.02958515359753961,25.55573814380168,1.0502597907073203,4.440022573049586,-0.05020807752104014
3787,15.4861535,0.16933184402848986,0.45170313747757723,-0.06367749509866236,0.17461264882317123,-2.3288213588933244,0.23395561995914535,0.2649520056744654,0,0.0034916,1,Shared Control,0.01,Good Visuals,0.1366488891841801,0.4577642183271639,0.0,4.618333136830977,0.9831294980780296,-0.6993321531640747,0.5291394436190707,0.019926556244496286,-3.1239289743138334,0.029497368835353928,25.559977426950415,1.05020807752104,4.437763396292422,-0.05017531158431597
3788,15.490933900000002,0.17200219778404116,0.4278769649421068,-0.06195342217510419,0.1629249592676414,-2.39922854800378,0.23518265942384672,0.24842964409522378,0,0.004780400000000001,1,Shared Control,0.01,Good Visuals,0.1170731269940441,0.45760173057441794,0.0,4.618964908837314,0.9831396466117794,-0.7220571230347856,0.5064144737483598,0.004692602003183203,-3.2533742844049343,0.029073064641845937,25.562750797631374,1.0501648731701319,4.43669201531763,-0.05015750138138561
3789,15.4964394,0.1743583922742335,0.41326809705880585,-0.060824267149613226,0.16483845296358207,-2.4010236535013423,0.23649833360455402,0.22954580036482355,0,0.0055055,1,Shared Control,0.01,Good Visuals,0.11984703215983614,0.45709249985583417,0.0,4.619587731767659,0.9831518087251739,-0.7406395560178798,0.4878320407652657,0.019118840695627574,-3.1283500355797975,0.028319679333648533,25.565951376937672,1.0501278173817146,4.4320913626584995,-0.050101684851935974
3790,15.502543600000003,0.17640042749906687,0.3843027290437847,-0.06009790610548715,0.15475692867896115,-2.4959127684272517,0.237836100452173,0.20879866974948405,0,0.006104200000000001,1,Shared Control,0.01,Good Visuals,0.11208615271697842,0.4566294852272551,0.0,4.6204135094060454,0.9831667662488882,-0.7593571379024917,0.46911445888065373,0.018150601467677194,-3.1320089587484095,0.027886625449173523,25.56994218382669,1.050075690070492,4.428144571453184,-0.050050934045457594
3791,15.508932100000003,0.17797122382586178,0.366552791989903,-0.05986487662631121,0.15775412224041893,-2.5536064534427347,0.2391012468490485,0.18731065662001128,0,0.0063885,1,Shared Control,0.01,Good Visuals,0.1255478725898202,0.4559585167290255,0.0,4.620807458283292,0.9831739455443762,-0.7707863652540168,0.4576852315291286,0.04135608751666378,-2.884056461562266,0.02744247592818451,25.571855428546815,1.0500509340454576,4.42169119851627,-0.04997738951726148
3792,15.512469900000003,0.1789137016219387,0.35261681867600264,-0.060187545227109784,0.16530616205599136,-2.6077066601688084,0.23974302618027493,0.17551455794048193,0,0.0035378000000000002,1,Shared Control,0.01,Good Visuals,0.12159504995597104,0.4552680033875287,0.0,4.622053591415409,0.9831985107681149,-0.7812773398011268,0.44719425698201853,0.04717993221637045,-2.920649929596343,0.027295900350698968,25.57830880148373,1.0499773895172615,4.415815175136167,-0.04990170268837534
3793,15.516151700000002,0.18032741831605412,0.3417450547972426,-0.059415607864220815,0.16623049685676067,-2.656249534964743,0.2403667597816221,0.16331931444309972,0,0.0036818000000000003,1,Shared Control,0.01,Good Visuals,0.11573029285989661,0.45457185912436393,0.0,4.623260698881692,0.9832205740504251,-0.7914433589468919,0.43702823783625344,0.04981747506657502,-2.9730418043414266,0.027401463544342853,25.584184824863833,1.0499017026883752,4.4098439973222945,-0.04982539865692533
3794,15.5195808,0.18126989611213104,0.33628949514514705,-0.05909686366949107,0.17297018070204734,-2.6820176863379004,0.24090743317553287,0.15203728322437685,0,0.0034291,1,Shared Control,0.01,Good Visuals,0.11132145411685998,0.4538244355735908,0.0,4.624482341982906,0.9832430172560273,-0.8021617325140372,0.42630986426910805,0.05178385832373682,-2.995214074932338,0.027008663327843033,25.590156002677706,1.0498253986569253,4.403362795664549,-0.0497434739278966
3795,15.524123200000002,0.1836260906023234,0.31281547795552783,-0.057281342573209465,0.160778194731151,-2.771935072696922,0.24156431760570196,0.13720856691746458,0,0.0045424,1,Shared Control,0.01,Good Visuals,0.100454089639434,0.45238656589113035,0.0,4.6271148415527845,0.98329152094299,-0.82453182416597,0.40393977261717534,0.050743683741722716,-3.001491865095729,0.026522100140590414,25.603052663823803,1.0496613380572881,4.391142791306662,-0.04958586973681601
3796,15.5303605,0.18535396656179778,0.30533755871193546,-0.05621035104390418,0.16812899179447088,-2.8001919291277826,0.24235718514244375,0.11706922967185121,0,0.0062373,1,Shared Control,0.01,Good Visuals,0.09571676185842859,0.4510112869736845,0.0,4.629643127326048,0.983337984552325,-0.8418264271539068,0.3866451696292386,0.0543753083851428,-2.9524852731255677,0.025812206275358015,25.615411358308656,1.049503468763644,4.379453791146049,-0.049435126088807964
3797,15.5363696,0.18613936472519524,0.2994541363698381,-0.056217820417248515,0.18238490669798688,-2.8228030361907415,0.24300300072952924,0.0979185708228972,0,0.006009100000000001,1,Shared Control,0.01,Good Visuals,0.09496334659078456,0.45036940613849935,0.0,4.6307165087500906,0.9833571960805484,-0.8505556556473907,0.3779159411357547,0.05555305597658324,-2.8820749120060363,0.025351502765553813,25.620546208853952,1.049435126088808,4.373898690068592,-0.04936476984509999
3798,15.540794700000003,0.18786724068466962,0.273293969988054,-0.05513576004485962,0.1753753991651568,-2.8974747898458184,0.2434054067598383,0.08397916117900966,0,0.0044251,1,Shared Control,0.01,Good Visuals,0.07160352152717289,0.44921662935853734,0.0,4.63305873874904,0.9834005165153258,-0.8721043304742075,0.3563672663089378,0.04173733703680698,-3.134167000857708,0.025146822380469575,25.632053454053455,1.0492895884668134,4.364289640574166,-0.049238414547315625
3799,15.5464083,0.18849555921538758,0.25862137185539896,-0.05490984754445072,0.1746422106763893,-2.929318041395455,0.24382766537563358,0.06650080675446854,0,0.005613600000000001,1,Shared Control,0.01,Good Visuals,0.0830238710659992,0.44851474627231397,0.0,4.633844056834194,0.9834141148525183,-0.880990609253281,0.34748098752986434,0.061313171134276596,-2.898046107384622,0.024767900284472958,25.635710359425836,1.0492384145473157,4.357860260456635,-0.04916148148628321
3800,15.549640500000002,0.18912387774610553,0.2402080843599133,-0.054703787629528045,0.17370727760544477,-2.9822273786959896,0.244026496031929,0.056543459674745944,0,0.0032322,1,Shared Control,0.01,Good Visuals,0.08276366367548335,0.4476069204086252,0.0,4.635116359263085,0.9834384728483159,-0.8911790346424524,0.3372925621406929,0.06879402559183254,-2.871353997455524,0.024627876339250756,25.642139739543364,1.0491614814862833,4.349772273808471,-0.04906197513836169
3801,15.5531632,0.18990927590950296,0.22107168641739078,-0.054117220122426035,0.16452822674264483,-3.037619564371645,0.24420669819535662,0.04578147879905212,0,0.0035227,1,Shared Control,0.01,Good Visuals,0.08281149264906654,0.4466052331238722,0.0,4.636739613944556,0.9834690223722758,-0.9008498269787975,0.3276217698043479,0.07940747345027556,-2.841425690126352,0.024485793915540496,25.65022772619153,1.0490619751383616,4.341040586694432,-0.04895218068608624
3802,15.5574987,0.19148007223629787,0.21302043489576078,-0.05272662595905875,0.16723895609670866,-3.047100267822093,0.2443767039401666,0.032667897098752674,0,0.0043355,1,Shared Control,0.01,Good Visuals,0.08374445385925777,0.44415386703652554,0.0,4.64109146353811,0.9835509894745794,-0.9197937578092243,0.30867783897392104,0.09526445799129903,-2.720968765096587,0.023752272174846677,25.671923106458248,1.0487953822295264,4.319990099204819,-0.04868348765086098
3803,15.563333,0.1925796296650543,0.2099329835545194,-0.05179707427511232,0.17726508645576672,-3.0559947283884044,0.24451636947349487,0.015254664565204329,0,0.005834300000000001,1,Shared Control,0.01,Good Visuals,0.06413019153207541,0.4423935724204558,0.0,4.644546975760715,0.9836129791865892,-0.9364989738750957,0.2919726229080496,0.07342418101619962,-2.867177164129771,0.023163803910905435,25.688474250982736,1.0485757629837262,4.305147530681747,-0.048490542620853484
3804,15.5693908,0.19305086856309278,0.1971887007629326,-0.051465500910402084,0.18193403619772827,-3.089106757408743,0.2445547441083365,-0.002535275564561401,0,0.0060578,1,Shared Control,0.01,Good Visuals,0.06627870618981596,0.44156615553105516,0.0,4.645883595957582,0.9836368513945036,-0.9448207880425769,0.28365080874056847,0.07776764796074584,-2.7424004506446233,0.022914692729494632,25.694852469318253,1.0484905426208535,4.2979105867340435,-0.04839984986118888
3805,15.5742112,0.1941504259918492,0.1579075669194323,-0.050404318116487296,0.1604428424839937,-3.172688013436461,0.24450884711392637,-0.01647528307139462,0,0.004820400000000001,1,Shared Control,0.01,Good Visuals,0.06231745134520675,0.43949638654386025,0.0,4.649150255584221,0.983697983438317,-0.9642424834610904,0.2642291133220549,0.09306079901626392,-2.755244441912413,0.022552079028940356,25.711046042100794,1.0482894320860332,4.27972654944257,-0.04817298349706027
3806,15.579377100000002,0.1944645852572082,0.1526860339296109,-0.050044261856718175,0.1691613170010055,-3.16036027714181,0.24438561300400083,-0.031197603646262617,0,0.0051659,1,Shared Control,0.01,Good Visuals,0.07659897514642808,0.4382780033978578,0.0,4.651027213670814,0.9837327590080629,-0.9717951921851573,0.25667640459798796,0.1165392833837008,-2.4788173960638384,0.022152515678403397,25.72027345055743,1.0481729834970603,4.268973450175905,-0.04803943711765308
3807,15.582681100000002,0.19493582415524666,0.14826698843359737,-0.04944978884875417,0.17946459207985999,-3.16931788933415,0.24426715225035256,-0.040494219957441235,0,0.003304,1,Shared Control,0.01,Good Visuals,0.0664493943877055,0.4369775080195024,0.0,4.653196651168001,0.9837733605086608,-0.9810121188289198,0.24745947795422546,0.10777478976146275,-2.595001588986572,0.021933299168082013,25.731026549824094,1.0480394371176531,4.257633896419108,-0.047896890456707406
3808,15.586133100000001,0.19524998342060565,0.1374618712353609,-0.04901716882974691,0.17795609119280215,-3.2030579565602855,0.24411074579903458,-0.05010637688445088,0,0.003452,1,Shared Control,0.01,Good Visuals,0.053653275898509295,0.4358625853215799,0.0,4.655498848930603,0.9838161228380893,-0.9904070891750599,0.23806450760808537,0.09702882145629292,-2.7353899569498896,0.02160844550321918,25.742366103580892,1.0478968904567074,4.248291721796275,-0.0477746843263001
3809,15.5908099,0.19603538158400308,0.11733784565211158,-0.0480753642150315,0.16744422253656246,-3.2370508661665136,0.24384627034912607,-0.06296253612097653,0,0.0046768,1,Shared Control,0.01,Good Visuals,0.05221447621128231,0.4334390398426238,0.0,4.6596354798985695,0.9838923582656218,-1.0089248608601842,0.2195467359229611,0.1080673955387916,-2.634152126733842,0.021031382072780897,25.762607399298503,1.047639226717834,4.227205258107414,-0.04750904069432344
3810,15.596364100000002,0.19619246121668257,0.10702446640610211,-0.04765380913244349,0.16998700252707866,-3.2580469339661473,0.24345473582584817,-0.07797830615644852,0,0.0055542000000000005,1,Shared Control,0.01,Good Visuals,0.05936046036311943,0.4322532936615254,0.0,4.661721815631158,0.9839307161316451,-1.0163218077571914,0.21214978902595394,0.11947239195016766,-2.4342471770846577,0.020837739705447687,25.772794741892586,1.0475090406943235,4.216932127761945,-0.04737907163664143
3811,15.599631600000002,0.19666370011472104,0.09608281388918559,-0.04679103571112714,0.17406112004563412,-3.2801698334715095,0.24318569515966237,-0.08668234786144444,0,0.0032675,1,Shared Control,0.01,Good Visuals,0.05498652747175234,0.43085866089347824,0.0,4.663814875242742,0.9839694443430842,-1.0251532237436156,0.2033183730395297,0.12068946915554286,-2.47233167784335,0.020598515953016375,25.783067872238057,1.0473790716366413,4.204529249271265,-0.04722620662255584
3812,15.6030881,0.19682077974740053,0.09003576752448877,-0.04636491541226184,0.1767181153859332,-3.282436070361848,0.2428703159859658,-0.0957841566308227,0,0.0034565000000000004,1,Shared Control,0.01,Good Visuals,0.04706240708570497,0.4295785644466024,0.0,4.6663081929965955,0.984016339588181,-1.0338876676984978,0.19458392908464753,0.11844583952242417,-2.563826451474167,0.020160322988315157,25.795470750728736,1.047226206622556,4.193629692657797,-0.047085895878490505
3813,15.607458900000001,0.19697785938008003,0.08101334209477179,-0.045892456605885784,0.17679749872559447,-3.300097726348648,0.24242678905600012,-0.10713646966984182,0,0.0043708,1,Shared Control,0.01,Good Visuals,0.042556133070137364,0.42811372927528174,0.0,4.668549332181162,0.9840573584356834,-1.0441479725062193,0.1843236242769261,0.11656274433236705,-2.564242823012878,0.019917373803487595,25.806370307342203,1.0470858958784905,4.180621495005396,-0.04692533601339386
3814,15.6104537,0.197292018645439,0.06978104719780584,-0.04513477041056113,0.17691751686764767,-3.3178660613617397,0.24209442151754493,-0.11481271322921349,0,0.0029948,1,Shared Control,0.01,Good Visuals,0.04038373493888395,0.42679273072299784,0.0,4.67116659937783,0.9841065443576805,-1.0531203935275781,0.17535120325556727,0.11920462773490541,-2.517019951569234,0.0196471907431498,25.819378504994603,1.0469253360133939,4.169391932219042,-0.04678054200960411
3815,15.614265500000002,0.1974490982781185,0.06394729106910893,-0.04464532323942644,0.17876000429832242,-3.308957892603683,0.24163834482441812,-0.12446185766156798,0,0.0038118,1,Shared Control,0.01,Good Visuals,0.036823187021852805,0.42552197762381033,0.0,4.673477860410283,0.9841488073612302,-1.0617733202623365,0.1666982765208089,0.12134109950908442,-2.5262544478449063,0.019263191914078947,25.830608067780958,1.0467805420096041,4.158404036526633,-0.04664125538529898
3816,15.617505300000001,0.197606177910798,0.05937102165909812,-0.044032166913620135,0.1838328793206661,-3.2992115367144743,0.241221975607838,-0.13255551036687468,0,0.0032398,1,Shared Control,0.01,Good Visuals,0.03281515765331819,0.4242293939072677,0.0,4.675719529785364,0.9841902433457228,-1.0708032137514487,0.15766838303169678,0.1192374488992984,-2.517745291819916,0.018997566236494998,25.841595963473367,1.046641255385299,4.1471259030573675,-0.046499575917726466
3817,15.621163900000003,0.197606177910798,0.05046461522557858,-0.04361579769704002,0.18302012559245326,-3.3024736703798276,0.24072046852351783,-0.14157571032134675,0,0.0036586,1,Shared Control,0.01,Good Visuals,0.025048554626038,0.42306348260071047,0.0,4.678009788608343,0.9842328199293626,-1.0797282320017383,0.14874336478140726,0.11269785199560514,-2.5673162611579574,0.018679739482188717,25.85287409694263,1.0464995759177265,4.13717293592796,-0.04637178095092027
3818,15.624902300000002,0.197606177910798,0.03612598910674725,-0.04311429061271985,0.177701699428094,-3.3173258610598024,0.24017417871585495,-0.1506605776593662,0,0.0037384000000000002,1,Shared Control,0.01,Good Visuals,0.023983020464176857,0.42152585397612763,0.0,4.680054169813576,0.9842703081667465,-1.091064502922933,0.13740709386021252,0.11570671490806445,-2.515426125811514,0.0184522512701178,25.86282706407204,1.0463717809509203,4.123211706740713,-0.0462032422310934
3819,15.6290337,0.197606177910798,0.020459427371552867,-0.04256800080505696,0.17112000503091906,-3.3302815666973973,0.23953126652520063,-0.16054407512030486,0,0.0041314,1,Shared Control,0.01,Good Visuals,0.026981080026866777,0.4202550799329849,0.0,4.68283231711939,0.9843232447804113,-1.0993083589219288,0.12916323786121675,0.12588785117760234,-2.384960943989984,0.018173788169101677,25.87678829325929,1.0462032422310934,4.112582471697028,-0.0460639533111316
3820,15.632591600000001,0.197606177910798,0.008471860542745336,-0.04192508861440264,0.1690159356630502,-3.329551364943596,0.23894512443198407,-0.1689230911115851,0,0.0035579,1,Shared Control,0.01,Good Visuals,0.030988525948059953,0.41883644184061175,0.0,4.68503941309212,0.9843631989709994,-1.1074581562713481,0.12101344051179742,0.1375942522695193,-2.2843280963700234,0.01788941858091658,25.887417528302972,1.0460639533111316,4.0999544403387675,-0.045908457085213544
3821,15.6361834,0.197606177910798,0.0012374871054850935,-0.04133894652118608,0.1701605782170702,-3.3163016479119025,0.2383233822446952,-0.17725678602988085,0,0.0035918,1,Shared Control,0.01,Good Visuals,0.03014598261333762,0.41744780234128076,0.0,4.687578105047938,0.9844109916323385,-1.1152054762009949,0.1132661205821508,0.14195165750359143,-2.2558001192774926,0.017559754939108746,25.900045559661233,1.0459084570852135,4.087901024190299,-0.04575624899037416
3822,15.640920300000001,0.197292018645439,-0.01503709908956651,-0.041031363599256215,0.16221968694031433,-3.2996759307552797,0.2374580750622263,-0.18805388729544206,0,0.0047369000000000005,1,Shared Control,0.01,Good Visuals,0.022116707295944615,0.41473529650021745,0.0,4.692685817752978,0.9845062066338015,-1.1309586521344472,0.09751294464869838,0.13810780525248822,-2.2592266699345256,0.017002078699897196,25.925242019674855,1.0455932026541015,4.064450254179417,-0.0454589325547493
3823,15.646392000000002,0.19697785938008003,-0.03162781646594368,-0.04048021568214627,0.1564260708294984,-3.3170667837099423,0.23639559820874814,-0.20025016597458717,0,0.0054717,1,Shared Control,0.01,Good Visuals,0.032922284405325825,0.41344067954259817,0.0,4.694819978862183,0.9845449969286652,-1.1370376489930203,0.0914339477901254,0.15354788750931608,-2.014447048604228,0.017017154748145757,25.935549745820584,1.0454589325547492,4.052992320282541,-0.04531703022461903
3824,15.6496937,0.19682077974740053,-0.05026354106220138,-0.03957481846134761,0.1499866249123858,-3.3411768444745262,0.23572249050442495,-0.2074657601805456,0,0.0033017000000000003,1,Shared Control,0.01,Good Visuals,0.036125580633480064,0.4118086755364595,0.0,4.697130802710445,0.9845883523812695,-1.144052041015584,0.08441955576756147,0.16520301674215898,-1.9608062009235818,0.016736167879657492,25.94700767971746,1.045317030224619,4.038224814618483,-0.04513814706548068
3825,15.653152900000002,0.19682077974740053,-0.05734063829685182,-0.03890171075702442,0.15012512188369379,-3.3238790837196754,0.23499191683413717,-0.21490888737179564,0,0.0034592000000000004,1,Shared Control,0.01,Good Visuals,0.03832115679453191,0.4101743343815575,0.0,4.700075670830211,0.9846443622518949,-1.150630914913861,0.07784068186928454,0.17696029121611767,-1.9269716464886555,0.016297253575163387,25.961775185381516,1.0451381470654806,4.023943804236822,-0.04495900773261201
3826,15.657469000000003,0.19666370011472104,-0.050395477411222495,-0.038328216719416136,0.16451340996057315,-3.2645291991335808,0.23404460244424743,-0.22402772065365884,0,0.004316100000000001,1,Shared Control,0.01,Good Visuals,0.035125826481065214,0.4083007975157169,0.0,4.702975299684376,0.9846983400900295,-1.1584016392502083,0.07006995753293721,0.17575296264252654,-1.9384165676380296,0.015956483316066368,25.976056195763178,1.044959007732612,4.007166672367668,-0.04475365027511613
3827,15.660631200000001,0.19619246121668257,-0.048080888752290836,-0.03785214122756486,0.175946831901368,-3.2285000668472765,0.23332578015840577,-0.2305897918560584,0,0.0031622,1,Shared Control,0.01,Good Visuals,0.018379049597693653,0.4068763645354314,0.0,4.706339255203957,0.9847619192240025,-1.1659660141818817,0.06250558260126375,0.15226826270723517,-2.109300912295314,0.015649441453892843,25.992833327632333,1.044753650275116,3.9953447888731213,-0.044597518874374534
3828,15.664146600000002,0.19603538158400308,-0.0576255939912907,-0.037290398574402694,0.17296419786476772,-3.2175287938943518,0.23250251385444,-0.23776643681625662,0,0.0035154,1,Shared Control,0.01,Good Visuals,0.004964819652083313,0.40568718270925325,0.0,4.708805758812783,0.9848063706017867,-1.1736263211462337,0.05484527563691181,0.13567113224343363,-2.2430039131974544,0.015401141612553314,26.004655211126877,1.0445975188743746,3.9851863746503025,-0.04446717323731941
3829,15.667640500000001,0.19587830195132358,-0.06405488442451719,-0.03662421190311643,0.1737115523917394,-3.1718496061930064,0.23165950146461015,-0.24477536547914883,0,0.0034939000000000003,1,Shared Control,0.01,Good Visuals,0.005328216535158942,0.4044259539473323,0.0,4.710893288226812,0.9848446899830691,-1.1814260588450638,0.04704553793808169,0.13961764150260636,-2.185412636265094,0.015128236739754582,26.014813625349696,1.0444671732373194,3.9739753762966368,-0.04432893057095343
3830,15.6711481,0.19524998342060565,-0.07062503781669953,-0.036409518044004496,0.1741503276624493,-3.1303186483372643,0.23078876874634038,-0.2516872989442308,0,0.0035076,1,Shared Control,0.01,Good Visuals,0.0015291321348065712,0.40324766908821275,0.0,4.713150130091829,0.9848871569293113,-1.1890496261282602,0.03942197065488535,0.13600985186468567,-2.187097938203614,0.014811781836487105,26.026024623703364,1.0443289305709533,3.9637422906697504,-0.04419977934511614
3831,15.6749592,0.19509290378792615,-0.08391524492703682,-0.03569586495841423,0.16777205401719397,-3.1233780098413564,0.2298154756869597,-0.25905560839897657,0,0.0038111000000000004,1,Shared Control,0.01,Good Visuals,0.00015428303576317526,0.4017372669668299,0.0,4.715235152212973,0.9849258317384376,-1.198721599894038,0.029749996889107483,0.13541461619232745,-2.1422343276214013,0.014682053283870036,26.03625770933025,1.044199779345116,3.949964197981905,-0.04403422490895915
3832,15.679031300000002,0.19477874452256716,-0.08981052260591789,-0.03503673116439254,0.1692450857930587,-3.097051692882008,0.2287448210217597,-0.2667651388468266,0,0.0040721,1,Shared Control,0.01,Good Visuals,0.003160301253841813,0.4005433402676918,0.0,4.717972552318639,0.9849781646846475,-1.205661658277354,0.02280993850579138,0.14386525309891784,-2.0298503607242186,0.014340359230410365,26.050035802018094,1.0440342249089591,3.9399399382267903,-0.04390335918870473
3833,15.6827356,0.1943075056245287,-0.09163134695345325,-0.034437315397230994,0.17513379189337336,-3.0728504765723725,0.22774388222508707,-0.2736314675685251,0,0.0037043,1,Shared Control,0.01,Good Visuals,-0.0013339172681418876,0.3993459362200659,0.0,4.720051842834175,0.9850159251971365,-1.2130116416205414,0.015459955162604006,0.14040992518799714,-2.052494650429314,0.014033729332646924,26.06006006177321,1.0439033591887048,3.9293442211432033,-0.04377211231798708
3834,15.686123900000002,0.1941504259918492,-0.09470995931600332,-0.03359345623323787,0.17892150825252176,-3.052154578921324,0.22680627118290128,-0.27978938113075,0,0.0033883000000000003,1,Shared Control,0.01,Good Visuals,-0.009897047442728846,0.3982981675631045,0.0,4.722190254771103,0.9850560576969927,-1.2202662832798443,0.00820531350330115,0.13118884938682934,-2.1220468772641223,0.013752401958212902,26.070655778856796,1.043772112317987,3.920320881003487,-0.043657266909092
3835,15.6908159,0.19336502782845175,-0.08944049436996791,-0.033441243354449535,0.1903488867607821,-2.944147645285587,0.2254738609029332,-0.2881229322049774,0,0.004692,1,Shared Control,0.01,Good Visuals,-0.029881450150600092,0.39647910111475726,0.0,4.725870745449334,0.9851244698744894,-1.2359166967029247,-0.007445099919779142,0.1062465811291605,-2.2893216336757978,0.013097980802025892,26.08874395571692,1.0435445271852972,3.904613647901325,-0.0434578799273573
3836,15.696388300000002,0.19305086856309278,-0.09626870267153402,-0.03242299233984042,0.1918542295334434,-2.9159908713458407,0.22384141626134998,-0.2977277517349033,0,0.0055724,1,Shared Control,0.01,Good Visuals,-0.029437051790487945,0.39576421797255124,0.0,4.727248255968114,0.9851495026124327,-1.2425511366124389,-0.014079539829293324,0.10331891976810956,-2.1637335821258175,0.013258754105332001,26.095386352098675,1.0434578799273573,3.8983807345980797,-0.043379521936560986
3837,15.6996176,0.1925796296650543,-0.10549573049024587,-0.03126178659629569,0.19223202124465744,-2.879572140827975,0.22287118261520888,-0.3031485672851346,0,0.0032293,1,Shared Control,0.01,Good Visuals,-0.03569698201193852,0.39500907272651575,0.0,4.72851608092108,0.9851730824078986,-1.2503836998974727,-0.02191210311432719,0.09830246640469584,-2.2297208167370366,0.012831860207706961,26.101619265401922,1.043379521936561,3.8916456725303696,-0.04329675083629957
3838,15.703117000000002,0.19210839076701586,-0.115062985743468,-0.030762791848193027,0.1880855815416666,-2.841204783475019,0.22180024051319513,-0.3089024122262817,0,0.0034994,1,Shared Control,0.01,Good Visuals,-0.04152253253273816,0.39432283771584203,0.0,4.7298700960935545,0.9851986202859476,-1.2582646584262493,-0.029793061643103975,0.09434311139017795,-2.284335805442547,0.012348689335176981,26.10835432746963,1.0432967508362996,3.8856820969821,-0.043221532953157796
3839,15.707516000000002,0.1913229926036184,-0.12589175767111827,-0.030477247909576732,0.1830106545551634,-2.741338475503948,0.22042578779588745,-0.31595790292741394,0,0.004399,1,Shared Control,0.01,Good Visuals,-0.03997429099468744,0.3929039569749953,0.0,4.732551779897979,0.9852491183839371,-1.2733664007843324,-0.04489480400118709,0.09953174141377859,-2.1290834707589843,0.011869525803339996,26.121674561713,1.0431326155107845,3.873250161228555,-0.04306601013065949
3840,15.713351900000003,0.1908517537055799,-0.12555879772256137,-0.02957403409030754,0.19039910520485256,-2.67914590592995,0.21855529718972985,-0.3250132249525697,0,0.005835900000000001,1,Shared Control,0.01,Good Visuals,-0.036047245272606804,0.3922682016866245,0.0,4.733607854986237,0.9852682392400892,-1.2793831609307023,-0.05091156414755703,0.10148733628070739,-1.9808916001744723,0.011974631301380602,26.126749838771445,1.0430660101306595,3.867562023584721,-0.042996325305135225
3841,15.716587400000002,0.19038051480754145,-0.12846601626923798,-0.0281747823821884,0.1965472086833317,-2.6329343432195462,0.21749580833628712,-0.3298840857224369,0,0.0032355,1,Shared Control,0.01,Good Visuals,-0.047572651398740784,0.3916550007088877,0.0,4.734749676034276,0.9852898180640707,-1.2869193521876359,-0.05844775540449055,0.08614063385990854,-2.113168061277381,0.011600953169223866,26.13243797641528,1.0429963253051353,3.8621704150275,-0.04292911264654389
3842,15.720134900000001,0.18990927590950296,-0.13256090318003072,-0.02758653242678416,0.19732318254240616,-2.5855647543690514,0.21631625095015566,-0.3351022900769348,0,0.0035475000000000003,1,Shared Control,0.01,Good Visuals,-0.06022866550419129,0.3911874730980724,0.0,4.7358417788661855,0.9853102382758261,-1.2946927962891828,-0.06622119950603744,0.07182223443498292,-2.2658478157655573,0.011034794413868756,26.1378295849725,1.0429291126465439,3.858231596042742,-0.042877867174294766
3843,15.724460100000002,0.18912387774610553,-0.1374847675044433,-0.02719237320405013,0.19761752257249152,-2.536232905522772,0.21485341303016742,-0.3412916651825266,0,0.0043252,1,Shared Control,0.01,Good Visuals,-0.06375952218586456,0.3906133616439565,0.0,4.736657692570065,0.9853250931361877,-1.3050033828362844,-0.07653178605313912,0.06742718178986257,-2.249108162009835,0.010791505911571731,26.141768403957258,1.0428778671742949,3.852982366797791,-0.042814939099226644
3844,15.7280589,0.18849555921538758,-0.1472342687204738,-0.02635785381477984,0.19405739646205283,-2.5005534817761,0.2136161263496914,-0.3462972047997857,0,0.0035988,1,Shared Control,0.01,Good Visuals,-0.06589214512925101,0.3902087369615612,0.0,4.737699853390497,0.9853450500574403,-1.3124147307171465,-0.08394313393400137,0.06484517961357562,-2.174308478807207,0.010621704308311065,26.14701763320221,1.0428149390992267,3.8496466101900957,-0.042770588386127927
3845,15.731572800000002,0.18802432031734911,-0.1568777133780461,-0.02559180603234229,0.1894194914217396,-2.458859685515573,0.21239087081236152,-0.3510584871919006,0,0.0035139000000000004,1,Shared Control,0.01,Good Visuals,-0.06632190569829559,0.3897864638245083,0.0,4.738398895545633,0.9853576034170549,-1.3200277826556144,-0.09155618587246912,0.06669078354869526,-2.136457298778627,0.01028506484608271,26.150353389809904,1.042770588386128,3.8458609867501914,-0.042724303234565095
3846,15.7352059,0.18739600178663113,-0.1611207578205769,-0.024994869025730393,0.1899377293713237,-2.4012230214737174,0.21110669497250495,-0.35585058229362176,0,0.0036331000000000002,1,Shared Control,0.01,Good Visuals,-0.06536504216351662,0.389372979992625,0.0,4.739158115777676,0.985371970002439,-1.3271532077422257,-0.09868161095908035,0.06951975636829962,-2.070501855817756,0.009975339576229422,26.154139013249807,1.042724303234565,3.842211553941513,-0.04267898147443356
3847,15.738780700000003,0.1866106036232337,-0.16736943586832725,-0.02449609134927125,0.1884811464252945,-2.361253213104773,0.20982636532106413,-0.36043648961574276,0,0.0035748000000000004,1,Shared Control,0.01,Good Visuals,-0.0686888628040895,0.388970804908254,0.0,4.739895950723221,0.9853857993748528,-1.3347191030682017,-0.10624750628505647,0.06485525874010956,-2.059139244475444,0.009732326637074002,26.157788446058486,1.0426789814744335,3.838660573339345,-0.04263489926057353
3848,15.7425447,0.18629644435787474,-0.17136799786246448,-0.0235299209631894,0.18906849175327828,-2.3133626167191608,0.20846081048420853,-0.36512699627836076,0,0.0037640000000000004,1,Shared Control,0.01,Good Visuals,-0.06960267407035944,0.388553585027144,0.0,4.740613750758181,0.9853992565466381,-1.3425588989180255,-0.11408730213488025,0.06454315043067399,-2.0071161929912367,0.009528264369232155,26.161339426660653,1.0426348992605736,3.8349388246095795,-0.0425891679939176
3849,15.7461424,0.18551104619447728,-0.1675379136329121,-0.02294976428973125,0.19758908264544867,-2.2455271654178772,0.2071393270795437,-0.3694783497821783,0,0.0035977,1,Shared Control,0.01,Good Visuals,-0.07474674482896122,0.3882368565927683,0.0,4.741362112509016,0.985413375155507,-1.3494759002835146,-0.12100430350036948,0.05825751874946283,-2.0221602541920207,0.00914263514565259,26.16506117539042,1.0425891679939177,3.8322709018741294,-0.04255445154547939
3850,15.7496391,0.18472564803107983,-0.171876590996941,-0.022413679048463864,0.1976017587852373,-2.2221495077257813,0.20584015789034035,-0.37358449054893955,0,0.0034967,1,Shared Control,0.01,Good Visuals,-0.08588308436035329,0.38800530345526,0.0,4.741914891157279,0.9854234393291994,-1.3570783094028445,-0.12860671261969925,0.04164069049053764,-2.112719297279282,0.008909944347390227,26.16772909812587,1.0425544515454794,3.8303243681144012,-0.04252907111957965
3851,15.753355800000001,0.1840973295003619,-0.18467885398084447,-0.021742828389978458,0.1889056365680951,-2.2182642341982253,0.20444374957464126,-0.3778165635753096,0,0.0037167000000000003,1,Shared Control,0.01,Good Visuals,-0.08843004756188323,0.38780120338643165,0.0,4.7423186383046545,0.9854307808971767,-1.3641581866132741,-0.1356865898301289,0.03973297651772163,-2.0801754694960053,0.008696626340748024,26.1696756318856,1.0425290711195796,3.8285435229008624,-0.042506699811080996
3852,15.7574741,0.1833119313369644,-0.193069194308017,-0.021131818237676847,0.18474736926729263,-2.1876709460225925,0.20287840100712104,-0.38234733967893686,0,0.0041183,1,Shared Control,0.01,Good Visuals,-0.08303540636465925,0.3875057467272315,0.0,4.7426808646503655,0.9854375226441873,-1.371947719391081,-0.14347612260793582,0.05052203356700853,-1.9565299720711602,0.008431895014658316,26.171456477099138,1.042506699811081,3.825792883637213,-0.042474314951492786
3853,15.760614700000001,0.18268361280624645,-0.19534380655970374,-0.020194788200874586,0.18700353311923312,-2.1423348096333656,0.20167232520590814,-0.3856910115660933,0,0.0031406000000000003,1,Shared Control,0.01,Good Visuals,-0.08182601906899127,0.38723069303396873,0.0,4.743222059355393,0.9854479996671871,-1.3786621997805508,-0.1501906029974057,0.05373269031508824,-1.875448407762098,0.008188701005895095,26.174207116362787,1.0424743149514928,3.823389940143962,-0.042444166450999875
3854,15.764125700000001,0.1820552942755285,-0.1929469259846327,-0.019617030930379642,0.1927440855814606,-2.0865240417746835,0.20031176639822437,-0.3893154275130424,0,0.0035110000000000002,1,Shared Control,0.01,Good Visuals,-0.08848572993475508,0.3870187205618448,0.0,4.74371051394586,0.9854570979290244,-1.3852401452000023,-0.1567685484168572,0.04537980806632305,-1.922701221633196,0.007820041830698881,26.17661005985604,1.0424441664509998,3.8215930377115233,-0.04242093225223487
3855,15.767563200000001,0.18111281647945157,-0.1941776640853669,-0.0191989499187728,0.19513776342767547,-2.046871692955288,0.19896756156469608,-0.3927483754993391,0,0.0034375,1,Shared Control,0.01,Good Visuals,-0.09687753930763902,0.3868625541770071,0.0,4.744081595389292,0.9854638814344271,-1.3923501814974697,-0.16387858471432468,0.032787884629611186,-1.9757235383520355,0.007592158211897664,26.178406962288477,1.0424209322522349,3.8202776822572226,-0.04240381493134234
3856,15.771292500000001,0.17954202015265666,-0.20900765585800635,-0.01942554141203942,0.18374071964133276,-1.9863746320802766,0.1974961387482954,-0.39634413200390534,0,0.0037293,1,Shared Control,0.01,Good Visuals,-0.10017481503907996,0.38659433354118466,0.0,4.744568223298951,0.9854727731373101,-1.4066373050091743,-0.17816570822602923,0.030053536286974613,-1.8979327764004523,0.007148152059795492,26.180762434625173,1.0423904532104549,3.817901559180034,-0.04237441539892604
3857,15.7780646,0.1785995423565797,-0.21795403894419602,-0.018896596391715703,0.17839009305970932,-1.9583135359033212,0.19479085057222603,-0.40253424089970874,0,0.0067721000000000005,1,Shared Control,0.01,Good Visuals,-0.08890144648090577,0.3863928776653962,0.0,4.744833695725735,0.9854778531613716,-1.4124193056904164,-0.18394770890727147,0.04290276213581469,-1.619109148789513,0.007509804235864064,26.182098440819967,1.042374415398926,3.816039347380953,-0.042352333919130354
3858,15.7819562,0.17797122382586178,-0.22711533512100152,-0.016819626746364252,0.17541890577870722,-1.9299307031965205,0.19321776270236615,-0.40589501138781686,0,0.0038916000000000003,1,Shared Control,0.01,Good Visuals,-0.0861325943635494,0.3861818039796809,0.0,4.745201427083326,0.9854849420908915,-1.4176907950042417,-0.1892191982210968,0.04808777638038258,-1.5390760310137903,0.007301510257876573,26.183960652619046,1.0423523339191303,3.8141572804409907,-0.04232919823590304
3859,15.7855484,0.17702874602978483,-0.22984640672096124,-0.016189016672581324,0.17604860466685562,-1.8788371220437372,0.19175432510326026,-0.40887115214600567,0,0.0035922000000000003,1,Shared Control,0.01,Good Visuals,-0.09305505868323967,0.3860053544095453,0.0,4.745579989525941,0.9854920827072281,-1.4236479893351168,-0.19517639255197203,0.04296789490488526,-1.6565247569309904,0.006495433799175838,26.18584271955901,1.042329198235903,3.8126387051044532,-0.0423098576850124
3860,15.790935700000002,0.17514379043763095,-0.23680954869580953,-0.016610534665629312,0.17206160345019614,-1.7997224623473769,0.18954007591972824,-0.4131096412077784,0,0.0053873,1,Shared Control,0.01,Good Visuals,-0.10100437252583025,0.385730379312679,0.0,4.74614971917804,0.9855026032333927,-1.4359468954935601,-0.2074752987104153,0.03162895406331222,-1.6692793883207477,0.005985047733764372,26.188624837594627,1.0422937986648686,3.8102561884313237,-0.04227971779943197
3861,15.796402200000003,0.17373007374351554,-0.24401730281907372,-0.0158100021762127,0.16909233838870466,-1.6978427290072646,0.18727067859893665,-0.41713742202249193,0,0.0054665,1,Shared Control,0.01,Good Visuals,-0.09702794032004364,0.38547235327127677,0.0,4.74664669039536,0.9855119731803145,-1.444713478207454,-0.21624188142430908,0.03627739549473269,-1.506341184213678,0.005793211675914215,26.191094573405625,1.0422634161634574,3.8079910749245296,-0.042251435691512886
3862,15.802623200000003,0.17200219778404116,-0.2544356033323763,-0.015268480814895485,0.16270181869011563,-1.6299372252689472,0.18466225544423528,-0.4213908116467348,0,0.006221,1,Shared Control,0.01,Good Visuals,-0.10058251635671084,0.3852588371103165,0.0,4.747072392306325,0.985519929192921,-1.4532577300467522,-0.22478613326360744,0.028525674321568557,-1.4752603588563717,0.005520418839022151,26.19319446092942,1.0422372103478945,3.80612755064844,-0.042228032289771227
3863,15.808890300000002,0.1710597199879642,-0.26502728176808243,-0.013602535456271075,0.15636352987865237,-1.62038118092238,0.18200884617193358,-0.42532519542095865,0,0.0062671,1,Shared Control,0.01,Good Visuals,-0.0878635246385597,0.3850771386202245,0.0,4.747215889658747,0.9855224770374528,-1.4580512220501032,-0.22957962526695835,0.044398361683348556,-1.2193147313486439,0.005882317163187812,26.19387244935156,1.0422280322897712,3.804373025092448,-0.04220811640733708
3864,15.8124423,0.17011724219188729,-0.2719753839931812,-0.011891603980046295,0.15334981142777743,-1.6078346519549573,0.18049437174646504,-0.427400957733986,0,0.003552,1,Shared Control,0.01,Good Visuals,-0.08952203826553766,0.3849444980231481,0.0,4.74755487406055,0.9855291824770808,-1.4619073998853211,-0.23343580310217638,0.04635125161003572,-1.2522497354088573,0.005238025431481016,26.19562697490755,1.0422081164073371,3.803272522223471,-0.0421935777365092
3865,15.8157113,0.16901768476313087,-0.27998627809784243,-0.011476686983334178,0.14741467963614358,-1.6150941070384959,0.179094209406843,-0.429213922276738,0,0.003269,1,Shared Control,0.01,Good Visuals,-0.09467257383648113,0.38482123230661885,0.0,4.747784770537086,0.9855333286887077,-1.4666310513668366,-0.23815945458369178,0.04305191818471667,-1.341565317101788,0.004577607524788991,26.19672747777653,1.0421935777365092,3.802184153083343,-0.042180066641742724
3866,15.819103700000003,0.1682322865997334,-0.28596783031358386,-0.010861922807109597,0.14324609196315413,-1.6163739844640685,0.1776350907450926,-0.43099750654429525,0,0.0033924000000000003,1,Shared Control,0.01,Good Visuals,-0.09079132307629298,0.3846841085135252,0.0,4.748004814594895,0.9855374545286558,-1.470921786992539,-0.24245019020939432,0.05084770886758941,-1.2508703940593948,0.00441647282772399,26.197815846916658,1.0421800666417427,3.800945861983572,-0.04216503656999697
3867,15.824188800000002,0.16587609210954107,-0.28861378611729194,-0.01175899863555152,0.1423837204270033,-1.5856849855412063,0.17543700368095835,-0.43348648448726124,0,0.0050851,1,Shared Control,0.01,Good Visuals,-0.0924831238668948,0.38439003813153155,0.0,4.748527845538662,0.9855473931133619,-1.4800101136218033,-0.25153851683865863,0.05062836724042461,-1.1929967680713816,0.0040988890876665195,26.200432141005287,1.0421482904209196,3.7983293006452516,-0.04213280365957384
3868,15.829943,0.16509069394614362,-0.2888069401274608,-0.010346309734814735,0.14467954435980046,-1.5597056870416361,0.1729351571535309,-0.4360396029629073,0,0.0057542,1,Shared Control,0.01,Good Visuals,-0.08448568446093456,0.3842244310338993,0.0,4.748779197415793,0.9855520851895729,-1.4833918697138047,-0.25492027293066,0.06006042445846461,-0.9893382751159499,0.004520041933908277,26.20167069935475,1.0421328036595738,3.7968223838687245,-0.04211465154677954
3869,15.833678300000003,0.16367697725202823,-0.28789078371394966,-0.009258179901502656,0.14814881924895762,-1.5292564915753957,0.1713035626891167,-0.43754945663172246,0,0.0037353000000000004,1,Shared Control,0.01,Good Visuals,-0.09345461125919001,0.3840984102949217,0.0,4.7490791864754485,0.9855578140543686,-1.4874025035136984,-0.2589309067305538,0.049393814399110586,-1.115025104921955,0.0039753049711596855,26.203177616131274,1.0421146515467796,3.795759120570925,-0.04210083847535295
3870,15.8371539,0.16273449945595128,-0.29687755616393724,-0.00856906323316542,0.14067190046778522,-1.53270993268548,0.16978052461979629,-0.4388514605361634,0,0.0034756,1,Shared Control,0.01,Good Visuals,-0.10203995327442145,0.384014228523005,0.0,4.749299340534459,0.985561827055903,-1.4915692547578092,-0.26309765797466456,0.038673293467984204,-1.2138054195149015,0.0035560521823915646,26.204240879429076,1.042100838475353,3.795063972268432,-0.04209161135259732
3871,15.841324400000001,0.16147786239451534,-0.30272370587470937,-0.008302662225280949,0.13612775466145405,-1.508263642731087,0.16794725766396823,-0.4402844876291532,0,0.004170500000000001,1,Shared Control,0.01,Good Visuals,-0.09794292956739117,0.3838896003344676,0.0,4.749444932261247,0.9855644450195268,-1.4967195752998945,-0.2682479785167498,0.046715697676258244,-1.135457250399089,0.0032906422066488654,26.20493602773157,1.0420916113525973,3.7938962589576226,-0.04207795091794189
3872,15.844990200000002,0.16037830496575894,-0.3009625662824547,-0.007568952698209286,0.13932192134669846,-1.4605545818179015,0.16633113222444865,-0.44142907503160433,0,0.0036658000000000003,1,Shared Control,0.01,Good Visuals,-0.09472834222625735,0.38378924285094973,0.0,4.749673973469533,0.9855688962316559,-1.5002810147858856,-0.2718094180027408,0.05124812295943424,-1.0376852323623964,0.003187305683375185,26.206103741042376,1.0420779509179419,3.793041739061573,-0.042066950783366655
3873,15.848540800000002,0.1592787475370025,-0.3015751108893929,-0.0070523846874461504,0.13985396414221146,-1.4319563655671461,0.1647619764986833,-0.44243642823341645,0,0.0035506,1,Shared Control,0.01,Good Visuals,-0.10136041160670889,0.3837121985634529,0.0,4.749850055333774,0.9855721244140802,-1.5042375923332538,-0.27576599555010894,0.04124448063708031,-1.1007922397596697,0.0029048826252203947,26.20695826093843,1.0420669507833666,3.7923858664841212,-0.04205850599677964
3874,15.852169200000002,0.15833626974092557,-0.30199478329235097,-0.006425706757757721,0.14044164494106548,-1.3965692804347152,0.16315492611122367,-0.4433642110052856,0,0.0036284000000000004,1,Shared Control,0.01,Good Visuals,-0.1043377920333379,0.38365111101930616,0.0,4.749985219949075,0.985574602118123,-1.5080003285911787,-0.27952873180803384,0.03702355670202756,-1.1041540753344992,0.002706086033535192,26.20761413351588,1.0420585059967797,3.79186238890384,-0.04205181022100956
3875,15.855820300000001,0.15692255304681016,-0.30451561855631,-0.006232373064413516,0.13884859244897563,-1.366320991026532,0.1615346105679875,-0.444195433795143,0,0.0036511000000000004,1,Shared Control,0.01,Good Visuals,-0.10789329331634094,0.383599612720445,0.0,4.750092726189798,0.9855765809712569,-1.5121302585502576,-0.2836586617671127,0.03169149267468672,-1.1210146193314068,0.002465229536698013,26.20813761109616,1.0420518102210095,3.791416123184494,-0.04204616551771479
3876,15.8595182,0.15582299561805374,-0.3127847037054936,-0.005711614949933774,0.13141073008964937,-1.3555328152418498,0.15989062279385124,-0.4449340584197447,0,0.0036979,1,Shared Control,0.01,Good Visuals,-0.10724123769440479,0.38354603876235444,0.0,4.750183840026159,0.9855782697997799,-1.516288057980522,-0.28781646119737714,0.03201036782881982,-1.0632670392452022,0.0023907358938383577,26.208583876815506,1.042046165517715,3.790935954320259,-0.042040293302429324
3877,15.863261600000001,0.1548805178219768,-0.314234496953521,-0.005010104971874457,0.1306995614662237,-1.3170154724998089,0.15822381994796422,-0.4455774171524184,0,0.0037434,1,Shared Control,0.01,Good Visuals,-0.10238402828194793,0.3834926077250209,0.0,4.750280176598863,0.9855800927871522,-1.5195867710762991,-0.29111517429315426,0.03980098802691775,-0.9657219672630446,0.0021906672889829425,26.209064045679742,1.0420402933024293,3.7904612448764787,-0.04203443675261798
3878,15.866569700000003,0.15346680112786137,-0.3128618470787431,-0.0047570188201028485,0.1327155700736753,-1.2804344717514837,0.1567489852942654,-0.4460597906750233,0,0.0033081,1,Shared Control,0.01,Good Visuals,-0.10501523961703776,0.38344861333484453,0.0,4.750375849423374,0.9855818935689046,-1.5230917240225827,-0.294620127239438,0.0356219714653628,-0.9785451299022041,0.0019213382206402282,26.20953875512352,1.042034436752618,3.7900829036298695,-0.04202961454907589
3879,15.870136000000002,0.15252432333178445,-0.3183385472048199,-0.004224661962480947,0.12772124347020342,-1.2704431683105306,0.1551574068568304,-0.4464905245083933,0,0.0035663,1,Shared Control,0.01,Good Visuals,-0.10820425648703867,0.3834149474390664,0.0,4.7504534051534835,0.9855833242984401,-1.5264312162285805,-0.29795961944543575,0.030099895304454248,-0.9770024885163673,0.0018240722701761956,26.20991709637013,1.042029614549076,3.7897967072170156,-0.04202592444674197
3880,15.874418000000002,0.15079644737231004,-0.32392461604486333,-0.004360959484520366,0.12256590846353,-1.2428110341616743,0.1532446386718829,-0.44688715966399445,0,0.004282,1,Shared Control,0.01,Good Visuals,-0.10581075663143581,0.3833692083454863,0.0,4.750512429793953,0.985584405347935,-1.5306537373703504,-0.30218214058720577,0.03425126565827691,-0.9200595157907387,0.0016197985442924553,26.210203292782985,1.042025924446742,3.7893723287984455,-0.04202091100711501
3881,15.878049400000002,0.14985396957623312,-0.3262736382942649,-0.0033906690956497787,0.12061352136972953,-1.192229981259103,0.15162135812303115,-0.44712210633401356,0,0.0036314000000000003,1,Shared Control,0.01,Good Visuals,-0.10008208906596433,0.38332551350919913,0.0,4.750596083815047,0.985586021668882,-1.533411218329074,-0.3049396215459294,0.0412554597971399,-0.7829971203463206,0.0016718575852073128,26.210627671201554,1.042020911007115,3.7889878159134778,-0.042016121637527874
3882,15.881687200000002,0.1487544121474767,-0.32199864074145257,-0.0028669459755544524,0.125123465592561,-1.1167885707522902,0.14999452855681508,-0.4472656758621824,0,0.0036378,1,Shared Control,0.01,Good Visuals,-0.10276721306602107,0.3832956611486215,0.0,4.7506739638372535,0.9855874789884568,-1.5362379069506187,-0.30776631016747397,0.0366274689096413,-0.8113575652414164,0.0012997299722297233,26.21101218408652,1.0420161216375279,3.7887409995964436,-0.04201284953491797
3883,15.8851504,0.14749777508604076,-0.318752496682293,-0.0024967534707743266,0.12851317917988941,-1.0546009112058008,0.1484454434238493,-0.4473183335492088,0,0.0034632,1,Shared Control,0.01,Good Visuals,-0.10970016363228553,0.3832795314614686,0.0,4.750725624769363,0.9855884086902502,-1.539226674469362,-0.31075507768621724,0.023852857845226717,-0.8733213098627473,0.0010988879531775235,26.211259000403558,1.042012849534918,3.7886149823645114,-0.04201108156781558
3884,15.8886787,0.14655529728996386,-0.3192822541068121,-0.0018901461338854397,0.1280360794423967,-1.0062101398535033,0.14686719740276383,-0.447289044205883,0,0.0035283000000000003,1,Shared Control,0.01,Good Visuals,-0.11479970180340326,0.3832704536126328,0.0,4.750752823020999,0.9855888805441103,-1.5425978211042013,-0.31412622432105675,0.014158653118983705,-0.9040107894235885,0.0009569545004531794,26.21138501763549,1.0420110815678156,3.7885426195739416,-0.042010086549254456
3885,15.8927795,0.14482742133048945,-0.3224419563895382,-0.002039776072274374,0.12484708781634479,-0.9622306241892836,0.14503319863656927,-0.44715160822892813,0,0.0041008,1,Shared Control,0.01,Good Visuals,-0.11721132469417513,0.3832657795233457,0.0,4.750768270534127,0.9855891520833705,-1.5460908131234736,-0.31761921634032914,0.009310994347924323,-0.9057884550663495,0.0007244371661284366,26.211457380426058,1.0420100865492545,3.7885064668357162,-0.04200957422461884
3886,15.8962173,0.14357078426905354,-0.33552289619639475,-0.0014624143675157353,0.11162871203253338,-0.9536166451565324,0.14349630176064304,-0.4469522322375983,0,0.0034378000000000004,1,Shared Control,0.01,Good Visuals,-0.11335743285556177,0.3832587553365573,0.0,4.750776116577419,0.9855892873039824,-1.5492707796797613,-0.32079918289661696,0.012543023340178953,-0.7983446867563291,0.0007817763663933063,26.211493533164283,1.042009574224619,3.788440356186337,-0.042008804306948075
3887,15.900181200000002,0.14247122684029712,-0.3449546866366232,-0.0010250749203459253,0.10199754560097507,-0.9291310538235409,0.14172523598175837,-0.44662883099874984,0,0.0039639,1,Shared Control,0.01,Good Visuals,-0.10307246870757032,0.3832491654681688,0.0,4.750789054857244,0.985589539422129,-1.551463870444904,-0.32299227366175964,0.027847019925595642,-0.6438904184212166,0.0005604831102803794,26.211559643813665,1.042008804306948,3.788351804010746,-0.04200775316617476
3888,15.9035653,0.1412145897788612,-0.344299381981522,-0.0005106462028971748,0.10232944901722785,-0.883348913358954,0.14021437821830898,-0.4462748861278126,0,0.0033841,1,Shared Control,0.01,Good Visuals,-0.09565781572811392,0.3832395380065472,0.0,4.750806552852514,0.9855898765459813,-1.5533731067621088,-0.3249015099789645,0.037892173765443085,-0.533649081031063,0.00039285910776492547,26.211648195989255,1.0420077531661747,3.7882663604388207,-0.042006697904825606
3889,15.908011700000003,0.13980087308474579,-0.34184716386498426,-0.00041350513356319674,0.10442772226282832,-0.8483942736950255,0.13823128845797247,-0.4457030015215234,0,0.0044464000000000005,1,Shared Control,0.01,Good Visuals,-0.098428912063352,0.3832344592247992,0.0,4.750823782897533,0.9855902006444168,-1.5558178825675377,-0.3273462857843935,0.032451199457898705,-0.5525916110096707,0.00019569981488311083,26.211733639561178,1.0420066979048257,3.7882274173594266,-0.042006141222047724
3890,15.9114818,0.13854423602330987,-0.33910299719787285,0.00031294756533739587,0.10660000432365058,-0.8155830915270788,0.1366855515230014,-0.4451740407293615,0,0.0034701000000000003,1,Shared Control,0.01,Good Visuals,-0.10095846139947401,0.3832316631157051,0.0,4.750832275185448,0.9855903461622947,-1.5577688095551465,-0.32929721277200236,0.027306362399392138,-0.5455307274785612,0.00015846941624777006,26.211772582640574,1.0420061412220478,3.788205215620606,-0.04200583474190051
3891,15.915136800000003,0.13728759896187395,-0.3402144492045031,0.0006020474388725439,0.1049595915248584,-0.7969479049447428,0.13505957508479152,-0.44454015184059303,0,0.0036550000000000003,1,Shared Control,0.01,Good Visuals,-0.10655070691979455,0.38323305722813383,0.0,4.750837024776374,0.9855904294392814,-1.5598362241446886,-0.3313646273615443,0.0188157068594633,-0.6043834857023376,-0.000119931415932261,26.211794784379393,1.0420058347419006,3.7882231709477447,-0.04200598754988046
3892,15.918693900000001,0.13603096190043804,-0.34577596391018595,0.0009713868156465133,0.09876418793040709,-0.7896504429522083,0.1334795089114333,-0.4438491056181063,0,0.0035571,1,Shared Control,0.01,Good Visuals,-0.10630738896001939,0.38323585110699,0.0,4.7508339860821405,0.9855903593307125,-1.561899069744859,-0.3334274729617147,0.018688674405651005,-0.5751855900541984,-0.000230724480595493,26.211776829052255,1.0420059875498804,3.788249529822105,-0.042006293785572385
3893,15.922452200000002,0.13508848410436108,-0.34485576559805003,0.0016089751929277973,0.09899334002005628,-0.7531946969318503,0.1318128843253355,-0.44304113498593267,0,0.0037583000000000004,1,Shared Control,0.01,Good Visuals,-0.10195591403371544,0.3832418073014679,0.0,4.750828833697012,0.9855902587875168,-1.5636562406316623,-0.33518464384851804,0.025084193672952282,-0.49833268676535836,-0.0003722702530484003,26.211750470177897,1.0420062937855723,3.788306739675631,-0.0420069466411295
3894,15.925986300000002,0.1335176877775662,-0.33834938235548795,0.001704803452230702,0.10469175263044472,-0.7010919800220036,0.13024858130236217,-0.4422099002531126,0,0.0035341,1,Shared Control,0.01,Good Visuals,-0.10521079787894978,0.3832502448911742,0.0,4.750817750513193,0.985590040223774,-1.5657141319097214,-0.3372425351265772,0.019439234684858288,-0.5288033914223402,-0.000616626560840877,26.21169326032437,1.0420069466411295,3.788384882844183,-0.04200787148120128
3895,15.929609300000003,0.1321039710834508,-0.34348400508772065,0.0018553897810886233,0.09872589516539193,-0.6923656366711298,0.12864810470283888,-0.44128737510733934,0,0.0036230000000000004,1,Shared Control,0.01,Good Visuals,-0.11128230174968928,0.3832537058859012,0.0,4.7508023324949376,0.9855897426477912,-1.5677432295499782,-0.3392716327668339,0.008187428301744022,-0.5666129513994955,-0.0006533663405587358,26.211615117155816,1.0420078714812013,3.7884086027954136,-0.0420082508391368
3896,15.933139800000003,0.13116149328737386,-0.35190796572504934,0.0025133885845349813,0.08937940938229,-0.6770507203743598,0.12709182570590993,-0.44032130600432373,0,0.0035305000000000002,1,Shared Control,0.01,Good Visuals,-0.10611780084523721,0.3832604553470847,0.0,4.750796819798456,0.98558965518364,-1.5693604812295603,-0.34088888444641596,0.015267584725159789,-0.470541658301441,-0.0007110850094650458,26.211591397204586,1.0420082508391368,3.788473681467731,-0.042008990644268676
3897,15.936567100000001,0.12959069696057895,-0.3538074064750776,0.0024988712546690217,0.08651389952924615,-0.6361168887530916,0.12558440859064157,-0.4393214803772395,0,0.0034273000000000003,1,Shared Control,0.01,Good Visuals,-0.10003196591116796,0.3832753347684196,0.0,4.750784236235285,0.9855894064755394,-1.5707451642985124,-0.342273567515368,0.023935450001394045,-0.3887811851280569,-0.0009632824533730416,26.211526318532268,1.0420089906442687,3.7886168193530634,-0.04201062157034761
3898,15.9411326,0.12833405989914304,-0.3561309989386564,0.0027496513085014662,0.0831904814385831,-0.6178831963627783,0.12358189832067194,-0.4378970096430842,0,0.0045655,1,Shared Control,0.01,Good Visuals,-0.0971386644977655,0.38329527173066874,0.0,4.750756527509876,0.985588859561407,-1.5721800104786008,-0.3437084136954564,0.025747381972236263,-0.32172160364322133,-0.00095775571667645,26.211383180646937,1.0420106215703475,3.7888002936073795,-0.042012806851007056
3899,15.9445871,0.12692034320502762,-0.35558431828619486,0.003338444884355682,0.08231269135688934,-0.6064281207236736,0.12207114649412848,-0.4367505783811366,0,0.0034545,1,Shared Control,0.01,Good Visuals,-0.09505437768001408,0.38331429241094145,0.0,4.75072021049411,0.9855881612782391,-1.573156218723775,-0.34468462194063076,0.02798804996044095,-0.2745783042709027,-0.0010539283454566583,26.21119970639262,1.042012806851007,3.788967758622318,-0.0420148916984482
3900,15.948147000000002,0.1256637061435917,-0.3568889057931176,0.0035925596494632284,0.07986167258801902,-0.6132940802104334,0.12051855030849065,-0.43550889381179136,0,0.0035599000000000004,1,Shared Control,0.01,Good Visuals,-0.09698626625487994,0.38333436590544556,0.0,4.750686300513078,0.9855875265456666,-1.5741506559008207,-0.3456790591176763,0.025324456651256915,-0.2912053580033265,-0.0012796736385997255,26.211032241377684,1.0420148916984482,3.7891478773298664,-0.04201709194434119
3901,15.951573,0.12440706908215579,-0.36122693405485384,0.0038885187736651394,0.07428195975693752,-0.6269786740387864,0.11902862489147303,-0.43425748381970614,0,0.0034260000000000002,1,Shared Control,0.01,Good Visuals,-0.09577760789295875,0.3833591523927191,0.0,4.750650184008417,0.985586842629982,-1.5750828569345703,-0.34661126015142585,0.027648755953858416,-0.25983973512920056,-0.0013771515752044764,26.210852122670133,1.0420170919443412,3.7893746954348275,-0.04201980877906142
3902,15.955324100000002,0.12315043202071987,-0.36180742232398344,0.0041218071292468406,0.0724500614957227,-0.621798689714294,0.11740234760411147,-0.4328254002307511,0,0.0037511000000000003,1,Shared Control,0.01,Good Visuals,-0.09168407543552493,0.38339184374120516,0.0,4.750605158380044,0.9855859798321509,-1.5757678236386783,-0.34729622685553385,0.034446679837118424,-0.19537542545651032,-0.0014906992611354434,26.210625304565173,1.0420198087790613,3.7896758469628913,-0.04202339206174435
3903,15.959009100000003,0.12189379495928396,-0.3581137238105964,0.004491447355172484,0.0747116764201547,-0.6055764624193394,0.1158100728686877,-0.4313571161595846,0,0.0036850000000000003,1,Shared Control,0.01,Good Visuals,-0.09098651443697221,0.38343142484230686,0.0,4.750545578830716,0.9855848335829411,-1.5764433975746963,-0.3479718007915518,0.035312523855303854,-0.17298899854504857,-0.00158026723482759,26.21032415303711,1.0420233920617443,3.7900365776953677,-0.04202773052683428
3904,15.9626418,0.12048007826516856,-0.35407384669714836,0.004670005396480853,0.07728326946243624,-0.5916696355125393,0.11424579913380356,-0.42985164195012737,0,0.0036327000000000004,1,Shared Control,0.01,Good Visuals,-0.09497109577319905,0.383464142726011,0.0,4.750473821640259,0.985583461908675,-1.577202702403238,-0.3487311056200935,0.029104196286464552,-0.21117611206521492,-0.0017221620589979963,26.209963422304632,1.0420277305268342,3.790317491871873,-0.042031316718029454
3905,15.9662438,0.11938052083641214,-0.35321006552988443,0.005134721702608577,0.07664157642024294,-0.5852586698932595,0.11270024536374582,-0.4283035188458469,0,0.003602,1,Shared Control,0.01,Good Visuals,-0.098353499415444,0.3834904790798974,0.0,4.750416188649536,0.9855823997707918,-1.5780037376127223,-0.3495321408295778,0.02359234819498054,-0.2331776582785441,-0.0017907796158873753,26.209682508128125,1.0420313167180295,3.790543707573151,-0.04203420343286941
3906,15.9695973,0.11796680414229672,-0.3541398459519324,0.005266558778550909,0.07416367289391451,-0.5766433328960053,0.11126641432480308,-0.42681394751231405,0,0.0033535,1,Shared Control,0.01,Good Visuals,-0.09992835009961032,0.3835176064809766,0.0,4.750369787812042,0.985581544415684,-1.578870107076625,-0.3503985102934804,0.02140421132726387,-0.2442610346789036,-0.00196911688567531,26.20945629242685,1.0420342034328693,3.790786656323336,-0.04203717685400442
3907,15.974179800000002,0.11545353001942489,-0.3646199390020288,0.00418711569462181,0.062194008510285226,-0.5796613460633211,0.10931533876076846,-0.42470545903348483,0,0.004582500000000001,1,Shared Control,0.01,Good Visuals,-0.08943839753896646,0.38359565791619776,0.0,4.750258458030869,0.9855794208761081,-1.5798847247779126,-0.3514131279947683,0.03579108702392796,-0.0629759832346044,-0.0019674658220832386,26.20889764438688,1.0420409462735483,3.7915026657328292,-0.04204573203355981
3908,15.980420000000002,0.11419689295798897,-0.3594180682058609,0.004881554197220514,0.06528739082762391,-0.5477962772971701,0.10667438098012019,-0.4217036678245107,0,0.0062402000000000004,1,Shared Control,0.01,Good Visuals,-0.08118658950712254,0.38363631102610396,0.0,4.750179070589074,0.9855778978815637,-1.5796475755502626,-0.3511759787671183,0.045795204364627196,0.07799678593982207,-0.0016061593996496905,26.20849733426717,1.0420457320335599,3.791859169846117,-0.04205018800100932
3909,15.983764800000003,0.11294025589655306,-0.3584766234596348,0.006265874916432865,0.06322704436487586,-0.5535857687873623,0.1052666457710448,-0.4200350724855264,0,0.0033448,1,Shared Control,0.01,Good Visuals,-0.0875336246899109,0.38367950268218975,0.0,4.750106733701751,0.9855765471873965,-1.5796784258485712,-0.35120682906542694,0.03563350522359621,-0.008659975945613407,-0.0018727414442956723,26.208140830153884,1.0420501880010093,3.79224713932647,-0.04205492221726123
3910,15.9871683,0.11199777810047612,-0.35544063438680096,0.006731132329431316,0.06459443809872545,-0.5460142183047678,0.10384000420335632,-0.41829603600224974,0,0.0034035000000000003,1,Shared Control,0.01,Good Visuals,-0.0920780863852007,0.38372547110118643,0.0,4.750028983534377,0.9855750739403695,-1.5799843639107307,-0.35151276712758645,0.030799811893850164,-0.08954721561817003,-0.0024040877718057687,26.20775286067353,1.0420549222172613,3.7926594560738645,-0.04205996079313469
3911,15.9913864,0.10995574287564276,-0.3493649715940762,0.006115738672286444,0.06893106440817354,-0.5134932698917989,0.10208023156579943,-0.41608498032132357,0,0.004218100000000001,1,Shared Control,0.01,Good Visuals,-0.09563508403917688,0.383780587805928,0.0,4.749946292957948,0.9855735084541491,-1.5805844430040905,-0.35211284622094624,0.02564499392242351,-0.13100447394659875,-0.002582906924155458,26.207340543926136,1.0420599607931347,3.7931619002926436,-0.04206600210812435
3912,15.9950808,0.10901326507956581,-0.3498898258533337,0.006933033513766382,0.06619515446798985,-0.4835476890644772,0.10054670114329566,-0.4140993976367205,0,0.0036944,1,Shared Control,0.01,Good Visuals,-0.09698531836567623,0.38381092134658107,0.0,4.749846360004367,0.9855715979096779,-1.5809185634392264,-0.35244696665608205,0.020770558186137926,-0.09747656887586986,-0.002347101782517537,26.206838099707355,1.0420660021081243,3.7933966387208726,-0.04206932695264646
3913,15.9986368,0.1077566280181299,-0.3465538120101409,0.007209926874834238,0.06754558562657959,-0.415319684138313,0.09907762410451224,-0.41214644551491225,0,0.003556,1,Shared Control,0.01,Good Visuals,-0.09817049695389933,0.3838421732709592,0.0,4.74979543136728,0.9855707199269971,-1.5813453939860307,-0.3528737972028863,0.018075326775404486,-0.11927971909352753,-0.002660973980645399,26.20660336127913,1.0420693269526464,3.7936784159183534,-0.0420727524607585
3914,16.002165,0.10649999095669398,-0.34238641118785107,0.0074223668521817415,0.06976003432706118,-0.34900282763259793,0.09762696503547179,-0.4101696404074965,0,0.0035282000000000004,1,Shared Control,0.01,Good Visuals,-0.10081615053660087,0.3838602564000089,0.0,4.749739071636253,0.9855696495636629,-1.58181743693483,-0.35334584015168546,0.010527978155041022,-0.1380646238078851,-0.002767474000761069,26.206321584081646,1.0420727524607585,3.793820812186346,-0.04207473454366967
3915,16.0059194,0.10524335389525806,-0.3445729063369233,0.007616388859786272,0.0655967340705732,-0.3094158021288553,0.09609103737139514,-0.40802478408348053,0,0.0037544,1,Shared Control,0.01,Good Visuals,-0.10400741407725708,0.3838644857173355,0.0,4.749708471517943,0.9855691159553347,-1.5824096963158123,-0.3539380995326679,0.0022210598337525384,-0.16080895492328717,-0.0028491516429734105,26.206179187813653,1.0420747345436696,3.7938407428480487,-0.04207519811706871
3916,16.0096482,0.10382963720114266,-0.3477561149274754,0.0077385998297475195,0.06026866915600515,-0.26810563033487694,0.09457362958457878,-0.4058539117971047,0,0.0037288000000000004,1,Shared Control,0.01,Good Visuals,-0.10082569276461739,0.38387352598792174,0.0,4.749702617238168,0.9855690466819911,-1.5828142043767313,-0.354342607593587,0.0043627345180642495,-0.10362436236270844,-0.0029236611926851007,26.206159257151953,1.0420751981170686,3.7939290661009513,-0.04207618901669631
3917,16.0131671,0.10257300013970674,-0.3519440817225644,0.007999370555127963,0.05390983007454031,-0.2343297740356849,0.09314912773072806,-0.40376947226518584,0,0.0035189,1,Shared Control,0.01,Good Visuals,-0.09615483100507957,0.3838889500563999,0.0,4.749685650436706,0.9855687087681005,-1.5829050236898188,-0.35443342690667456,0.008371701050933208,-0.02660436274060074,-0.0029706436028547113,26.20607093389905,1.0420761890166963,3.7940744008635967,-0.042077879641281644
3918,16.0165989,0.10131636307827083,-0.356498811641191,0.008167235347542767,0.04727066062399482,-0.20646430045778977,0.09176700616674076,-0.40170441122822037,0,0.0034318,1,Shared Control,0.01,Good Visuals,-0.09112607988278151,0.38391584689412506,0.0,4.749657224384012,0.9855681544836753,-1.5827442467107493,-0.35427264992760515,0.01346728529845369,0.04494366675129369,-0.0030708699635201547,26.205925599136403,1.0420778796412817,3.794328729008808,-0.042080827790480425
3919,16.020227700000003,0.10037388528219389,-0.3530224834360537,0.008606879115453131,0.04868192779216668,-0.15210070248773025,0.09031331339750247,-0.39948750822270734,0,0.0036288,1,Shared Control,0.01,Good Visuals,-0.08537957470128395,0.38395439641642176,0.0,4.749607567729371,0.9855671842148848,-1.5823187905001674,-0.3538471937170232,0.019785134206816234,0.12455171714100355,-0.0031355310752355153,26.205671270991193,1.0420808277904805,3.794686392292298,-0.04208505318472319
3920,16.024398400000003,0.0986460093227195,-0.3406202775779169,0.008332695925217029,0.058867230644790436,-0.06900129163085958,0.08865255402675015,-0.3968990120343838,0,0.0041707,1,Shared Control,0.01,Good Visuals,-0.08885793555686464,0.38399029270027035,0.0,4.74953706517531,0.9855658220309215,-1.5819322394318407,-0.35346064264869653,0.011974004775870553,0.07749620455627793,-0.0033046490758029128,26.2053136077077,1.0420850531847232,3.7950008005829403,-0.042088987758800225
3921,16.028505000000003,0.0970752129959246,-0.3384667512771474,0.008422658969174449,0.0584322607572364,-0.02260698055603469,0.08702795147796431,-0.39430984585471096,0,0.0041066,1,Shared Control,0.01,Good Visuals,-0.09759337668303124,0.38397806944583784,0.0,4.749473230527013,0.9855646309943374,-1.5819427240224844,-0.3534711272393402,-0.005860339254658593,-0.0029217195607338375,-0.003199674347306437,26.20499919941706,1.0420889877588002,3.794826281700251,-0.04208764797387346
3922,16.0322545,0.09613273519984768,-0.34725479036110296,0.009104783721883364,0.047055055493608,0.0032976577770072804,0.08555397156535127,-0.39191241877160976,0,0.0037495000000000002,1,Shared Control,0.01,Good Visuals,-0.09759224130139926,0.3839601066530325,0.0,4.74950153761555,0.9855653166621979,-1.581886206331911,-0.3534146095487669,-0.008935545314731628,0.016518395608156045,-0.0032341163305842752,26.205173718299747,1.0420876479738734,3.7946635973642246,-0.04208567908095905
3923,16.0355779,0.09487609813841175,-0.34745690350281255,0.009322126573060474,0.04445551526879721,0.07307175601687416,0.08425505673272257,-0.3897619861582182,0,0.0033234000000000002,1,Shared Control,0.01,Good Visuals,-0.0896193396289774,0.3839628283903123,0.0,4.749534002249476,0.9855659348880074,-1.5814979095719217,-0.3530263127887775,0.0011907605037905784,0.1080222444748784,-0.0034958737289071304,26.205336402635776,1.042085679080959,3.7947164716648256,-0.04208597740924816
3924,16.0408456,0.09236282401553991,-0.3420653355754897,0.00810776728281734,0.04769665058272854,0.18959993811976167,0.08221098306165303,-0.3863070010642744,0,0.0052677,1,Shared Control,0.01,Good Visuals,-0.09030415598709707,0.38394040118458433,0.0,4.749530470811745,0.9855658214696712,-1.58057112564238,-0.3520995288592358,-0.00820677173765715,0.11726877519409995,-0.0035955658467981028,26.205308418735818,1.042085774546632,3.7944835004655175,-0.042083519174221665
3925,16.046525900000002,0.09047786842338604,-0.3305481516654791,0.008266885361733006,0.05575884939879533,0.3174207417603616,0.0800273665045346,-0.3825214818971465,0,0.0056803,1,Shared Control,0.01,Good Visuals,-0.09137550249052995,0.38389906517548195,0.0,4.749585987898833,0.9855668869200823,-1.5795322225616848,-0.3510606257785406,-0.016774539022534937,0.12516083826251334,-0.0035357549691661296,26.20558845638906,1.0420824287603312,3.7941017336924685,-0.042078988354526004
3926,16.052480300000003,0.08843583319855267,-0.32856710761544716,0.008408466694018069,0.05395437428169936,0.3906185240530719,0.07776164819443718,-0.37849165642627125,0,0.0059544,1,Shared Control,0.01,Good Visuals,-0.09919975527160223,0.383784891314593,0.0,4.749728544077384,0.985569682611599,-1.5790145932456259,-0.3505429964624817,-0.034887265887734935,0.04621860063814465,-0.0035893925468177402,26.206320866242834,1.0420739913521744,3.7930389489264718,-0.042066473813599625
3927,16.0588835,0.08686503687175777,-0.3338252472032703,0.009103388677320592,0.04466640922300097,0.4122629840980298,0.07535213680064945,-0.3740937714604389,0,0.0064032,1,Shared Control,0.01,Good Visuals,-0.09311491929021842,0.3837175813050781,0.0,4.749854353302707,0.9855721221304661,-1.5783966873935755,-0.34992509061043137,-0.02905672808598053,0.1565348969069167,-0.0032270424762860994,26.206961051073527,1.0420664738135996,3.7924444302040405,-0.04205909599645067
3928,16.062453100000003,0.08560839981032185,-0.34426897148307806,0.010256263009672403,0.029824799977360816,0.4169219810624699,0.07402118948749159,-0.3716155001402225,0,0.0035696,1,Shared Control,0.01,Good Visuals,-0.08726293280875513,0.3836670181956658,0.0,4.749974535680373,0.9855743761110782,-1.5775837457727984,-0.34911214898965415,-0.022099633394605182,0.22594892041947978,-0.003493130284941492,26.20755556979596,1.0420590959964506,3.792017514070815,-0.042053553798812975
3929,16.066217,0.08466592201424493,-0.34827158100476746,0.01064473252675334,0.023343919135455027,0.4450570640690969,0.07262741369223136,-0.36898326798781755,0,0.0037639,1,Shared Control,0.01,Good Visuals,-0.07811250110049427,0.38364486778718065,0.0,4.750062899396445,0.9855759875710784,-1.5765009127091085,-0.34802931592596426,-0.009045070053414863,0.31713714377046864,-0.003934989846751516,26.207982485929186,1.042053553798813,3.791857890618926,-0.04205112590339659
3930,16.0695818,0.08340928495280901,-0.34035569162289403,0.010781871260577655,0.028627576364923524,0.502988421490733,0.07138983986504235,-0.3666145976741956,0,0.0033648000000000003,1,Shared Control,0.01,Good Visuals,-0.07357075268192588,0.38363330407641616,0.0,4.750098940970767,0.9855765797583718,-1.5751976579719278,-0.3467260611887835,-0.004324127803347182,0.3628921942418406,-0.004083797002856187,26.208142109381075,1.0420511259033967,3.7917668148255887,-0.04204985841072798
3931,16.074331400000002,0.08089601082993716,-0.3354017922745962,0.009506170964894811,0.031212805399599364,0.5489081995084637,0.06965655204517687,-0.3632479060475202,0,0.0047496000000000005,1,Shared Control,0.01,Good Visuals,-0.08160408765008469,0.3835282804918967,0.0,4.750211904234047,0.9855788021127817,-1.5730981146610485,-0.34462651787790416,-0.02206567247247467,0.2752329133528477,-0.004068188093534741,26.208724035745462,1.0420444580739834,3.790775149143115,-0.042038346827109184
3932,16.080516300000003,0.07963937376850125,-0.3361907713892089,0.009982821723324375,0.027057134658311333,0.5686025747541716,0.06742355161265982,-0.35882683415077676,0,0.0061849,1,Shared Control,0.01,Good Visuals,-0.07592001928629243,0.38348958364465174,0.0,4.750312269505145,0.9855807038778351,-1.5717529004001094,-0.34328130361696496,-0.016278874482862776,0.37616796536427155,-0.0036458854042281013,26.209224850856884,1.0420383468271093,3.7904548095931663,-0.04203410528465106
3933,16.0847164,0.07775441817634739,-0.3245713578080586,0.010330866563687563,0.03425547634271814,0.6462907669585314,0.06592278726150805,-0.35580313560643245,0,0.0042001,1,Shared Control,0.01,Good Visuals,-0.07844828239981265,0.38340056248001037,0.0,4.750443584817099,0.9855831174344449,-1.5695156915981083,-0.341044094814964,-0.022434117502537917,0.30243946098529717,-0.004322804266361994,26.20986346188989,1.042030159069571,3.7896414762068535,-0.04202434771843105
3934,16.091480100000002,0.07618362184955248,-0.3171978580132854,0.010260834588044429,0.038605277593147025,0.6785597355943863,0.06353279547271296,-0.3509020905468543,0,0.0067637,1,Shared Control,0.01,Good Visuals,-0.08283888750520382,0.38329181025111225,0.0,4.75054085860215,0.985585004040271,-1.5682467138665421,-0.33977511708339775,-0.03255017733022599,0.27431425239218665,-0.003960860051423744,26.210358523793147,1.042024347718431,3.7885994225365573,-0.04201242743992961
3935,16.095208500000002,0.07524114405347554,-0.3143366619227647,0.011708348580762584,0.03656542862408957,0.7001757314360246,0.06222955301092799,-0.348185700184939,0,0.0037284,1,Shared Control,0.01,Good Visuals,-0.08679552417853219,0.38319229120669274,0.0,4.750742976275854,0.9855889842223537,-1.5674461701198348,-0.33897457333669034,-0.04092272053508231,0.23606503500453724,-0.0039328938639387745,26.211400577463444,1.0420124274399296,3.7877325040667293,-0.04200151920625296
3936,16.098633600000003,0.07398450699203962,-0.3120782792566372,0.011754953981111635,0.03610742092830177,0.7288227118692114,0.061041267445606236,-0.34568220329727617,0,0.0034251000000000004,1,Shared Control,0.01,Good Visuals,-0.0916640252009771,0.38304816087227883,0.0,4.750919494484527,0.9855922666983156,-1.5669108474121818,-0.3384392506290373,-0.048489046309535974,0.14738655534072276,-0.004486548918909043,26.212267495933272,1.042001519206253,3.786387843176745,-0.04198572115094755
3937,16.1024989,0.07288494956328319,-0.31412101197232056,0.011843682117676953,0.031561191324955606,0.7405424640634558,0.059710575569109185,-0.3428486844870565,0,0.0038653000000000003,1,Shared Control,0.01,Good Visuals,-0.09143732703025531,0.38290675799320895,0.0,4.7511838216515825,0.9855973906750203,-1.5663554735047065,-0.33788387672156195,-0.05048069286051605,0.16290924510143912,-0.004502713503603084,26.213612156823256,1.0419857211509476,3.785138372873654,-0.04197022205068546
3938,16.1060664,0.07178539213452677,-0.3175074966658128,0.012074816565417583,0.025341187821243727,0.7488114095257119,0.058492138173673165,-0.34022662070474785,0,0.0035675000000000004,1,Shared Control,0.01,Good Visuals,-0.087381279140853,0.3827686554497505,0.0,4.751436356022766,0.9856021281791646,-1.565550843354915,-0.33707924657177046,-0.0459755213580008,0.22182619297865047,-0.004535025922381825,26.214861627126346,1.0419702220506855,3.7839136544946017,-0.04195508469859198
3939,16.1096556,0.07052875507309085,-0.31751376789983865,0.012036616899417686,0.0227128528049092,0.7659422663986317,0.057275739683033886,-0.33758285992800896,0,0.0035892000000000003,1,Shared Control,0.01,Good Visuals,-0.08235215212471861,0.3826368851488261,0.0,4.75168342720719,0.9856067734646231,-1.5644289041220014,-0.3359573073388568,-0.03980413643772443,0.28623089341369234,-0.0046218613015472625,26.2160863455054,1.0419550846985919,3.7827496774761125,-0.04194064142049873
3940,16.1133469,0.06942919764433443,-0.3172055402468322,0.012153457961300546,0.020377319681176786,0.7752129527884659,0.056034646324659945,-0.33485877193994107,0,0.0036913000000000002,1,Shared Control,0.01,Good Visuals,-0.0795830670314917,0.38252835091792187,0.0,4.751918724482867,0.9856111867586855,-1.563307301502878,-0.33483570471973334,-0.03764477297309795,0.3275612917623494,-0.004605653598122905,26.21725032252389,1.0419406414204988,3.7818152060008368,-0.04192874503665054
3941,16.116819200000002,0.068329640215578,-0.3171506374833346,0.012294993890918052,0.01770813445660646,0.7799781459156585,0.05487637089726714,-0.33229235663485673,0,0.0034723,1,Shared Control,0.01,Good Visuals,-0.07783875742589609,0.3824177986464816,0.0,4.752110169295079,0.9856147211770918,-1.5620530467925537,-0.33358145000940914,-0.03630862977537554,0.35025264181072924,-0.004649042231886586,26.218184793999164,1.0419287450366506,3.7808263924563876,-0.041916627456368406
3942,16.120191600000002,0.06754424205218054,-0.31025401530592367,0.012667871154913399,0.022038341328933064,0.8097124063384981,0.053759955397709294,-0.32979682314370107,0,0.0033724000000000002,1,Shared Control,0.01,Good Visuals,-0.07588307182399706,0.38231733525113276,0.0,4.752308774430731,0.9856184747966781,-1.560786219654851,-0.33231462287170627,-0.03441807880681913,0.3733539057802231,-0.004701824498136821,26.219173607543613,1.0419166274563685,3.779946598695395,-0.041905615712849294
3943,16.124379100000002,0.06581636609270616,-0.30108976654355657,0.012056410694996869,0.028707056600144498,0.8495548047251454,0.05238542452555443,-0.3266950548185008,0,0.0041875,1,Shared Control,0.01,Good Visuals,-0.08192536821450479,0.3821350952567551,0.0,4.752487426970903,0.9856218079250105,-1.5594701561354558,-0.3309985593523111,-0.044913857966137914,0.28743169882175823,-0.004843146743251181,26.220053401304604,1.0419056157128492,3.778211702251004,-0.04188564047639582
3944,16.1280557,0.06503096792930871,-0.2979944785432437,0.012645543403754275,0.028700576275257128,0.8845686800487043,0.051189306903543966,-0.32396980158127725,0,0.0036766000000000004,1,Shared Control,0.01,Good Visuals,-0.0855965017277872,0.3819786508059625,0.0,4.752825033972671,0.9856284310460377,-1.5585475876012491,-0.3300759908181044,-0.0539457173924859,0.2682197157246966,-0.0046071776493871895,26.221788297748997,1.0418856404763959,3.776863077658911,-0.041868492676830266
3945,16.131613400000003,0.06393141050055229,-0.2933431429398074,0.012742103597008322,0.03062665864146985,0.94397313020277,0.050041412072751645,-0.3213317498006997,0,0.0035577,1,Shared Control,0.01,Good Visuals,-0.08839379734274021,0.3817892004058645,0.0,4.7531011550015965,0.9856335327008866,-1.5577541999768487,-0.329282603193704,-0.059992521576909624,0.22217519585562195,-0.004830327608074296,26.22313692234109,1.0418684926768302,3.7751283723790503,-0.04184772711134018
3946,16.1351881,0.06283185307179585,-0.29082792817113123,0.012790440999044209,0.03050382162956844,0.9901576686767207,0.048897485548780165,-0.3186808721561818,0,0.0035747,1,Shared Control,0.01,Good Visuals,-0.09075575787689646,0.38158330983069527,0.0,4.753445421416932,0.9856401322736097,-1.5570690911596632,-0.32859749437651853,-0.06733294820085714,0.19962378123120006,-0.004864797543790498,26.22487162762095,1.0418477271113402,3.7732766963490225,-0.04182515954631917
3947,16.1387514,0.061732295643039434,-0.2956436022625151,0.012834810094259269,0.023037269893666668,1.0056702231191,0.04776663729837014,-0.3160388998252467,0,0.0035633,1,Shared Control,0.01,Good Visuals,-0.09086941219270908,0.3813523709699521,0.0,4.753816297404589,0.9856471653150778,-1.5563121242853704,-0.3278405275022256,-0.07078374284971896,0.20750188440047146,-0.004880618810609514,26.226723303650978,1.0418251595463193,3.7711878631860825,-0.041799846450994556
3948,16.142530100000002,0.06047565858160352,-0.3016172755653006,0.012709021283233375,0.014421624259946086,1.0183774274307744,0.04657771267310116,-0.31323843513591076,0,0.0037787000000000003,1,Shared Control,0.01,Good Visuals,-0.08372648616785434,0.38113200313703693,0.0,4.754233454197255,0.9856551034157387,-1.5551103712410541,-0.32663877445790934,-0.06220059674426747,0.3045419640445657,-0.004894585260394847,26.228812136813918,1.0417998464509945,3.7692426433738784,-0.04177569204084846
3949,16.1471662,0.05859070298944964,-0.2864941902989706,0.012012990316348483,0.026744244836940156,1.1182893795934863,0.04513346752290027,-0.30980531204256384,0,0.004636100000000001,1,Shared Control,0.01,Good Visuals,-0.07785292812760367,0.38078615863020804,0.0,4.754898934840753,0.9856674085667277,-1.5523492497250813,-0.32387765294193643,-0.057908210388641294,0.36608454288669345,-0.005055403669226334,26.232064412160472,1.041758543955618,3.766197498750106,-0.04173778419398075
3950,16.153122200000002,0.057648225193372704,-0.2831744347943144,0.012514757670472436,0.02663087724824942,1.1335808012591888,0.043301386569818696,-0.3054012463462896,0,0.005956,1,Shared Control,0.01,Good Visuals,-0.08348580144700808,0.3805807991475297,0.0,4.7552434946967885,0.9856740227312565,-1.5512174425018734,-0.3227458457187287,-0.07090013498174738,0.32830748483139116,-0.004574380436224226,26.233802501249894,1.0417377841939808,3.764350483385364,-0.041715274841747335
3951,16.1574485,0.05639158813193679,-0.2877021262234602,0.013090201562118091,0.017699120122829426,1.1318008449134718,0.0419870382763208,-0.3022081719454969,0,0.0043263,1,Shared Control,0.01,Good Visuals,-0.08576490051842543,0.3803189314250086,0.0,4.755613439906754,0.9856810385499447,-1.5500611273664435,-0.32158953058329875,-0.07538001977156823,0.29133664283950256,-0.0047628764753660765,26.235649516614636,1.0417152748417473,3.7619421330717526,-0.04168657164904393
3952,16.1605075,0.05529203070318035,-0.293713453029304,0.013304992426859556,0.008494718916192856,1.131052294170726,0.041066031972975106,-0.2999540496842301,0,0.003059,1,Shared Control,0.01,Good Visuals,-0.07970403074137616,0.38009746481919493,0.0,4.756090354888579,0.985690205341685,-1.5487582765943888,-0.3202866798112441,-0.06720678653724209,0.3621041612158531,-0.004978451470242731,26.238057866928248,1.041686571649044,3.7600298554503278,-0.04166229680293902
3953,16.1641802,0.054663712172462395,-0.29191372608176036,0.013597680199487289,0.008040323602469757,1.1552682924163928,0.03996935391158819,-0.29725215986864906,0,0.0036727,1,Shared Control,0.01,Good Visuals,-0.0716581740279546,0.3799177618465491,0.0,4.756481574513466,0.9856974413355403,-1.5471829267442092,-0.3187113299610644,-0.056385738332952066,0.4602517968270672,-0.005057193890887905,26.239970144549673,1.041662296802939,3.758481173873503,-0.04164259964819398
3954,16.1675891,0.05340707511102648,-0.2814944850347867,0.013437721199438285,0.015757674833862367,1.1989511577477519,0.038960318689698875,-0.2947491264131441,0,0.0034089000000000003,1,Shared Control,0.01,Good Visuals,-0.07260680143480172,0.3797157494725411,0.0,4.756798731390446,0.9857033004981489,-1.5456349245965784,-0.3171633278134336,-0.05937434554406094,0.4329591507609756,-0.005166000227694347,26.241518826126498,1.041642599648194,3.756646841157405,-0.041620457170901244
3955,16.1714454,0.05262167694762903,-0.27648905147381475,0.013661358257930155,0.01826007493932935,1.213075147145305,0.03782912771645346,-0.2919236580507258,0,0.0038563000000000004,1,Shared Control,0.01,Good Visuals,-0.0794579502923082,0.37948148141082344,0.0,4.757164355147392,0.9857102746246201,-1.5444216964325257,-0.3159500996493809,-0.07265789670758638,0.35379335240075127,-0.0051025143764477626,26.243353158842595,1.0416204571709013,3.7545177483459473,-0.04159477916348971
3956,16.175367700000002,0.05152211951887261,-0.27297993484848626,0.013692991802419147,0.018943723202239526,1.2336400710252113,0.03668973995878282,-0.28905699608575397,0,0.0039223,1,Shared Control,0.01,Good Visuals,-0.08299441285242057,0.3791796661954691,0.0,4.757588544040245,0.9857183701746369,-1.543208052073245,-0.3147364552901002,-0.07898472027522395,0.30357046431394163,-0.005184232469803322,26.245482251654053,1.0415947791634896,3.751738891305244,-0.041561697345678286
3957,16.1786588,0.050422562090116176,-0.27114527157501955,0.013732822131333353,0.017911724510734417,1.2513244579860854,0.035742374301826994,-0.2866576284803044,0,0.0032911000000000004,1,Shared Control,0.01,Good Visuals,-0.08382652835232951,0.3788977988904249,0.0,4.7581385376878425,0.9857289489316278,-1.5421451971061955,-0.31367360032305064,-0.08217540524003578,0.29684540344911103,-0.005192104060858587,26.248261108694756,1.0415616973456783,3.7492599794952666,-0.0415308020085379
3958,16.1822662,0.04963716392671873,-0.27269756495847225,0.013894789624891733,0.013960063521832156,1.2563907601927289,0.03471301939456197,-0.2840343117629066,0,0.0036074,1,Shared Control,0.01,Good Visuals,-0.08300584233674815,0.3786255065857581,0.0,4.758640868848117,0.9857383462648747,-1.5410755306120711,-0.3126039338289264,-0.08284590209309056,0.3126948357472694,-0.005203336078115921,26.250740020504733,1.0415308020085379,3.7468428934919427,-0.041500956182495406
3959,16.1856078,0.0485376064979623,-0.272281598179479,0.01382458710340033,0.01175271358342761,1.2695983591371705,0.03376794131353611,-0.2816108110886677,0,0.0033416,1,Shared Control,0.01,Good Visuals,-0.07988818476110839,0.3783513332954172,0.0,4.759128319819837,0.9857475173967725,-1.5398335115356554,-0.31136191475251074,-0.07920580008378467,0.3488523653668627,-0.005260921760627168,26.253157106508056,1.0415009561824955,3.7443948216620475,-0.0414709041825352
3960,16.190851000000002,0.046652650905808425,-0.2728683836905538,0.012884709592272316,0.008742427398113928,1.2704638697880264,0.032301340826106056,-0.27782151273757494,0,0.0052432,1,Shared Control,0.01,Good Visuals,-0.07388823810125149,0.37781192234422134,0.0,4.7601037772728105,0.9857659144865052,-1.5368068104931378,-0.3083352137099933,-0.07302900072957691,0.428567334787358,-0.00522780592405285,26.25800382079175,1.041441345132578,3.739589765964295,-0.04141177961258268
3961,16.196478000000003,0.04571017310973149,-0.27082013316273734,0.013408832283625431,0.007001379574837596,1.267530814501762,0.030749436472801678,-0.2737739747607661,0,0.005627,1,Shared Control,0.01,Good Visuals,-0.06995685856734087,0.37762279748379785,0.0,4.760587836598351,0.9857750498593135,-1.5353069984723091,-0.3068354016891646,-0.06883943215124745,0.492258113702454,-0.004867996899903432,26.260410234035703,1.0414117796125826,3.73801197022671,-0.04139104972933674
3962,16.1999017,0.04461061568097505,-0.27407246251237577,0.013861179208173376,-0.00029848775160967733,1.2323121819334233,0.0298163171171194,-0.271321446843878,0,0.0034237,1,Shared Control,0.01,Good Visuals,-0.07074015900011445,0.37736229585301867,0.0,4.760916587103298,0.9857810012358925,-1.5334506372468701,-0.3049790404637256,-0.07029827590053392,0.4700957799486072,-0.005063480757933697,26.261988029773292,1.0413910497293368,3.735583129679499,-0.041362496273279536
3963,16.2036084,0.04382521751757761,-0.2746613205650569,0.014008900400458213,-0.0033398737211788876,1.206536680989265,0.028815517287470983,-0.2686751843768834,0,0.0037067000000000003,1,Shared Control,0.01,Good Visuals,-0.06570429311405739,0.37714704997852094,0.0,4.761394282605617,0.9857902588108877,-1.5315833409843123,-0.30311174420116765,-0.06183801669978166,0.5204136625394946,-0.005230686409226432,26.264416870320503,1.0413624962732795,3.73373151224611,-0.041338903278484905
3964,16.208013400000002,0.042725660088821185,-0.2659376942188141,0.013910142801350202,0.0027374901580693445,1.2105839148415671,0.027638907005221758,-0.26554290226653965,0,0.004405,1,Shared Control,0.01,Good Visuals,-0.06341477771954879,0.37689755021601495,0.0,4.761773885885485,0.9857972642635414,-1.5292198752278903,-0.30074827844474566,-0.05774246964274726,0.5362737693823725,-0.005283415459475736,26.26626848775389,1.041338903278485,3.7314535879045003,-0.04131155573181623
3965,16.211489500000003,0.04162610266006476,-0.2595802573348289,0.013987195654843,0.0059626449317107255,1.1977228618384708,0.026720134826623693,-0.2630809706064117,0,0.0034761,1,Shared Control,0.01,Good Visuals,-0.06894188763962793,0.3766627479344983,0.0,4.76222671131477,0.9858059306187216,-1.527565911928401,-0.29909431514525636,-0.06690625793203514,0.4588097587975539,-0.005242698744983827,26.2685464120955,1.0413115557318162,3.729381624423347,-0.04128581916883439
3966,16.215191500000003,0.0409977841293468,-0.25728949051794464,0.014277649302723107,0.0057914800884670825,1.1792714916067795,0.02575104733883597,-0.26046879650277477,0,0.0037020000000000004,1,Shared Control,0.01,Good Visuals,-0.07249411738875165,0.376420951865677,0.0,4.762645882733467,0.9858137889387525,-1.5261567015159512,-0.29768510473280657,-0.07223465990935796,0.4120980268013221,-0.005268455551250639,26.270618375576653,1.0412858191688343,3.72721212615882,-0.04125931602025431
3967,16.2186342,0.039741147067910876,-0.2560961726977654,0.013990099729074907,0.004372623805009357,1.1654771574280565,0.024858499684051166,-0.258048770676476,0,0.0034427000000000004,1,Shared Control,0.01,Good Visuals,-0.073714969183733,0.37615993017020233,0.0,4.763081028564394,0.9858220299861401,-1.5247874020051377,-0.29631580522199313,-0.07337953308938587,0.3846346940487202,-0.005374406340935351,26.27278787384118,1.0412593160202543,3.724856747265248,-0.04123070556016076
3968,16.222526300000002,0.03911282853719292,-0.2584759709491904,0.014254328853141752,-0.00042720027271436756,1.1389654127477435,0.02385945500507722,-0.2553236658014301,0,0.0038921000000000003,1,Shared Control,0.01,Good Visuals,-0.0709532366807558,0.375917149510046,0.0,4.763552079835843,0.9858309819088004,-1.5232595230128245,-0.29478792622967986,-0.06995146196630775,0.4310198014876139,-0.005262514937162984,26.27514325273475,1.0412307055601608,3.7227155420848406,-0.041204094491007065
3969,16.226351,0.0380132711084365,-0.2564008054396304,0.014153816103359276,-0.0010771396382002751,1.1340837483916868,0.022888021610999322,-0.2526570895993018,0,0.0038247000000000003,1,Shared Control,0.01,Good Visuals,-0.06748626373020106,0.375667601964243,0.0,4.7639853944309305,0.9858391028304284,-1.5214545515635078,-0.2929829547803632,-0.06394699775403798,0.46141710959576243,-0.00535844667065185,26.277284457915158,1.041204094491007,3.720476085002657,-0.04117674170683463
3970,16.229623800000002,0.03722787294503905,-0.25116454560366974,0.014339851334039727,0.001492543995632034,1.1379370126767714,0.022064846934971856,-0.25038431493835,0,0.0032728,1,Shared Control,0.01,Good Visuals,-0.06637303482204723,0.3754455650993988,0.0,4.764434543145609,0.9858476101599444,-1.519769054386892,-0.2912974576037475,-0.06314472995063414,0.47481468719807496,-0.005317130154191865,26.27952391499734,1.0411767417068347,3.718531011213605,-0.04115240435491692
3971,16.2332645,0.036285395148962105,-0.24855906546526818,0.014220548213990249,0.0018252494730818247,1.1292873255667566,0.021157860304867424,-0.2478659049485482,0,0.0036407,1,Shared Control,0.01,Good Visuals,-0.06979837945678065,0.3752081061642275,0.0,4.7648295599439265,0.9858549828031767,-1.518322470696247,-0.28985087391310244,-0.06891065682711409,0.4213023330163739,-0.005383833587549913,26.281468988786393,1.041152404354917,3.716386473695126,-0.041126376597430236
3972,16.2366214,0.03549999698556466,-0.24709659359770197,0.014342136680697233,0.0007693113508462357,1.1184942255602202,0.020329683736750905,-0.24555305639626304,0,0.0033569000000000003,1,Shared Control,0.01,Good Visuals,-0.06956403126465402,0.3749608504279904,0.0,4.765258278244501,0.9858631344917891,-1.5167903374292129,-0.2883187406460683,-0.06904559236794319,0.4258054769146009,-0.005335664963988369,26.283613526304872,1.0411263765974303,3.7141662323928406,-0.04109927501738092
3973,16.241112,0.034400439556808236,-0.24464087989403843,0.014070755820057332,0.0009121765022246098,1.1124732846923564,0.0192339247228398,-0.2424730372479512,0,0.0044906,1,Shared Control,0.01,Good Visuals,-0.06910881238897609,0.37465841170557473,0.0,4.76570344584354,0.9858715696628947,-1.5149228198193343,-0.28645122303618975,-0.06847823087761659,0.4244261743775275,-0.00537773976674871,26.28583376760716,1.0410992750173809,3.711390692820794,-0.04106612485726613
3974,16.2445683,0.03345796176073129,-0.24385418400083025,0.01422403703789149,-0.0013811467528790644,1.100246191170453,0.018399945863166407,-0.24011330435903164,0,0.0034563000000000003,1,Shared Control,0.01,Good Visuals,-0.06796409172820957,0.37442033119764717,0.0,4.76625378679003,0.9858821353874476,-1.5133485087294105,-0.28487691194626585,-0.0676873603660391,0.44076126600702126,-0.005271727027039651,26.288609307179208,1.0410661248572661,3.7093552272580825,-0.04104002896949432
3975,16.248234,0.03282964323001333,-0.24247817771494973,0.014429697366846926,-0.00236487335591809,1.0930925531269349,0.01752433389073669,-0.23762094636522815,0,0.0036657,1,Shared Control,0.01,Good Visuals,-0.06643966744918181,0.3741949556910669,0.0,4.766672486205676,0.9858898334066261,-1.5117793635270063,-0.2833077667438617,-0.06565334412200903,0.4550357274110206,-0.005325768658694932,26.290644772741917,1.0410400289694943,3.7073514644037613,-0.04101532567069245
3976,16.251617300000003,0.031730085801256906,-0.23967157722755822,0.014205751910520217,-0.002050630862330066,1.0900079415528308,0.016724268932592105,-0.2353300216662158,0,0.0033833,1,Shared Control,0.01,Good Visuals,-0.06645594613425268,0.37395810848922306,0.0,4.767076326828546,0.9858974395854583,-1.5102010254348235,-0.28172942865167905,-0.0657916339578139,0.44275642172988205,-0.00539951996682279,26.29264853559624,1.0410153256706924,3.70521835931395,-0.04098936496499593
3977,16.2553498,0.031101767270538948,-0.23984467711727225,0.014377498337946843,-0.0045146554510564485,1.0733418389697913,0.01585060023522921,-0.23281309989842547,0,0.0037325,1,Shared Control,0.01,Good Visuals,-0.06570424200472413,0.37372914572213417,0.0,4.767503386804783,0.985905546399657,-1.5085984712237845,-0.28012687444064005,-0.06572835299686251,0.4573760520118215,-0.005312356114125307,26.29478164068605,1.040989364964996,3.7031834103180623,-0.04096426846832812
3978,16.2589827,0.03015928947446201,-0.2364798810448418,0.0143086892392328,-0.0036667811464163313,1.0752086289174312,0.015009247482405497,-0.23037381370023458,0,0.0036329,1,Shared Control,0.01,Good Visuals,-0.06409961105182696,0.37348143758181296,0.0,4.767913594107626,0.985913270942532,-1.506779260003857,-0.27830766322071254,-0.06303971584057119,0.46584329097805366,-0.005373290171462278,26.29681658968194,1.040964268468328,3.7009428310045474,-0.0409371173004889
3979,16.2627123,0.029373891311064562,-0.23072964838697219,0.014364643828659065,-0.00035583468673761054,1.0834870387077578,0.014154698625559476,-0.22788026123798397,0,0.0037296,1,Shared Control,0.01,Good Visuals,-0.06461383894296287,0.3732488037253045,0.0,4.768361184787481,0.9859217897731194,-1.505147979520051,-0.27667638273690653,-0.06485510889279693,0.4554105203255161,-0.0053440298269800835,26.299057168995454,1.0409371173004889,3.698884885386577,-0.0409116184175093
3980,16.2663307,0.028745572780346604,-0.22436904525790324,0.014590874154787128,0.003511215980080723,1.09337686787708,0.013334498038717477,-0.2254712786466595,0,0.0036184000000000003,1,Shared Control,0.01,Good Visuals,-0.06815095573721967,0.3730044040908437,0.0,4.768777040637574,0.9859295984952703,-1.5037683759380873,-0.27529677915494283,-0.07117337978431121,0.4039006885744443,-0.005361586124987074,26.301115114613424,1.0409116184175093,3.696681962041396,-0.04088482989337568
3981,16.2696246,0.02780309498426967,-0.21856504598750187,0.014468596945552192,0.0069062326591576295,1.1027433489845269,0.012595417857482218,-0.2232869906372755,0,0.0032939,1,Shared Control,0.01,Good Visuals,-0.07304889949752755,0.3727143742411852,0.0,4.769217909600949,0.9859379717517652,-1.5025784351151132,-0.27410683833196886,-0.07931748851873559,0.3323021650908937,-0.005442460319270865,26.303318037958604,1.0408848298933757,3.69402814235954,-0.040853039863721234
3982,16.274180700000002,0.02638937829015426,-0.21585539045801044,0.013793960432672041,0.007431600179265058,1.0902249911490929,0.011584957984361823,-0.2202791009089463,0,0.0045561,1,Shared Control,0.01,Good Visuals,-0.07371101837119902,0.3720868596790879,0.0,4.7703718077225155,0.9859600833473833,-1.5002362424973343,-0.27176464571418996,-0.08200517896400643,0.33017825044146787,-0.00537041444968009,26.30912755455029,1.0408152204556516,3.6884339620200945,-0.04078425830016437
3983,16.280455500000002,0.025761059759436305,-0.20811860706376273,0.014176101775074482,0.012160493845183584,1.102902071379181,0.010215684213350104,-0.2161614850569368,0,0.0062748000000000005,1,Shared Control,0.01,Good Visuals,-0.07313653436946917,0.3718378624010105,0.0,4.770870914707724,0.9859693156056706,-1.4991486418912112,-0.2706770451080668,-0.08206984776365435,0.3460500194480187,-0.005132551419930532,26.311566037979905,1.0407842583001643,3.6862442813471006,-0.04075696583056761
3984,16.2837888,0.024818581963359364,-0.20642492985445082,0.01460289775000926,0.00973655520248598,1.0847774965264363,0.00949878175653026,-0.21398559756395832,0,0.0033333000000000004,1,Shared Control,0.01,Good Visuals,-0.07962861872254684,0.3715179773723637,0.0,4.771314781121035,0.9859776204078003,-1.4982598452230764,-0.2697882484399319,-0.09264541508602092,0.25534997791676806,-0.005271211381222866,26.3137557186529,1.0407569658305675,3.68328404128875,-0.04072190338937864
3985,16.2872382,0.02403318379996192,-0.2155394763110366,0.01453440204343166,-0.001553878747078269,1.0322235954752408,0.008764531570428925,-0.21174209401708283,0,0.0034494,1,Shared Control,0.01,Good Visuals,-0.07928369329314061,0.37119664551711906,0.0,4.771899326932445,0.9859888994576813,-1.4973698190527993,-0.2688982222696548,-0.09197378527089745,0.26032530061630066,-0.005425239035858881,26.31671595871125,1.0407219033893786,3.680412995448605,-0.04068668236223548
3986,16.291413000000002,0.023090706003884978,-0.22321919663202267,0.014326174433456053,-0.011477102614939838,0.991255320530559,0.007886200034919657,-0.20903764038211115,0,0.0041748,1,Shared Control,0.01,Good Visuals,-0.06783296879618793,0.37082630573365855,0.0,4.772476551158049,0.9859998047300236,-1.4953270366702405,-0.2668554398870961,-0.07340193513362045,0.4118429835202373,-0.005395121283118993,26.319587004551394,1.0406866823622354,3.6770318463569747,-0.040646089600103255
3987,16.2955989,0.022305307840487527,-0.22203628421472743,0.01441910780556787,-0.012998643832616286,0.9689777098415274,0.007016844423922832,-0.2063375942247091,0,0.0041859,1,Shared Control,0.01,Good Visuals,-0.057064394258572966,0.3706220763535656,0.0,4.773148840266478,0.9860126726759576,-1.4933703142624875,-0.2648987174793431,-0.0567010538933928,0.5446080903317574,-0.005312522340454497,26.322968153643025,1.0406460896001033,3.6754293913289793,-0.040623704117860274
3988,16.2991639,0.021676989309769572,-0.21635360098509476,0.01466014488584674,-0.010016006760385665,0.9470499069354991,0.006285336408487847,-0.20404692159938204,0,0.003565,1,Shared Control,0.01,Good Visuals,-0.05601262049673537,0.37043326368735663,0.0,4.773494109363046,0.98601868321473,-1.4915020546622115,-0.2630304578790672,-0.0547823272729006,0.5469144028910724,-0.0053440396740654685,26.32457060867102,1.0406237041178603,3.6737428070935163,-0.04060300845406916
3989,16.3027175,0.020734511513692634,-0.2127465824652991,0.014449175105204787,-0.008699660865917058,0.9151552826629835,0.005564280640731334,-0.20177143359955924,0,0.0035536,1,Shared Control,0.01,Good Visuals,-0.060109053187169435,0.37020998142720424,0.0,4.773833253101264,0.9860250896823364,-1.4897661620145615,-0.2612945652314172,-0.06010053048977809,0.47934297444358065,-0.005430605316193718,26.326257192906482,1.0406030084540692,3.671696870282709,-0.04057853459498219
3990,16.3075051,0.019477874452256717,-0.21016523548854255,0.013913593811525383,-0.00839380188898331,0.8558694349986619,0.004605595067220258,-0.19871771968943275,0,0.0047876,1,Shared Control,0.01,Good Visuals,-0.057953147604296484,0.36980646034384557,0.0,4.774621278998241,0.9860400679488444,-1.4863958901670384,-0.2579242933838941,-0.05480466700526601,0.4968069698371713,-0.005380459774258451,26.330196720488466,1.0405551583991817,3.668128407449533,-0.04053430484683291
3991,16.313048000000002,0.01869247628885927,-0.20436198060237243,0.014086881221639012,-0.00564426091293968,0.8427336575282929,0.0035138836577130496,-0.19519855753058096,0,0.005542900000000001,1,Shared Control,0.01,Good Visuals,-0.058160184350029,0.36962155360145005,0.0,4.774960629686809,0.9860464217438462,-1.4846881185174672,-0.2562165217343229,-0.05504412209710869,0.4950062752380353,-0.005145336878102237,26.331871592550467,1.040534304846833,3.6664768255479427,-0.04051403730943639
3992,16.3166529,0.01806415775814131,-0.2018186605101454,0.014550274100428261,-0.006620102979564446,0.8158587026310402,0.0028143237139625805,-0.19291871959035636,0,0.0036049000000000003,1,Shared Control,0.01,Good Visuals,-0.06170344318424635,0.3694090814961997,0.0,4.7752927573797175,0.986052695536373,-1.4831108293232589,-0.2546392325401147,-0.06029394945366837,0.441261489497325,-0.005206814922541304,26.333523174452058,1.0405140373094364,3.6645360922500587,-0.04049074834612932
3993,16.3202137,0.01743583922742335,-0.1977270966234746,0.014621515513460769,-0.004808377033118233,0.8017203258588786,0.0021313783774546645,-0.190673288528834,0,0.0035608000000000002,1,Shared Control,0.01,Good Visuals,-0.06295961296916461,0.3691950434782524,0.0,4.775678573465745,0.9860600825175836,-1.4817007677513734,-0.2532291709682293,-0.061213191904319494,0.41062977136359713,-0.0053750033909571475,26.33546390774994,1.0404907483461294,3.662618697266597,-0.04046728774389911
3994,16.3244568,0.016336281798666922,-0.19414551804749236,0.014204903421212257,-0.0034722295186583596,0.7882566918300382,0.0013279951477459112,-0.18800561289381088,0,0.0042431000000000005,1,Shared Control,0.01,Good Visuals,-0.06509190401427117,0.36886812747773545,0.0,4.776063578093875,0.9860673681465809,-1.4798249429896062,-0.25135334620646216,-0.06424881149244004,0.37723218472572473,-0.00539819105571009,26.3373813027334,1.0404672877438992,3.6595389530011326,-0.04043145464132989
3995,16.328567200000002,0.015865042900628453,-0.1913109571558686,0.014537047752882542,-0.0033053442620577245,0.7801310319796574,0.0005605145106179175,-0.18542917639700948,0,0.0041104,1,Shared Control,0.01,Good Visuals,-0.06442819070459405,0.3686396922821638,0.0,4.776666319250589,0.9860791221661438,-1.4784203292556037,-0.2499487324724597,-0.06400308493017041,0.3912355116713455,-0.005239736125984644,26.34046104699887,1.0404314546413298,3.657632826852115,-0.04040641597151747
3996,16.332374,0.015236724369910495,-0.18347005186427517,0.014676209859292577,0.0019591245327343076,0.7956579360028099,-0.0001408457950436287,-0.18304943312020697,0,0.0038068000000000004,1,Shared Control,0.01,Good Visuals,-0.06618504695408226,0.36840677708232733,0.0,4.777063602300002,0.9860863173994712,-1.477198033003589,-0.24872643622044496,-0.06657530544948244,0.3554426695401631,-0.005358932810313741,26.342367173147885,1.0404064159715174,3.6555287646814603,-0.040380886250633595
3997,16.3356806,0.014294246573833559,-0.18209499579621863,0.014435092368877188,0.0009544373239883386,0.7804474207546814,-0.0007427061288142432,-0.18098702807968464,0,0.0033066000000000003,1,Shared Control,0.01,Good Visuals,-0.07204724348882241,0.3681264859539571,0.0,4.7774842816866725,0.9860943186806377,-1.476215856243207,-0.24774425946006295,-0.07667044849267493,0.2759466075863266,-0.005406815174045855,26.34447123531854,1.0403808862506336,3.6529541102959677,-0.04035016367744583
3998,16.3409115,0.012880529879718152,-0.18881037761150582,0.013623236008532396,-0.007823349531821178,0.7438859654165358,-0.0016809149450417032,-0.17773248416555126,0,0.0052309,1,Shared Control,0.01,Good Visuals,-0.06127393815013846,0.36752848030933816,0.0,4.7784678632916675,0.9861130251591982,-1.4728059261443387,-0.24433432936119454,-0.05984539734579436,0.41972688828023896,-0.005358175241815715,26.34939033652091,1.0403211932945715,3.647523247843685,-0.04028461657186912
3999,16.3480789,0.012252211349000192,-0.182176884253742,0.013933126294041896,-0.0044444000881907475,0.7624547526703757,-0.002938855454561299,-0.17328728801672016,0,0.007167400000000001,1,Shared Control,0.01,Good Visuals,-0.05739170288022816,0.367345658048069,0.0,4.779077579609644,0.9861247868959625,-1.4711784794092277,-0.24270688262608364,-0.05581069232867361,0.47365951718934896,-0.005006927227111365,26.352476752156313,1.040284616571869,3.6460896291757243,-0.04026457751342708
4000,16.351633200000002,0.011466813185602744,-0.18145652784380922,0.014405668640164043,-0.008169239827089059,0.7539946293503659,-0.003550861343674723,-0.17108815640862687,0,0.0035543000000000003,1,Shared Control,0.01,Good Visuals,-0.06220904047274043,0.36712154021570625,0.0,4.77938662596584,0.9861301655856443,-1.4697539712035408,-0.24128237442039663,-0.06455592143667867,0.40010903735275827,-0.005118273447151673,26.353910370824277,1.0402645775134272,3.644009784112206,-0.040240012067679715
4001,16.355343700000002,0.010995574287564275,-0.1833039914054232,0.014546435631238998,-0.012215834996796321,0.7437773164063268,-0.004181429613197445,-0.16879552229504957,0,0.0037105000000000003,1,Shared Control,0.01,Good Visuals,-0.060800170332199754,0.3668975201813439,0.0,4.779796803917814,0.9861380939805278,-1.4683040380227388,-0.23983244123959457,-0.06297913310576563,0.4109322017917585,-0.005288631259014122,26.355990215887793,1.0402400120676798,3.642004978971538,-0.04021545734152323
4002,16.3592404,0.010367255756846317,-0.17839420819659874,0.014548685370043762,-0.009598685901549164,0.7614557071644454,-0.004834488998303691,-0.16639081022317959,0,0.0038967000000000003,1,Shared Control,0.01,Good Visuals,-0.05748827254972858,0.36666686497027645,0.0,4.7801996045428155,0.9861457121340376,-1.466578690051731,-0.2381070932685867,-0.058213745006133924,0.4432379312048147,-0.0053370511605791305,26.35799502102846,1.0402154573415232,3.63992619572687,-0.04019017533690053
4003,16.362726900000002,0.009738937226128359,-0.17079579067689482,0.01457342622443205,-0.004404980453715235,0.7810764807617924,-0.00541086305750995,-0.16424139468428742,0,0.0034865,1,Shared Control,0.01,Good Visuals,-0.0600858957137889,0.36643306563352335,0.0,4.780615757359708,0.9861536164636084,-1.4651332370119825,-0.23666164022883826,-0.0638127935389626,0.40165977707184,-0.005334520854072872,26.36007380427313,1.0401901753369005,3.637824566760074,-0.040164548706202605
4004,16.3664476,0.00895353906273091,-0.17147905154253534,0.01436440212024086,-0.007237656858247926,0.7673400636100478,-0.006017691585458482,-0.16194939434187106,0,0.0037207000000000004,1,Shared Control,0.01,Good Visuals,-0.0653320681735672,0.3661766026250711,0.0,4.781037053252986,0.986161605922083,-1.4640040324346066,-0.23553243565146242,-0.07338414996318716,0.3295408210400521,-0.00534018524820262,26.362175433239926,1.0401645487062026,3.6354931146795577,-0.040136437921559
4005,16.3697315,0.008325220532012952,-0.18005233884372948,0.014342912117471435,-0.018102944501858426,0.7324122719292521,-0.006546197337140087,-0.15992764536471407,0,0.0032839,1,Shared Control,0.01,Good Visuals,-0.061545850027830695,0.3659313799020968,0.0,4.781501727421446,0.9861704779970885,-1.4626287758776761,-0.234157179094532,-0.06826239519241863,0.38483785452496777,-0.005259907967130167,26.36450688532044,1.040136437921559,3.6333088250362318,-0.04010955917909688
4006,16.3742345,0.007853981633974482,-0.18213564083730496,0.014400178971114569,-0.02220799547259089,0.7245601659917047,-0.007260111971997375,-0.15715652772486666,0,0.004503,1,Shared Control,0.01,Good Visuals,-0.05073422950404832,0.365724477766012,0.0,4.781941671151209,0.9861787751884904,-1.460543699003072,-0.23207210221992775,-0.051532569485333295,0.5211259090260774,-0.005248521622960827,26.36669117496377,1.040109559179097,3.6315006344158354,-0.04008688073737976
4007,16.3771914,0.007068583470577034,-0.17716587454571991,0.014328695442574408,-0.020009346820853258,0.7248075717407009,-0.007722118356544717,-0.15533724466054036,0,0.0029569,1,Shared Control,0.01,Good Visuals,-0.046964906536440344,0.36556571948285116,0.0,4.782309492520254,0.9861856320234692,-1.4586630036068733,-0.23019140682372893,-0.0463031538296093,0.5525281732765748,-0.005266497933947984,26.368499365584164,1.0400868807373798,3.6301351161066853,-0.04006947931978252
4008,16.3806388,0.006597344572538565,-0.17526860479860298,0.014319462929083282,-0.019931360138062626,0.6994451747379012,-0.008253971934265338,-0.15321617435898446,0,0.0034474,1,Shared Control,0.01,Good Visuals,-0.04879523598288821,0.36538585941519947,0.0,4.782589598604814,0.9861908026792298,-1.456786681920959,-0.2283150851378146,-0.05014228738468991,0.5243465475951128,-0.005238079858715364,26.369864883893314,1.0400694793197824,3.628488047693412,-0.04004976494593089
4009,16.3841994,0.006126105674500096,-0.16976642911791823,0.014380077608765434,-0.016550254758933763,0.6930857522717254,-0.008795612799010512,-0.15102506975781896,0,0.0035606,1,Shared Control,0.01,Good Visuals,-0.048832548669064994,0.3652152395029459,0.0,4.782916654867266,0.9861970747126579,-1.4550299086152125,-0.22655831183206826,-0.04951459739244973,0.5107196074615798,-0.005232129268707184,26.371511952306587,1.0400497649459308,3.6269702744251493,-0.04003106338098312
4010,16.3876494,0.005497787143782138,-0.16083495999096648,0.01429339994279265,-0.009809890233147517,0.6979956189132592,-0.00931298598528003,-0.14890125594019296,0,0.0034500000000000004,1,Shared Control,0.01,Good Visuals,-0.05246120356139515,0.3650155753600753,0.0,4.783222571788944,0.9862028396945342,-1.4534045576179004,-0.2249329608347562,-0.05516157371785273,0.4517875798621509,-0.005251823487956217,26.373029725574852,1.040031063380983,3.6251378484891275,-0.04000917829215429
4011,16.391628700000002,0.004869468613064179,-0.15620662872945673,0.01418245459834421,-0.00730537278926377,0.685408263574859,-0.009900632526945199,-0.14645015614620047,0,0.0039793,1,Shared Control,0.01,Good Visuals,-0.058699098259158144,0.36472793536178877,0.0,4.783586033015374,0.9862098190249997,-1.4517943975156775,-0.2233228007325332,-0.06548967953336254,0.36668718594953353,-0.005217313603970126,26.37486215151087,1.0400091782921543,3.622441381727647,-0.03997765021293727
4012,16.3961136,0.0040840704496667305,-0.157963001912301,0.013984702976611928,-0.011512845766100538,0.6552235737241319,-0.010551247395626361,-0.14368505478908078,0,0.0044849,1,Shared Control,0.01,Good Visuals,-0.06064579032160265,0.36448293461416187,0.0,4.7841151468369265,0.9862201080622724,-1.4505805794779612,-0.2221089826948168,-0.06862971518284042,0.33747165194517414,-0.005172737384016391,26.377558618272353,1.0399776502129372,3.6203044661273216,-0.03995079580108417
4013,16.3992194,0.0037699111843077513,-0.1613797075997068,0.014321158579934112,-0.017694652810626016,0.6273312786130129,-0.010994528221287447,-0.14176819382056224,0,0.0031058,1,Shared Control,0.01,Good Visuals,-0.05555622166812669,0.3642795621382033,0.0,4.78455030896639,0.9862282106529829,-1.4491806382136603,-0.22070904143051598,-0.06082243557504227,0.4097229174376107,-0.00509718558062292,26.379695533872678,1.039950795801084,3.618527382548564,-0.03992850424368331
4014,16.402774400000002,0.0032986722862692825,-0.15522579758067678,0.014293200507556728,-0.01345760376011454,0.639273190826956,-0.011494610617712592,-0.13957164632797184,0,0.0035550000000000004,1,Shared Control,0.01,Good Visuals,-0.0510743963882349,0.3640875888523216,0.0,4.784911851748355,0.986234950096321,-1.4475493858752506,-0.2190777890921062,-0.053314799044310975,0.45392000957502576,-0.005216905376810172,26.381472617451436,1.0399285042436832,3.616813810304209,-0.03990746214591915
4015,16.407482400000003,0.0020420352248333652,-0.1422768366715665,0.013536645842545957,-0.002705190343594649,0.6420253314803904,-0.012144857424033317,-0.13665798061339196,0,0.004708,1,Shared Control,0.01,Good Visuals,-0.06455278466517829,0.3636097711403648,0.0,4.785649392838197,0.9862489834309334,-1.4452465459451735,-0.21677494916202916,-0.07646332153377909,0.2645757692574995,-0.005211381871729616,26.385161778546436,1.0398837632541795,3.612429826644594,-0.039855088780727896
4016,16.4131372,0.001727875959474386,-0.14949913222520675,0.013872733383507703,-0.012841151611814788,0.6052012573772512,-0.012907717178599485,-0.13315000798199123,0,0.005654800000000001,1,Shared Control,0.01,Good Visuals,-0.06212008146775958,0.36337326540155035,0.0,4.786126361810931,0.9862581596394089,-1.4441783940319375,-0.21570679724879305,-0.07306484709553294,0.3126267782468808,-0.004922056696816306,26.387570173355407,1.0398550887807279,3.6103408594399458,-0.03982916550262665
4017,16.416637100000003,0.0012566370614359172,-0.14897080393718193,0.014164354240035402,-0.015820795955190703,0.6079376233304606,-0.013369921507466291,-0.13097358227134057,0,0.0034999000000000002,1,Shared Control,0.01,Good Visuals,-0.053737725619199914,0.36316725025444585,0.0,4.78654899329019,0.9862660900413,-1.4427045618958478,-0.21423296511270343,-0.059436474175997414,0.4127687604575221,-0.005040980429610292,26.389659140560056,1.0398291655026266,3.6085261238601443,-0.039806584283336874
4018,16.4202321,0.0007853981633974482,-0.14180025547954067,0.014155319670863739,-0.010826673208200105,0.6238039641377426,-0.013836746185352262,-0.12873334180455046,0,0.003595,1,Shared Control,0.01,Good Visuals,-0.05219995981394013,0.36296847502921653,0.0,4.786916664382009,0.9862729778002003,-1.4412451937388415,-0.21277359695569703,-0.05827267798849014,0.42400074290549083,-0.005144029580983558,26.391473876139855,1.0398065842833368,3.6067457973903982,-0.039784796628334985
4019,16.4245264,0.00015707963267948965,-0.13644620800624802,0.013993825818031751,-0.00771286620169756,0.6247475519327939,-0.014383808148982956,-0.1260505362293641,0,0.0042943,1,Shared Control,0.01,Good Visuals,-0.057087269129918926,0.36263653552302405,0.0,4.787274268422267,0.9862797450661949,-1.4394745339330184,-0.211002937149874,-0.06715099822002613,0.3548203125709939,-0.005137934794484483,26.3932542026096,1.039784796628335,3.6035863674944824,-0.039748412901771085
4020,16.428549800000003,-0.0004712388980384689,-0.13544509210810035,0.013912569250944487,-0.00939455587873625,0.6131518453344905,-0.01488589111550458,-0.12352966770401777,0,0.0040234,1,Shared Control,0.01,Good Visuals,-0.05939375548456911,0.36238433926232155,0.0,4.7878895433743205,0.9862918171343898,-1.4383228661168888,-0.20985126933374434,-0.0717172768101179,0.3207273632977743,-0.005074672513363682,26.396413632505517,1.0397484129017711,3.601434786615953,-0.03972076979325686
4021,16.4323015,-0.0007853981633974482,-0.13681287885511204,0.014100492952107132,-0.013283211151094265,0.5994352991313374,-0.015344917171808692,-0.1211721495027043,0,0.0037517,1,Shared Control,0.01,Good Visuals,-0.057352162364884586,0.362154713882781,0.0,4.788332855723892,0.9862999599501315,-1.4371279494578546,-0.20865635267471028,-0.06930461758400729,0.35112593195441155,-0.00504169721544481,26.398565213384046,1.039720769793257,3.5993906674679303,-0.039695600667963016
4022,16.435626300000003,-0.0014137166941154068,-0.13654920847666716,0.013931200477693285,-0.015377058973962854,0.595708828880565,-0.015744308881624654,-0.11907695920794076,0,0.0033248,1,Shared Control,0.01,Good Visuals,-0.054422327923589635,0.36192496606030594,0.0,4.78874475798809,0.9863077261089931,-1.4357605419978101,-0.2072889452146657,-0.06498830439285866,0.3816375830434191,-0.005106559990676528,26.40060933253207,1.039695600667963,3.597322249070369,-0.03967041812175914
4023,16.4408141,-0.0021991148575128553,-0.1302466868120838,0.0135451940241118,-0.011169727604143032,0.6021890999654295,-0.016353551953048353,-0.11579586041460116,0,0.0051878,1,Shared Control,0.01,Good Visuals,-0.05108283404438585,0.3614771606864928,0.0,4.789549964613622,0.9863229722691124,-1.432655317038901,-0.20418372025575637,-0.06165101996729088,0.41622753160583725,-0.005069846779558745,26.40461969438439,1.0396465651039877,3.593291582047217,-0.03962133439424039
4024,16.446492000000003,-0.0028274333882308137,-0.12734576332482128,0.01352611856481754,-0.011549902910220122,0.6004325087887731,-0.017000792904132807,-0.11218694739507257,0,0.0056779000000000005,1,Shared Control,0.01,Good Visuals,-0.05386398100155969,0.36124871574663486,0.0,4.7899667296854815,0.9863309215333093,-1.4313032396238217,-0.2028316428406771,-0.06700074088361939,0.3758798518471216,-0.0048962782767835835,26.406708417952782,1.0396213343942404,3.5912392937645703,-0.03959629465636153
4025,16.450333500000003,-0.003141592653589793,-0.12989474436992637,0.013859200250543015,-0.017707796974853807,0.5835692567988305,-0.01742705049802869,-0.10973395706697564,0,0.0038415000000000003,1,Shared Control,0.01,Good Visuals,-0.05340310890717594,0.36102975592331965,0.0,4.790378341879338,0.9863387254396336,-1.4299887074833895,-0.2015171107002449,-0.06759665211666695,0.38411902882128435,-0.004886292960577052,26.40876070623543,1.0395962946563615,3.5892807317601596,-0.03957229457745751
4026,16.4536991,-0.003455751918948772,-0.12601684184888898,0.01397129857907992,-0.016282884781913337,0.599272020880991,-0.01779274339527041,-0.107576941045161,0,0.0033656000000000003,1,Shared Control,0.01,Good Visuals,-0.04893025133924832,0.36081884509938383,0.0,4.790772040817499,0.986346170217949,-1.4284426501374803,-0.1999710533543358,-0.061078144675845034,0.4341394321883367,-0.0050035836837459555,26.41071926823984,1.0395722945774575,3.5873919087832293,-0.03954917674543002
4027,16.4579795,-0.0040840704496667305,-0.1180862779875598,0.01370867294560368,-0.010509336942398806,0.6246716972615265,-0.018247325165696486,-0.10482247209156018,0,0.0042804,1,Shared Control,0.01,Good Visuals,-0.05087793003495351,0.3605350447699776,0.0,4.7911514896556255,0.9863533507569008,-1.4266790698312704,-0.19820747304812586,-0.06561067312797342,0.3985582287079801,-0.005041107817842279,26.41260809121677,1.0395491767454301,3.5847415521527615,-0.03951806953043684
4028,16.4615276,-0.0043982297150257105,-0.113941980991173,0.013849095450670776,-0.009119508899612827,0.6379042272030889,-0.018615180428503342,-0.10252938721286259,0,0.0035481,1,Shared Control,0.01,Good Visuals,-0.05532144702625606,0.36027658656340983,0.0,4.791672634114342,0.9863634627029707,-1.4254572694570213,-0.19698567267387673,-0.07480713370770085,0.33924763966378535,-0.004942457014180204,26.41525844784724,1.039518069530437,3.5824541399218175,-0.0394897400531058
4029,16.465312,-0.005026548245743669,-0.11521766103768326,0.013588632182759674,-0.01268827382482067,0.6382543239611899,-0.018998548715767387,-0.10007334864479517,0,0.0037844000000000003,1,Shared Control,0.01,Good Visuals,-0.0573715053244093,0.3600130712200713,0.0,4.79213499238717,0.9863721497154289,-1.4244057183624559,-0.1959341215793113,-0.07944423738720999,0.3072464848985934,-0.004989504835958515,26.41754586007818,1.0394897400531058,3.5800718840702648,-0.03946085626549222
4030,16.4686762,-0.005497787143782138,-0.12418422419001401,0.013500761571985249,-0.024110875545218846,0.6110519307124039,-0.019331529921691928,-0.09788084297932587,0,0.0033642000000000003,1,Shared Control,0.01,Good Visuals,-0.05260955670698682,0.359761551880212,0.0,4.792611262784789,0.9863812139256019,-1.4230518306694488,-0.1945802338863042,-0.07386373043456623,0.37806475468630685,-0.004892085205795212,26.419928115929736,1.0394608562654921,3.5778229051273356,-0.039433287353939805
4031,16.472592900000002,-0.005654866776461627,-0.12752877092350068,0.0136766631452303,-0.029647927944174812,0.6080431487507569,-0.019709882980068583,-0.0953170300515345,0,0.0039167,1,Shared Control,0.01,Good Visuals,-0.040927285982871375,0.3595741587859881,0.0,4.793063446999912,0.9863897629876105,-1.4211898698130323,-0.19271827302988773,-0.05644549965723254,0.5296281876255702,-0.004857054934702144,26.422177094872666,1.0394332873539398,3.5762170895923746,-0.03941274728873813
4032,16.4762069,-0.006283185307179586,-0.12027499449270786,0.013426697672888998,-0.02495796444117336,0.6351920775544752,-0.02005006724435896,-0.09294031583422524,0,0.003614,1,Shared Control,0.01,Good Visuals,-0.036313036365734366,0.3593871210659394,0.0,4.7933935770022265,0.9863958440704983,-1.4189634030276475,-0.1904918062445029,-0.050164203934617346,0.5710792790891415,-0.004917774645445511,26.423782910407624,1.0394127472887382,3.5745269383376552,-0.0393922461759256
4033,16.479774000000003,-0.0067544242052180545,-0.11847355303423855,0.013295643039140907,-0.025533237200013312,0.6322992677788485,-0.020377394795926197,-0.090583752672196,0,0.0035671,1,Shared Control,0.01,Good Visuals,-0.03974539150923534,0.35919187289108195,0.0,4.793731562260735,0.986402274923187,-1.4171024496332796,-0.18863085285013514,-0.05814107300612976,0.52041539035425,-0.004825382222082325,26.425473061662345,1.0393922461759255,3.5727576375220544,-0.03937084511918608
4034,16.4831958,-0.006911503837897544,-0.11750037032172425,0.013465890958028652,-0.026916617649528254,0.6382369836306764,-0.020683472046664902,-0.08831294392593149,0,0.0034218,1,Shared Control,0.01,Good Visuals,-0.03855422590519536,0.35900852352173074,0.0,4.794084867594431,0.986409008634211,-1.4152854263090764,-0.186813829525932,-0.05744592229685985,0.5294048494269398,-0.004775686924520299,26.427242362477944,1.039370845119186,3.57112177986715,-0.03935074828468555
4035,16.4866609,-0.0075398223686155025,-0.11229362383532895,0.0131436496780494,-0.023980679909397465,0.6621585020110116,-0.02098548611343783,-0.08600294657762426,0,0.0034651,1,Shared Control,0.01,Good Visuals,-0.03801009678060471,0.3588139588829311,0.0,4.794414158550266,0.9864152261540636,-1.413425037362012,-0.18495344057886767,-0.05769093146311533,0.5195020935087891,-0.0048343696307464904,26.42887822013285,1.0393507482846855,3.5693529065968375,-0.039329422149998274
4036,16.491134600000002,-0.007853981633974482,-0.11142037370797456,0.013131504479463348,-0.025417427130350292,0.6591386546315361,-0.02136353751099413,-0.0830046453945778,0,0.004473700000000001,1,Shared Control,0.01,Good Visuals,-0.039365665710263315,0.35856135146828244,0.0,4.7947667914781595,0.9864219602714717,-1.4112191424438452,-0.18274754566070073,-0.062461534005178426,0.501465120408952,-0.004716124975151268,26.430647093403163,1.0393294221499982,3.56700236422206,-0.039301733975101553
4037,16.4945716,-0.008168140899333461,-0.10839902270400292,0.01319539661166067,-0.02539437730942512,0.6599873650558468,-0.021644847644069598,-0.08068869093654002,0,0.0034370000000000004,1,Shared Control,0.01,Good Visuals,-0.03789604622738115,0.35836075886107016,0.0,4.79522986263273,0.9864309265157085,-1.4094165685463524,-0.1809449717632081,-0.061139509144607355,0.5046116951717792,-0.0047084499929681825,26.43299763577794,1.0393017339751016,3.5652668584641427,-0.03927974711775135
4038,16.498206800000002,-0.008482300164692442,-0.10073540115772461,0.013162547479377156,-0.020046710221184594,0.6709876767840123,-0.02193369688114982,-0.07822716642657758,0,0.0036352000000000003,1,Shared Control,0.01,Good Visuals,-0.03822967818782933,0.35816089052501926,0.0,4.7955848728882,0.9864375050264961,-1.4077253366925275,-0.1792537399093832,-0.06284399335290088,0.4907811531703128,-0.004728712343227512,26.434733141535858,1.0392797471177513,3.5634611208255733,-0.03925783964740812
4039,16.5016582,-0.008796459430051421,-0.0945758989020537,0.013137237451098398,-0.01634873247547612,0.6731544441431627,-0.022199640267624082,-0.07587847360951658,0,0.0034514000000000003,1,Shared Control,0.01,Good Visuals,-0.04335190271453135,0.35792490346370404,0.0,4.79594602558335,0.9864443760374331,-1.4062465531115256,-0.17777495632838128,-0.07198833084193572,0.4154003148970242,-0.0047143097267915695,26.436538879174428,1.0392578396474081,3.5612872729676135,-0.03923197322129332
4040,16.5053358,-0.009110618695410399,-0.09057291300070022,0.013089021572213684,-0.014694439391183645,0.6730604573222859,-0.02247406987350908,-0.07336319165717624,0,0.0036776,1,Shared Control,0.01,Good Visuals,-0.04688388632965062,0.3576705681789395,0.0,4.796376500563025,0.9864526615323773,-1.404961244570948,-0.17648964778780382,-0.07837614586379565,0.36407912658341934,-0.004702144446464151,26.438712727032385,1.0392319732212933,3.558973651654427,-0.03920409565540016
4041,16.5090697,-0.009738937226128359,-0.09331500026781345,0.012735132647380722,-0.01995180861063721,0.6533038930672868,-0.02274321187183031,-0.07079584803263554,0,0.0037339,1,Shared Control,0.01,Good Visuals,-0.04829041269738062,0.35737957789728214,0.0,4.796837612403083,0.986461470484291,-1.4036233541345922,-0.1751517573514479,-0.08151833207409581,0.34326887398484174,-0.004681557782640064,26.441026348345574,1.0392040956554,3.5563037650228804,-0.039172200353265095
4042,16.512698500000003,-0.010053096491487338,-0.10289312163391823,0.01269011538034297,-0.032097273601282686,0.6169619941182581,-0.022995568690991387,-0.06828750859011862,0,0.0036288,1,Shared Control,0.01,Good Visuals,-0.04141321675677792,0.357148063352478,0.0,4.797367399178819,0.9864716434524583,-1.402028281892581,-0.17355668510943686,-0.07201008225411833,0.4420319362646613,-0.00455127632998682,26.443696234977118,1.039172200353265,3.5542956907704855,-0.039146824157492745
4043,16.51631,-0.010367255756846317,-0.10790603708434623,0.01262831293414507,-0.03961852849422762,0.6013487168559293,-0.023237661443087053,-0.06577799846246969,0,0.0036115,1,Shared Control,0.01,Good Visuals,-0.02922105724209645,0.3569863761196932,0.0,4.797777644006064,0.9864792574876275,-1.3999918788534094,-0.17152028207026504,-0.053331548595240884,0.5959622590494075,-0.004532250131808987,26.445704309229516,1.0391468241574928,3.5529217818586796,-0.03912910169916293
4044,16.519707,-0.010681415022205296,-0.10510409910673307,0.012556246420881757,-0.03932610064426338,0.6024284705398192,-0.02345708288301671,-0.06340546460398924,0,0.0033970000000000003,1,Shared Control,0.01,Good Visuals,-0.021508358152588544,0.3568536224077246,0.0,4.798061391930224,0.9864844573326433,-1.397557606298378,-0.1690860095152337,-0.042363388127765564,0.6854981709980948,-0.004508135670865898,26.44707821814132,1.0391291016991628,3.551755684315415,-0.03911455062986717
4045,16.5241618,-0.010995574287564275,-0.09901276428061664,0.012461508595452434,-0.0356072996766274,0.6040149767746283,-0.02373257908716504,-0.06027624220425218,0,0.0044548,1,Shared Control,0.01,Good Visuals,-0.021453851653292,0.35670048605293486,0.0,4.798298055623695,0.9864888839320006,-1.394872462611039,-0.1664008658278946,-0.04354547708918033,0.6699627454125857,-0.004480742019135682,26.448244315684583,1.0391145506298671,3.5503457340860485,-0.03909776542908293
4046,16.5271638,-0.011309733552923255,-0.092527333252163,0.012422845534241785,-0.032251091047910824,0.6051118808362799,-0.023910348190169437,-0.05815598340238086,0,0.0030020000000000003,1,Shared Control,0.01,Good Visuals,-0.024671116140768196,0.35655307551279747,0.0,4.798577343770047,0.9864942580193041,-1.3927941303308193,-0.16432253354767493,-0.04952881675030884,0.6082686373857582,-0.004445026172950709,26.449654265913953,1.039097765429083,3.5490251156721158,-0.039081607832036055
4047,16.5306624,-0.011466813185602744,-0.08553379221784398,0.012443535004566693,-0.027377808815463117,0.6113906265271389,-0.024109473275168644,-0.05567319161496277,0,0.0034986,1,Shared Control,0.01,Good Visuals,-0.02779960275972329,0.35638005818777996,0.0,4.798842639656453,0.986499279934373,-1.3907952853129373,-0.1623236885297929,-0.055602021865989046,0.5579313956015277,-0.00442940378185433,26.450974884327884,1.039081607832036,3.547430384183458,-0.03906264348785039
4048,16.534317700000003,-0.011780972450961723,-0.07784685782634146,0.01232850082420692,-0.022173666211378687,0.623397352432826,-0.02430821393750275,-0.05306557991985135,0,0.0036553,1,Shared Control,0.01,Good Visuals,-0.032710139907888944,0.3561883756506436,0.0,4.799158358087523,0.9865053589744371,-1.3891528134078668,-0.16068121662472246,-0.06403989935214163,0.4775460560186189,-0.004434627728989155,26.452569615816543,1.0390626434878505,3.5456789990634525,-0.03904163325891368
4049,16.537657000000003,-0.012252211349000192,-0.07776707387370888,0.012056002588502559,-0.024701493953857526,0.6083010335964198,-0.024481421288739903,-0.050671194586202783,0,0.0033393000000000003,1,Shared Control,0.01,Good Visuals,-0.037296133171588544,0.35596233247178116,0.0,4.79950664635029,0.9865120303155995,-1.3876642780395698,-0.15919268125642544,-0.0727038280326218,0.4129085626344047,-0.004391268682781884,26.45432100093655,1.0390416332589136,3.543596343236081,-0.03901685677688024
4050,16.5415466,-0.012409290981679682,-0.08297072179359827,0.012072130307060221,-0.032299527207395484,0.5789858474791545,-0.024673064498934128,-0.047867511149141326,0,0.0038896000000000004,1,Shared Control,0.01,Good Visuals,-0.03349931944741013,0.3557119500726395,0.0,4.7999190508517975,0.986519969188194,-1.385624277968726,-0.15715268118558165,-0.06789860760930382,0.46650965511303666,-0.004291482801689202,26.456403656763918,1.0390168567768803,3.5413081229630916,-0.038989412484842584
4051,16.545624200000002,-0.012723450247038663,-0.08232372741681346,0.011949614251895465,-0.03445621626767213,0.5668818275755936,-0.02486222786388974,-0.04491130502829896,0,0.004077600000000001,1,Shared Control,0.01,Good Visuals,-0.026086330959804213,0.35554165151196576,0.0,4.800374052745912,0.986528685790774,-1.383663246651975,-0.15519164986883052,-0.056443981306546084,0.5486016104602288,-0.004294201013055404,26.45869187703691,1.0389894124848427,3.539875703136796,-0.03897074614308396
4052,16.5491919,-0.013037609512397642,-0.08029213043512995,0.0118246183514921,-0.03538082540683099,0.5456996633062979,-0.025017822442769386,-0.042310504496598136,0,0.0035677,1,Shared Control,0.01,Good Visuals,-0.02337394029559313,0.3553888486919237,0.0,4.800671509599889,0.9865341025875428,-1.3816801559959717,-0.15320855921282733,-0.053241966486169856,0.5772181441387765,-0.004248585586049837,26.460124296863203,1.038970746143084,3.5385114752642193,-0.038953997500879925
4053,16.5528146,-0.01319468914507713,-0.07900870180550375,0.011823133297692256,-0.03669819730890561,0.5211174834813201,-0.02516629663787191,-0.03965602276690661,0,0.0036227000000000004,1,Shared Control,0.01,Good Visuals,-0.02186478061695913,0.3552365443602343,0.0,4.80094606658563,0.98653928915333,-1.3795622408729367,-0.1510906440897924,-0.05138315324822982,0.5906065596862639,-0.0042023375021581705,26.46148852473578,1.03895399750088,3.5371359831564777,-0.03893730349773987
4054,16.5574951,-0.013665928043115599,-0.07129347370485359,0.01150036859475631,-0.03163745093794698,0.4965549426051528,-0.02534384222758708,-0.0362062748574338,0,0.004680500000000001,1,Shared Control,0.01,Good Visuals,-0.02091280653421644,0.3549505743980308,0.0,4.801482135578933,0.986549463880567,-1.3754668304341655,-0.14699523365102124,-0.05058796660223746,0.5800992459599817,-0.004139462315242802,26.464162952713593,1.0389214197175125,3.5345675942367443,-0.03890595847035929
4055,16.5630886,-0.013823007675795088,-0.06566199416876259,0.011520834551791991,-0.029455719311328787,0.4950368857207264,-0.025534764088756098,-0.0320539945002663,0,0.0055935,1,Shared Control,0.01,Good Visuals,-0.024009677401454942,0.35479856108314295,0.0,4.801736571049987,0.9865542935731406,-1.373675776642742,-0.14520417985959785,-0.05470824591055583,0.518319719700008,-0.004082062438497827,26.465432405763256,1.0389059584703593,3.533180471164349,-0.038889296365428205
4056,16.5666756,-0.013980087308474578,-0.05783876059845143,0.01155467678028152,-0.025784766098185127,0.5040292111583945,-0.02564493985651643,-0.029374424441163977,0,0.0035870000000000003,1,Shared Control,0.01,Good Visuals,-0.02626337090993547,0.3546287896706084,0.0,4.802012619072897,0.9865595772038809,-1.3719668516061334,-0.1434952548229891,-0.05944633475783552,0.482093499381837,-0.004087575521452755,26.46681952883565,1.0388892963654281,3.5316254246328604,-0.03887068780411872
4057,16.5702718,-0.014137166941154067,-0.051144755405107545,0.011507772915362362,-0.021770330963943568,0.5106438412930412,-0.025745726139599866,-0.026674959476003512,0,0.0035962000000000004,1,Shared Control,0.01,Good Visuals,-0.030050911854808918,0.3544426550471858,0.0,4.802321486784491,0.9865655024024964,-1.3704960351691817,-0.1420244383860374,-0.06731534245641232,0.42988730839764366,-0.004097621041626318,26.46837457536714,1.0388706878041187,3.529924752048987,-0.0388502856792847
4058,16.574534200000002,-0.014451326206513048,-0.048385472968807394,0.011294399933086818,-0.021710513492803882,0.5095350168192339,-0.025852577462288983,-0.023458740773727504,0,0.0042624,1,Shared Control,0.01,Good Visuals,-0.033789918827156776,0.3541677577712642,0.0,4.802659713887128,0.9865719811787765,-1.3687691623943856,-0.14029756561124132,-0.07445782203785206,0.37655315630093567,-0.004078845585801129,26.470075247951012,1.0388502856792847,3.5273292450562965,-0.038820154323619877
4059,16.5781502,-0.014608405839192538,-0.049607632351577204,0.011244171623096445,-0.0261488915778497,0.5031232392773535,-0.025932449752553953,-0.020716290625488937,0,0.0036160000000000003,1,Shared Control,0.01,Good Visuals,-0.03282969359070241,0.3539649463189432,0.0,4.80316736374144,0.9865818958194265,-1.36743499990253,-0.13896340311938563,-0.07455763419646874,0.387533764735728,-0.004000112299673275,26.472670754943703,1.03882015432362,3.52559693935785,-0.03879792425974494
4060,16.5816835,-0.014922565104551517,-0.053453006425335015,0.011009884648002436,-0.03273671579984608,0.4919652600131133,-0.026000894463039464,-0.01802437278600666,0,0.0035333,1,Shared Control,0.01,Good Visuals,-0.028213455861409227,0.35377175837774427,0.0,4.803524195101015,0.9865884566157299,-1.3658366437814469,-0.13736504699830251,-0.0689643277437183,0.4487369440700537,-0.003980042604970317,26.47440306064215,1.038797924259745,3.5238568588475307,-0.038776749024206844
4061,16.5852505,-0.015079644737231005,-0.05868115506562114,0.01092124972580846,-0.04065678227961448,0.47527168516539936,-0.02606032271063733,-0.01529477206249355,0,0.0035670000000000003,1,Shared Control,0.01,Good Visuals,-0.020592202943582605,0.35361641558044726,0.0,4.803872820126885,0.986595077745716,-1.3639488232589363,-0.13547722647579188,-0.05878676697636418,0.5499360645859454,-0.0038949862514599536,26.47614314115247,1.0387767490242068,3.5225011444831704,-0.038759721976340936
4062,16.5888715,-0.015236724369910495,-0.06002777865815503,0.010823598340726836,-0.04473300659566148,0.47098866415306384,-0.026110670056346513,-0.012511748704323145,0,0.003621,1,Shared Control,0.01,Good Visuals,-0.01235531981859607,0.353484922530524,0.0,4.804148936283175,0.9866002222866986,-1.3615737039498275,-0.13310210716668303,-0.04714265479631162,0.6498274443526288,-0.0038619331816993297,26.477498855516828,1.038759721976341,3.521340019590726,-0.038745309087594014
4063,16.5926811,-0.015393804002589984,-0.055985033134519954,0.010716866053756529,-0.04347328443019681,0.4790731385145031,-0.026152737231456988,-0.00957090393063112,0,0.0038096000000000002,1,Shared Control,0.01,Good Visuals,-0.007866930871938377,0.35336174894597616,0.0,4.80438397565463,0.9866046329971497,-1.3588624513556475,-0.13039085457250307,-0.04172121068974538,0.6943206213167936,-0.0038259788209733334,26.478659980409276,1.038745309087594,3.5202355741088436,-0.03873180809136886
4064,16.5962481,-0.015550883635269474,-0.050637202699426245,0.010601853596187514,-0.041066298768795126,0.4851213087862165,-0.02618194815868173,-0.006805669424628014,0,0.0035670000000000003,1,Shared Control,0.01,Good Visuals,-0.008599190042992921,0.3532474276131216,0.0,4.804605772424176,0.9866088339851763,-1.35658612382084,-0.12811452703769569,-0.044688827478294224,0.6661967089488668,-0.0037869305319751688,26.479764425891155,1.0387318080913688,3.5192130047232784,-0.03871927738611262
4065,16.599651100000003,-0.015707963267948963,-0.04664053688915448,0.010473984890732767,-0.03983486746452647,0.4868682823952801,-0.026200604506452896,-0.004157335379012306,0,0.003403,1,Shared Control,0.01,Good Visuals,-0.010423374046074727,0.35311678336126273,0.0,4.804811387521894,0.9866127227544087,-1.3543275832927155,-0.12585598650957106,-0.049239530893071246,0.6305954121411158,-0.003745077510784162,26.480786995276723,1.0387192773861127,3.518010546329998,-0.03870495753370547
4066,16.6032115,-0.015865042900628453,-0.044014678917008866,0.010335561605824443,-0.03985734353799656,0.4874127668152718,-0.02621045825711366,-0.0013761128325382455,0,0.0035604,1,Shared Control,0.01,Good Visuals,-0.011026247743750932,0.35296200484318735,0.0,4.805049646326855,0.9866173067124215,-1.3518294985056563,-0.12335790172251171,-0.051704004071682644,0.610793610371731,-0.003698539853590022,26.481989453670003,1.0387049575337055,3.516582089940072,-0.03868799233620845
4067,16.608049400000002,-0.016022122533307943,-0.0413441672561329,0.010188335723805717,-0.039968054423594655,0.490397962416513,-0.02620794192004461,0.002419467344899895,0,0.0048379,1,Shared Control,0.01,Good Visuals,-0.010341645947052738,0.3527762504429898,0.0,4.805332295303211,0.9866227534713421,-1.348850163041687,-0.12037856625854242,-0.05217651334199074,0.6044380239738074,-0.0036480605455720683,26.483417910059927,1.0386879923362085,3.5148653014159605,-0.03866763188745575
4068,16.612233800000002,-0.016179202165987432,-0.03906167785020773,0.010028739754057176,-0.04148114519510762,0.4912257353238698,-0.026190923469102022,0.005716975224979326,0,0.0041844000000000004,1,Shared Control,0.01,Good Visuals,-0.009528143598031766,0.352647465536038,0.0,4.805671750793494,0.986629300479094,-1.3468094620470736,-0.11833786526392914,-0.05267157585354418,0.5942289309339231,-0.0035942028748985454,26.48513469858404,1.0386676318874557,3.5137761611799117,-0.038653515836932446
4069,16.6157471,-0.016179202165987432,-0.035900231784029776,0.01001172130311459,-0.0416172070090091,0.4958278308869284,-0.026165959519255415,0.00849562130959719,0,0.0035133,1,Shared Control,0.01,Good Visuals,-0.0072704090460977006,0.3525185740839252,0.0,4.805897297647575,0.9866334221062796,-1.3445875934334766,-0.11611599665033197,-0.0514208057877515,0.6211368464949731,-0.0035366096567887723,26.486223838820088,1.0386535158369326,3.5126054701951888,-0.03863938810804628
4070,16.6192373,-0.016336281798666922,-0.03109131943662459,0.009829677720588494,-0.03958694074622178,0.5058280157953101,-0.02613147836472536,0.01126461897080816,0,0.0034902,1,Shared Control,0.01,Good Visuals,-0.007056529709602112,0.35239193744976693,0.0,4.806130849445362,0.9866378801551366,-1.3424971781631436,-0.11402558137999907,-0.05291845865505704,0.6110717268358871,-0.0035293177178996127,26.48739452980481,1.0386393881080462,3.511463600925891,-0.03862550752865085
4071,16.624245700000003,-0.016336281798666922,-0.021022585134921692,0.009795196566058439,-0.032287204105729855,0.5257424621677758,-0.026065081486208917,0.015252293416600227,0,0.0050084000000000005,1,Shared Control,0.01,Good Visuals,-0.009415069131774007,0.35211270273245715,0.0,4.806621171442644,0.9866472570754212,-1.338493284291429,-0.11002168750828442,-0.060192842653601336,0.5578147841243718,-0.003450342245223391,26.489856248351394,1.0386097736438709,3.508928098800993,-0.03859490074816159
4072,16.6295435,-0.016493361431346415,-0.009647526656547747,0.009571720054862502,-0.024899820073147973,0.550518251605036,-0.025973067090681957,0.019487313137694195,0,0.0052978,1,Shared Control,0.01,Good Visuals,-0.018972037279254055,0.35181007740669923,0.0,4.807127174029843,0.9866568911989279,-1.3358894394998106,-0.10741784271666589,-0.07824817818610656,0.4104824297295485,-0.0034242317181274844,26.492387026035395,1.038579102478306,3.506161896963481,-0.03856173013454592
4073,16.6355739,-0.016493361431346415,-0.012812606605246659,0.009479705659335542,-0.03229991974294086,0.5306294332692651,-0.025840967466560675,0.02432712861906766,0,0.0060304,1,Shared Control,0.01,Good Visuals,-0.021447518485004098,0.35161172368582394,0.0,4.807415487889062,0.9866624208652065,-1.334567882859159,-0.10609628607601419,-0.08225794328926933,0.36694617260910656,-0.0033674275734164325,26.49383810303652,1.038561730134546,3.504318096574515,-0.038539988680429654
4074,16.6409972,-0.016493361431346415,-0.010965720773757877,0.00934760603521426,-0.03529284939282554,0.5247558045939877,-0.025697195807667203,0.028695124895398993,0,0.005423300000000001,1,Shared Control,0.01,Good Visuals,-0.006909152436714083,0.3512818756660312,0.0,4.8080788220505495,0.9866750696558951,-1.330682031899945,-0.10221043511680024,-0.06391416444525441,0.5705013515338105,-0.003285157278700289,26.497160009610706,1.0385215720095473,3.5013808500915227,-0.03850383420066483
4075,16.6465387,-0.016493361431346415,-0.0066629875493700984,0.009203834376320788,-0.035358112444769094,0.5258769028469186,-0.025525784989606223,0.033171294090189984,0,0.0055415,1,Shared Control,0.01,Good Visuals,-0.010123987429383585,0.3511208282941866,0.0,4.808371029915886,0.9866806230863995,-1.328897569348809,-0.10042597256566427,-0.06882617742562935,0.49834186526361857,-0.0032836445810371785,26.498619149908478,1.038503834200665,3.4999242736016702,-0.03848618187717903
4076,16.6502619,-0.016493361431346415,-0.003088997797912312,0.009032423558259808,-0.0362602918881023,0.5249155141728548,-0.025396672741111827,0.036184996780423556,0,0.0037232000000000003,1,Shared Control,0.01,Good Visuals,-0.009370770567551631,0.35096613785092634,0.0,4.808662264284449,0.9866861682472929,-1.327146312306776,-0.09867471552363126,-0.0700819087428103,0.5104812691753645,-0.0032316579496962637,26.50007572639833,1.0384861818771791,3.498532476168803,-0.03846922633351932
4077,16.653711100000002,-0.016493361431346415,-0.000780172346927478,0.008903311309765412,-0.03696516912735103,0.5220523331484574,-0.025267042935999556,0.03898070359123454,0,0.0034492000000000004,1,Shared Control,0.01,Good Visuals,-0.007658674170047071,0.35080812283083157,0.0,4.80894129869764,0.9866914645090699,-1.325223771987791,-0.09675217520464634,-0.06991650202386845,0.5370974490808544,-0.003170074811676166,26.501467523831195,1.0384692263335193,3.4970976786436525,-0.03845190638462241
4078,16.658089500000003,-0.016650441064025905,-0.0020152405821863457,0.008616601871973651,-0.04099594417342088,0.5098552736293428,-0.025088592773203723,0.042533885700642815,0,0.0043784,1,Shared Control,0.01,Good Visuals,-0.006344631636413238,0.3506171384900765,0.0,4.809227599952535,0.9866969286633929,-1.3228050134489688,-0.09433341666582418,-0.069471845667024,0.5475525283701167,-0.0031233539275573167,26.50290232135635,1.0384519063846225,3.4953276166886815,-0.03843097268464881
4079,16.6616436,-0.016650441064025905,-0.006778648358806539,0.008438151709177819,-0.04931253405944935,0.4909247776923617,-0.024932293332503404,0.04542090707065094,0,0.0035541,1,Shared Control,0.01,Good Visuals,-0.0009913621686471058,0.3504816512407523,0.0,4.809577117651288,0.9867036811152244,-1.3206203863811194,-0.0921487895979747,-0.06273451877507752,0.6090571434524165,-0.0030211282918596377,26.50467238331132,1.0384309726846488,3.494174447784767,-0.03841612199366343
4080,16.6652643,-0.016650441064025905,-0.009314630403336409,0.0082818522684775,-0.05473553747398735,0.48287483858028735,-0.024762510560805428,0.04836383890040924,0,0.0036207,1,Shared Control,0.01,Good Visuals,0.00807112441968412,0.35038073696073974,0.0,4.809815136742637,0.9867080482613039,-1.3181635137806431,-0.08969191699749839,-0.05035710284484129,0.7223546396790294,-0.0029574173444526183,26.50582555221523,1.0384161219936634,3.4932998053467643,-0.03840506082889734
4081,16.6688571,-0.016493361431346415,-0.0049011468116675,0.008269149129459013,-0.05326498571207674,0.49452932339899347,-0.02458350127676614,0.051285180433067595,0,0.0035928,1,Shared Control,0.01,Good Visuals,0.014172517686252023,0.35029225519676455,0.0,4.809993944735,0.9867113659838564,-1.3153269982038596,-0.0868554014207149,-0.04258041879601993,0.7889290695843254,-0.0029018015012291206,26.506700194653234,1.0384050608288973,3.4925119168188457,-0.038395362386119944
4082,16.672579600000002,-0.016493361431346415,0.004137293574878948,0.008090139845419723,-0.047147886858188645,0.5146795634658521,-0.024386957886568587,0.05431233459435267,0,0.0037225,1,Shared Control,0.01,Good Visuals,0.012781455873701594,0.35019639086225374,0.0,4.810152759260026,0.9867143616558826,-1.312670820227569,-0.08419922344442439,-0.04669542812430335,0.7467466899888985,-0.00289661889711656,26.507488083181155,1.03839536238612,3.4916337837508933,-0.03838485474340492
4083,16.676197600000002,-0.016493361431346415,0.009699104377994568,0.007893596455222172,-0.0446132302163581,0.5194445340213789,-0.02418513402301615,0.05725406083260598,0,0.003618,1,Shared Control,0.01,Good Visuals,0.0076054351302861645,0.3500715489220082,0.0,4.81032719966828,0.9867177084257577,-1.310106613560969,-0.08163501677782442,-0.05711288254178589,0.6628083507638134,-0.0028331377754368986,26.508366216249108,1.038384854743405,3.490467476583736,-0.038371170879529536
4084,16.6797089,-0.016493361431346415,0.009378005796644062,0.0076917725916697335,-0.047876055035961915,0.5102382752014519,-0.023979087135275516,0.06010784877560224,0,0.0035113,1,Shared Control,0.01,Good Visuals,0.0060482706021664015,0.3499503170478908,0.0,4.810556573000839,0.9867221606901408,-1.3078564194033937,-0.0793848226202493,-0.06144606318068394,0.6288971932853881,-0.002763323537644899,26.509532523416265,1.0383711708795296,3.4893768201988364,-0.03835788271323288
4085,16.6833613,-0.016493361431346415,0.006715071990932436,0.007485725703929101,-0.053392776784669804,0.4998866991042996,-0.02375413119034661,0.06307426908449038,0,0.0036524,1,Shared Control,0.01,Good Visuals,0.010237173949745625,0.34984654495901846,0.0,4.81077525250172,0.9867263112246158,-1.305550720335641,-0.07707912355249656,-0.056531814582852835,0.6747136826596267,-0.0026917382571151,26.510623179801165,1.038357882713233,3.488458806343915,-0.0383465083054385
4086,16.6866683,-0.016493361431346415,0.00380394057897758,0.007260769759000196,-0.059270328505512795,0.4885263015733451,-0.023541106854615253,0.06575765320366506,0,0.003307,1,Shared Control,0.01,Good Visuals,0.01667071004889724,0.3497560240390897,0.0,4.810960930492461,0.9867297997883878,-1.3028593993412647,-0.0743878025581204,-0.04822058405427696,0.7490664906833384,-0.0026188552740305125,26.511541193656086,1.0383465083054384,3.4876544100645175,-0.038336586351776586
4087,16.6910253,-0.016336281798666922,0.003965950621767203,0.007204825055948331,-0.06179170258189785,0.4838362795766193,-0.023246907135098922,0.0692882575384624,0,0.004357000000000001,1,Shared Control,0.01,Good Visuals,0.02355152243839058,0.3496678221310767,0.0,4.811123248554598,0.9867328577886815,-1.2992008372703827,-0.0707292404872384,-0.039284909367744,0.8252643848421002,-0.002539497962371168,26.51234558993548,1.0383365863517766,3.486857562486444,-0.038326918583874034
4088,16.694583100000003,-0.016336281798666922,0.007742957797377728,0.006910625336432,-0.06154529974108468,0.48341997209844734,-0.022995272243602698,0.07216624480742789,0,0.0035578000000000003,1,Shared Control,0.01,Good Visuals,0.026307640764414733,0.3496027475065232,0.0,4.811282673983709,0.986735891349993,-1.2962562331398277,-0.06778463635668347,-0.036366222459213414,0.8267179882517066,-0.002519295486148866,26.513142437513554,1.038326918583874,3.4862973647745825,-0.038319785786174954
4089,16.6982663,-0.016336281798666922,0.009603012196119318,0.006658990444935776,-0.06256323261130857,0.46996735391582856,-0.02272399121185468,0.07513995863776435,0,0.0036832,1,Shared Control,0.01,Good Visuals,0.02747932066392013,0.3495421282361079,0.0,4.811397612529264,0.9867380151562327,-1.2934237048030195,-0.06495210801987523,-0.03682369177240902,0.829170204855898,-0.0024159736046048185,26.513702635225417,1.038319785786175,3.4857520219590423,-0.03831314133765904
4090,16.701664100000002,-0.016336281798666922,0.0077797503530683855,0.006387709413187757,-0.06736020828469597,0.4464849011848066,-0.02246402850202225,0.07787727051698476,0,0.0033978000000000003,1,Shared Control,0.01,Good Visuals,0.02969387094719301,0.3494844235926255,0.0,4.811506958669847,0.9867400905297674,-1.2904022340476144,-0.0619306372644701,-0.03464787529331582,0.8423157300898028,-0.002327597692026758,26.514247978040956,1.038313141337659,3.4852328344591457,-0.03830681635997255
4091,16.7055125,-0.016179202165987432,0.007930897344179184,0.006284826336034818,-0.06994637317280558,0.43523058681215876,-0.02215837236633703,0.0809696611943655,0,0.0038484,1,Shared Control,0.01,Good Visuals,0.035731977893899314,0.349442992149822,0.0,4.811611053907739,0.9867420663935977,-1.2872110244741704,-0.058739427691026,-0.026380346406792227,0.9044096849777817,-0.002232404942345111,26.514767165540853,1.0383068163599725,3.4848779322399777,-0.0383022750798357
4092,16.709101800000003,-0.016179202165987432,0.011859233967684978,0.005979170200349597,-0.06911042722668051,0.43627301567768356,-0.021862584595123948,0.08384528995638357,0,0.0035893,1,Shared Control,0.01,Good Visuals,0.03877852415806506,0.3494043306688315,0.0,4.811684062333789,0.9867434113157617,-1.2836549457038482,-0.05518334892070387,-0.02279040962109818,0.9176977471799037,-0.0021961885200060096,26.51512206776002,1.0383022750798356,3.4845298846693775,-0.03829803741385538
4093,16.7127206,-0.016022122533307943,0.01623705461170372,0.005840462061816005,-0.06760823534467986,0.4373177479466677,-0.021553933272846097,0.08673520283366579,0,0.0036188,1,Shared Control,0.01,Good Visuals,0.03942405518663068,0.34936858070780596,0.0,4.811753824398767,0.9867447359458247,-1.2804144903788752,-0.05194289359573081,-0.023920430748115232,0.9031369356112198,-0.002089147961808174,26.515470115330622,1.0382980374138553,3.4842096138768963,-0.03829411887815127
4094,16.716270100000003,-0.016022122533307943,0.019569396810806997,0.0055318107395381545,-0.06716580602285879,0.43673324615552356,-0.021241050799635716,0.08955970141195027,0,0.0035495,1,Shared Control,0.01,Good Visuals,0.038608911172232,0.34933124185097203,0.0,4.811818181201602,0.9867459543616987,-1.277449444680827,-0.0489778478976826,-0.02681760202268472,0.866643000627892,-0.0020404739412144437,26.515790386123104,1.0382941188781514,3.4838691581336243,-0.03829002618435643
4095,16.71967,-0.015865042900628453,0.021587331390856376,0.005376007899007263,-0.0679723700210939,0.43355249499153636,-0.02093197207334465,0.09225491994113746,0,0.0033999000000000004,1,Shared Control,0.01,Good Visuals,0.03965723197352704,0.3492938596806176,0.0,4.811885974891562,0.9867472514855156,-1.274364846567664,-0.04589324978451961,-0.027177270195841492,0.864444725264969,-0.0019324343153274074,26.516130841866374,1.0382900261843564,3.4835306494363936,-0.03828592874298785
4096,16.7241858,-0.015707963267948963,0.025161786153819792,0.005224008805395686,-0.06709313378731767,0.43903608454313836,-0.020507315104574445,0.09581778927080989,0,0.0045158,1,Shared Control,0.01,Good Visuals,0.04120253623636547,0.34925400844418897,0.0,4.811953620432521,0.9867485404533185,-1.2708906409703205,-0.042419044187176035,-0.02637971255717402,0.8614444823564533,-0.0018778065487177348,26.516469350563607,1.0382859287429878,3.483166543181505,-0.03828156066849715
4097,16.7272468,-0.015707963267948963,0.02807215979742789,0.004799351836625481,-0.067745629473382,0.4408753714752423,-0.0202103362986192,0.0982209164239898,0,0.0030610000000000004,1,Shared Control,0.01,Good Visuals,0.041066078483275474,0.34921869894339846,0.0,4.812026047824102,0.9867499279250581,-1.2680612495205958,-0.039589652737451436,-0.028462819719504456,0.830269220530724,-0.0018245060154321825,26.516833456818496,1.0382815606684972,3.482852651097473,-0.03827769041142349
4098,16.7306467,-0.015550883635269474,0.027286871860535203,0.004659452663349727,-0.0709340445634546,0.42969404886138796,-0.01987187449978048,0.10087790642665878,0,0.0033999000000000004,1,Shared Control,0.01,Good Visuals,0.043753165859547485,0.34918628775215915,0.0,4.812089376398961,0.9867511213020634,-1.2649887987883817,-0.03651720200523725,-0.027079404594254473,0.8584422710218186,-0.0016760234041579604,26.517147348902526,1.0382776904114235,3.4825623149068448,-0.03827413783663904
4099,16.734395000000003,-0.015393804002589984,0.028632755015166662,0.004478070497190494,-0.07224515141149213,0.4308325841220759,-0.01948828840194035,0.10379125517013404,0,0.0037483000000000004,1,Shared Control,0.01,Good Visuals,0.04757235184642406,0.34916167450164126,0.0,4.812147720878487,0.9867522258411429,-1.2619820793440946,-0.03351048256095013,-0.022273194957252242,0.8829788101395272,-0.0016270169784720022,26.517437685093157,1.0382741378366391,3.4823489872831686,-0.03827143999031468
4100,16.7376478,-0.015236724369910495,0.033538704938053554,0.004251564032029854,-0.07025255023208049,0.4422353158018084,-0.01914658401899398,0.1063050493571521,0,0.0032528,1,Shared Control,0.01,Good Visuals,0.049738790383831645,0.34913794705594187,0.0,4.812191334899832,0.9867530351129201,-1.2587246106422392,-0.03025301385909472,-0.0207699444385642,0.8891684732783972,-0.0015635705933354303,26.517651012716833,1.0382714399903148,3.4821345130890773,-0.038268839236622276
4101,16.741481800000003,-0.015236724369910495,0.035410656241461815,0.0039098596490834865,-0.07089439311569029,0.4406306850860667,-0.018733359134879855,0.10924964503591697,0,0.003834,1,Shared Control,0.01,Good Visuals,0.04886245254743678,0.3491063731749845,0.0,4.812234234155694,0.9867538516690075,-1.2550070791189984,-0.02653548233585395,-0.024508568432375914,0.8545656574963842,-0.001484382337919786,26.51786548691092,1.0382688392366224,3.4818385405005783,-0.038265378439007396
4102,16.745594800000003,-0.015079644737231005,0.03247098050245768,0.0036537143976488502,-0.07677866453345929,0.4295374513161197,-0.018277558870112138,0.11238500181254799,0,0.004113,1,Shared Control,0.01,Good Visuals,0.051140007938339824,0.3490839807578738,0.0,4.812292344158407,0.986754981881292,-1.251926633124652,-0.02345503634150734,-0.022892295785695644,0.8575851877356941,-0.0013649569217147536,26.51816145949942,1.0382653784390075,3.481647961760677,-0.03826292401714419
4103,16.7492562,-0.014922565104551517,0.031513158924464504,0.0033549937655606207,-0.08087184288808348,0.4321453314525982,-0.0178609961955185,0.11515430925114822,0,0.0036614000000000004,1,Shared Control,0.01,Good Visuals,0.05817889959051112,0.34907202758470113,0.0,4.812331683947021,0.986755703694142,-1.248763142086312,-0.020291545303167288,-0.013831134592146549,0.9307122795940127,-0.0012754531664836177,26.51835203823932,1.0382629240171442,3.481552037093066,-0.03826161383569193
4104,16.752746300000002,-0.014608405839192538,0.03770434093187103,0.003252590356325963,-0.0774499683192772,0.45665800503354814,-0.01745451907316766,0.11777381409771653,0,0.0034901000000000003,1,Shared Control,0.01,Good Visuals,0.06365537009671902,0.349065338826189,0.0,4.812352121170082,0.9867560650418388,-1.245230307683702,-0.016758710900557406,-0.007988081883459786,0.9844054844543804,-0.0011711344762782773,26.518447962906933,1.038261613835692,3.4814972582241697,-0.03826088068415011
4105,16.7574858,-0.014294246573833559,0.054272135385378624,0.0031602724993341023,-0.06350167871233792,0.5035250008147795,-0.01688796405042205,0.12129754321970457,0,0.004739500000000001,1,Shared Control,0.01,Good Visuals,0.05438868982699919,0.34903301533977493,0.0,4.812386296461565,0.9867567196857644,-1.2392093100978774,-0.010737713314732809,-0.02797728543732399,0.8068809430397228,-0.0010482741482696328,26.51861975696179,1.038259552633256,3.48118744586476,-0.03825733772264857
4106,16.763159100000003,-0.014294246573833559,0.05134679128616385,0.0025937174765884915,-0.06995075193354072,0.4921751243055387,-0.016187966482206446,0.12546138483403943,0,0.0056733,1,Shared Control,0.01,Good Visuals,0.04745218436397892,0.3490035962834851,0.0,4.812423813883195,0.9867574569482994,-1.2368916073853005,-0.008420010602155813,-0.03874406282257633,0.672519140114614,-0.0011030394397379486,26.51881255413524,1.0382573377226485,3.4809099459898465,-0.03825411311430925
4107,16.766733000000002,-0.014137166941154067,0.04232840149129852,0.002050799541052379,-0.08313298334274091,0.46698331239621627,-0.01573494276470445,0.1280521778592221,0,0.0035739,1,Shared Control,0.01,Good Visuals,0.056542291632073194,0.3489859109981425,0.0,4.812478125492631,0.9867585171556484,-1.2340559429361344,-0.005584346152989712,-0.02747944964739798,0.7960653685090542,-0.0009052167270727096,26.519090054010153,1.0382541131143093,3.480765291642562,-0.03825217463885181
4108,16.770266900000003,-0.013980087308474578,0.03621220378151879,0.001754855456229873,-0.0918399740777033,0.4535097113543032,-0.015277930539296174,0.1305881289891156,0,0.0035339000000000004,1,Shared Control,0.01,Good Visuals,0.07216273426664871,0.34898289368278956,0.0,4.812508627837746,0.9867590630511389,-1.2306127935938311,-0.002141196810686525,-0.00614885344695951,1.0003629804187182,-0.0007157001461087371,26.519234708357438,1.0382521746388518,3.4807554337156286,-0.038251843912395
4109,16.7746214,-0.013823007675795088,0.03537895167038261,0.0014549228635010857,-0.09520917731873299,0.44970481538218343,-0.01470254645687391,0.13367592590937,0,0.0043545,1,Shared Control,0.01,Good Visuals,0.08217866607246062,0.34898705040825734,0.0,4.812512396092021,0.9867590950346105,-1.2255791437516503,0.002892453031494355,0.007506232694757768,1.1072457363852268,-0.0006124145351101329,26.51924456628437,1.038251843912395,3.4808009736833148,-0.03825229952903598
4110,16.778174,-0.013823007675795088,0.03322899679923611,0.0008795387810788223,-0.10044692911013389,0.4308669911347475,-0.014223222182167511,0.13616343399120168,0,0.0035526000000000004,1,Shared Control,0.01,Good Visuals,0.08694668264191624,0.3489915488704874,0.0,4.812504108905041,0.9867589191128339,-1.2217079902433985,0.006763606539746206,0.012934688232792502,1.1234411481373994,-0.0005077492387047795,26.519199026316684,1.038252299529036,3.480841627007732,-0.038252792603275965
4111,16.7817244,-0.013665928043115599,0.028666842418589814,0.0005572941390519122,-0.10749659157261186,0.40233761397534645,-0.01373541816137153,0.13861972930451788,0,0.0035504000000000004,1,Shared Control,0.01,Good Visuals,0.09488411080506197,0.3489965889190444,0.0,4.812495976463199,0.9867587643368526,-1.21738081614121,0.011090780641934686,0.02310298416494331,1.2090117912850937,-0.0003069516015003587,26.51915837299227,1.0382527926032759,3.480887979021693,-0.03825334504052777
4112,16.7853402,-0.013508848410436109,0.028053211703360077,0.00022656975093542087,-0.11056651760115781,0.388910708006807,-0.013229721893476628,0.14108957106308972,0,0.0036158,1,Shared Control,0.01,Good Visuals,0.10339121419224734,0.34900127529158476,0.0,4.8124867870161605,0.9867585876084809,-1.2129672371744247,0.015504359608720068,0.035364352994445195,1.2844359952230318,-0.00019449375355369295,26.519112020978305,1.0382533450405278,3.480929942140235,-0.03825385871152476
4113,16.788899200000003,-0.01335176877775662,0.032256829479131416,-0.0001220468842799919,-0.10883274158395831,0.3870347452063467,-0.012723306074060246,0.14348817283614726,0,0.003559,1,Shared Control,0.01,Good Visuals,0.10801208107249445,0.349003628289416,0.0,4.812478352491025,0.9867584279696802,-1.2081873032145243,0.020284293568620437,0.04108202413256359,1.3076005908631834,-7.907313201895861e-05,26.519070057859764,1.0382538587115246,3.4809483447264546,-0.03825411662246365
4114,16.792626900000002,-0.013037609512397642,0.039572059120812964,-0.00031430343833739605,-0.1039161137153343,0.39188097222738594,-0.012183797832686739,0.1459646532513832,0,0.0037277,1,Shared Control,0.01,Good Visuals,0.10797896497442706,0.3490023273288191,0.0,4.8124743759098365,0.9867583588191005,-1.2032249658039922,0.025246630979152605,0.03928270049928642,1.2651278325851942,4.259480543513566e-05,26.519051655273547,1.0382541166224637,3.4809321392866104,-0.038253974024810324
4115,16.7963571,-0.012880529879718152,0.04874449009600226,-0.0006967320470314137,-0.09722016315538093,0.40260056102447045,-0.011634757413084057,0.1484047499604762,0,0.0037302000000000004,1,Shared Control,0.01,Good Visuals,0.10405267850119826,0.3489999896404499,0.0,4.812477158748241,0.9867584219342517,-1.1992827006219862,0.02918889616115855,0.03168514139179427,1.1630473159092356,0.0001096926314672012,26.51906786071339,1.0382539740248102,3.48090994986511,-0.038253717791934067
4116,16.7997167,-0.012723450247038663,0.053978807597691414,-0.0010886928339546055,-0.09442594236278479,0.4003120382333436,-0.011132532716599126,0.15056869661535288,0,0.0033596000000000003,1,Shared Control,0.01,Good Visuals,0.09928583309984208,0.3489961359598797,0.0,4.812481487891363,0.9867585067529592,-1.1954311770386525,0.033040419744492164,0.022172823871032303,1.070670665035891,0.00024315947719613288,26.51909005013489,1.038253717791934,3.4808731902200036,-0.03825329539189576
4117,16.803549,-0.012566370614359171,0.053690656113994345,-0.0014338378977600454,-0.09687804050135854,0.38652094661522046,-0.010550841839212627,0.15299674165625776,0,0.0038323000000000003,1,Shared Control,0.01,Good Visuals,0.09841493705588747,0.3489912026224806,0.0,4.812488641959641,0.9867586473208502,-1.1919059358241753,0.03656566095896951,0.019100429708959244,1.0309531539092651,0.00037994959229736825,26.519126809779998,1.0382532953918957,3.4808272570369327,-0.03825275465120166
4118,16.807682500000002,-0.012252211349000192,0.04793071280352669,-0.0017013695097875658,-0.10506602885273107,0.35792313317331786,-0.009913102236547058,0.1555657104946504,0,0.0041335,1,Shared Control,0.01,Good Visuals,0.10971487972956841,0.3489686929066129,0.0,4.812515665173079,0.9867591785138665,-1.1843311592175125,0.04414043756563206,0.03361231220594408,1.1204133882157243,0.0006485645266526331,26.519265713107856,1.038251700425414,3.480613751165046,-0.0382502873722792
4119,16.813555100000002,-0.011938052083641213,0.050551794428973354,-0.002024949847094155,-0.10501391606567705,0.367205094711532,-0.008989028045619827,0.15912278709302743,0,0.0058726,1,Shared Control,0.01,Good Visuals,0.11186282440539824,0.3489552419401328,0.0,4.812539361670451,0.9867596387041397,-1.1810110412105053,0.04746055557263939,0.03776854830430442,1.098140506385966,0.0005937246939817316,26.519386248834955,1.0382502873722792,3.4804914354737453,-0.038248813018436696
4120,16.816691000000002,-0.011623892818282234,0.061535947440846256,-0.002634864772662407,-0.09758683965218118,0.4064670224055488,-0.008487120629764491,0.16097595601677545,0,0.0031359,1,Shared Control,0.01,Good Visuals,0.11336874303823774,0.3489365267940424,0.0,4.812563752058023,0.9867601046281285,-1.1771232256674617,0.05134837111568286,0.03758562482691412,1.0946659373362635,0.0007066168638093758,26.519508564526255,1.0382488130184366,3.480315260967153,-0.038246761660447506
4121,16.8202994,-0.011466813185602744,0.07148668759910545,-0.002979692555838253,-0.08948926841766999,0.43687305958476663,-0.007902468704531596,0.16306709639094313,0,0.0036084000000000003,1,Shared Control,0.01,Good Visuals,0.108975411421022,0.3489201140301204,0.0,4.812598268086631,0.986760777607702,-1.1736118610145592,0.05485973576858551,0.026090499206095116,1.019796890364383,0.0009194005623447944,26.519684739032847,1.0382467616604476,3.480169918938687,-0.03824496266543922
4122,16.824574000000002,-0.011309733552923255,0.07073110494672986,-0.003407264848391659,-0.09233599144421327,0.4330722802239793,-0.007200230176096872,0.16548550157720082,0,0.0042746,1,Shared Control,0.01,Good Visuals,0.10264470030986554,0.34890719444266927,0.0,4.8126276506462915,0.9867613300074469,-1.169433020586183,0.05903857619696186,0.013576075459581373,0.9086213451276005,0.0010396746663577843,26.519830081061315,1.0382449626654393,3.480057053302279,-0.03824354655579161
4123,16.828239,-0.011152653920243763,0.062132704000154325,-0.003952423744146892,-0.10335279757704649,0.414825046247959,-0.0065900069848269585,0.1675067009190703,0,0.0036650000000000003,1,Shared Control,0.01,Good Visuals,0.10751160060771116,0.34889181254775514,0.0,4.812650630190472,0.9867617584733621,-1.1662359900407966,0.062235606742348175,0.019109946117668104,0.9393085396011044,0.0011888192189754606,26.51994294669772,1.0382435465557915,3.4799142999153574,-0.03824186055382996
4124,16.8316966,-0.010838494654884786,0.056301102759433536,-0.004248487670057827,-0.11120559815963676,0.412034803028657,-0.006007605149509775,0.1693679644819295,0,0.0034576000000000003,1,Shared Control,0.01,Good Visuals,0.12100639054071423,0.3488550428906267,0.0,4.812678800836069,0.9867623031617581,-1.1623131358736014,0.06615846090954332,0.03772895728395366,1.101863425424172,0.0013789682840521938,26.520085700084643,1.03824186055383,3.479554379919174,-0.03823783024973583
4125,16.835351600000003,-0.010681415022205296,0.05682050808665582,-0.004673809872695521,-0.11254745639527369,0.42190491534650126,-0.0053850441551000425,0.1712861227930497,0,0.0036550000000000003,1,Shared Control,0.01,Good Visuals,0.13018054585491892,0.3488050624361547,0.0,4.812747950466291,0.9867636822630372,-1.158254247340284,0.07021734944286069,0.04977844528177493,1.1875039594257983,0.001482106348358322,26.520445620080825,1.038237830249736,3.4790866702848304,-0.03823235191662054
4126,16.838863,-0.010367255756846317,0.05962194495261157,-0.004982211601746275,-0.11166417784043813,0.4272946375030239,-0.004780426473456757,0.17307991446436993,0,0.0035114,1,Shared Control,0.01,Good Visuals,0.13355224193963913,0.3487427521244231,0.0,4.812839859611109,0.9867654680532609,-1.1538478063023572,0.0746237904807874,0.05247760951873879,1.1989337028070384,0.0016302485444602776,26.52091332971517,1.0382323519166206,3.4785075435091177,-0.038225522113894864
4127,16.842753400000003,-0.010053096491487338,0.06468292564336031,-0.005272670018030581,-0.10839698882100962,0.43780297300998566,-0.004103302529462876,0.1750097912795476,0,0.0038904000000000005,1,Shared Control,0.01,Good Visuals,0.13416575703601122,0.34867257652043965,0.0,4.812954058387623,0.9867676780380821,-1.1492401618486399,0.07923143493450463,0.05152803578169438,1.1653711502142827,0.0017375101856592261,26.521492456490883,1.038225522113895,3.4778627500424397,-0.038217830200340856
4128,16.846294,-0.009738937226128359,0.07202588825260885,-0.005635634696665483,-0.10298390302693876,0.4565851636003117,-0.003480633615160135,0.1767122776927199,0,0.0035406,1,Shared Control,0.01,Good Visuals,0.13234070433933562,0.34861440898631,0.0,4.813081952278373,0.9867701363167543,-1.145507046047339,0.08296455073580535,0.04680893220390992,1.0958801706445653,0.0018384354403287956,26.52213724995756,1.0382178302003409,3.477351446545275,-0.03821145448543743
4129,16.8497154,-0.009267698328089888,0.08232430933111692,-0.005787064712929753,-0.09438796836160299,0.48818964324461717,-0.002873287116984969,0.1783075062294581,0,0.0034214000000000002,1,Shared Control,0.01,Good Visuals,0.1287469964723606,0.3485602555171388,0.0,4.81318571883805,0.986772078420835,-1.1418712427261903,0.08660035405695414,0.03884129143893297,1.0179190663387638,0.00196466345904078,26.522648553454726,1.0382114544854375,3.4768647397454413,-0.03820551875022648
4130,16.853333900000003,-0.00895353906273091,0.09456511799650563,-0.006080251945745942,-0.08374238823295246,0.5287059938926502,-0.0022251106865932985,0.17994000542455296,0,0.0036185,1,Shared Control,0.01,Good Visuals,0.1209943688282624,0.348526479727629,0.0,4.8132833600896685,0.9867739306024165,-1.1388603591140511,0.08961123766909332,0.024541443643366273,0.8783720205785589,0.0020171407550330124,26.52313526025456,1.0382055187502264,3.4765841179185855,-0.038201816602494505
4131,16.857569700000003,-0.00863937979737193,0.10069282783847902,-0.006414269110778631,-0.07924717758607394,0.5490651525306638,-0.001459000058764117,0.1817779677358959,0,0.0042358000000000005,1,Shared Control,0.01,Good Visuals,0.11190122669922076,0.3485136675352082,0.0,4.813342037500673,0.9867749911824211,-1.1359380230225233,0.09253357376062114,0.007619082161467625,0.7344767496551272,0.0021191288065078996,26.523415882081416,1.0382018166024944,3.4764927496403444,-0.03820041226436353
4132,16.860590000000002,-0.008325220532012952,0.0988256307603482,-0.006866220473248835,-0.08295233697554771,0.5508894311951946,-0.0009080607923694084,0.18303933101939424,0,0.0030203,1,Shared Control,0.01,Good Visuals,0.1090733644666643,0.3485122347551409,0.0,4.813362834941241,0.98677533128035,-1.133527448232705,0.09494414855043956,0.0008997552994173515,0.6754202269034502,0.0022354604523552595,26.523507250359657,1.0382004122643635,3.4764924543594478,-0.03820025521804268
4133,16.864451300000002,-0.008168140899333461,0.09166111520595588,-0.0072600801069640526,-0.09137821581343836,0.540626664769218,-0.000198273129035368,0.18459097136450794,0,0.0038613000000000002,1,Shared Control,0.01,Good Visuals,0.11490493937121167,0.34849976813876976,0.0,4.813364199586796,0.9867753283784486,-1.1309689882822724,0.09750260850087207,0.007566995091010681,0.7412603072381587,0.002392961841453453,26.523507545640552,1.0382002552180427,3.476364703439683,-0.038198888758333105
4134,16.8677171,-0.007853981633974482,0.08198959775815909,-0.007655708504939114,-0.10260137360634886,0.5195904536411078,0.0004066318159391298,0.18584887567536745,0,0.0032658,1,Shared Control,0.01,Good Visuals,0.12511539771035507,0.3484607034056912,0.0,4.813388198967172,0.9867758195676801,-1.1279068224637923,0.10056477431935232,0.021729001452298807,0.8583987381157318,0.002530136233945867,26.523635296560318,1.038198888758333,3.4759781369714973,-0.03819460689208909
4135,16.871388800000002,-0.0075398223686155025,0.07668069998663432,-0.007946454184554632,-0.10916817568873313,0.5089515554279112,0.0010915177470643724,0.1872023303024703,0,0.0036717000000000004,1,Shared Control,0.01,Good Visuals,0.1380951691428663,0.3483832165330334,0.0,4.813462070604641,0.9867773020191963,-1.124265843518574,0.10420575326457056,0.0403720916007324,1.0059620227712434,0.002667713570700016,26.5240218630285,1.038194606892089,3.4752296631959023,-0.03818611359395952
4136,16.875119700000003,-0.006911503837897544,0.08114244270895063,-0.008003021584961916,-0.10605988759351967,0.5201931278209816,0.001792412329473584,0.18851039839615555,0,0.0037309,1,Shared Control,0.01,Good Visuals,0.1459760967496008,0.34825990236382603,0.0,4.813606826305682,0.9867801670429599,-1.1195685551830676,0.10890304160007698,0.05130552825991481,1.0742306436541313,0.002768411268847526,26.524770336804096,1.0381861135939596,3.4740574462885885,-0.03817259718831875
4137,16.8791823,-0.006597344572538565,0.09232698458744742,-0.008389756902012149,-0.09618341380870812,0.538116749994282,0.0025610162899290835,0.1898561286610483,0,0.0040626,1,Shared Control,0.01,Good Visuals,0.14318349719965795,0.3481704307652188,0.0,4.81383536150974,0.9867846484634332,-1.1161049033161474,0.11236669346699725,0.04570119203544457,0.9800384434724331,0.0027871315157944293,26.52594255371141,1.0381725971883187,3.4732929117586155,-0.038162790250252536
4138,16.8828889,-0.006283185307179586,0.09980372336061621,-0.00884420159710867,-0.0900524053004321,0.535841126798406,0.003266899022161606,0.19101098100344646,0,0.0037066000000000004,1,Shared Control,0.01,Good Visuals,0.13530082455317022,0.3481061210915884,0.0,4.813992849982558,0.9867875453303867,-1.1131547301609246,0.1153168666222201,0.031743488386838783,0.8473126415138269,0.0029210652745890377,26.526707088241384,1.0381627902502526,3.4727386274815704,-0.038155741298449175
4139,16.8862954,-0.005654866776461627,0.1065235356737472,-0.008921765798623233,-0.08448744532969926,0.5436408521956562,0.003919296299281588,0.19200978407319497,0,0.0034065000000000002,1,Shared Control,0.01,Good Visuals,0.1314397097327562,0.34805435210330044,0.0,4.814106509560102,0.9867896471592317,-1.1104987974336964,0.11797279934944829,0.02465208587183137,0.776633933922508,0.0030787207121215298,26.52726137251843,1.0381557412984492,3.4722832763004936,-0.038150066925019016
4140,16.8909378,-0.005026548245743669,0.11431500737169548,-0.008945844545025257,-0.07769477670149949,0.5632399875105509,0.00481365813308493,0.1932726347698237,0,0.0046424000000000005,1,Shared Control,0.01,Good Visuals,0.12202333832078768,0.3480025739550362,0.0,4.814263043385275,0.9867925580766119,-1.1059537398150001,0.12251785696814471,0.00702181605950651,0.6094011809990723,0.003277313927013464,26.528028410005057,1.038146075187773,3.471857653068694,-0.038144391547568345
4141,16.8967364,-0.004555309347705199,0.11433881664406914,-0.009368967480790129,-0.07893381812575456,0.5772951308761692,0.0059385583968084125,0.19468716282848988,0,0.0057986,1,Shared Control,0.01,Good Visuals,0.11973653619564172,0.3479925818171095,0.0,4.814288403741848,0.9867929839789302,-1.1040532154174987,0.12441838136564622,0.00452102215222829,0.53520822233216,0.003113176927870409,26.528142346931304,1.0381443915475683,3.471772139460331,-0.038143296314228144
4142,16.900320400000002,-0.0040840704496667305,0.12021440917931168,-0.010022628846475142,-0.0744727536491782,0.6127882603023722,0.006637739655033427,0.19546905063804568,0,0.0035840000000000004,1,Shared Control,0.01,Good Visuals,0.1229964399066043,0.3479769121238919,0.0,4.814306004814567,0.9867933080448512,-1.1021043130521921,0.1263672837309528,0.007028960714794202,0.569737879763372,0.003260331182600697,26.52822786053967,1.038143296314228,3.4716226065210463,-0.03814157876683552
4143,16.903735,-0.0037699111843077513,0.12359272362751314,-0.010407650839341177,-0.07187632701053254,0.6301901005414533,0.007306364566350615,0.1961470608845367,0,0.0034146000000000003,1,Shared Control,0.01,Good Visuals,0.12174155138392592,0.34797374201848036,0.0,4.814335101388103,0.9867938798979355,-1.100102582335857,0.128369014447288,0.0012548358345722218,0.5527810439454321,0.0034876434373602647,26.528377393478955,1.0381415787668355,3.4716101262562207,-0.03814123129313528
4144,16.908132400000003,-0.003141592653589793,0.12122203570919476,-0.010447957219940407,-0.07492502517534194,0.6262698159838883,0.008170647129857447,0.19692243695956144,0,0.0043974,1,Shared Control,0.01,Good Visuals,0.12103308475858693,0.3479805135989719,0.0,4.814339266592884,0.9867939222793739,-1.0974798331754563,0.13099176360768863,-0.0018928004356469608,0.5312973078903344,0.0036215892081873273,26.52838987374378,1.0381412312931353,3.4716829391019837,-0.03814197352275367
4145,16.912384300000003,-0.002670353755551324,0.1197973933779054,-0.01084100088540877,-0.07712504358165603,0.6251781987134087,0.0090093466189789,0.19756571033617198,0,0.0042519,1,Shared Control,0.01,Good Visuals,0.12423540945849115,0.34797435276972194,0.0,4.814325899114499,0.9867936413590175,-1.095623364480251,0.1328482323028938,0.0024623018219431404,0.5395613378687982,0.0036356855194549496,26.528317060898015,1.0381419735227537,3.4716100277192616,-0.03814129823727949
4146,16.9157832,-0.0021991148575128553,0.12277374328094476,-0.011208461476491755,-0.07479196705522723,0.6332800690191835,0.009681616003599458,0.19800343335227244,0,0.0033989000000000003,1,Shared Control,0.01,Good Visuals,0.12829877460890082,0.34795464358781075,0.0,4.814338706554202,0.9867939244392301,-1.0935281469521154,0.1349434498310295,0.0072543066945196496,0.5816978617217782,0.0037723902664760995,26.52838997228074,1.0381412982372795,3.4714154514944586,-0.038139137923511236
4147,16.9194348,-0.0018849555921538756,0.12397603778689181,-0.011566571595753333,-0.07402739556538063,0.6270134305572608,0.010405388007144259,0.1983968369807954,0,0.0036516,1,Shared Control,0.01,Good Visuals,0.12776606166557491,0.34794152311578125,0.0,4.814375933050983,0.9867946705041996,-1.0916201398583996,0.13685145692474532,0.004929597238723183,0.5592540650455253,0.0039000362182203957,26.528584548505542,1.0381391379235112,3.471305893503569,-0.03813769979500347
4148,16.9241995,-0.0009424777960769378,0.12002364981474781,-0.011347865803221197,-0.0783731871660476,0.5941612421582309,0.011351677866441118,0.19878863869177849,0,0.0047647,1,Shared Control,0.01,Good Visuals,0.13343704794355601,0.34788930908095395,0.0,4.814430377750723,0.9867957002387964,-1.0875921398527082,0.14087945693043677,0.013063061025257424,0.599428755030055,0.00411215463600663,26.528855238628143,1.0381358203817033,3.4708046868409337,-0.03813197664024028
4149,16.929549700000003,-0.00015707963267948965,0.13241739694178295,-0.011508757499120607,-0.06637124174999554,0.6096131264576106,0.012416046976791578,0.19906181722444516,0,0.0053502,1,Shared Control,0.01,Good Visuals,0.12879912228425844,0.3478458636483669,0.0,4.814547695672266,0.9867979669897927,-1.0845149321829877,0.14395666460015732,0.005833931271480953,0.48881132975142705,0.0041127231513101575,26.529449345263785,1.0381287949178395,3.4704377474120265,-0.03812721460767047
4150,16.935590100000002,0.0003141592653589793,0.1329280412440508,-0.012101887711432599,-0.06613377598039435,0.5892851417165095,0.013618855343275157,0.19915416684053416,0,0.0060404000000000005,1,Shared Control,0.01,Good Visuals,0.12090477709148144,0.34786151611740546,0.0,4.81457207734065,0.9867983913580305,-1.083239584859434,0.14523201192371094,-0.0054328259465588075,0.35500273446168706,0.0040032736918012264,26.529562252587972,1.0381272146076705,3.4706163189559898,-0.03812893026712927
4151,16.9408195,0.0012566370614359172,0.130837653055407,-0.01236221828183924,-0.06831651378512715,0.5521060491915589,0.014660105184411815,0.19904557979379894,0,0.0052294,1,Shared Control,0.01,Good Visuals,0.1290600477740336,0.3478486604973471,0.0,4.814531679672939,0.9867975722381769,-1.0802577729775669,0.148213823805578,0.005975196655204841,0.4646501935209466,0.004464336616418539,26.52934895403316,1.0381295344926762,3.4704554820023477,-0.038127521168916226
4152,16.9461599,0.0018849555921538756,0.13526370802083915,-0.01277514959225794,-0.0637818717729598,0.5524692367699555,0.015722384660766225,0.1987508969781342,0,0.0053404,1,Shared Control,0.01,Good Visuals,0.12693335893101235,0.3478356231373117,0.0,4.814567751281878,0.9867983262289706,-1.0788897625137417,0.14958183426940314,0.004409064148193654,0.39843030838070304,0.004300181070113596,26.529544517997653,1.0381275211689163,3.470345968531197,-0.03812609215027339
4153,16.9497292,0.0020420352248333652,0.13748605370237177,-0.01368034943593286,-0.061264843275762426,0.5404733457773514,0.016431272496459714,0.19844890580980407,0,0.0035693,1,Shared Control,0.01,Good Visuals,0.1244469848159724,0.3478360136643328,0.0,4.814590516982484,0.9867987405590362,-1.0776103701536668,0.15086122662947812,-0.0001224799538765146,0.357312282878568,0.004443652119095414,26.5296540314688,1.0381260921502733,3.470365838108467,-0.03812613495574875
4154,16.9532758,0.0028274333882308137,0.13504543623753432,-0.013603839108228901,-0.06340346957226975,0.5178892334328662,0.017134434639122068,0.1980644653180509,0,0.0035466,1,Shared Control,0.01,Good Visuals,0.12632131458597246,0.34783054114132883,0.0,4.814588228326387,0.9867986597177211,-1.0762724194177036,0.1521991773654413,0.0016759281425434407,0.3908365425066974,0.00475851821332999,26.529634161891533,1.0381261349557487,3.4703077430135476,-0.0381255351151848
4155,16.957607300000003,0.0032986722862692825,0.13843073946356838,-0.013835762352852787,-0.05963372585448251,0.5348892710371325,0.017991130294744348,0.1974796428392287,0,0.0043315,1,Shared Control,0.01,Good Visuals,0.12806350260060256,0.3478064035115602,0.0,4.814598958845777,0.9867988836557677,-1.074490621833239,0.15398097494990584,0.005540844533055606,0.38786163923127026,0.004731830718614831,26.52969225698645,1.0381255351151848,3.470065990776951,-0.03812288940141763
4156,16.9612403,0.003926990816987241,0.14235407895962213,-0.014064139477757108,-0.05512556387960657,0.5601726173993218,0.018707530812360353,0.19689034764180335,0,0.0036330000000000004,1,Shared Control,0.01,Good Visuals,0.1254608318778539,0.34780472982640426,0.0,4.814644884737723,0.9867998116173572,-1.0731533763227428,0.15531822046040217,0.00043227534151784013,0.3332532984016554,0.00481216674378637,26.529934009223048,1.0381228894014176,3.470080656782184,-0.038122705949608086
4157,16.9653667,0.0043982297150257105,0.14292213417651223,-0.014309301097334642,-0.053968213465291126,0.5754111838707794,0.019518410894043065,0.19611057042162675,0,0.0041264000000000006,1,Shared Control,0.01,Good Visuals,0.12211173162251945,0.3478253556247478,0.0,4.814645025213101,0.98679974631801,-1.0722213177989912,0.15625027898415367,-0.006158923785108726,0.2731146962087184,0.004891574231302177,26.529919343217816,1.038122705949608,3.470293714218822,-0.03812496673325419
4158,16.968741700000002,0.004869468613064179,0.14272062443806746,-0.014648942280978886,-0.053389945983559284,0.5881624088748904,0.020179081487125054,0.19538464922335627,0,0.0033750000000000004,1,Shared Control,0.01,Good Visuals,0.12214940992979148,0.34785109332915704,0.0,4.814605153718376,0.9867989266442324,-1.0712835910679985,0.15718800571514638,-0.0072459743744235265,0.26361372174539,0.004977137742922016,26.529706285781177,1.0381249667332542,3.470531716468552,-0.03812778783041839
4159,16.9726798,0.005497787143782138,0.14334014648455118,-0.014681294343342916,-0.05204450273880509,0.601780454286867,0.02094669460961136,0.19443644076240124,0,0.0039381,1,Shared Control,0.01,Good Visuals,0.12321327661464285,0.34787555499728995,0.0,4.814558098769212,0.9867980187426462,-1.0703342242450256,0.15813737253811944,-0.006788925387687614,0.26935448645890225,0.005095650588554221,26.529468283531447,1.0381277878304185,3.4707515431167466,-0.03813046906187184
4160,16.976362,0.006126105674500096,0.1487781307194504,-0.014820588935111264,-0.045658310042950845,0.6308827937234578,0.021660862772581536,0.19345045474901723,0,0.0036822,1,Shared Control,0.01,Good Visuals,0.12204066571970082,0.3479120410536139,0.0,4.814513994295549,0.9867971821548701,-1.0694152390662728,0.15905635771687232,-0.009133923679816695,0.23573998377571848,0.00510726341776899,26.529248456883252,1.0381304690618718,3.4710975691831956,-0.0381344682806208
4161,16.979761,0.006440264939859076,0.15059825453067854,-0.01522059783272246,-0.04285220021833869,0.6397623171113981,0.02231673146637315,0.19245436243112318,0,0.003399,1,Shared Control,0.01,Good Visuals,0.11640836312937813,0.3479818349561368,0.0,4.814446452806228,0.9867958595017806,-1.068891650617705,0.15957994616544005,-0.018929863413228176,0.146988700083582,0.005156261346031166,26.528902430816803,1.0381344682806208,3.4717711793505903,-0.03814211835606481
4162,16.9833918,0.006911503837897544,0.14275269274952512,-0.015405227628475607,-0.04970166968159806,0.6161627865588382,0.02301342526364159,0.19129853097067406,0,0.0036308000000000004,1,Shared Control,0.01,Good Visuals,0.11556303276361116,0.34805850741822264,0.0,4.8143161202290194,0.986793281151432,-1.0684280537980435,0.16004354298510162,-0.021022647090211125,0.1351515420854681,0.005296491562960161,26.52822882064941,1.0381421183560648,3.4724720906790028,-0.038150522387050786
4163,16.9868083,0.007225663103256524,0.13140276729916184,-0.015787762160385063,-0.059895763671512225,0.5868885149736479,0.0236650139736697,0.19012371728487187,0,0.0034165000000000003,1,Shared Control,0.01,Good Visuals,0.12320862929060278,0.34809154607022164,0.0,4.814176728785876,0.9867906099360915,-1.0676176755599207,0.16085392122322448,-0.008586704853273543,0.22650815834834181,0.0053619205348051854,26.527527909320998,1.0381505223870509,3.4727161656022725,-0.03815414373750154
4164,16.9910277,0.008168140899333461,0.1267401091918013,-0.015496873074336238,-0.06338360809307059,0.5719634874281966,0.024463958912128353,0.18855529893654616,0,0.0042194,1,Shared Control,0.01,Good Visuals,0.13510874006851936,0.34804221367723903,0.0,4.814122277362831,0.9867896979601439,-1.0659588368368758,0.16251275994626949,0.010124534476775644,0.3748025764353017,0.005495586539397379,26.52728383439773,1.0381541437375015,3.472168931153895,-0.03814873643808843
4165,16.9946316,0.008325220532012952,0.1282226173369293,-0.0161387383801154,-0.060332681599616855,0.5519439634071935,0.025140921612058015,0.1871121484292227,0,0.0036039,1,Shared Control,0.01,Good Visuals,0.13715180182875397,0.34798495721475675,0.0,4.814221287089401,0.986791813730777,-1.0646687910602823,0.16380280572286288,0.014769924729165504,0.3594643826887539,0.005393566009867185,26.527831068846105,1.0381487364380884,3.471646707668109,-0.03814246058530168
4166,16.998285000000003,0.00895353906273091,0.1269158526948873,-0.016187382549327105,-0.06019629573433538,0.5079603097380267,0.02582169586574879,0.18555119678747906,0,0.0036534000000000002,1,Shared Control,0.01,Good Visuals,0.13723305227229132,0.3479255492493586,0.0,4.814325264263579,0.9867938035749361,-1.0634577666883145,0.16501383009483073,0.015456581015985769,0.3545672293859874,0.00561603818470461,26.528353292331893,1.0381424605853016,3.4711057114884065,-0.03813594890733494
4167,17.001751000000002,0.009424777960769378,0.1287595271867227,-0.016396917904979415,-0.05679166960075635,0.4849538718009725,0.02646211688209125,0.18397861067755883,0,0.0034660000000000003,1,Shared Control,0.01,Good Visuals,0.13733452550374278,0.34785091928119066,0.0,4.8144330663770365,0.9867958646878292,-1.0622706063333962,0.166200990449749,0.018422533856096136,0.33077747420403547,0.005632003964384115,26.528894288511594,1.038135948907335,3.4704101979587967,-0.03812776875310611
4168,17.005435600000002,0.010053096491487338,0.13688579355508845,-0.016409020390603914,-0.047092817122470376,0.48550816956272547,0.027136774446745737,0.18220840381877637,0,0.0036846,1,Shared Control,0.01,Good Visuals,0.13498604502243805,0.34778437888193303,0.0,4.814570030630385,0.9867985195080622,-1.061278177393932,0.16719341938921317,0.016449550833278412,0.28061667688292957,0.005703682966625304,26.529589802041205,1.038127768753106,3.469818469567007,-0.038120475292560206
4169,17.0092147,0.010681415022205296,0.1470879143504565,-0.01645535942454044,-0.03512048946831986,0.4913678433038594,0.02782176126995228,0.18028687907742424,0,0.0037791,1,Shared Control,0.01,Good Visuals,0.12547556468981852,0.3477708109295813,0.0,4.814689398739342,0.9868007694384962,-1.0607636995412841,0.16770789724186103,0.0030612827151812487,0.1330018749412757,0.005706800964607156,26.530181530432994,1.0381204752925601,3.4697614100818974,-0.03811898811595366
4170,17.0136679,0.011466813185602744,0.15035317629503264,-0.016354948084349535,-0.029933702782391602,0.45844609693155164,0.028619320759172177,0.17788423439498696,0,0.0044532,1,Shared Control,0.01,Good Visuals,0.10587842024264806,0.3479281751967182,0.0,4.814597171549413,0.98679866970921,-1.0613830407099423,0.16708855607320305,-0.0249372555441674,-0.14221592735181843,0.005797970686844505,26.529642642342463,1.0381251804075264,3.4713220315046547,-0.03813623673613784
4171,17.019686200000002,0.011938052083641213,0.13819105450935898,-0.016681268675530964,-0.03969317988562798,0.4078972570818588,0.029679529067680767,0.1743979887898382,0,0.006018300000000001,1,Shared Control,0.01,Good Visuals,0.10827784777455648,0.3480052446081448,0.0,4.814409665703575,0.9867949798900185,-1.0617917346831662,0.16667986209997906,-0.01912185445082031,-0.11595471066901275,0.005690347242424796,26.528677968495344,1.0381362367361378,3.471987276988754,-0.038144684276546485
4172,17.0242724,0.01319468914507713,0.13488731273003834,-0.016484839922603637,-0.039510676059799854,0.37912539644125903,0.030472897144898124,0.17155577650744913,0,0.0045862,1,Shared Control,0.01,Good Visuals,0.1256092466344434,0.3479566899624703,0.0,4.814285722890518,0.9867929135573561,-1.0613265528430191,0.16714504394012614,0.01157906805419417,0.10121164571468266,0.005955440772006017,26.528124560489555,1.0381445041583979,3.4713997074307654,-0.038139362225634584
4173,17.0306059,0.013508848410436109,0.14277212211097395,-0.016964048734462014,-0.028783654396475178,0.374831916056616,0.03154633884607781,0.16736551543148054,0,0.006333500000000001,1,Shared Control,0.01,Good Visuals,0.1183531376228888,0.347949923861986,0.0,4.814375549506318,0.9867947413243455,-1.0613890928046588,0.16708250397848654,0.0019213782842821662,-0.020455945324178604,0.0057360103340303465,26.528600292569234,1.0381393622256345,3.4713923613030224,-0.038138620596677095
4174,17.033822100000002,0.013823007675795088,0.13982545380684303,-0.017723331170282724,-0.027540061624637513,0.3225803392951966,0.03208102933301546,0.16511947376001493,0,0.0032162000000000002,1,Shared Control,0.01,Good Visuals,0.11007497966965543,0.34799049516641756,0.0,4.814382571068245,0.9867947522044824,-1.0618449389053934,0.16662665787775197,-0.009610003589023072,-0.12807543850713,0.005902639465547078,26.52860763869698,1.0381386205966772,3.4718161343793867,-0.038143067597468626
4175,17.0373245,0.014294246573833559,0.12901517345983882,-0.0177867827591819,-0.03610430030017611,0.25401054599556105,0.03265492913498795,0.16258275500278785,0,0.0035024,1,Shared Control,0.01,Good Visuals,0.11250184199682361,0.34800235227629395,0.0,4.8143036896265,0.9867931205697456,-1.0621513196640755,0.16632027711906985,-0.0027974492046060175,-0.08958239779015964,0.006167550789945088,26.528183865620612,1.0381430675974685,3.4718836543147593,-0.03814436724947007
4176,17.0413672,0.015079644737231005,0.12493969215009859,-0.017575284397756945,-0.03764306285268926,0.21765400263324547,0.03330608805568019,0.15953677282001386,0,0.004042700000000001,1,Shared Control,0.01,Good Visuals,0.1212581271928331,0.34791253278561746,0.0,4.8142860920936155,0.9867928760840546,-1.0620691321861853,0.16640246459695998,0.014532429765912482,0.01652973147968273,0.006189842239622731,26.52811634568524,1.0381443672494701,3.4709440661790274,-0.03813452217912467
4177,17.0456366,0.015550883635269474,0.12903035967516194,-0.017755204420410713,-0.030506413144851918,0.1979635882556672,0.03398010434899178,0.15618254308035814,0,0.0042694000000000005,1,Shared Control,0.01,Good Visuals,0.12176156131761123,0.34783069762127755,0.0,4.814460861719109,0.9867964941214704,-1.0620741072531994,0.1663974895299459,0.018613050726943466,-0.001389722342542643,0.006114661709251164,26.529055933820974,1.0381345221791247,3.470220754611894,-0.03812555226687527
4178,17.049360500000002,0.016022122533307943,0.13357749866760157,-0.017957981815683834,-0.02260504441275657,0.1706882541668443,0.03455608355592765,0.1531414525872146,0,0.0037239,1,Shared Control,0.01,Good Visuals,0.11558804111134591,0.3477812673066099,0.0,4.814607238043987,0.9867992429311875,-1.062396363783805,0.16607523299934035,0.011599428724403765,-0.09387023903453307,0.00617580513995985,26.529779245388106,1.0381255522668753,3.469812223550421,-0.03812013423431427
4179,17.0529037,0.016336281798666922,0.13276202625834127,-0.01821980175726073,-0.020379426328873324,0.12822897536876568,0.03509341992495685,0.1501479966939544,0,0.0035432000000000003,1,Shared Control,0.01,Good Visuals,0.10876884324787975,0.34776266472956474,0.0,4.814692905639826,0.9868007862753676,-1.0630775374409893,0.16539405934215592,0.004159293721895667,-0.1912925544621924,0.006245449674127579,26.53018777644958,1.0381201342343143,3.469679740419481,-0.03811809521496295
4180,17.0575081,0.01712167996206437,0.12012890406504168,-0.017971739962892478,-0.030019092628912725,0.028269942318978086,0.03577553363281406,0.14611233533224344,0,0.004604400000000001,1,Shared Control,0.01,Good Visuals,0.11112576405060515,0.34767083715686176,0.0,4.814772728939591,0.9868022548728081,-1.0643713931401402,0.16410020364300507,0.014700674038092368,-0.16622945335239248,0.006358664106296106,26.53057534094802,1.0381151644283952,3.4687871417902643,-0.03810803003973094
4181,17.0632546,0.01774999849278233,0.11849672288359145,-0.018025535140031735,-0.02761561244865199,-0.002094101721037467,0.03660015576281281,0.1408447262488033,0,0.005746500000000001,1,Shared Control,0.01,Good Visuals,0.11615502573378533,0.3475615740899324,0.0,4.814895178810306,0.9868046978572103,-1.0647313340860147,0.16374026269713055,0.025203431209785937,-0.10432163750239865,0.006248249878064256,26.531212858209734,1.038108030039731,3.4677441426345443,-0.038096053768523305
4182,17.0667383,0.01806415775814131,0.12246115940612645,-0.018535998004671497,-0.018383566842676835,-0.016344618955855858,0.037085064167431014,0.13752659306220721,0,0.0034837,1,Shared Control,0.01,Good Visuals,0.11404604624809472,0.3474471776219028,0.0,4.815098099484274,0.9868086867097943,-1.0652641817657644,0.16320741501738092,0.025363523214169466,-0.14890668448178523,0.00626498336708282,26.532255857365456,1.0380960537685233,3.4667040305142245,-0.03808351482773736
4183,17.0703557,0.01869247628885927,0.12758878979235205,-0.018392587878571745,-0.009937803269855161,-0.027526786757567378,0.03757617153575371,0.13398157002832495,0,0.0036174,1,Shared Control,0.01,Good Visuals,0.10739762997245977,0.3473683945676234,0.0,4.815305529096016,0.9868126489544095,-1.066087074878166,0.16238452190497948,0.017784156120731524,-0.2408585138010908,0.006440280191128333,26.533295969485774,1.0380835148277374,3.4660347035338552,-0.03807487945577561
4184,17.074703500000002,0.01900663555421825,0.13026031223512063,-0.018569535981535462,-0.0037212577932043134,-0.03230024016564949,0.03814919568324007,0.12958675957057691,0,0.004347800000000001,1,Shared Control,0.01,Good Visuals,0.09837524903587504,0.34732454333065244,0.0,4.815443833086081,0.9868151839210088,-1.0679415888347417,0.16053000794840375,0.006830219191937071,-0.37173547878762914,0.006389003723323398,26.533965296466146,1.0380748794557757,3.465677998921906,-0.03807007294318619
4185,17.078678500000002,0.019477874452256717,0.12594355033396168,-0.018671321230983355,-0.0036432092366152358,-0.03796702641418467,0.03865610377985511,0.1254410255757651,0,0.003975,1,Shared Control,0.01,Good Visuals,0.09309415723244716,0.34732184198391386,0.0,4.815519279552041,0.986816529543828,-1.0694888683195551,0.15898272846359024,0.0005772362077237273,-0.4296208482058915,0.006449655604648923,26.534322001078095,1.0380700729431862,3.465702514485229,-0.03806977684989432
4186,17.082378300000002,0.019792033717615697,0.11833878478909396,-0.01886407006223941,-0.0071022407866711545,-0.0409207458668641,0.03911290238180724,0.12147293293291064,0,0.0036998,1,Shared Control,0.01,Good Visuals,0.0935072887757516,0.3473077586564995,0.0,4.815519424938192,0.9868164206869742,-1.0709279375277068,0.15754365925543862,0.0031837638745206088,-0.4250433317044141,0.0064849576822184965,26.53429748551477,1.0380697768498943,3.4655571957072393,-0.03806823318327979
4187,17.0857408,0.020420352248333655,0.11643554504928634,-0.01869255013347358,-0.005037387883624303,-0.02517314661928617,0.03951516290286941,0.11777537324552331,0,0.0033625,1,Shared Control,0.01,Good Visuals,0.0978494209009399,0.3472550209530455,0.0,4.815546634362516,0.9868169797196035,-1.0722394817889886,0.1562321149941567,0.01114424884660614,-0.3658217843584486,0.0065516378924555425,26.53444280429276,1.0380682331832798,3.465031544408947,-0.038062452629455124
4188,17.090824400000002,0.021048670779051613,0.11830311171291169,-0.018466492123817797,0.0005277384673883778,-0.004387410658416871,0.040099342586521085,0.11202083971671349,0,0.005083600000000001,1,Shared Control,0.01,Good Visuals,0.0882168917081887,0.3472256665480141,0.0,4.815713355696709,0.9868202177366435,-1.0756324452154962,0.15283915156764924,-0.0017183962899174816,-0.49999474253805787,0.0065209626754897,26.535290849678162,1.0380582924206612,3.46484422318164,-0.038059235107508554
4189,17.096565000000002,0.021362830044410593,0.10965609154120198,-0.018736512542110492,-0.002364748175511508,-0.026625235035242202,0.04072319772484381,0.10528583452254961,0,0.0057406,1,Shared Control,0.01,Good Visuals,0.08840816034591925,0.34722856044612627,0.0,4.815692252645364,0.9868196852580069,-1.0771028700504772,0.1513687267326681,-0.0007358511112550022,-0.4831520125455513,0.006412040036496288,26.53515577681836,1.0380592351075086,3.4648594500647145,-0.038059552306262096
4190,17.0997601,0.02183406894244906,0.10485989180304711,-0.01888912878239475,-0.00042594271950249785,-0.02776116197597154,0.041053455644444625,0.10142905849996262,0,0.0031951,1,Shared Control,0.01,Good Visuals,0.09256278000745362,0.34718812539879546,0.0,4.8156880787341745,0.9868196307431404,-1.0786497121418739,0.14982188464127144,0.008605861928313434,-0.43163269564881346,0.006505852277777816,26.535140549935285,1.0380595523062621,3.4644390275400205,-0.03805512024054459
4191,17.103382200000002,0.022305307840487527,0.10859859909614358,-0.0187481478039571,0.007169540596180968,-0.005556268754992034,0.041412784756538035,0.09696376408992397,0,0.0036221,1,Shared Control,0.01,Good Visuals,0.09138596311922086,0.3471446929238966,0.0,4.815766509970171,0.9868212489734253,-1.0802136824057051,0.1482579143774402,0.009622642341756618,-0.45799761738058453,0.006558081212376065,26.53556097245998,1.0380551202405446,3.464045010418787,-0.03805035962826062
4192,17.1077295,0.022776546738526,0.10852797896369874,-0.018636238018012036,0.011564214873774778,-0.006876016066798811,0.04182243484104195,0.09147452135407538,0,0.0043473,1,Shared Control,0.01,Good Visuals,0.07405448959761002,0.3472086879024289,0.0,4.815823216192452,0.9868221817150771,-1.0845226799591727,0.14394891682397254,-0.014122855294283301,-0.681748191147822,0.006524162617263868,26.535811286205274,1.0380513052437441,3.4647451930833997,-0.03805737408648854
4193,17.1137945,0.023404865269243957,0.09026316403211747,-0.018417569571797993,-0.001211357321957915,-0.042907199143108206,0.042353429380199155,0.08358126373102479,0,0.006065,1,Shared Control,0.01,Good Visuals,0.0851980605559935,0.34720566747900355,0.0,4.815674602427211,0.9868193160717416,-1.0878800343396158,0.14059156244352958,0.007469240900915933,-0.5162331561187432,0.006504305273822468,26.535060029751072,1.0380602195870972,3.4646108049243898,-0.03805704301935743
4194,17.119597900000002,0.02403318379996192,0.09529845730244237,-0.018320245580237236,0.01171719357141758,-0.02030206303338679,0.04281595123861161,0.07577441173594404,0,0.0058034,1,Shared Control,0.01,Good Visuals,0.08187054597494756,0.3471228939843303,0.0,4.815844652609904,0.9868227877631496,-1.090983868499506,0.13748772828363964,0.005799044394637776,-0.5669103799438306,0.006468861223647666,26.535963228944023,1.0380505153611062,3.463874169113881,-0.03804797025718015
4195,17.1256683,0.024347343065320895,0.09730426723660165,-0.018468608173290713,0.021529855500657613,-0.017530417012084906,0.043250484100444395,0.06734556056832378,0,0.0060704,1,Shared Control,0.01,Good Visuals,0.07666534128444862,0.34713220241942866,0.0,4.815882058019317,0.9868233919194922,-1.093407119060779,0.1350644777223666,-0.0018664388964395398,-0.622815503565604,0.006359376664315586,26.53612583088612,1.03804797025718,3.4639962567414755,-0.038048990550188476
4196,17.1295839,0.024661502330679874,0.09556109825981203,-0.01858898176976452,0.028215537691488254,-0.02378911598337978,0.04350329788359848,0.06176768919588824,0,0.0039156,1,Shared Control,0.01,Good Visuals,0.06769610525728048,0.34718767837963643,0.0,4.815861552100821,0.9868229150277523,-1.0960845067317868,0.1323870900513587,-0.011935390275637916,-0.7440908429236512,0.0064110486308158665,26.536003743258526,1.0380489905501884,3.464554867361915,-0.038055071242993684
4197,17.1333802,0.024818581963359364,0.08938144304510515,-0.01868471592023912,0.02761375384921691,-0.042642469361281354,0.043727355613095584,0.05625530503249118,0,0.0037963000000000003,1,Shared Control,0.01,Good Visuals,0.06167631644574359,0.347262554837945,0.0,4.8157557085515785,0.9868207699107819,-1.0989137444662507,0.12955785231689476,-0.016847077785703945,-0.8273834579511429,0.006453865424085929,26.535445132638085,1.0380550712429937,3.4652545436466555,-0.038063278414886
4198,17.1367462,0.025132741228718343,0.08072408110786972,-0.01859461438437724,0.024468776075378534,-0.06980842128616357,0.043908364100396904,0.051282496145576756,0,0.003366,1,Shared Control,0.01,Good Visuals,0.06272870426083722,0.34731829094990874,0.0,4.815618107965129,0.9868180985332923,-1.1017812935073532,0.12669030327579223,-0.011925240273682072,-0.8015735006156768,0.006488502186883461,26.534745456353345,1.038063278414886,3.4657344974801294,-0.038069387622797664
4199,17.1411926,0.025446900494077326,0.07512125533357039,-0.01846146360631958,0.023838759187993636,-0.08726217852721427,0.044121563219656795,0.04459196384307579,0,0.0044464000000000005,1,Shared Control,0.01,Good Visuals,0.06539654421139056,0.34734060177109427,0.0,4.815519639660376,0.9868162785954072,-1.105133253029674,0.12333834375347152,-0.003890819935066943,-0.7601504722243981,0.006458249688854493,26.534265502519872,1.0380693876227978,3.4658964725990224,-0.03807183310097151
4200,17.144722,0.025446900494077326,0.0680744915213418,-0.01867466272557947,0.023482527678266016,-0.11764082068816595,0.044269427454054246,0.03918375264094029,0,0.0035294000000000002,1,Shared Control,0.01,Good Visuals,0.06537640556817728,0.3473429017619701,0.0,4.815483143142116,0.9868156744346989,-1.1078185133931895,0.120653083389956,-0.0004948690346108797,-0.7459678205171325,0.0064124158785941986,26.534103527400976,1.0380718331009715,3.465894868054096,-0.038072085201844
4201,17.1483524,0.025761059759436305,0.05780293708256837,-0.01850836769461794,0.01861918444162808,-0.1605376525990817,0.044401447823151065,0.03353176520722498,0,0.0036304,1,Shared Control,0.01,Good Visuals,0.06675455970051869,0.3473166699528569,0.0,4.8154811532829385,0.9868156876430333,-1.1102758351942705,0.11819576158887503,0.005875678511538153,-0.7188724807889808,0.006486511540528874,26.534105131945903,1.038072085201844,3.465622625985088,-0.03806920994610539
4202,17.1517507,0.026075219024795284,0.05627408193245625,-0.01832622879835578,0.02274231672523127,-0.1682146450924093,0.04450629377922815,0.028160213260024713,0,0.0033983000000000004,1,Shared Control,0.01,Good Visuals,0.07075391383415919,0.3472384805065404,0.0,4.815531985900042,0.9868167353771543,-1.1126680990057594,0.11580349777738612,0.016838770237203027,-0.6670190468392321,0.006428264633957739,26.534377374014912,1.0380692099461053,3.4648505815736375,-0.03806063963922148
4203,17.1555728,0.026075219024795284,0.0584760003899955,-0.018431074754432866,0.030315787129970788,-0.174993312536458,0.04460223385538713,0.02202638935864451,0,0.0038221,1,Shared Control,0.01,Good Visuals,0.0658106816505463,0.3471803901947067,0.0,4.815679684714644,0.9868196957361601,-1.115255183826971,0.11321641295617448,0.012880873970440408,-0.7352806085580899,0.006363571841356263,26.535149418426364,1.0380606396392216,3.4643533273196536,-0.038054272388616056
4204,17.159211000000003,0.02638937829015426,0.054991529562887095,-0.018212855565232867,0.032965140204242585,-0.20889080292648002,0.04467161219571658,0.01609794472534079,0,0.0036382000000000003,1,Shared Control,0.01,Good Visuals,0.05884376553208269,0.3471539516961055,0.0,4.815782024545118,0.9868215802909706,-1.118412425026633,0.11005917175651253,0.005301801309683067,-0.8158245993958528,0.00639890772495181,26.535646672680347,1.0380542723886161,3.4641513868340406,-0.03805137447774398
4205,17.162794700000003,0.02670353755551324,0.055548723997105844,-0.017968074640203342,0.03945077927176505,-0.22142596366533324,0.044718712176789244,0.01017385046483088,0,0.0035837000000000004,1,Shared Control,0.01,Good Visuals,0.05517921105911972,0.34713123170083404,0.0,4.8158262418882325,0.9868223374782488,-1.1215127793611335,0.10695881742201203,0.004953172597247064,-0.8604924603109907,0.006322664781140998,26.53584861316596,1.038051374477744,3.46394748202986,-0.03804888415019915
4206,17.1663631,0.02670353755551324,0.0580297719427434,-0.018015174621276005,0.04785592147791252,-0.23335117700747837,0.044744369515984615,0.004192883847119633,0,0.0035684000000000002,1,Shared Control,0.01,Good Visuals,0.04760092013856224,0.347141288705934,0.0,4.815867181042703,0.9868231134177269,-1.1247623130029252,0.10370928378022022,-0.0023597036712640633,-0.9571809602026016,0.006237279881146307,26.53605251797014,1.0380488841501991,3.4640797532519723,-0.03804998649359842
4207,17.1697789,0.02670353755551324,0.04927797759373217,-0.018040831960471376,0.045085093746612535,-0.2903298678402484,0.04474880508260141,-0.0016080562418512023,0,0.0034158,1,Shared Control,0.01,Good Visuals,0.03953298375725121,0.3471904341537783,0.0,4.815844990674678,0.9868225966675168,-1.1285164780791705,0.09995511870397487,-0.010905819327312754,-1.0478299308488737,0.006253810934292189,26.535920246748027,1.0380499864935984,3.464571823827169,-0.03805537330204656
4208,17.1742093,0.027017696820872218,0.03766426218291512,-0.01773110826172919,0.03927231842476632,-0.3470996978991514,0.04472481784635588,-0.009240704007360712,0,0.0044304,1,Shared Control,0.01,Good Visuals,0.04238925937678779,0.3471947945404698,0.0,4.815751495961337,0.9868207078660485,-1.1324741847609279,0.09599741202221744,-0.0008648011136135796,-0.9889322043371891,0.006263604280851417,26.535428176172832,1.0380553733020466,3.4645519277525114,-0.03805585124189444
4209,17.177278,0.02717477645355171,0.03639633602745193,-0.01755004139280417,0.04563704003481264,-0.369667016883445,0.04468825526701173,-0.014598228262934193,0,0.0030687,1,Shared Control,0.01,Good Visuals,0.04663383240506698,0.34714526793148714,0.0,4.815749355612956,0.9868208024158563,-1.1356197583487486,0.09285183843439672,0.011689525287118363,-0.9197852533175601,0.006156148489905893,26.53544807224749,1.0380558512418945,3.4640390377375168,-0.03805042265456077
4210,17.1807573,0.027331856086231197,0.04050403103222833,-0.01735639918078053,0.05510225929516252,-0.3889238593845377,0.04462679752016938,-0.020741540953240906,0,0.0034793000000000003,1,Shared Control,0.01,Good Visuals,0.03948261245252999,0.34711779981427526,0.0,4.815845222018084,0.9868227759923007,-1.1392574500663903,0.08921414671675497,0.006260466957042304,-1.0161150049278636,0.0060924138215136935,26.535960962262482,1.0380504226545608,3.463821962373918,-0.038047411887697474
4211,17.1843818,0.027331856086231197,0.040288613386295316,-0.017294941433938185,0.06103015433953622,-0.42721706737285364,0.04453990645697112,-0.02721789642815345,0,0.0036245,1,Shared Control,0.01,Good Visuals,0.029210332148650958,0.34713847459741404,0.0,4.81589186554313,0.9868235926573556,-1.1431607568966113,0.08531083988653397,-0.004968659854706235,-1.135903975270204,0.006024715096330828,26.536178037626083,1.0380474118876974,3.4640678326072933,-0.03804967804054296
4212,17.187751600000002,0.027331856086231197,0.03228870537311285,-0.01720805037073992,0.059506601801266296,-0.4853070248585477,0.04443794466104656,-0.033308124613092654,0,0.0033698,1,Shared Control,0.01,Good Visuals,0.0230638845427659,0.34717738538160114,0.0,4.815848770006095,0.9868226377755942,-1.1474823742551328,0.08098922252801259,-0.008937529233717378,-1.1969249871271754,0.006003739587628914,26.53593216739271,1.038049678040543,3.464439705648237,-0.038053943032524455
4213,17.191622300000002,0.02748893571891069,0.02269164464364126,-0.016949008942135867,0.05599976925673392,-0.5409620897251044,0.04429535186856054,-0.040384123576272996,0,0.0038707000000000004,1,Shared Control,0.01,Good Visuals,0.024147746819193405,0.3471825815013851,0.0,4.815776462104563,0.9868212154180849,-1.1525645665551139,0.07590703022803144,-0.0009879642733926157,-1.1595236824050064,0.005974245935228378,26.535560294351765,1.0380539430325244,3.464443152992105,-0.03805451257666694
4214,17.1956285,0.02748893571891069,0.01744225410148825,-0.01680641614964985,0.05782637767776125,-0.5838414682245161,0.044118746808602526,-0.047796641927372846,0,0.0040062000000000006,1,Shared Control,0.01,Good Visuals,0.026360790115957843,0.34714613991582416,0.0,4.81577128154115,0.986821216080619,-1.1565094327191718,0.07196216406397339,0.008602097991809297,-1.1010260303268427,0.005884400678420791,26.535556847007896,1.038054512576667,3.4640632646674407,-0.03805051823233652
4215,17.199319900000003,0.02748893571891069,0.0129864971268819,-0.016629811089691835,0.060783139054254746,-0.6320432053847362,0.043929582466458644,-0.054704935912620656,0,0.0036914,1,Shared Control,0.01,Good Visuals,0.023872664900820302,0.3471025375585856,0.0,4.815842062452169,0.9868226785660236,-1.1603498028771906,0.06812179390595471,0.010852223633736443,-1.1204254166234913,0.005834282492169913,26.53593673533256,1.0380505182323365,3.46366217229665,-0.03804573899933257
4216,17.202902700000003,0.02748893571891069,0.0076431226448223045,-0.016440646747547954,0.06234805855744296,-0.683207678261049,0.04372146889342276,-0.06148015940609919,0,0.0035828,1,Shared Control,0.01,Good Visuals,0.020105592977885813,0.34705401808099684,0.0,4.815921576202941,0.986824208002817,-1.1644891400065793,0.06398245677656601,0.011734992855883806,-1.1608113321710376,0.0057722496283519435,26.53633782770335,1.0380457389993325,3.4632163590345613,-0.03804042080317731
4217,17.207569300000003,0.02748893571891069,0.0007025727012564616,-0.01623253317451207,0.06218273210735565,-0.7651631599368397,0.043413782852005936,-0.07040599229027245,0,0.0046666,1,Shared Control,0.01,Good Visuals,0.014176814967027593,0.34693477912810816,0.0,4.816117929034842,0.9868279950392703,-1.1728558302384122,0.05561576654473314,0.015361262050580828,-1.2075226231309817,0.005632609554363281,26.537330599954018,1.0380339633763878,3.462121360897919,-0.03802735107999964
4218,17.213192600000003,0.027331856086231197,-0.003669689741364055,-0.01608192676577474,0.06673630254890839,-0.8093213789450092,0.042987287332496,-0.08130909337931069,0,0.0056233,1,Shared Control,0.01,Good Visuals,0.01681577832360104,0.3468518111528072,0.0,4.816227273342333,0.986830082682382,-1.1766966278335094,0.051774968949635986,0.021308689780327635,-1.1162513354734798,0.005631630311589033,26.537878639102082,1.0380273510799995,3.461340484264652,-0.03801825700089608
4219,17.216758600000002,0.027331856086231197,-0.010643352346185709,-0.015655431246264805,0.07066574103312498,-0.8596100090998673,0.042684885359479306,-0.08830407401671053,0,0.003566,1,Shared Control,0.01,Good Visuals,0.011599084997607118,0.3467699935336852,0.0,4.816380286539041,0.9868330658320557,-1.1809001223037565,0.047571474479388774,0.02052961514257241,-1.1817859569420588,0.005578045425535775,26.538659515735347,1.038018257000896,3.4606017500531765,-0.03800928901176942
4220,17.2203529,0.027331856086231197,-0.013729763117389542,-0.015353029273248109,0.07457431089932098,-0.8906588230531679,0.0423547309583567,-0.0954160606074391,0,0.0035943000000000004,1,Shared Control,0.01,Good Visuals,0.005669336605629585,0.34669403618032507,0.0,4.81652814606296,0.9868358784785041,-1.185230707891195,0.04324088889195034,0.020447494545876747,-1.2708981914712942,0.005428833792034299,26.539398249946824,1.0380092890117694,3.459919921392416,-0.03800096336350033
4221,17.22457,0.02717477645355171,-0.013422292540627354,-0.015179954504804988,0.08199376806681175,-0.9095345617870864,0.04193462492982,-0.1038367805196215,0,0.0042171000000000005,1,Shared Control,0.01,Good Visuals,0.0003576000771160909,0.3465971620950706,0.0,4.8166650287434525,0.9868384732105203,-1.1918527434612811,0.03661885332186419,0.01816548439313483,-1.326821929929702,0.00532280368633707,26.540080078607584,1.0380009633635003,3.4590144522224606,-0.037990345042501254
4222,17.228653400000002,0.027017696820872218,-0.016867859408029495,-0.014916928108947784,0.086968921111592,-0.9384977862252838,0.041493839981466434,-0.1120666203575289,0,0.0040834,1,Shared Control,0.01,Good Visuals,-0.007795429543709778,0.3465558897767473,0.0,4.816843080664588,0.9868419304629384,-1.1968315499238578,0.03164004685928756,0.010881718607330242,-1.385233560340723,0.0052613291520976916,26.540985547777538,1.0379903450425012,3.458711664208323,-0.037985821203920675
4223,17.232431700000003,0.02670353755551324,-0.027970759492596916,-0.014790302425953195,0.08409586086493198,-0.9872427436637663,0.04105593041943978,-0.11974594186726664,0,0.0037783,1,Shared Control,0.01,Good Visuals,-0.013971162690407976,0.3465281763649786,0.0,4.816910903040911,0.9868430611913905,-1.2017741283472736,0.026697468435871837,0.007841501068095414,-1.4490115577296172,0.0051695492935321715,26.541288335791677,1.0379858212039206,3.4584724789015366,-0.037982783550441254
4224,17.235741500000003,0.02670353755551324,-0.0403804999113409,-0.01435239286392654,0.07936544195592574,-1.0338404029133401,0.04064839372224962,-0.12652219584745025,0,0.0033098000000000003,1,Shared Control,0.01,Good Visuals,-0.01174519910318439,0.34646217854967687,0.0,4.816959917754475,0.9868439683822103,-1.2067760891924166,0.021695507590728788,0.017929519819079347,-1.3966885893790102,0.00512525652755208,26.541527521098462,1.0379827835504412,3.457824895348764,-0.03797554956225679
4225,17.240813900000003,0.02638937829015426,-0.04864270351459897,-0.01425901543209536,0.07787949233285128,-1.0792724166767724,0.03998011016025716,-0.13699271674799773,0,0.0050724,1,Shared Control,0.01,Good Visuals,-0.010027820241526555,0.34625011708325554,0.0,4.817273211559818,0.986850151887577,-1.2161536863695601,0.012317910413585233,0.03227679996535001,-1.3292111718827977,0.00493875365177919,26.54314341468507,1.037964358021413,3.4558519706294026,-0.037952305608870474
4226,17.246197900000002,0.026075219024795284,-0.04836879342741914,-0.013904891135461877,0.08862392332057858,-1.0919970000541381,0.039212380661696855,-0.14821459428207526,0,0.005384000000000001,1,Shared Control,0.01,Good Visuals,-0.008163264145623822,0.3461266875184581,0.0,4.8174730719491325,0.9868539806830626,-1.2204466859373688,0.008024910845776634,0.036033894518213545,-1.2431585925950825,0.004937185762854966,26.544148029370596,1.0379523056088704,3.4547156770187484,-0.03793877655477564
4227,17.2498092,0.026075219024795284,-0.04747810545729881,-0.013137161636901571,0.10073648882477645,-1.1010001069240443,0.03866344904376903,-0.15580087910225757,0,0.0036113,1,Shared Control,0.01,Good Visuals,-0.020469685833642448,0.34604315238714023,0.0,4.817698252077556,0.9868583140459738,-1.225474191913112,0.0029974048700335387,0.024251852009742978,-1.4093308596818588,0.0048128539090221915,26.545284322981253,1.0379387765547756,3.4540088441118955,-0.03792962030997908
4228,17.2533053,0.025761059759436305,-0.04667410798184865,-0.012902389284332728,0.10912677112040892,-1.1074936343889192,0.03810585210304864,-0.16318829918458036,0,0.0034961000000000002,1,Shared Control,0.01,Good Visuals,-0.03612010749307151,0.34601712943643076,0.0,4.817844629042867,0.9868609903528306,-1.2310036490570935,-0.0025320522739478513,0.008415296189559872,-1.6275555259849854,0.004546024826252823,26.545991155888103,1.037929620309979,3.4538413910877046,-0.037926767947107726
4229,17.257576500000003,0.025446900494077326,-0.051491700752217165,-0.012658951608971316,0.1116965984323632,-1.1332078125777847,0.03738947166312554,-0.17226843422489818,0,0.0042712,1,Shared Control,0.01,Good Visuals,-0.04553079129945455,0.3460207746894282,0.0,4.81788512203733,0.9868616066019963,-1.2379260453884076,-0.009454448605261827,-0.0010154155351290313,-1.7207905765422036,0.004464447703036174,26.546158608912297,1.0379267679471078,3.453907061100727,-0.03792716750150195
4230,17.260810900000003,0.025446900494077326,-0.05636028192657981,-0.011942571169048215,0.11590815229831837,-1.1507714732011378,0.036821113578133946,-0.1791826681069681,0,0.0032344,1,Shared Control,0.01,Good Visuals,-0.049239804424001665,0.34602418072988406,0.0,4.817875362474436,0.9868613462062485,-1.2440713273035322,-0.015599730520386528,-0.0010890934629533687,-1.719489049812446,0.0043802602424922385,26.54609293889927,1.037927167501502,3.4539354839676073,-0.03792754083592674
4231,17.264444700000002,0.025132741228718343,-0.05459955081643117,-0.011688372349415603,0.12458311729053692,-1.1429801264918664,0.036155829794610524,-0.18698796442139856,0,0.0036338000000000004,1,Shared Control,0.01,Good Visuals,-0.05684751417309125,0.34604041000496916,0.0,4.817869432589642,0.98686123872095,-1.2502703017328611,-0.02179870494971538,-0.005727900435629066,-1.8044928912551608,0.004132418404578242,26.54606451603239,1.0379275408359268,3.4540989929638632,-0.03792931971881357
4232,17.267795800000002,0.024975661596038853,-0.05446153735194839,-0.01118016819857167,0.13252642706945017,-1.1486254833710623,0.03551710678270484,-0.19421918986717607,0,0.0033511,1,Shared Control,0.01,Good Visuals,-0.06663348139629918,0.3460883784330243,0.0,4.817838458867976,0.9868606107853544,-1.2569860328620195,-0.028514436078873714,-0.01676542022492137,-1.8908497702954454,0.00404464916008252,26.545901007036136,1.0379293197188135,3.454572965250158,-0.037934577514699565
4233,17.2715903,0.024661502330679874,-0.057976282815564315,-0.010855604452024964,0.13624290705161174,-1.162231915400723,0.0347645504419878,-0.20244342009693742,0,0.0037945,1,Shared Control,0.01,Good Visuals,-0.07692163900862103,0.3461599964026109,0.0,4.817747811884816,0.9868587931919148,-1.263863844449154,-0.035392247666008216,-0.026944268082725112,-1.989877209563274,0.003869326282452136,26.545427034749842,1.0379345775146995,3.455249873570925,-0.03794242752524031
4234,17.275540900000003,0.024347343065320895,-0.06433080267773111,-0.010417207376666904,0.1381126174192063,-1.180330372707825,0.0339478006456647,-0.21104424840069394,0,0.0039506,1,Shared Control,0.01,Good Visuals,-0.08215403064686622,0.346248970599834,0.0,4.81761545083932,0.9868562062626014,-1.271902657037283,-0.043431060254137246,-0.029837423864328298,-2.0109599970304006,0.0037577759980611286,26.544750126429076,1.0379424275252402,3.456077130839384,-0.03795217994338462
4235,17.2788095,0.02403318379996192,-0.07228383748871542,-0.009914616845702783,0.13876041091197852,-1.2019380442634429,0.03324631323890215,-0.21818780020383768,0,0.0032686000000000004,1,Shared Control,0.01,Good Visuals,-0.08611245754428448,0.3463252074323835,0.0,4.817452339391093,0.9868530488944076,-1.279050208253135,-0.05057861146998939,-0.029937500219402936,-2.0081903843144935,0.0036069473306959126,26.543922869160617,1.0379521799433846,3.4567515107735662,-0.03796053622523066
4236,17.2823868,0.023719024534602937,-0.07944007113400922,-0.009527288704299211,0.13874772906982846,-1.2202668214025623,0.0324517665537596,-0.2260324945080109,0,0.0035773000000000003,1,Shared Control,0.01,Good Visuals,-0.08917393737135121,0.3463912619467572,0.0,4.817315914734176,0.9868504856007585,-1.2859551960121118,-0.0574835992289663,-0.028235785427141922,-2.0096006283401957,0.00343368173570062,26.543248489226436,1.0379605362252307,3.457339184155003,-0.0379677764281726
4237,17.2858363,0.023404865269243957,-0.0852061399675753,-0.009046901284515643,0.14082635454043563,-1.2359078066695905,0.03165898544948071,-0.23362116856059675,0,0.0034495000000000003,1,Shared Control,0.01,Good Visuals,-0.09102812349570599,0.3464513984600033,0.0,4.81719738570887,0.9868482507994037,-1.2930254468118585,-0.06455385002871307,-0.025839397684664176,-1.9875887776191292,0.003300169557213289,26.542660815844997,1.0379677764281725,3.457878113368312,-0.037974367961911844
4238,17.290826900000003,0.022776546738526,-0.09009303984471184,-0.008882438710954711,0.1435281287158849,-1.2479086209987558,0.03046560250339254,-0.24463823069288468,0,0.0049906,1,Shared Control,0.01,Good Visuals,-0.10183551482710712,0.3465737998845971,0.0,4.8169814343399056,0.9868441471656433,-1.307188361842741,-0.07871676505959552,-0.03126474958405343,-2.042678056527531,0.0029690018597687056,26.541582875521215,1.0379808852608559,3.4589925181119248,-0.03798778432206293
4239,17.2962269,0.02246238747316702,-0.0908655132887339,-0.008003215030225521,0.15377271740415077,-1.2481242824157448,0.029112268959931853,-0.25660350395431625,0,0.0054,1,Shared Control,0.01,Good Visuals,-0.09885405312046674,0.34663073305082015,0.0,4.816866998716125,0.9868419541354141,-1.3137025746764703,-0.08523097789332491,-0.027231845337855345,-1.898080662508565,0.0030784205362976167,26.541007481888077,1.0379877843220628,3.459501142641898,-0.03799402473850518
4240,17.299764500000002,0.02214822820780804,-0.0911478393507455,-0.006964040752123812,0.16545566460357075,-1.2436969659884756,0.028190610163453096,-0.2644635268581099,0,0.0035376,1,Shared Control,0.01,Good Visuals,-0.11319946828948367,0.34671151826420327,0.0,4.816764634578262,0.9868400192939752,-1.3211131823865612,-0.09264158560341582,-0.04143613843227782,-2.080112196174396,0.002774160292690414,26.540498857358102,1.037994024738505,3.4602644360489685,-0.03800287956614487
4241,17.3033371,0.021676989309769572,-0.09398902104827668,-0.006513620853683524,0.17047450580983325,-1.2465700793312808,0.02723158645060821,-0.27241591335875404,0,0.0035726000000000004,1,Shared Control,0.01,Good Visuals,-0.12973468298232257,0.34680671757999026,0.0,4.816615358938913,0.986837102377182,-1.3289805025843129,-0.10050890580116754,-0.05836550492864971,-2.2885418150948986,0.002414513142422631,26.53973556395103,1.038002879566145,3.4611440243165497,-0.038013314316483554
4242,17.307621400000002,0.021048670779051613,-0.10467687311622406,-0.006182915671556596,0.16773904024252997,-1.2745635762807885,0.02604401722686059,-0.281968645021582,0,0.0042843000000000004,1,Shared Control,0.01,Good Visuals,-0.1368575223623629,0.34692202044301285,0.0,4.816441375921044,0.9868337470751746,-1.3384361215240412,-0.10996452474089588,-0.06406293660119353,-2.3276515618561753,0.002258967467826557,26.53885597568345,1.0380133143164836,3.462214035227969,-0.038025952606780385
4243,17.3107636,0.020734511513692634,-0.11699491758876558,-0.005309505713167954,0.1649737274328164,-1.2994392882693973,0.025146995488382798,-0.2889838622101333,0,0.0031422000000000004,1,Shared Control,0.01,Good Visuals,-0.13575151553198522,0.34700547524062025,0.0,4.816230200152497,0.9868296639529861,-1.3462778692813409,-0.11780627249819542,-0.05647520869170987,-2.2337979653324425,0.0021449895970051818,26.53778596477203,1.0380259526067803,3.4629292987912583,-0.03803510004623832
4244,17.314442500000002,0.020106192982974676,-0.1253589284228309,-0.005040802505408122,0.1636249337873024,-1.3120029814361425,0.024068733094879807,-0.2972046574803829,0,0.0036789,1,Shared Control,0.01,Good Visuals,-0.13722950006999474,0.34706907264351655,0.0,4.816083086953111,0.9868269528041209,-1.3539106998638248,-0.12543910308067946,-0.05117818933382865,-2.222334648134877,0.0018424275532906344,26.53707070120874,1.0380351000462382,3.4634839227115126,-0.03804207092639566
4245,17.3178194,0.019792033717615697,-0.13163742735654577,-0.004276699377264111,0.16556723012383712,-1.3272842377682894,0.02305235446730404,-0.304755515208478,0,0.0033769000000000004,1,Shared Control,0.01,Good Visuals,-0.13719279639856002,0.3471262357824084,0.0,4.815970053537318,0.9868248473689024,-1.3616279776474105,-0.13315638086426518,-0.04657370299112603,-2.1607340641689214,0.0017495066509311118,26.53651607728849,1.0380420709263956,3.4639957362188905,-0.03804833655002941
4246,17.321414200000003,0.019163715186897735,-0.13477305151693458,-0.003888639280406305,0.1699824636915434,-1.3349093043260674,0.021942367068578474,-0.3127964700339214,0,0.0035948000000000004,1,Shared Control,0.01,Good Visuals,-0.1427895180722784,0.34717692538816186,0.0,4.815867167985368,0.9868229000894851,-1.369474140800901,-0.14100254401775572,-0.04866185762266629,-2.1947309520253273,0.001484554556402661,26.53600426378111,1.0380483365500295,3.4644477304398866,-0.03805389261286905
4247,17.325224900000002,0.01869247628885927,-0.1365060871404279,-0.003249890779719204,0.17629038289349352,-1.3433054756361131,0.020734151194443197,-0.3213209508612085,0,0.0038107,1,Shared Control,0.01,Good Visuals,-0.14901547940719073,0.34723921172644623,0.0,4.815776114014981,0.9868211810024315,-1.3793247545035752,-0.15085315772042981,-0.053022697854693455,-2.218456794062135,0.0013500458293150951,26.535552269560114,1.038053892612869,3.465027673523625,-0.03806071978787693
4248,17.3292311,0.01806415775814131,-0.13897782335615627,-0.002669993436301886,0.18234312750505222,-1.3610486200533654,0.019428927323149128,-0.3302803112273107,0,0.0040062000000000006,1,Shared Control,0.01,Good Visuals,-0.15831631855875974,0.3472852926637225,0.0,4.8156618522720445,0.9868189674067858,-1.3870615439890728,-0.15858994720592734,-0.061180429182536765,-2.266327695089788,0.0011284895125467421,26.534972326476375,1.0380607197878768,3.4654241459721686,-0.03806577069682386
4249,17.332939,0.01743583922742335,-0.14631522842245737,-0.0019930880957257785,0.18396508280485335,-1.3981546027006333,0.01818891508242732,-0.3385674358006308,0,0.0037079,1,Shared Control,0.01,Good Visuals,-0.16708181442792336,0.3473293054182481,0.0,4.815580474381586,0.9868174641323957,-1.3954318952317026,-0.16696029844855712,-0.06789638721678447,-2.3356729755922028,0.0009272494519363186,26.534575854027832,1.038065770696824,3.4658220891075913,-0.038070594913273276
4250,17.336348,0.016807520696705394,-0.15834451749896206,-0.0013813943857219242,0.18022291830166876,-1.446180302830333,0.017021761277374054,-0.34617979765446794,0,0.003409,1,Shared Control,0.01,Good Visuals,-0.17194196026191452,0.3473604031101345,0.0,4.815500883276199,0.986815948871684,-1.4034615152869234,-0.17498991850377782,-0.06747711717647739,-2.3512108152676943,0.0006922579039258134,26.53417791089241,1.0380705949132734,3.466087905632894,-0.0380740035160375
4251,17.340885500000002,0.015707963267948963,-0.17070737737975328,-0.0013137980094250906,0.17547242027471466,-1.4968834790944034,0.015428007140530282,-0.3562984085062878,0,0.0045375,1,Shared Control,0.01,Good Visuals,-0.1719538374105266,0.3473915025603055,0.0,4.815407250653939,0.9868142235579042,-1.4192927499837311,-0.19082115320058554,-0.053357817944744874,-2.233955746289708,0.00029269022958629026,26.533722711752368,1.0380764176195025,3.4663439765400295,-0.038077412311526435
4252,17.3465972,0.014294246573833559,-0.1822595516445987,-0.0011337605666967236,0.1740388568616891,-1.5759671260627857,0.013356628619070568,-0.3690061014840954,0,0.0057117,1,Shared Control,0.01,Good Visuals,-0.18045793315877276,0.34740797932776313,0.0,4.815369331518959,0.9868135239718702,-1.4321777761994579,-0.20370617941631208,-0.05809898556406441,-2.233947180563373,0.00012102246468468606,26.53353816843924,1.038078773443271,3.466487762460366,-0.0380792183219309
4253,17.3528421,0.01335176877775662,-0.19990834144640077,-4.859841313948482e-06,0.16909776003769464,-1.650001267790815,0.011008960989542503,-0.38285158880447995,0,0.0062449,1,Shared Control,0.01,Good Visuals,-0.1714468043584993,0.34741342544130466,0.0,4.815347346915211,0.9868131155514078,-1.4441629913530922,-0.2156913945699464,-0.030546935562902004,-2.0381105403709334,-0.00016202769350273272,26.53343053745492,1.0380801320431299,3.466528721139885,-0.03807981526776661
4254,17.3588998,0.012409290981679682,-0.1947569027790811,0.0014003299921371785,0.18809468602539886,-1.6371861443965163,0.008649232139871083,-0.39622155041770274,0,0.0060577,1,Shared Control,0.01,Good Visuals,-0.16684451257480468,0.3474134571262772,0.0,4.815353988169053,0.9868132753139964,-1.4515894203996218,-0.22311782361647592,-0.024250134708870746,-1.87982307662874,1.688374117980013e-06,26.533471278860116,1.0380798152677666,3.4665336628256664,-0.03807981874074092
4255,17.3628225,0.011623892818282234,-0.20023602594091577,0.0029746606784111507,0.19598552447678697,-1.6645751184909519,0.007078056104279612,-0.4048418312440112,0,0.0039227,1,Shared Control,0.01,Good Visuals,-0.19235741326987724,0.34739810347651257,0.0,4.8153534800273565,0.9868132550219353,-1.4583887668565179,-0.229917170073372,-0.053001796422026695,-2.2221538848604796,-0.0004864934836859897,26.533466337174332,1.038079818740741,3.466374775360135,-0.03807813583471626
4256,17.365871900000002,0.011152653920243763,-0.2081310350084081,0.004074597815964151,0.19671079623560309,-1.6808209398017115,0.005833343722995116,-0.4115201152651799,0,0.0030494000000000003,1,Shared Control,0.01,Good Visuals,-0.207725364185067,0.34735190514289155,0.0,4.815383188321445,0.9868138663791571,-1.467089574543227,-0.23861797776008112,-0.06479089777858126,-2.446865121828263,-0.00103339147816619,26.533625224639867,1.0380781358347162,3.4659183949194072,-0.038073072058013524
4257,17.3693905,0.010210176124166827,-0.20900531348264384,0.004376832401171711,0.20251480178253606,-1.668414910316289,0.004371850968587162,-0.4191988799911599,0,0.0035186,1,Shared Control,0.01,Good Visuals,-0.21373839112907392,0.34728924610181316,0.0,4.815470477148311,0.9868156164013935,-1.4755989562653178,-0.24712735948217193,-0.06668897869504273,-2.4868871385833984,-0.001415319314066213,26.534081605080594,1.0380730720580136,3.4653320437267165,-0.03806620403123509
4258,17.3742521,0.008325220532012952,-0.23276449402102178,0.00395336956342579,0.18643438597013812,-1.739972438965798,0.00230818466860494,-0.4297565361084045,0,0.004861600000000001,1,Shared Control,0.01,Good Visuals,-0.22185101625952097,0.3471231645771235,0.0,4.815747352835456,0.9868210069284834,-1.4942770180864713,-0.26580542130332546,-0.06955055399842276,-2.430397994879401,-0.0016453077334362004,26.535492931743097,1.0380565971076021,3.4638094132263344,-0.03804799991672357
4259,17.3802021,0.0075398223686155025,-0.2400636763946315,0.0052316377000105625,0.18969285971377298,-1.7473459430358074,-0.0002870901917253893,-0.4425873174155719,0,0.00595,1,Shared Control,0.01,Good Visuals,-0.2030168484148472,0.3470853325887132,0.0,4.815888076758661,0.9868236597769725,-1.5013066873051937,-0.2728350905220478,-0.041174064338197425,-2.046066076410151,-0.0013723061535992416,26.536190586773664,1.0380479999167236,3.4635164577618145,-0.038043853171018376
4260,17.383772200000003,0.0067544242052180545,-0.23897660033669182,0.007041514396943444,0.20361071707888007,-1.7352105730251348,-0.001880832601081326,-0.45023372949042356,0,0.0035701,1,Shared Control,0.01,Good Visuals,-0.2123889253728594,0.3470258302683601,0.0,4.8159517358755775,0.9868247597325346,-1.509033656766144,-0.2805620599829981,-0.04721352040796435,-2.167270485218726,-0.0018158247110918167,26.536483542238187,1.0380438531710183,3.4629462262225896,-0.038037331150851277
4261,17.3873439,0.005654866776461627,-0.24087583659531936,0.007535699377542953,0.2093578928951042,-1.7429350422714378,-0.0035025313281955017,-0.45784128691292236,0,0.0035717,1,Shared Control,0.01,Good Visuals,-0.23484091429533724,0.3469105435193399,0.0,4.816062460730633,0.9868269412541907,-1.517496296105137,-0.2890246993219911,-0.07123434365609214,-2.4746730236550034,-0.0024435873799459095,26.53705377377741,1.0380373311508513,3.4618326169551907,-0.038024694626802344
4262,17.3914875,0.0043982297150257105,-0.25338336076662865,0.007900761043221212,0.2044579261462937,-1.787351449699672,-0.005417832399413975,-0.4666106795742497,0,0.0041436,1,Shared Control,0.01,Good Visuals,-0.24289492349229377,0.3467298830610082,0.0,4.816277842376502,0.9868312041950943,-1.5290390648400476,-0.30056746805690154,-0.0779359911489976,-2.51624457413085,-0.0026142135668617773,26.538167383044808,1.0380246946268024,3.46011651796056,-0.038004892522520616
4263,17.395674200000002,0.003455751918948772,-0.2673123702241481,0.008873584318362746,0.19929830935010157,-1.8296391628827369,-0.007389826772404733,-0.47540609447051047,0,0.004186700000000001,1,Shared Control,0.01,Good Visuals,-0.23982170766636948,0.34660789493443117,0.0,4.81661255123937,0.9868377649339892,-1.537192350507589,-0.308720753724443,-0.06682751616273891,-2.370968264377544,-0.00273942995260906,26.53988348203944,1.0380048925225207,3.459088907030554,-0.037991521463762556
4264,17.398956700000003,0.0025132741228718345,-0.2741737561490462,0.009903100895276566,0.20123233832146425,-1.8489333492190576,-0.008961597604402977,-0.48225354050489344,0,0.0032825000000000003,1,Shared Control,0.01,Good Visuals,-0.23941838365851775,0.3464835623707617,0.0,4.816825858470406,0.9868416540905813,-1.5455361195381745,-0.3170645227550285,-0.05822174652894876,-2.334051983491522,-0.003075654381110891,26.540911092969445,1.0379915214637625,3.457952824517991,-0.03797789343240399
4265,17.4025424,0.0012566370614359172,-0.28186416114399027,0.010218234665838894,0.20038937936090317,-1.8827659767492002,-0.010704149176282176,-0.48968235309853253,0,0.0035857000000000003,1,Shared Control,0.01,Good Visuals,-0.24628907547260656,0.3463440441510642,0.0,4.817051857714506,0.9868459839225477,-1.5537054533263035,-0.3252338565431575,-0.06122301322948394,-2.388135461917978,-0.0034312616767125043,26.542047175482008,1.037977893432404,3.456668639491392,-0.03796260090873188
4266,17.407489400000003,-0.0009424777960769378,-0.2936061439554391,0.009761671380205238,0.19607620914309343,-1.9379974432124125,-0.013151776231462194,-0.49983933347285703,0,0.004947,1,Shared Control,0.01,Good Visuals,-0.25044069304108185,0.3460415667433808,0.0,4.817571208212951,0.9868559488869578,-1.571350285092358,-0.3428786883092119,-0.05441683725091203,-2.328014924316285,-0.003868899187118743,26.544661265686344,1.0379466145270069,3.453904543489837,-0.03792944650834386
4267,17.413209100000003,-0.0020420352248333652,-0.30130139938192335,0.011109741006628829,0.19853793409093368,-1.9717074707210793,-0.0160439626296255,-0.511441704312518,0,0.0057197,1,Shared Control,0.01,Good Visuals,-0.24053037443834444,0.345948135316931,0.0,4.817856207460173,0.9868614159243712,-1.578309208314442,-0.34983761153129606,-0.041421738545280376,-2.0299058462412143,-0.0033779440584402413,26.546095456510162,1.037929446508344,3.453136854721158,-0.037919205535488845
4268,17.4168077,-0.003141592653589793,-0.31214751703633525,0.012902369976035707,0.19929418727618275,-2.0043386656119035,-0.01789744334247196,-0.5186595705174212,0,0.0035986000000000004,1,Shared Control,0.01,Good Visuals,-0.24945693124879034,0.3458267133127587,0.0,4.8180177105817545,0.9868643149532174,-1.5859763754387952,-0.3575047786556492,-0.04545138119682312,-2.1470644425519905,-0.0038433941850972877,26.54686314527884,1.0379192055354889,3.4519945747070064,-0.03790589652913007
4269,17.4203873,-0.0043982297150257105,-0.32024225124218875,0.013499213627446249,0.19841731927523243,-2.022266756027503,-0.019766789770642695,-0.5257736099975074,0,0.0035796,1,Shared Control,0.01,Good Visuals,-0.25884392704143905,0.3456808992232856,0.0,4.818241599648805,0.9868686787953725,-1.5938277378980061,-0.36535614111486014,-0.04885122980258177,-2.28456439584803,-0.004461984202757646,26.548005425292992,1.0379058965291301,3.450643461771101,-0.03788991391825796
4270,17.424726,-0.006283185307179586,-0.3327282852547745,0.01348360446346311,0.19304532474273295,-2.0615844572366693,-0.02206650791463267,-0.5343048574643576,0,0.0043387,1,Shared Control,0.01,Good Visuals,-0.2608589358248935,0.3454701846749889,0.0,4.818508468171833,0.9868738342128465,-1.6051234332311624,-0.3766518364480163,-0.04640211090360032,-2.261083598525964,-0.004666420305542851,26.5493565382289,1.037889913918258,3.4486516692140134,-0.03786681759990706
4271,17.4287624,-0.007225663103256524,-0.3414462679154189,0.014840844811376146,0.19285858954893875,-2.0799848487817734,-0.024239036282818798,-0.5421481267422358,0,0.0040364,1,Shared Control,0.01,Good Visuals,-0.2554889628842091,0.34536204258056175,0.0,4.818897925683278,0.9868814464084275,-1.6125501010856478,-0.3840785043025018,-0.033227818932248514,-2.0760539665349533,-0.004658183324077105,26.551348330785988,1.037866817599907,3.4478038016578356,-0.03785496419794591
4272,17.432418400000003,-0.008796459430051421,-0.3450452532292267,0.015442576852767377,0.1971028735130091,-2.0860191278977314,-0.026233992183422598,-0.5491713836320432,0,0.0036560000000000004,1,Shared Control,0.01,Good Visuals,-0.26184841071385284,0.3452420006402784,0.0,4.819080922425203,0.9868846342588236,-1.61986128099122,-0.3913896842080742,-0.03522317502553121,-2.1482619532725264,-0.0051254644776779976,26.552196198342166,1.037854964197946,3.446690316817053,-0.037841806459713516
4273,17.4357666,-0.010053096491487338,-0.35720456158802893,0.01618089569193526,0.19196682204401427,-2.134546780441129,-0.028083397761193982,-0.5555336458706265,0,0.0033482000000000004,1,Shared Control,0.01,Good Visuals,-0.26894105681791725,0.3450921833888076,0.0,4.819300740221596,0.9868888834216208,-1.627709011279674,-0.39923741449652805,-0.04032233704585202,-2.197320534356398,-0.005331426127690663,26.553309683182945,1.0378418064597135,3.445294644736789,-0.037825385064217114
4274,17.440814800000002,-0.012880529879718152,-0.38165866919901126,0.01520286788147583,0.17387497667161522,-2.2109160300956394,-0.03091179318403696,-0.5649957771167896,0,0.0050482,1,Shared Control,0.01,Good Visuals,-0.26204026340802733,0.3449034187197689,0.0,4.8197918804866715,0.986898251472653,-1.6422744149031334,-0.4138028181199876,-0.017413043992360856,-2.0163313288783855,-0.005732237064747478,26.555769035419136,1.037812084185231,3.4436837624398575,-0.037804694661372304
4275,17.4462599,-0.014294246573833559,-0.3930332290021688,0.0166175466102034,0.1719625481146208,-2.2517622829405086,-0.03401562844993753,-0.5750190502274621,0,0.0054451000000000005,1,Shared Control,0.01,Good Visuals,-0.24487369038840306,0.34492647627702555,0.0,4.819907769097718,0.9869003157251006,-1.6479435732948657,-0.41947197651171986,0.0065320627188990964,-1.6586186049538552,-0.0052435211066659835,26.556316237560143,1.0378046946613724,3.4440018795871556,-0.03780722198892088
4276,17.4497362,-0.015707963267948963,-0.40186261677784246,0.018307665181988567,0.17315643344961967,-2.281470635695958,-0.0360255345203123,-0.5813152070194428,0,0.0034763000000000003,1,Shared Control,0.01,Good Visuals,-0.24980385144299722,0.3449597738496327,0.0,4.819855454690611,0.9868990697736912,-1.654180476209155,-0.42570887942600916,0.00824809677122842,-1.7450275354045193,-0.005731831796626689,26.555998120412845,1.037807221988921,3.4443097408503736,-0.03781087171953257
4277,17.453339500000002,-0.01712167996206437,-0.40603401527329536,0.018903854558247928,0.17528119174614748,-2.2954182551116658,-0.038131815019281146,-0.5877539336386365,0,0.0036033000000000003,1,Shared Control,0.01,Good Visuals,-0.2591269050784826,0.34497616938807346,0.0,4.8197945770100485,0.9868978952280086,-1.6606895958177221,-0.43221799903457625,0.0038280590627071693,-1.8903175955645932,-0.006315408040893571,26.555690259149628,1.0378108717195325,3.4444370982743413,-0.0378126688264643
4278,17.4577971,-0.020106192982974676,-0.4144886070962577,0.01802562203630647,0.1732653265423788,-2.320971672376749,-0.04076931032664323,-0.5955924944246185,0,0.0044576,1,Shared Control,0.01,Good Visuals,-0.26901918182363144,0.3449787089322583,0.0,4.819754662665772,0.9868972049086117,-1.6740973758660174,-0.44562577908287143,-0.0012229002161257263,-1.918135490226072,-0.006652060816160031,26.555506466015917,1.0378134699705617,3.444435791409908,-0.037812947184657573
4279,17.4637314,-0.021676989309769572,-0.4201430250437992,0.019092321016873658,0.1754494693808193,-2.327092409240682,-0.0443341601644681,-0.6058030267498078,0,0.0059343,1,Shared Control,0.01,Good Visuals,-0.25787436222217436,0.3450378361657564,0.0,4.8197647036882225,0.9868974294042396,-1.6800552736715368,-0.45158367688839096,0.013423879575785747,-1.6564900618676974,-0.006218455817785871,26.55556420859009,1.0378129471846576,3.4450534767632917,-0.037819428091738355
4280,17.467379,-0.023404865269243957,-0.43055416507604355,0.020929294895224146,0.17524886167376424,-2.3479896114146945,-0.04655512467591169,-0.6119475818511733,0,0.0036476000000000004,1,Shared Control,0.01,Good Visuals,-0.2651685128183411,0.3450764109912068,0.0,4.819649727629628,0.9868950509831402,-1.68601824382535,-0.45754664704220416,0.008707545244186802,-1.7445787459956672,-0.00658757313104408,26.55494652323671,1.0378194280917383,3.445372589912931,-0.03782365625944739
4281,17.4708358,-0.024818581963359364,-0.4429741788507217,0.021736542712552327,0.16897340300045155,-2.3711089789909607,-0.04868043247247422,-0.6176756817344301,0,0.0034568000000000003,1,Shared Control,0.01,Good Visuals,-0.273822493391689,0.3451021568578932,0.0,4.819582836191486,0.9868938450683731,-1.6927921659059288,-0.4643205691227832,0.005061103983691538,-1.8919456151768004,-0.007222205967020534,26.55462741008707,1.0378236562594474,3.445592362517898,-0.0378264782512748
4282,17.4748588,-0.02717477645355171,-0.4521670055228597,0.02150565601892251,0.1655086762115704,-2.374505152763037,-0.0511785547518724,-0.6242228072220599,0,0.0040230000000000005,1,Shared Control,0.01,Good Visuals,-0.2715187541350489,0.3451898947752274,0.0,4.819537533977286,0.9868930122248698,-1.7008520250770696,-0.4723804282939238,0.01352222027251657,-1.8367537592900383,-0.007501327772735529,26.5544076374821,1.0378264782512747,3.4464673718926893,-0.037836095161386495
4283,17.4786585,-0.028431413514987625,-0.45646373426134623,0.022747141236884774,0.16775907296071368,-2.3511149074491637,-0.05356197092974231,-0.6302860686645165,0,0.0037997,1,Shared Control,0.01,Good Visuals,-0.2669825340701627,0.34530887046026176,0.0,4.81937094730634,0.986889654298287,-1.7069747233074941,-0.47850312652434834,0.02245468886965516,-1.6924284021407408,-0.007423535138244097,26.553532628107313,1.0378360951613865,3.4475812923052502,-0.0378491360279037
4284,17.482490600000002,-0.03015928947446201,-0.4523164435575617,0.0234026814552803,0.17796962510695485,-2.2964421920404714,-0.05598881372841488,-0.6362797753258681,0,0.0038321,1,Shared Control,0.01,Good Visuals,-0.2751809129062067,0.34538549059406826,0.0,4.819152081441041,0.9868854002692969,-1.7130803307829867,-0.4846087339998409,0.014507116522820404,-1.7894511944585467,-0.007854789646708722,26.55241870769475,1.0378491360279036,3.448221548904784,-0.03785753432321263
4285,17.4858997,-0.031730085801256906,-0.449761391142338,0.024258727927157976,0.18651838418353012,-2.2579734402445784,-0.05816689404260455,-0.6415073649313051,0,0.0034091000000000004,1,Shared Control,0.01,Good Visuals,-0.2884131508996222,0.3453677500501555,0.0,4.819018597798722,0.9868829786134304,-1.719981199663215,-0.4915096028800691,-0.0031068967303062413,-1.9180268712938777,-0.00808294661564869,26.551778451095217,1.0378575343232126,3.4479461039179067,-0.0378555897908904
4286,17.490918500000003,-0.03502875808752619,-0.4734315783647083,0.02313813595507836,0.16807578656659683,-2.2620530830433085,-0.061405436028075897,-0.649020169545517,0,0.0050188,1,Shared Control,0.01,Good Visuals,-0.29654831552382305,0.34520676284111523,0.0,4.81926403765999,0.9868881570719459,-1.733749788502697,-0.5052781917195508,-0.009497923618292646,-1.9187692269248244,-0.00842257952318458,26.5531199478831,1.0378439599473839,3.4464527845456567,-0.03783794406182008
4287,17.4962419,-0.03722787294503905,-0.48252516760510267,0.024177563083036847,0.16649500194041433,-2.2469242700403877,-0.06488110345665186,-0.656744727095764,0,0.005323400000000001,1,Shared Control,0.01,Good Visuals,-0.27738320174481307,0.3452902254984669,0.0,4.819356618952705,0.9868897624569788,-1.739085071429342,-0.510613474646196,0.015417761673834582,-1.551630922392075,-0.007987441011230218,26.553547215454344,1.0378379440618202,3.4473788072561993,-0.037847092362780735
4288,17.499784700000003,-0.038641589639154456,-0.4932753762183518,0.02623951381749741,0.1634693508774122,-2.2520115521514414,-0.06721670646540347,-0.66174288567011,0,0.0035428,1,Shared Control,0.01,Good Visuals,-0.2808278648684479,0.34537718376361604,0.0,4.8191890834511355,0.986886182043049,-1.7448017010560979,-0.5163301042729519,0.014776974574227957,-1.598833625158964,-0.008348276208945201,26.5526211927438,1.0378470923627807,3.4481613063979166,-0.037856623815598595
4289,17.503365900000002,-0.04084070449666731,-0.5044970991101511,0.026376001968736157,0.1572457865599589,-2.2646488822071675,-0.06959541086243823,-0.6666769845449657,0,0.0035812,1,Shared Control,0.01,Good Visuals,-0.2877742181574156,0.3454492682282651,0.0,4.819032181562358,0.9868832033432692,-1.7507021732769856,-0.5222305764938395,0.01179564734956169,-1.7261422990631723,-0.009062529385613746,26.551838693602082,1.0378566238155986,3.4487974782977973,-0.037864524958434474
4290,17.507674400000003,-0.042725660088821185,-0.5183710062493704,0.026869750773617043,0.14830597829559533,-2.2997987437510865,-0.07248029454005595,-0.6724527465096846,0,0.004308500000000001,1,Shared Control,0.01,Good Visuals,-0.28228624899281485,0.34561200381596785,0.0,4.818903326107409,0.9868807856233673,-1.75712689028375,-0.5286552935006038,0.022676369500114212,-1.611941944141388,-0.009111570578887186,26.5512025217022,1.0378645249584344,3.4503893266445167,-0.03788236232643296
4291,17.510788700000003,-0.04445353604829557,-0.523989232027324,0.028026758491760374,0.14846351448236061,-2.3135846997200393,-0.07458086668381221,-0.6765167016355728,0,0.0031143000000000004,1,Shared Control,0.01,Good Visuals,-0.27583392580265864,0.3458523461121987,0.0,4.8185973577937276,0.9868746857164183,-1.7624791105286,-0.5340075137454539,0.03650607058382356,-1.4951171140426847,-0.009286508406905439,26.549610673355485,1.037882362326433,3.4526602476373167,-0.037908706127712015
4292,17.515369,-0.04806636759992384,-0.5155338952766513,0.026514499083888372,0.16098280635892148,-2.298744169752924,-0.07769288896267293,-0.682321562896836,0,0.004580300000000001,1,Shared Control,0.01,Good Visuals,-0.2917807253516466,0.3462197847311435,0.0,4.8177517152607034,0.9868584086456069,-1.7736973536139078,-0.5452257568307618,0.021085859217536744,-1.6358121840695392,-0.009773992528172112,26.545342733276666,1.037933159954135,3.455870062830596,-0.037948980894623764
4293,17.5213633,-0.050265482457436686,-0.5203866862292892,0.027427406505236243,0.1619348766675468,-2.3159766581271253,-0.0818049327522325,-0.6896028168868021,0,0.0059943,1,Shared Control,0.01,Good Visuals,-0.28660008654675523,0.3463830084963451,0.0,4.817499618616479,0.9868538194576693,-1.7786224367422292,-0.5501508399590832,0.026081593486112466,-1.422776498821761,-0.009179844165077933,26.544129937169405,1.0379489808946238,3.457381211227722,-0.03796687177151861
4294,17.5252483,-0.05230751768227006,-0.5309552996627855,0.029497415069962438,0.1586475172240166,-2.3501620625138497,-0.08449287805145325,-0.6941269861980547,0,0.0038850000000000004,1,Shared Control,0.01,Good Visuals,-0.2919284483799647,0.3465836501846797,0.0,4.817201015933513,0.9868480539037922,-1.7853263418313547,-0.5568547450482089,0.02372595693466236,-1.4820172629878718,-0.009500387580535957,26.542618788772277,1.0379668717715187,3.4592464501265052,-0.03798886400862657
4295,17.5292178,-0.054663712172462395,-0.5418106603711579,0.029829165878990857,0.1523163258268968,-2.399385944345207,-0.0872571240684536,-0.6985883196951214,0,0.0039695,1,Shared Control,0.01,Good Visuals,-0.29864399305911715,0.34674057861125884,0.0,4.816833220110488,0.9868409350627632,-1.790817995395382,-0.5623463986122361,0.022568898046751107,-1.5893880423787978,-0.01022332178596016,26.540753549873493,1.0379888640086266,3.460612104485758,-0.03800606485654085
4296,17.532969,-0.05639158813193679,-0.5553058181697048,0.030865535936516808,0.14328250152541655,-2.470877105317334,-0.08988533752572295,-0.7026523288366314,0,0.0037512,1,Shared Control,0.01,Good Visuals,-0.29398500150199225,0.34698997694695943,0.0,4.816554582850065,0.9868357516433823,-1.796139257829271,-0.567667661046125,0.034375576034395276,-1.4954507584770496,-0.010342982236372509,26.539387895514242,1.0380060648565408,3.4629943714354834,-0.0380334012858671
4297,17.5363672,-0.05859070298944964,-0.5656931950394011,0.031294634536273305,0.13695913379723035,-2.52801114304482,-0.09227916148249385,-0.7062046804653199,0,0.0033982,1,Shared Control,0.01,Good Visuals,-0.2900462268607312,0.3473333676622253,0.0,4.816091241924791,0.986826640058877,-1.8011007996050947,-0.5726292028219487,0.04721210368006097,-1.4428539203256472,-0.010710031603067514,26.537005628564515,1.0380334012858672,3.4662188483441563,-0.038071040173844384
4298,17.5408015,-0.062360614173757385,-0.5703240794311482,0.029918547308736464,0.13588060103417177,-2.6084698035597396,-0.09542062606619575,-0.7106528747107771,0,0.0044343,1,Shared Control,0.01,Good Visuals,-0.28593973104497594,0.3482449801208711,0.0,4.814527218240738,0.9867961167146139,-1.810465621123595,-0.5819940243404488,0.06328500954493299,-1.3204976283518794,-0.011007806895302539,26.529016775240166,1.0381262775818179,3.4745444369946625,-0.03817096156858303
4299,17.546597700000003,-0.06408849013323177,-0.5676561819637528,0.03133213593296398,0.1429966927470243,-2.6422023614827195,-0.09955580109740081,-0.7161425806665487,0,0.0057962000000000005,1,Shared Control,0.01,Good Visuals,-0.2781065783864767,0.34870680080267996,0.0,4.813802106954639,0.9867825965896263,-1.813818790994129,-0.5853471942109828,0.07391232595291124,-1.1025811753696106,-0.010418983912776271,26.525455563005337,1.038170961568583,3.478807497752745,-0.03822158150714119
4300,17.5498404,-0.06581636609270616,-0.562125406434391,0.033739435004694646,0.15401717423215766,-2.6549728229108847,-0.10188278399764814,-0.719050982223375,0,0.0032427000000000003,1,Shared Control,0.01,Good Visuals,-0.29190459345878894,0.34917222453971,0.0,4.812958524959278,0.9867663370695915,-1.818415151435611,-0.5899435546524648,0.060930717457855096,-1.2920561200545384,-0.010925728883498562,26.521192502247256,1.0382215815071412,3.483024111944794,-0.03827259637481598
4301,17.5535114,-0.068329640215578,-0.5612077385309631,0.03355314378207014,0.15784324369241198,-2.6749716430867476,-0.10452824804214106,-0.7222006620271245,0,0.0036710000000000002,1,Shared Control,0.01,Good Visuals,-0.3143345680516921,0.3494644081700453,0.0,4.812116096262105,0.9867502799248234,-1.8239608960517681,-0.5954892992686218,0.03678479508784991,-1.6089545712420188,-0.01178087357530219,26.516975888055207,1.038272596374816,3.4854519798292105,-0.03830462247931469
4302,17.557767300000002,-0.07241371066524473,-0.5946478154710085,0.03211453737689633,0.12755284655611598,-2.8220878708317407,-0.1076092970047357,-0.7256601523304629,0,0.0042559,1,Shared Control,0.01,Good Visuals,-0.30628569862363936,0.3501806163514579,0.0,4.811015968905765,0.9867296858392256,-1.834357558380963,-0.6058859615978166,0.056797742042411885,-1.3897648915525722,-0.011892642906969137,26.511553958343267,1.0383401823283849,3.4920755386045417,-0.03838312570700893
4303,17.563727800000002,-0.07618362184955248,-0.6086587513287809,0.03142567515518323,0.11700140100168199,-2.9204964204659745,-0.11194819212866841,-0.7301540183054651,0,0.0059605000000000005,1,Shared Control,0.01,Good Visuals,-0.28271052865504337,0.35147206074515314,0.0,4.8091236985848305,0.9866927586200308,-1.840298523771529,-0.6118269269883828,0.09650518322892711,-1.017356188181675,-0.011740945391220428,26.501887752296746,1.0384525638160236,3.504077842924371,-0.03852468029396261
4304,17.5696686,-0.07963937376850125,-0.614735285249205,0.03230881836016716,0.11541873305626016,-2.982332855790277,-0.1162981724646878,-0.7342191965718476,0,0.0059408,1,Shared Control,0.01,Good Visuals,-0.27542512509334716,0.3531005209941753,0.0,4.806501867465617,0.9866424377411005,-1.8452460541559619,-0.6167744573728158,0.11580133020284018,-0.904663021168389,-0.011989580563196819,26.4886845412442,1.0386104489509707,3.51903660504953,-0.038703175023620494
4305,17.5758076,-0.0821526478913731,-0.6054649581051945,0.0341455245733147,0.12875423846665313,-2.951377508775125,-0.12081731634842297,-0.737979201515532,0,0.006139,1,Shared Control,0.01,Good Visuals,-0.2691163773217091,0.354153053315824,0.0,4.804965334816199,0.9866130226600714,-1.8480132272546255,-0.6195416304714794,0.12256586973513778,-0.7184476837323741,-0.011408260595681202,26.48096339495047,1.0387031750236204,3.5288106739766154,-0.038818542575466894
4306,17.5796151,-0.08592255907568085,-0.620611052775325,0.03489475727274212,0.11736814874020696,-2.967736221790182,-0.12363123339488775,-0.7400832098858425,0,0.0038075,1,Shared Control,0.01,Good Visuals,-0.3028050018717796,0.35547411701046244,0.0,4.8018568398557555,0.9865544030733235,-1.85474003440685,-0.626268437623704,0.08540292794409522,-1.2241278913097933,-0.012994914281405688,26.46554245701355,1.038893057621385,3.540233488181116,-0.03896334371947819
4307,17.5857026,-0.08969247025998858,-0.6138416656678161,0.03393876313489917,0.12624154421802647,-2.8339226176048,-0.12814584188393716,-0.7430800692015881,0,0.0060875,1,Shared Control,0.01,Good Visuals,-0.2912192227397101,0.35701876008696554,0.0,4.799224448620844,0.9865038848064559,-1.8603832367207946,-0.6319116399376487,0.09867536821105907,-0.9833013146380529,-0.012819215903873726,26.452284562878926,1.0390516062890471,3.554288719105364,-0.0391326512899417
4308,17.5924242,-0.09220574438286042,-0.6126795237260851,0.03594009750107674,0.13040054547550295,-2.7960383603883687,-0.13315017981434246,-0.7458582376674632,0,0.0067216,1,Shared Control,0.01,Good Visuals,-0.28736936666208385,0.35805277482153897,0.0,4.7978986665988055,0.9864789047261645,-1.8640441619428085,-0.6355725651596625,0.09769203001042961,-0.8079015805300451,-0.012116775133306917,26.445711280894635,1.0391326512899417,3.564003651333932,-0.03924598913814572
4309,17.5962928,-0.09487609813841175,-0.6195015621109707,0.038274081675930716,0.12635667555649244,-2.793660733217455,-0.13603826632636867,-0.7472017976715543,0,0.0038686000000000003,1,Shared Control,0.01,Good Visuals,-0.3010010425127775,0.3587471420414074,0.0,4.795993998173781,0.986441813834267,-1.867498819843402,-0.639027223060256,0.08145712838863461,-1.001263049761901,-0.012868451637617186,26.435996348666066,1.0392459891381458,3.5697977921080515,-0.039322098388751094
4310,17.599822300000003,-0.09660397409788612,-0.6296877138192124,0.03943429222848255,0.11751408385234186,-2.799127572952067,-0.13867743473290445,-0.7482633773730486,0,0.0035295,1,Shared Control,0.01,Good Visuals,-0.30815676529126945,0.35946412551498136,0.0,4.794785793704209,0.986419923249065,-1.8715511675393566,-0.6430795707562106,0.07638365800225481,-1.1368309756927948,-0.013730717415499544,26.43020220789195,1.039322098388751,3.576321422263329,-0.039400686595839104
4311,17.603458800000002,-0.09927432785343746,-0.6345213402623643,0.03940310687946699,0.11374203711068431,-2.783560512819604,-0.14140023422321757,-0.7491922026656146,0,0.0036365000000000004,1,Shared Control,0.01,Good Visuals,-0.3049430350279252,0.36023629464539997,0.0,4.793485809742387,0.9863950857082703,-1.8752805221643996,-0.6468089253812537,0.08345933124356743,-1.0958376307719435,-0.014175213371213705,26.42367857773667,1.0394006865958392,3.5833453210536526,-0.039485323675723
4312,17.6076562,-0.1017876019763093,-0.6463130945327776,0.039612632246908266,0.10287910813283696,-2.8119080029588077,-0.14454678278086863,-0.7500548641535246,0,0.0041974000000000004,1,Shared Control,0.01,Good Visuals,-0.30101462113861344,0.36120141938250266,0.0,4.79208598437851,0.9863683451649079,-1.8792596488623314,-0.6507880520791857,0.08887806456089266,-0.9962760886159074,-0.014194429219775859,26.416654678946347,1.039485323675723,3.592282984084966,-0.0395911105250727
4313,17.6107152,-0.10382963720114266,-0.6530962614799072,0.04071714557972597,0.09695860267361744,-2.821447573005914,-0.1468419753789311,-0.7505413777531955,0,0.003059,1,Shared Control,0.01,Good Visuals,-0.2912304148992796,0.3622295536731915,0.0,4.790321023670518,0.9863342683041596,-1.8822615986710627,-0.6537900018879169,0.10484069368100188,-0.8386271674855306,-0.014308138993060361,26.407717015915033,1.0395911105250728,3.6016019422652343,-0.039703803820705
4314,17.6144974,-0.1063429113240145,-0.6483346431657564,0.0404990640549166,0.10220673458743912,-2.7955307533679004,-0.14968155361991278,-0.7509762741656798,0,0.0037822000000000003,1,Shared Control,0.01,Good Visuals,-0.29060259830394836,0.36328165790443306,0.0,4.788460527013967,0.9862988047039003,-1.885132058583757,-0.6566604618006113,0.10841727994563552,-0.8338542623444081,-0.0147489534701905,26.398398057734767,1.039703803820705,3.611093321096932,-0.03981912444977172
4315,17.617827700000003,-0.10822786691616837,-0.6441131505173716,0.04145368670374441,0.10686312364830819,-2.780075828707879,-0.1521829522685457,-0.7512059432998283,0,0.0033303,1,Shared Control,0.01,Good Visuals,-0.2946539340554137,0.36429891223683875,0.0,4.786561081623922,0.986262701913421,-1.8880625484876752,-0.6595909517045294,0.10196684079282524,-0.8228015228880632,-0.014712567133447934,26.38890667890307,1.0398191244497716,3.6201916882385063,-0.039930625198509734
4316,17.621424400000002,-0.11105530030439918,-0.6447404838256956,0.041127651964146514,0.10646545947413266,-2.7734664435473717,-0.15488502000452406,-0.7512920227219223,0,0.0035967000000000004,1,Shared Control,0.01,Good Visuals,-0.3037362098409044,0.36519097201140904,0.0,4.784732259665157,0.9862281223810586,-1.8912139616379053,-0.6627423648547595,0.0906591129585697,-0.9173084413418868,-0.015101532974380796,26.379808311761494,1.0399306251985097,3.6280464954815668,-0.04002840343313119
4317,17.625371400000002,-0.1137256540599505,-0.6629475369347915,0.04115936594457356,0.08834448578713083,-2.8289150431909933,-0.15785023942187368,-0.7511920696814107,0,0.003947,1,Shared Control,0.01,Good Visuals,-0.3017153982935491,0.36624846179219955,0.0,4.783140597590247,0.9861983127568991,-1.8945148048919922,-0.6660432081088464,0.09333179847531074,-0.8279222589197004,-0.0150194471973336,26.371953504518434,1.0400284034331313,3.637773708571653,-0.04014431436964408
4318,17.628789100000002,-0.11545353001942489,-0.6700390708215334,0.04239670940244879,0.08115299885987737,-2.827790060343305,-0.16041720235641596,-0.7509404879702817,0,0.0034177,1,Shared Control,0.01,Good Visuals,-0.28391362354011823,0.36748498586655975,0.0,4.781213459115377,0.9861612565971729,-1.8965817495787762,-0.6681101527956305,0.12109145207491848,-0.5776977240236003,-0.01507455446554231,26.362226291428346,1.040144314369644,3.6490935357333845,-0.040279849167316244
4319,17.6325195,-0.11812388377497622,-0.6546594635933956,0.04229331858143974,0.09628102437688613,-2.7604668401142316,-0.16321772824904737,-0.7504903745921674,0,0.0037304,1,Shared Control,0.01,Good Visuals,-0.28263885314172865,0.36875237291656154,0.0,4.778965410193227,0.9861181536814109,-1.898581168856431,-0.6701095720732851,0.12467586270813968,-0.5788706652156055,-0.015580154155547534,26.350906464266615,1.0402798491673162,3.6604879827214387,-0.0404187668406201
4320,17.6358189,-0.12016591899980958,-0.6471679542245741,0.043051809249237794,0.10332242036759332,-2.7447088254757053,-0.16569302633034189,-0.7499390865440334,0,0.0032994,1,Shared Control,0.01,Good Visuals,-0.29696201045173964,0.36981785287477104,0.0,4.776681557259797,0.9860748387639231,-1.9010449568089423,-0.6725733600257965,0.10201999454676924,-0.6907752130853071,-0.015595761585422009,26.33951201727856,1.0404187668406202,3.669769479049578,-0.04053555357656327
4321,17.641005800000002,-0.12487830798019427,-0.6629842000261914,0.04081471835014762,0.086954886517842,-2.754280679382255,-0.1695800355107047,-0.7487806820687207,0,0.0051869,1,Shared Control,0.01,Good Visuals,-0.2993404066325468,0.37176489939346574,0.0,4.77314417824712,0.9860088901945364,-1.9060282605133834,-0.6775566637302375,0.09978625838985301,-0.6337888647342131,-0.01583057151092671,26.322117395016857,1.0406368719779824,3.687184070854128,-0.04074896839107558
4322,17.6462596,-0.12770574136842508,-0.6714928079903115,0.04187429414227961,0.0772878740784092,-2.7416101638628243,-0.17351009983930754,-0.747242490781251,0,0.0052538,1,Shared Control,0.01,Good Visuals,-0.28047411660825394,0.37295786527993324,0.0,4.771291105509351,0.9859735019346335,-1.9070904652258167,-0.6786188684426708,0.12317168470056067,-0.31046815901364644,-0.01517347966121527,26.31281592914587,1.0407489683910756,3.6980786599539655,-0.04087972879712415
4323,17.649870800000002,-0.12959069696057895,-0.6773983338414558,0.043919402878728586,0.06984415693979529,-2.725676961993037,-0.17620629966762538,-0.7459716121862373,0,0.0036112,1,Shared Control,0.01,Good Visuals,-0.2759043454601996,0.37431815040686045,0.0,4.769125264087012,0.9859320399101281,-1.9080565915414414,-0.6795849947582956,0.13024474903264535,-0.2690709952722963,-0.015617347353408617,26.301921340046036,1.040879728797124,3.7104543735473734,-0.04102882898310309
4324,17.653355700000002,-0.13241813034880978,-0.67940756532257,0.0437881693188156,0.06656404686366735,-2.703666560669686,-0.1788035581794899,-0.7445797911430709,0,0.0034849000000000004,1,Shared Control,0.01,Good Visuals,-0.278207179168929,0.37566245837507145,0.0,4.7666603269043,0.9858849602110862,-1.9092431257944302,-0.6807715290112845,0.12874805499745767,-0.3470007173740641,-0.01643982965253943,26.289545626452625,1.0410288289831031,3.722432955919984,-0.041176177920546814
4325,17.657674200000002,-0.13508848410436108,-0.6889086358322024,0.04371507407512881,0.055671155310868525,-2.7231745624374524,-0.18201490430993808,-0.7426292496423823,0,0.0043185,1,Shared Control,0.01,Good Visuals,-0.27423920527442847,0.3772819787358473,0.0,4.764248953965841,0.9858394808173885,-1.9102844206690395,-0.6818128238858936,0.13290245577178111,-0.2602716643194225,-0.016449571334050145,26.277567044080016,1.0411761779205468,3.7372722365636823,-0.041353692753436165
4326,17.660816,-0.13728759896187395,-0.6942658136485482,0.04472730534806413,0.04836343599383408,-2.72502587515737,-0.18434565533015887,-0.7410529166329662,0,0.0031418,1,Shared Control,0.01,Good Visuals,-0.2630204509577399,0.37890464975044685,0.0,4.761304349712389,0.9857830021558004,-1.910637661979034,-0.6821660651958881,0.14906769363549452,-0.09880599423639236,-0.016492909647648737,26.262727763436317,1.0413536927534361,3.7517294475686125,-0.041531552927946754
4327,17.6644796,-0.13980087308474579,-0.6865499153634506,0.044544782245413084,0.05450300126951568,-2.6833424933737566,-0.18705695797274846,-0.7390472930316725,0,0.0036636000000000004,1,Shared Control,0.01,Good Visuals,-0.26050334853472956,0.3805483650704442,0.0,4.758394181934724,0.9857281231830023,-1.910929965358245,-0.6824583685750991,0.15361224966070722,-0.08515757588087025,-0.016947383967189526,26.248270552431386,1.0415315529279467,3.7664153107497347,-0.04171171975845651
4328,17.667990900000003,-0.14199998794225863,-0.6799727545106433,0.045056970030489835,0.059074538521029174,-2.6550158539435795,-0.18964835109973976,-0.7369556703030746,0,0.0035113,1,Shared Control,0.01,Good Visuals,-0.265552251127689,0.38214550914255313,0.0,4.7554424592406805,0.9856723675558156,-1.911307591472909,-0.6828359946897631,0.14428042752109135,-0.1058458151369166,-0.0169514440559109,26.233584689250264,1.0417117197584564,3.780577149727111,-0.041886781937313475
4329,17.671416800000003,-0.14467034169780998,-0.6778527542034882,0.04497800940192978,0.0591029160995864,-2.6297651670588835,-0.192169363068524,-0.7347550521866737,0,0.0034259000000000004,1,Shared Control,0.01,Good Visuals,-0.27236204934082037,0.3836146901138305,0.0,4.752585062214693,0.9856186452397346,-1.9119094735590765,-0.6834378767759306,0.13395916219849413,-0.17213844878236184,-0.017218318752722294,26.21942285027289,1.0418867819373134,3.793483122233348,-0.04204781814341314
4330,17.675397,-0.14734069545336131,-0.6845333889416452,0.04482866761516269,0.050221663245028525,-2.62544196091753,-0.19508842309645413,-0.7320000440477037,0,0.003980200000000001,1,Shared Control,0.01,Good Visuals,-0.2718941764775179,0.38525054232650024,0.0,4.749968571920378,0.985569735555228,-1.9124144552966522,-0.6839428585135063,0.13295620659293256,-0.1285137012204629,-0.017254225138658246,26.206516877766653,1.0420478181434132,3.808273917095178,-0.04222712310258306
4331,17.678819500000003,-0.14953981031087415,-0.6870690824689363,0.04554861278557998,0.044930961578767414,-2.5931349413455678,-0.19758939257769623,-0.7294606031997763,0,0.0034225,1,Shared Control,0.01,Good Visuals,-0.2622964623607947,0.38688122099697303,0.0,4.747014460892612,0.9855135360131376,-1.9123529468183607,-0.6838813500352148,0.14526081793184972,0.017116117066882097,-0.017270268510515843,26.19172608290482,1.042227123102583,3.8227385806009515,-0.042405860992328716
4332,17.682591000000002,-0.15221016406642549,-0.6838554143912188,0.04537922851127074,0.04560518880855757,-2.5449081721464952,-0.20033499217508802,-0.7264797271935979,0,0.0037715,1,Shared Control,0.01,Good Visuals,-0.26036464777756085,0.3884704303887507,0.0,4.744097096883464,0.9854586801308455,-1.9122269159042853,-0.6837553191211394,0.14649181389251623,0.036889976020188175,-0.017621902929203518,26.17726141939905,1.0424058609923288,3.8367921573511055,-0.04258005345476399
4333,17.685854900000002,-0.15409511965857933,-0.6801949248239573,0.046239872516508684,0.04628480236964061,-2.499782038455086,-0.20270172649119028,-0.72374569646827,0,0.0032639,1,Shared Control,0.01,Good Visuals,-0.2600942445596538,0.39010056031943824,0.0,4.741258326371721,0.9854054047427538,-1.9119558158082979,-0.6834842190251519,0.1436899682198637,0.07559536444912895,-0.01762848843048281,26.163207842648895,1.042580053454764,3.85131350663516,-0.04275873119741077
4334,17.690920700000003,-0.159121667904323,-0.6695831821893963,0.04358005858686728,0.05416251427887375,-2.3862538564677114,-0.20635675707533385,-0.7192189670077012,0,0.0050658000000000005,1,Shared Control,0.01,Good Visuals,-0.2701679341392791,0.39299845998325034,0.0,4.735623750848923,0.9852997020380093,-1.9119034694063786,-0.6834318726232325,0.12322959353667493,-0.0005004776177082171,-0.017989827753475074,26.13531840452268,1.0429259260329775,3.8766334718366666,-0.04307636855907091
4335,17.6962757,-0.16179202165987433,-0.6835545856324361,0.04456473541545952,0.035664381375265064,-2.3844606292507606,-0.2101945322100492,-0.7140597508557299,0,0.005355,1,Shared Control,0.01,Good Visuals,-0.2596365834930227,0.394392769974245,0.0,4.733190603806004,0.9852544769540368,-1.9111300058430827,-0.6826584090599365,0.13280968432526744,0.22366720548740027,-0.017126895910618667,26.123366528163334,1.043076368559071,3.889017963110196,-0.043229198193722
4336,17.699820300000003,-0.16367697725202823,-0.6904649310576552,0.04651755495802096,0.023594819798074762,-2.3378786767544755,-0.21271921161617013,-0.7104337444836112,0,0.0035446,1,Shared Control,0.01,Good Visuals,-0.24595900126363182,0.39606744441758346,0.0,4.730695296966438,0.9852075283025333,-1.9098278755113978,-0.6813562787282514,0.15140253393107028,0.3660445651716233,-0.01757600944367242,26.110982036889805,1.043229198193722,3.904218213703032,-0.04341275843856566
4337,17.703477000000003,-0.16650441064025903,-0.6863119586184636,0.0462148009759111,0.02412178586514757,-2.265498087833577,-0.21530994845839596,-0.7065173446771172,0,0.0036567,1,Shared Control,0.01,Good Visuals,-0.24316392561509861,0.3977751301908176,0.0,4.727666663323019,0.985149790491859,-1.908655076589327,-0.6801834798061807,0.15363096767226278,0.34263312456418804,-0.01842408911277785,26.095781786296968,1.0434127584385657,3.9193214992025265,-0.04359993703909771
4338,17.7077318,-0.16917476439581036,-0.6916879724666785,0.0461351840625856,0.014829372210438785,-2.2525568753263614,-0.2183059526160491,-0.7017363109404516,0,0.0042548,1,Shared Control,0.01,Good Visuals,-0.24210943731542536,0.39970926089308373,0.0,4.724617236174316,0.9850925711351685,-1.9070971278707376,-0.6786255310875912,0.15005749936716326,0.3899648866334946,-0.018383098474935765,26.080678500797475,1.0435999370390978,3.9367140201916153,-0.04381193615730235
4339,17.710750400000002,-0.1712167996206437,-0.6917108258161975,0.04708915299540539,0.010025485124254163,-2.2137375448254453,-0.22041890480483245,-0.6981986294259719,0,0.0030186,1,Shared Control,0.01,Good Visuals,-0.23241779190734185,0.4015688795523467,0.0,4.721135735106314,0.9850265794447592,-1.9052454514302066,-0.6767738546470602,0.16148998142714205,0.518081878103855,-0.018440660322822464,26.063285979808384,1.0438119361573024,3.9529799397473018,-0.044015768046997666
4340,17.7144803,-0.17373007374351554,-0.6767993038289757,0.04668883106131691,0.0213993255969962,-2.126332369455832,-0.22301471011348797,-0.69366075412461,0,0.0037299000000000004,1,Shared Control,0.01,Good Visuals,-0.23203352158755963,0.40336696671089195,0.0,4.717833197377889,0.9849650393016987,-1.9035318472017206,-0.6750602504185742,0.1598014670759513,0.5008342038538509,-0.018909538407433975,26.0470200602527,1.0440157680469977,3.968741042382082,-0.04421285549906079
4341,17.7178377,-0.1759291886010284,-0.6670466195152164,0.047085521512459566,0.026614134609393658,-2.0708747514320534,-0.22533652778182534,-0.6894190861088505,0,0.0033574000000000004,1,Shared Control,0.01,Good Visuals,-0.24119719848249882,0.40502008882288304,0.0,4.714636928114843,0.9849054043673803,-1.9019849606647488,-0.6735133638816022,0.14146493308879193,0.43148857377182237,-0.018832732164480677,26.03125895761792,1.0442128554990608,3.9830866071355326,-0.04439405340342996
4342,17.7214929,-0.1785995423565797,-0.6669969069795967,0.046736985425245625,0.022422179129253816,-2.0347921510919877,-0.2278477981985185,-0.6846326801860931,0,0.0036552000000000004,1,Shared Control,0.01,Good Visuals,-0.24806441285668568,0.40649308419767477,0.0,4.711712722768376,0.9848511880222669,-1.9007245020666699,-0.6722529052835234,0.12852726343606186,0.36144254812571486,-0.019070582105248143,26.016913392864467,1.04439405340343,3.99579390056362,-0.0445555077044291
4343,17.725487,-0.18126989611213104,-0.677540636289192,0.04657790208638746,0.007092043896901101,-2.02400433527984,-0.2305715145219981,-0.679202446323139,0,0.0039941,1,Shared Control,0.01,Good Visuals,-0.24217125756681387,0.40820017525260904,0.0,4.709114673140345,0.9848031984381926,-1.8988938414661742,-0.6704222446830278,0.1331724871449056,0.46597108470884185,-0.01899826135160987,26.00420609943638,1.044555507704429,4.011150252797304,-0.04474262111817982
4344,17.7287982,-0.18315485170428494,-0.6777314588987271,0.047416662817713146,0.0014709874244118737,-1.9653572456138473,-0.23281281475977494,-0.6745429512892079,0,0.0033112000000000003,1,Shared Control,0.01,Good Visuals,-0.2261814366853358,0.4099912464802909,0.0,4.706042401148997,0.9847449637588597,-1.8964838851473298,-0.6680122883641834,0.152850273459011,0.6690791856643536,-0.019013107794562223,25.988849747202696,1.0447426211181798,4.0269652022628195,-0.044938939557500064
4345,17.7326479,-0.18566812582715678,-0.6609912316363505,0.04714468893261817,0.013551719652857397,-1.8601187676204243,-0.23539889255846627,-0.6689467937756225,0,0.0038497,1,Shared Control,0.01,Good Visuals,-0.22444182871680032,0.4117061752579792,0.0,4.702848240529612,0.9846851092634702,-1.8942009460509894,-0.665729349267843,0.1514897229172607,0.6678580277741402,-0.019440416692569875,25.97303479773718,1.0449389395575002,4.0418852985998805,-0.04512691206019997
4346,17.7358015,-0.18786724068466962,-0.6518452244418986,0.047531651873796654,0.017101569333723865,-1.8015810127397127,-0.2375010634398273,-0.6642198753315348,0,0.0031536000000000003,1,Shared Control,0.01,Good Visuals,-0.23491458099758464,0.41323344634037706,0.0,4.699811865025718,0.984628735018558,-1.8921383726698509,-0.6636667758867043,0.13016050002442978,0.5787080556490101,-0.019409759564175406,25.95811470140012,1.0451269120602,4.05500078944629,-0.045294315494904994
4347,17.740888100000003,-0.19226547039969535,-0.6522100046617756,0.045235593040131944,0.012009870669759226,-1.696186766272833,-0.24085974931237916,-0.6563264298342675,0,0.0050866,1,Shared Control,0.01,Good Visuals,-0.23200979086607781,0.4160649742020636,0.0,4.694679339165285,0.9845341133707636,-1.8880090925675226,-0.6595374957843759,0.12615640372411116,0.6537594570494325,-0.019537161561738674,25.933037901089417,1.045446387281738,4.079693339031295,-0.045604677875868235
4348,17.7463242,-0.19493582415524666,-0.6494666680722633,0.045923925157132506,0.006859761762004202,-1.6247604760238876,-0.2444038550933747,-0.6475258843683613,0,0.0054361,1,Shared Control,0.01,Good Visuals,-0.2240737732359393,0.41749216064819394,0.0,4.6921065894522425,0.9844859598969571,-1.8852653430318067,-0.65679374624866,0.13123643241241148,0.7971613166320721,-0.018820945851257546,25.920306660968706,1.0456046778758683,4.092135140246787,-0.045761111082651386
4349,17.7498514,-0.19682077974740053,-0.6500998335524478,0.04758307534597417,-0.002573949184086488,-1.5694552244433404,-0.24667743117695295,-0.6416156465392637,0,0.0035272000000000003,1,Shared Control,0.01,Good Visuals,-0.22211684106080395,0.41895849300190025,0.0,4.689577896043406,0.9844389613890422,-1.882346760739974,-0.6538751639568272,0.12865038243048205,0.8213954440596698,-0.0191728787392972,25.90786485975321,1.0457611110826515,4.105003195141158,-0.04592183505317543
4350,17.7534043,-0.19933405387027237,-0.6481315523587329,0.04734337730668059,-0.006515905819469148,-1.5016030033665275,-0.2489462178182295,-0.6355043690839541,0,0.0035529000000000003,1,Shared Control,0.01,Good Visuals,-0.22048675635192147,0.42041261358306553,0.0,4.6869716890234345,0.9843903240178713,-1.8795873761259083,-0.6511157793427615,0.1271821028894922,0.8020534281088398,-0.01993533353934521,25.89499680485884,1.0459218350531754,4.117670800804099,-0.04608122049729721
4351,17.757754900000002,-0.20373228358529805,-0.6515102753691797,0.04521393423293146,-0.01600590628522558,-1.4141008821138124,-0.251694383395222,-0.6278065857339721,0,0.0043506000000000005,1,Shared Control,0.01,Good Visuals,-0.2068960757511979,0.42343874500295564,0.0,4.681358959076612,0.9842851762606758,-1.8730888008891386,-0.644617204105992,0.1355370068010885,0.9951137708072504,-0.019880776158544618,25.86719148409056,1.0462669531635833,4.143837895849165,-0.04641291327888451
4352,17.7637041,-0.20546015954477245,-0.6425545440016579,0.046234223850449535,-0.014747958267685823,-1.3283773562079457,-0.2553971085093361,-0.6169017474988039,0,0.0059492,1,Shared Control,0.01,Good Visuals,-0.19580486040661577,0.4248466078066248,0.0,4.6790569654235155,0.984243767235134,-1.8695438283516481,-0.6410722315685013,0.14637201104254702,1.1638123891958667,-0.019145331568238673,25.856162104150833,1.0464129132788844,4.1562575991530775,-0.04656722843068955
4353,17.7670771,-0.20750219476960582,-0.623300453740307,0.04789491373973029,-0.0063987062415030715,-1.2073329988932058,-0.2574672054545041,-0.610526672415042,0,0.003373,1,Shared Control,0.01,Good Visuals,-0.20170171921275043,0.4263696697254865,0.0,4.676548989577651,0.9841968193509072,-1.8657330300929598,-0.637261433309813,0.13260786149545803,1.0712915379197985,-0.019642453167435632,25.84374240084692,1.0465672284306895,4.169668391544382,-0.04673417050104262
4354,17.770464,-0.20985838925979816,-0.6095300210300175,0.047608816194705916,0.0009966513850244718,-1.1084217965164862,-0.25952396197975414,-0.6039865590436372,0,0.0033869000000000004,1,Shared Control,0.01,Good Visuals,-0.21755582658917078,0.4275450557123593,0.0,4.673838434236295,0.9841461405381523,-1.8627939151332098,-0.6343223183500631,0.10313249812049795,0.8625935373315818,-0.02042093855273947,25.830331608455616,1.0467341705010427,4.179347802176331,-0.04686300398291392
4355,17.774721000000003,-0.21299998191338795,-0.6136689597030746,0.04652398006636618,-0.009682400659437373,-1.0684475641387525,-0.26207729662895596,-0.5955707496004358,0,0.004257,1,Shared Control,0.01,Good Visuals,-0.22340027466811008,0.4290066483828443,0.0,4.671812450139506,0.984109838221462,-1.8586554003114404,-0.6301838035282937,0.08768182706263103,0.8255235820971527,-0.020354913972365014,25.82065219782367,1.0468630039829139,4.19252390657187,-0.04702320843908337
4356,17.778712600000002,-0.21472785787286236,-0.6134927666748846,0.0473494387560936,-0.01792201707444885,-0.9978170218476012,-0.2644384993559083,-0.5874836497610575,0,0.0039916000000000005,1,Shared Control,0.01,Good Visuals,-0.20770084633233166,0.4302164471350394,0.0,4.669181539374138,0.9840599317142267,-1.854894961384603,-0.6264233646014563,0.10383793025978516,1.0487614142228305,-0.019959096757702015,25.80747609342813,1.0470232084390834,4.202603577181608,-0.04715581388729322
4357,17.782535600000003,-0.2172411319957342,-0.6046626434673521,0.0471973673601741,-0.01717899370629461,-0.9103584451816283,-0.26666936197483737,-0.579562150078416,0,0.0038230000000000004,1,Shared Control,0.01,Good Visuals,-0.2033481973904028,0.4313974016873719,0.0,4.6670850560334625,0.9840220867145686,-1.8511981785467153,-0.6227265817635685,0.10428169526945766,1.079195106667001,-0.020370507315484728,25.79739642281839,1.0471558138872932,4.212840451436212,-0.04728525773689496
4358,17.7858196,-0.21896900795520857,-0.6020889481774265,0.0477003540196288,-0.02252679809901048,-0.8617250235406706,-0.2685612815582113,-0.5726213618375484,0,0.003284,1,Shared Control,0.01,Good Visuals,-0.2032718578007999,0.4325367170437019,0.0,4.664999685152152,0.983983483749048,-1.84726492818976,-0.6187933314066132,0.09709006107333298,1.1045973817556,-0.020360821645663482,25.78715954856379,1.047285257736895,4.222655309242173,-0.04741013753463354
4359,17.7908227,-0.22305307840487532,-0.590788431997536,0.04550820315333598,-0.01816707015998753,-0.7202057267349274,-0.2713992333218733,-0.5618081148845351,0,0.0050031,1,Shared Control,0.01,Good Visuals,-0.19510941324056588,0.4347929879096343,0.0,4.660964952863661,0.9839089097539179,-1.839083670892881,-0.6106120741097344,0.0976701194638512,1.20892122038767,-0.020485580910962444,25.767375846025345,1.047536004770447,4.2421546991307455,-0.047657446278271204
4360,17.796328900000002,-0.22525219326238816,-0.5838273409646899,0.04614704005948517,-0.02201922608015483,-0.6435041877697507,-0.274459148225629,-0.5495782595263553,0,0.0055062,1,Shared Control,0.01,Good Visuals,-0.19414935766264066,0.43580806480259865,0.0,4.659016023351453,0.9838730111832761,-1.8348132818414642,-0.6063416850583175,0.09290395812891578,1.2420781976722086,-0.01978664762343759,25.757845300869256,1.0476574462782713,4.250802183389176,-0.04776870835893939
4361,17.799886100000002,-0.22698006922186253,-0.5763606538487971,0.04747907900376647,-0.026782394322441783,-0.5620600542181967,-0.2763997755776439,-0.5414965183650916,0,0.0035572000000000004,1,Shared Control,0.01,Good Visuals,-0.19325438010826163,0.4368090327351531,0.0,4.6572388116710295,0.9838404774832191,-1.830354379660048,-0.6018827828769014,0.08734059292275805,1.2535217400174692,-0.020111252224692226,25.749197816610824,1.0477687083589393,4.259450092164292,-0.04787842396337297
4362,17.803384700000002,-0.22933626371205487,-0.5726830839394991,0.04706351186558902,-0.031186565574407465,-0.4963366431452878,-0.2782801511113834,-0.533411312701189,0,0.0034986,1,Shared Control,0.01,Good Visuals,-0.19468891279991335,0.43770402035496125,0.0,4.655474545279206,0.9838078932824693,-1.8261761282856759,-0.5977045315025293,0.07857563186896852,1.2155620325174268,-0.020739290574791146,25.740549907835707,1.047878423963373,4.267024659692684,-0.04797652311767577
4363,17.8077761,-0.23342033416172162,-0.5933368330566059,0.04485981694966176,-0.05992552035541687,-0.4713501777606649,-0.2805999515687389,-0.5230735653778058,0,0.0043914,1,Shared Control,0.01,Good Visuals,-0.1693189152938937,0.43975476827377336,0.0,4.65201616743432,0.9837437530901919,-1.8163464930188078,-0.5878748962356614,0.10283354403537627,1.5420680831274978,-0.02044104705227098,25.723537764665334,1.0480928118074457,4.284876839651374,-0.048201304591822675
4364,17.8137101,-0.2364048471826319,-0.571044011264696,0.04419510438610699,-0.047970445886890145,-0.30122087616675486,-0.28366163183976006,-0.5087749997417439,0,0.005934,1,Shared Control,0.01,Good Visuals,-0.1453085137692981,0.44216780560777663,0.0,4.648093804786833,0.9836707804709574,-1.8055780681151727,-0.5771064713320263,0.12758657609809818,1.8015237349508946,-0.020112489477582294,25.704190803459483,1.0483353890914011,4.305987244159387,-0.04846579643118193
4365,17.8207735,-0.2397035194689012,-0.536429085632551,0.043958112370858865,-0.02765408589080709,-0.13161236905997492,-0.287193802793365,-0.49127187425849883,0,0.0070634,1,Shared Control,0.01,Good Visuals,-0.1698551355206347,0.4440126743057437,0.0,4.644370295043164,0.983603178831369,-1.7951194758867075,-0.5666478791035612,0.07778592943229445,1.5106393085411836,-0.020105083451843524,25.686185494265352,1.0485699692402946,4.321465805280681,-0.048668011584849735
4366,17.8261027,-0.24190263432641407,-0.5250046995820449,0.045291168466950915,-0.033732825323546045,-0.06422341621858893,-0.2897759242957948,-0.47772668010346697,0,0.0053292,1,Shared Control,0.01,Good Visuals,-0.17688895209957053,0.4446568074041643,0.0,4.642801795444802,0.983574400094681,-1.7903675734754347,-0.5618959766922884,0.06273289462328835,1.420216507149879,-0.01951795903121744,25.67853419471932,1.0486680115848497,4.326626523916479,-0.04873861469802693
4367,17.829678400000002,-0.24488714734732436,-0.53344864780991,0.04488877694847043,-0.055721967706443,-0.009278867846644702,-0.2914676346726564,-0.4684782273764936,0,0.0035757000000000002,1,Shared Control,0.01,Good Visuals,-0.16497251475892472,0.4458259034709247,0.0,4.6408009906169845,0.9835388288765335,-1.7813558513826355,-0.5528842545994891,0.06703828195511277,1.5664431557162244,-0.020612961817398783,25.6690209521018,1.048796003476598,4.336739325146825,-0.048866758744837896
4368,17.8357412,-0.24645794367411925,-0.5198243871651114,0.04500969099853716,-0.051346159788617785,0.10803790377996192,-0.29425969742418634,-0.4525093431950876,0,0.0060628,1,Shared Control,0.01,Good Visuals,-0.15346451487532853,0.4467169474808301,0.0,4.639645698166317,0.9835170623964316,-1.7752457408031956,-0.5467741440200491,0.07916889868284319,1.6971586521415447,-0.02001257953875665,25.663260674853177,1.048866758744838,4.344772758521433,-0.04896442564199233
4369,17.840923800000002,-0.24991369559306803,-0.5032854625968219,0.04434600183111831,-0.05077611940173432,0.2579199600023888,-0.29656888301611284,-0.4385782996925306,0,0.005182600000000001,1,Shared Control,0.01,Good Visuals,-0.15786557657591238,0.44801005946339667,0.0,4.636852365123397,0.9834655657813075,-1.7638361708274828,-0.5353645740443363,0.054220789888438106,1.6458460113865505,-0.020403223491806045,25.649577947465254,1.049040743694003,4.355426021024245,-0.049106163012544786
4370,17.846276500000002,-0.25211281045058087,-0.5002396308970318,0.04445607256553197,-0.061661331204501235,0.3289703423434269,-0.29887736362119516,-0.42392558616055953,0,0.0053527,1,Shared Control,0.01,Good Visuals,-0.15564429109917782,0.4485691878550961,0.0,4.635815959624601,0.9834467959234512,-1.7581604149830208,-0.5296888181998742,0.05259502255536595,1.6498331040236254,-0.01986745491732321,25.644573978975757,1.049106163012545,4.360182716401981,-0.04916744880148582
4371,17.8498501,-0.2533694475120168,-0.4983082158764915,0.04550791610917837,-0.07438262971593196,0.38878486013027064,-0.30037459798303484,-0.41399692183385767,0,0.0035736,1,Shared Control,0.01,Good Visuals,-0.1454071708346526,0.44921680320680907,0.0,4.634838291374854,0.9834289236328955,-1.7517346218024812,-0.5232630250193345,0.05827931828807235,1.7891669721675285,-0.01994162436594789,25.63981728359802,1.0491674488014857,4.365890217547188,-0.04923843360273947
4372,17.853489900000003,-0.25541148273685016,-0.4937782161616898,0.04496311524618468,-0.07978129432783215,0.44931329813291065,-0.3018628815458324,-0.40376662201339925,0,0.0036398000000000003,1,Shared Control,0.01,Good Visuals,-0.13772098649292497,0.44988279534377046,0.0,4.633686453666782,0.9834073922384006,-1.7454186756535446,-0.5169470788703978,0.061779584037930456,1.8522922602313072,-0.020442920595168754,25.63410978245281,1.0492384336027394,4.371626158590674,-0.049311432674416275
4373,17.857710200000003,-0.25729643832900406,-0.4908347649893926,0.044566443216828344,-0.08706814297599336,0.47978078490831544,-0.3035416144168578,-0.39175901197816126,0,0.004220300000000001,1,Shared Control,0.01,Good Visuals,-0.12983651744689675,0.4508173869899916,0.0,4.632515100429022,0.9833858118545769,-1.7364674833757883,-0.5079958865926416,0.06537762023145768,1.9544087942699138,-0.020228131974317668,25.628373841409328,1.0493114326744162,4.380073021946664,-0.04941387280664113
4374,17.8613271,-0.25902431428847844,-0.487276481734307,0.044517300128379345,-0.09551746975614572,0.48781050161887796,-0.30493977024116153,-0.3813462976512976,0,0.0036169,1,Shared Control,0.01,Good Visuals,-0.12076092923019142,0.4515792632973679,0.0,4.630832275714614,0.9833538594673705,-1.729543657391713,-0.5010720606085663,0.07228864608606031,2.0300307808002196,-0.020091327478448388,25.619926978053336,1.0494138728066411,4.386299486081952,-0.049497381695236695
4375,17.864875700000002,-0.26028095134991436,-0.4741064438679121,0.044658818891247176,-0.09276014621661449,0.5203786364116805,-0.3062747304912393,-0.3710232247779037,0,0.0035486000000000003,1,Shared Control,0.01,Good Visuals,-0.11216872121753427,0.4524570665386508,0.0,4.629525374963712,0.9833305843576319,-1.72193388055901,-0.4934622837758635,0.0795246537917301,2.1247457301976374,-0.020103089595961368,25.613700513918047,1.0494973816952367,4.394040338305417,-0.049593597278232766
4376,17.868402300000003,-0.26200882730938874,-0.45623880660695276,0.044265903181850585,-0.08521558182904904,0.5619198831595371,-0.3075649397249985,-0.3606613694202476,0,0.0035266000000000004,1,Shared Control,0.01,Good Visuals,-0.11546822058706646,0.45319627624905,0.0,4.627963886370208,0.983301387177374,-1.7148943055885786,-0.486422708805432,0.06967629650413736,2.0525337406862074,-0.020206198190614578,25.605959661694584,1.0495935972782329,4.400138864642125,-0.04967462169224436
4377,17.8720177,-0.26357962363618365,-0.4460999340722933,0.04398531608881484,-0.08543856465204569,0.5746676453439119,-0.30884951534497734,-0.3499345441623766,0,0.0036154000000000004,1,Shared Control,0.01,Good Visuals,-0.12101397127332332,0.45382666302999597,0.0,4.626690336674898,0.9832785674153325,-1.7075724068133533,-0.47910081003020677,0.055620510405292894,1.9835018624980305,-0.02006114248681566,25.599861135357877,1.0496746216922443,4.405389512809537,-0.04974371807830132
4378,17.8757303,-0.2651504199629785,-0.4402161007194433,0.04369909538199884,-0.09028155655706666,0.5872442164156245,-0.31012806909147594,-0.3388121865760792,0,0.0037126000000000004,1,Shared Control,0.01,Good Visuals,-0.11945022271804727,0.4544557445530086,0.0,4.625599399751848,0.983258898629666,-1.6998502666442996,-0.47137866986115307,0.05308195821981148,1.987885540095167,-0.019961709222906434,25.594610487190465,1.0497437180783014,4.410790462193582,-0.04981267139567602
4379,17.879443100000003,-0.2668782959224529,-0.4363481167785158,0.043249773169023065,-0.09753593020243662,0.5989810552456701,-0.31136519797801054,-0.3275832603159101,0,0.0037128,1,Shared Control,0.01,Good Visuals,-0.1133179325992202,0.4550434638008627,0.0,4.624494891312986,0.9832385941831012,-1.692865169970217,-0.4643935731870705,0.05674907029311733,2.0426051039806437,-0.01985930492811922,25.58920953780642,1.0498126713956761,4.415756901292799,-0.04987709101434552
4380,17.8829667,-0.2679778533512093,-0.43327953238544176,0.043387344626801216,-0.10569627206953164,0.6089909630044071,-0.3125005539229751,-0.3168309498883812,0,0.0035236000000000004,1,Shared Control,0.01,Good Visuals,-0.10406479223516595,0.45573096553681686,0.0,4.623470851690932,0.9832199596089054,-1.685194554140792,-0.4567229573576455,0.0644729329665126,2.153276206222095,-0.01968052659143387,25.5842430987072,1.0498770910143456,4.421808383693994,-0.04995244774262437
4381,17.8864199,-0.26954864967800424,-0.42151171515890445,0.04295190424497086,-0.10468076527052328,0.6522637018089978,-0.3135763132370341,-0.3062053875644468,0,0.0034532,1,Shared Control,0.01,Good Visuals,-0.0966268450060612,0.4564593831078568,0.0,4.622249177123761,0.9831971455378526,-1.6775671580084028,-0.44909556122525623,0.07035460149105563,2.2085988511334165,-0.01977295645885074,25.578191616306007,1.0499524477426243,4.4280931843486275,-0.05003228923553087
4382,17.8909197,-0.2712765256374786,-0.41424892234127686,0.042299787599555494,-0.10804353477683004,0.666943562043536,-0.3149227911902651,-0.2922322061371927,0,0.0044998,1,Shared Control,0.01,Good Visuals,-0.09555999084070142,0.4572313694564017,0.0,4.620967325775158,0.9831735084202043,-1.668727167284355,-0.4402555705012084,0.06502346716727583,2.2103844982991574,-0.019605799714967134,25.571906815651374,1.050032289235531,4.4347629623699,-0.050116906280783184
4383,17.893855400000003,-0.2722190034335556,-0.40620053060634936,0.04270378775670952,-0.11396832446915667,0.6931837063347863,-0.3157672196318138,-0.2830405301937363,0,0.0029357000000000003,1,Shared Control,0.01,Good Visuals,-0.08918560483207573,0.4579474411689616,0.0,4.6196079585945755,0.9831484209499454,-1.6606120326479439,-0.4321404358647972,0.06844407487843045,2.266227662434349,-0.019340789811859677,25.565237037630098,1.0501169062807831,4.440791146557512,-0.050195394550193374
4384,17.897652200000003,-0.27378979976035045,-0.38438744004500375,0.04197741987146336,-0.10134690985126743,0.7786042163920018,-0.31681916747935984,-0.27106694083415406,0,0.0037968000000000003,1,Shared Control,0.01,Good Visuals,-0.08517637847463974,0.4587479977354843,0.0,4.618362706203412,0.9831258188313212,-1.6514774351878188,-0.4230058384046722,0.06786630509682837,2.2810261849186,-0.019556090331407556,25.559208853442488,1.0501953945501934,4.447779014000411,-0.05028314316303371
4385,17.9014463,-0.27536059608714536,-0.3735284886492085,0.04145857139221448,-0.10246154781505445,0.817979349538163,-0.3178247752318457,-0.25900793048415044,0,0.0037941000000000003,1,Shared Control,0.01,Good Visuals,-0.09417338847433271,0.45920383493012484,0.0,4.616946113558647,0.9830995064838041,-1.6441998639189166,-0.4157282671357701,0.04621222524044963,2.1421632675660423,-0.01925705731613555,25.55222098599959,1.0502831431630337,4.451106884038267,-0.05033310725449632
4386,17.9049066,-0.2763030738832223,-0.3742649002295645,0.04152170134862343,-0.11525696974541405,0.8345024173122844,-0.31870187625852553,-0.24793051439828218,0,0.0034603000000000004,1,Shared Control,0.01,Good Visuals,-0.09065256640783635,0.4596691929799514,0.0,4.616203663781316,0.9830872644034326,-1.636103460715051,-0.4076318639319046,0.04382999238451081,2.1863262054076222,-0.019037934974029256,25.548893115961732,1.0503331072544964,4.455148992497745,-0.05038411492222895
4387,17.9088959,-0.2777167905773377,-0.3634886513258355,0.040985085681187805,-0.11555813692755335,0.9071980020359017,-0.3196653225737714,-0.23506875781166597,0,0.0039893,1,Shared Control,0.01,Good Visuals,-0.07833261582410414,0.4602933942593776,0.0,4.615382213112124,0.9830720544602417,-1.6271033176832999,-0.3986317209001533,0.05572854434335414,2.3009441471945054,-0.019086246950076293,25.544851007502256,1.050384114922229,4.460729898154294,-0.050452533318496334
4388,17.912503700000002,-0.2789734276387736,-0.3517668513722142,0.04069189493499781,-0.11669809356054822,0.9696263402230725,-0.32049229768479426,-0.22335599200974776,0,0.0036078000000000004,1,Shared Control,0.01,Good Visuals,-0.07551649489042193,0.46078252754236926,0.0,4.6142647254831255,0.9830509842020493,-1.6192407328840868,-0.3907691361009401,0.05078495561981648,2.3073672964001575,-0.01886516420220535,25.539270101845705,1.0504525333184964,4.464665663603756,-0.050506146977882055
4389,17.9158832,-0.28007298506753003,-0.34690379002835914,0.040419312617264225,-0.12354779801861138,1.0093236150913354,-0.32122849423346755,-0.2123170472037802,0,0.0033795,1,Shared Control,0.01,Good Visuals,-0.07301083355698919,0.4612389932420628,0.0,4.61343217761986,0.9830363153699267,-1.6109297331074663,-0.38245813632431974,0.04553448255460512,2.3259913734909103,-0.018750114198636824,25.535334336396243,1.050506146977882,4.4685310348787946,-0.05055617995947545
4390,17.919482000000002,-0.28132962212896595,-0.3425192670857139,0.039898872104501604,-0.1302022198819337,1.055355169333343,-0.3219713249752127,-0.20049263027020575,0,0.0035988,1,Shared Control,0.01,Good Visuals,-0.06498940725575035,0.46171174372592283,0.0,4.612636288434477,0.9830218168511977,-1.6027488383268944,-0.37427724154374786,0.04977627695753126,2.3966294948211218,-0.018642963059123156,25.531468965121206,1.0505561799594754,4.4725944221075356,-0.050607997908278864
4391,17.924168700000003,-0.28321457772111985,-0.3157005779653332,0.03875674725409284,-0.11520794769512743,1.1961519409136483,-0.32287469269485874,-0.18499111699628518,0,0.0046867,1,Shared Control,0.01,Good Visuals,-0.053295468983046435,0.46272267163614783,0.0,4.610831196315714,0.9829884093455148,-1.5854725859239214,-0.3570009891407749,0.05074789125394717,2.4725847422157607,-0.018424055112329474,25.52258842117268,1.050668311220578,4.4811845300911,-0.05071880522098274
4392,17.9296794,-0.2850995333132737,-0.29460325838327817,0.037775159381585044,-0.10961214138699299,1.2930451489467156,-0.32384358079932146,-0.1666230246769025,0,0.0055107,1,Shared Control,0.01,Good Visuals,-0.06622007967342738,0.46308290564484794,0.0,4.609682140661999,0.9829686406809205,-1.5719192699493207,-0.3434476731661743,0.016883763638764347,2.2456766016621024,-0.017996982949483965,25.517258195614474,1.0507435331032544,4.483775777094317,-0.05075829029409712
4393,17.935744200000002,-0.28557077221131216,-0.29060409967460765,0.0382728085880093,-0.12398107499770517,1.3356705073705073,-0.32479239908698876,-0.14624260476253556,0,0.0060648,1,Shared Control,0.01,Good Visuals,-0.06637812804795472,0.4631907266782994,0.0,4.609457877868495,0.9829648119986085,-1.5652016881323614,-0.33673009134921494,0.013520344575118286,2.1978739094880737,-0.01749303056762164,25.516224222905684,1.050758290294097,4.484661937366612,-0.0507701085047221
4394,17.9393041,-0.28667032964006856,-0.27475700005612813,0.038122069446920204,-0.12851439529359257,1.439235602604794,-0.3252915961061211,-0.13420401865151646,0,0.0035599000000000004,1,Shared Control,0.01,Good Visuals,-0.054541182507325675,0.4634152005047237,0.0,4.609272551839763,0.9829615011924884,-1.5557877070049004,-0.32731611022175394,0.02121617252308059,2.344293928197071,-0.017727610021899487,25.51533806263339,1.050770108504722,4.48676757564232,-0.05079471297080405
4395,17.9431264,-0.28776988706882506,-0.26032610811714596,0.037521709037296014,-0.1261220894656295,1.5373567546878737,-0.32577976737237857,-0.121219363264673,0,0.0038223000000000003,1,Shared Control,0.01,Good Visuals,-0.04937564391625701,0.4635624227985417,0.0,4.608861021510059,0.9829535106037358,-1.5463380060579763,-0.31786640927482995,0.014314698642115656,2.4086103400005134,-0.017666346456399525,25.513232424357682,1.050794712970804,4.487879682776783,-0.05081084993426413
4396,17.946825500000003,-0.28824112596686347,-0.24923642636875165,0.037538641405515105,-0.12801706310407865,1.6292708102753348,-0.3262048428791272,-0.10859833796848227,0,0.0036991000000000003,1,Shared Control,0.01,Good Visuals,-0.048951577136527064,0.46359711338657794,0.0,4.608617624977174,0.9829494022599832,-1.5377656642412314,-0.30929406745808513,0.003731636861701884,2.3807431379300805,-0.017393654348870878,25.512120317223218,1.050810849934264,4.488005938824217,-0.050814652352614176
4397,17.9504537,-0.28934068339561997,-0.23567481519439232,0.03686415948350724,-0.12707647722591003,1.7312833805931127,-0.3265763269103698,-0.0961696571890883,0,0.0036282000000000003,1,Shared Control,0.01,Good Visuals,-0.04716534904378533,0.4635601428677342,0.0,4.608573659045688,0.9829490060378075,-1.5296936713610794,-0.30122207457793304,-0.004190294310480618,2.3620275297454456,-0.017402805796050677,25.511994061175784,1.050814652352614,4.487590133662946,-0.05081060003216589
4398,17.9538963,-0.28981192229365843,-0.22761985116897387,0.03676440461671138,-0.13145019397988555,1.801944064396046,-0.3268870393676133,-0.08433394584366316,0,0.0034426,1,Shared Control,0.01,Good Visuals,-0.04498404255617072,0.4634433210296926,0.0,4.6086482393256265,0.9829506126429333,-1.5211934761512604,-0.29272187936811406,-0.012893258321127726,2.379207660822063,-0.017088755036873557,25.512409866337055,1.050810600032166,4.486474202788459,-0.0507977952477618
4399,17.9580309,-0.2909114797224148,-0.2191521594970368,0.035975559645198496,-0.13481821365337365,1.882469919368171,-0.3272062521822726,-0.07006745810468495,0,0.0041346,1,Shared Control,0.01,Good Visuals,-0.04023254877755977,0.4632717546720991,0.0,4.608864389373792,0.9829548557128971,-1.5105870789941922,-0.2821154822110457,-0.015359021207221789,2.398877540387286,-0.017038217771248084,25.513525797211543,1.0507977952477618,4.484934104098865,-0.05077898994340424
4400,17.9617387,-0.29138271862045334,-0.20779066905244473,0.035823533561819276,-0.13772321094775977,1.9802435319985443,-0.3274422594919336,-0.057228910818664096,0,0.0037078000000000002,1,Shared Control,0.01,Good Visuals,-0.03329654384954586,0.4631301843510232,0.0,4.6091720956408935,0.9829606712701869,-1.501788152116273,-0.2733165553331265,-0.015897757980764197,2.4407564155115793,-0.016666460642141865,25.515065895901134,1.0507789899434044,4.483783012376531,-0.050763472489905946
4401,17.9654421,-0.29216811678385074,-0.19698100236262844,0.03527414270808288,-0.13975209154396434,2.0715053285568206,-0.327630395287496,-0.044366485008649224,0,0.0037034000000000004,1,Shared Control,0.01,Good Visuals,-0.029748413023649306,0.462941482254514,0.0,4.609414202372517,0.982964965917904,-1.4934254396572133,-0.26495384287406676,-0.022513871431684495,2.4523364297409778,-0.01659095970259043,25.51621698762347,1.050763472489906,4.482092902334689,-0.050742788945605424
4402,17.968889700000002,-0.2927964353145687,-0.19109236384152445,0.034833959972927264,-0.14672587883287522,2.137388954184301,-0.327762665021034,-0.032359988652600834,0,0.0034476000000000003,1,Shared Control,0.01,Good Visuals,-0.025232757862657634,0.46270476303369396,0.0,4.609752270935925,0.9829713464290415,-1.4845115028505689,-0.2560399060674223,-0.02732322267138054,2.488814163123874,-0.016329863910537142,25.51790709766531,1.0507427889456054,4.480004362068946,-0.050716842267846195
4403,17.9742652,-0.29405307237600464,-0.1765014296250823,0.033709592645029374,-0.14414144097248147,2.2731489702150203,-0.3278861770681416,-0.013582780647477576,0,0.0053755,1,Shared Control,0.01,Good Visuals,-0.008660831141463099,0.46229549651836016,0.0,4.610523925706566,0.9829854900354403,-1.4652802521717456,-0.2368086553885991,-0.02243063762298625,2.6236466369515705,-0.015953965297465348,25.521674067872194,1.0506945001279757,4.4765660209897495,-0.05067198276571441
4404,17.979713200000003,-0.29483847053940204,-0.15801367540610267,0.03304770652873956,-0.14443089475862508,2.4149233737772278,-0.32790819400697646,0.00550984510378379,0,0.005448000000000001,1,Shared Control,0.01,Good Visuals,-0.002334418946227268,0.4618461373475047,0.0,4.611321073081094,0.9830002526773248,-1.45016020842027,-0.22168861163712358,-0.030382505105554583,2.6038189702050385,-0.015487407912581283,25.525598113600253,1.050645005923598,4.472743505926117,-0.050622728727263484
4405,17.9858246,-0.29515262980476104,-0.14563753821169945,0.032755564202215426,-0.15114738331548325,2.488061984835539,-0.3278089146113632,0.026990063957280725,0,0.0061114,1,Shared Control,0.01,Good Visuals,-0.010428591660934905,0.4614636213930507,0.0,4.611669246354085,0.9830064435830127,-1.4414827971007997,-0.21301120031765328,-0.047025704185820943,2.414819201722687,-0.015262955608492279,25.52725649407388,1.0506227287272636,4.469183856048222,-0.05058080134099717
4406,17.990909900000002,-0.2959380279681585,-0.12174864027694488,0.0318708866432047,-0.1487387042342256,2.609724486416864,-0.32762612469230445,0.04490497292159451,0,0.0050853,1,Shared Control,0.01,Good Visuals,0.008692880332288877,0.4607281242617431,0.0,4.61303745482352,0.9830321414980292,-1.4233501881430695,-0.19487859135992322,-0.0462352777009152,2.669415453090534,-0.014839866027713273,25.534068896341495,1.050538701909086,4.462982591905755,-0.05050018386095998
4407,17.9963009,-0.2962521872335175,-0.1116790981016773,0.03137393745878697,-0.15658407102327182,2.662369223212726,-0.3273327767295573,0.06392849458111152,0,0.005391,1,Shared Control,0.01,Good Visuals,-0.0008244659359340489,0.46025023106882534,0.0,4.613647483887495,0.9830431883048879,-1.4149774872388916,-0.18650589045574542,-0.06368699312804228,2.4330052317954864,-0.014683813821682342,25.537017408094243,1.05050018386096,4.4586949162575555,-0.0504478022223376
4408,17.999864000000002,-0.29640926686619695,-0.09879630327643593,0.030923509863360343,-0.16272479785754745,2.7242542250158,-0.32708257174304045,0.07651530289617511,0,0.0035631,1,Shared Control,0.01,Good Visuals,0.009156265092271826,0.4597855331586677,0.0,4.614504478169972,0.9830593813772499,-1.4058515587411353,-0.17737996195798916,-0.060868583029834306,2.559939548867082,-0.014439861964945578,25.541305083742444,1.0504478022223376,4.454767540018881,-0.050396866912190495
4409,18.003548300000002,-0.29672342613155595,-0.08509018306275831,0.030359145611484506,-0.16160548595893343,2.782436656057493,-0.32677667823985346,0.08953825433321783,0,0.0036843,1,Shared Control,0.01,Good Visuals,0.017248828027713298,0.4593380189864,0.0,4.615313992612538,0.9830741098281378,-1.3967267298112418,-0.16825513302809567,-0.06180992884773692,2.655268130334205,-0.014218182469662456,25.54523245998112,1.0503968669121906,4.450969788420061,-0.0503478151031304
4410,18.0077515,-0.29703758539691494,-0.07708181869294772,0.02973909284293852,-0.16662007302616555,2.814663729631071,-0.32636909587000495,0.10440160071463979,0,0.004203200000000001,1,Shared Control,0.01,Good Visuals,0.01873176800368978,0.45876363074211324,0.0,4.616095127777168,0.9830883599131843,-1.3861950333313744,-0.15772343654822832,-0.06946533383789964,2.6354937263500293,-0.013945109803298952,25.54903021157994,1.0503478151031305,4.445857190231751,-0.05028485668922733
4411,18.0107988,-0.29703758539691494,-0.06975049490670683,0.029331510473090017,-0.17415209562134662,2.8472331130235378,-0.32603453161343804,0.11517926096170056,0,0.0030473,1,Shared Control,0.01,Good Visuals,0.02649647269576469,0.4582783804920954,0.0,4.617121206274968,0.9831076528849721,-1.3765619973365943,-0.14809040055344838,-0.06677703174621641,2.682773830946597,-0.013643214207603269,25.554142809768248,1.0502848566892273,4.441872731921262,-0.05023166864718248
4412,18.0145617,-0.2971946650295944,-0.0563123369975259,0.028839866583843632,-0.17149159795922647,2.897922711452103,-0.32557608469080024,0.1284872078874926,0,0.0037629000000000004,1,Shared Control,0.01,Good Visuals,0.035761252965490875,0.45785389092656387,0.0,4.617955099373186,0.9831225442114554,-1.3671349660574519,-0.1386633692743059,-0.062479632450989836,2.762742887035487,-0.013441997116994628,25.55812726807874,1.0502316686471824,4.4383276061809545,-0.05018514055398055
4413,18.0179143,-0.2971946650295944,-0.04178135522895747,0.02838141966120583,-0.17026856311645006,2.9407393267948025,-0.3251254466227716,0.14034114397494446,0,0.0033526000000000003,1,Shared Control,0.01,Good Visuals,0.03539711641136417,0.45735380718660235,0.0,4.61869046318437,0.9831358222095421,-1.3574991852012155,-0.12902758841806944,-0.07155834204953587,2.7018228062574186,-0.013204445129215796,25.561672393819045,1.0501851405539806,4.433923840055727,-0.05013032662037405
4414,18.0216287,-0.2971946650295944,-0.02761473556819096,0.02793078159317719,-0.16795587954313543,2.9804460507233195,-0.32457978126540293,0.153468349020606,0,0.0037144,1,Shared Control,0.01,Good Visuals,0.036289734496615655,0.4568182160565505,0.0,4.619579190686456,0.9831524216902765,-1.3481940253934626,-0.11972242861031657,-0.07952031046973065,2.6653184600575375,-0.012980350335413176,25.566076159944274,1.050130326620374,4.429298732163789,-0.05007162073914472
4415,18.025491900000002,-0.2975088242949534,-0.019716642031756576,0.027070956970449533,-0.17318499105236257,2.9984309126887756,-0.3239605450958039,0.16711172117605594,0,0.0038632000000000002,1,Shared Control,0.01,Good Visuals,0.036074359086156665,0.45616017802481335,0.0,4.620522047344878,0.9831698163004583,-1.337949319528817,-0.1094777227456711,-0.08826426978727822,2.610980927350579,-0.01275928982046034,25.57070126783621,1.0500716207391447,4.423478427384459,-0.04999949351304261
4416,18.028868000000003,-0.2975088242949534,-0.02193822625161835,0.02645172080085051,-0.18904994742767428,2.986103656674887,-0.3233762472534309,0.17902417949439214,0,0.0033761000000000004,1,Shared Control,0.01,Good Visuals,0.045160376514403244,0.4556109620333596,0.0,4.62169406177286,0.983191768273707,-1.3283175094112176,-0.0998459126280716,-0.08334282870771179,2.6871471146076034,-0.012348692550942321,25.57652157261554,1.0499994935130426,4.418970304141361,-0.04993929421743365
4417,18.0325007,-0.2971946650295944,-0.01613137579592163,0.026181582223836486,-0.19515555529031378,3.0119160196050543,-0.322702644626086,0.19182831453992555,0,0.0036327000000000004,1,Shared Control,0.01,Good Visuals,0.06359881210718586,0.4552272117975989,0.0,4.622637854693087,0.9832086204312817,-1.3184545753754806,-0.08998297859233458,-0.06289990148604661,2.888121240332951,-0.01205169396151333,25.58102969585864,1.0499392942174337,4.415932897844953,-0.04989723154219832
4418,18.0358942,-0.2971946650295944,0.0030292381098712077,0.025507979596491592,-0.18879907643005434,3.071957538752308,-0.3220314016675035,0.2037741502060704,0,0.0033935000000000002,1,Shared Control,0.01,Good Visuals,0.07083588109033291,0.45484873086903876,0.0,4.623286243586376,0.9832199228747521,-1.3079753419672508,-0.07950374518410473,-0.059720239338383434,2.9173000217783014,-0.011918568676206663,25.584067102155046,1.0498972315421984,4.4126791286522735,-0.04985574643314235
4419,18.040911100000002,-0.29703758539691494,0.026851682492961576,0.024993816270588554,-0.17692246771310882,3.1096250838234036,-0.32096484898035615,0.2214030481112234,0,0.0050169,1,Shared Control,0.01,Good Visuals,0.06576315171848456,0.4538916659395253,0.0,4.6247595417464185,0.9832472774536093,-1.2885474495162095,-0.06007585273306344,-0.08581095971386159,2.7361700606721557,-0.011357050429181928,25.591330597270264,1.049805948682473,4.404297270355353,-0.04975084301535175
4420,18.0463263,-0.29672342613155595,0.031911946167423884,0.02424142284880021,-0.18949110194379953,3.115792705717376,-0.3197144949117769,0.24038189958370992,0,0.0054152,1,Shared Control,0.01,Good Visuals,0.058348857757307276,0.45332927646519655,0.0,4.625647720073146,0.9832637383702562,-1.279960638517525,-0.051489041734379,-0.09699899235390148,2.510983711636821,-0.011344484905243852,25.595702729644646,1.0497508430153517,4.3993905011477485,-0.04968919978074223
4421,18.0499137,-0.29640926686619695,0.04369789614576848,0.02330522804557994,-0.19668400343794146,3.1471701997855086,-0.31882964700909683,0.2529222420313289,0,0.0035874,1,Shared Control,0.01,Good Visuals,0.07416682538239402,0.45283886743445273,0.0,4.6266428624104385,0.9832822199520996,-1.2702340287869684,-0.04176243200382235,-0.08359146086672961,2.7142764700869684,-0.010989346680533483,25.60060949885225,1.0496891997807423,4.395310467534593,-0.049635446287270735
4422,18.0534915,-0.2962521872335175,0.0578792022071698,0.022577459775579345,-0.1950430398241591,3.175616937493372,-0.31790241097732,0.26540023969361576,0,0.0035778000000000003,1,Shared Control,0.01,Good Visuals,0.08555415381731256,0.45241237806479856,0.0,4.627491099440215,0.9832975015158273,-1.2604142993965943,-0.031942702613448185,-0.07903367925174991,2.8565654498412165,-0.010553513073462065,25.604689532465407,1.0496354462872708,4.39174546536912,-0.04958869899651919
4423,18.057702900000002,-0.2959380279681585,0.06550527487062605,0.021964383009161537,-0.1998949648229897,3.1732889298007616,-0.3167538451929035,0.28004777495232297,0,0.0042114000000000006,1,Shared Control,0.01,Good Visuals,0.08729425298115938,0.4518954862170547,0.0,4.628230444891479,0.9833108623394852,-1.2491106858427907,-0.020639089059644525,-0.08512128734799254,2.832701872945986,-0.010214322267732185,25.60825453463088,1.0495886989965193,4.387162424900969,-0.049532042734457646
4424,18.0607711,-0.2956238687027995,0.0706016087369955,0.021129976490104008,-0.20944616621532747,3.165654855973656,-0.31587827033595456,0.2906896202841046,0,0.0030682,1,Shared Control,0.01,Good Visuals,0.0948858724644185,0.451468446005803,0.0,4.629152349176978,0.9833281585834878,-1.2388674603819119,-0.010395863598765686,-0.08071863066730503,2.861156241691248,-0.009925605539382668,25.612837575099032,1.0495320427344577,4.38365619255298,-0.049485235066228594
4425,18.0645703,-0.29515262980476104,0.08009213087270885,0.020725640531193523,-0.21059748941139578,3.1730706459043607,-0.31474890788001963,0.3038297807608075,0,0.0037992000000000004,1,Shared Control,0.01,Good Visuals,0.10812766759306931,0.451133445388079,0.0,4.629886448624759,0.9833412715352412,-1.2286127837877283,-0.00014118700458217587,-0.06910522590612492,2.9960781237571243,-0.009539517650126408,25.61634380744702,1.0494852350662285,4.3809146361950475,-0.04944851581273022
4426,18.0679029,-0.29483847053940204,0.09279250169295032,0.019910437340617593,-0.2110372790678572,3.1845997750725066,-0.31371720867146424,0.3153201818013929,0,0.0033326000000000002,1,Shared Control,0.01,Good Visuals,0.11112208187541005,0.4507801632376138,0.0,4.6304614567418305,0.9833515209520911,-1.2179732760663773,0.010498320716768792,-0.07082399019012176,2.9618361230864005,-0.00935002962071215,25.619085363804952,1.0494485158127302,4.377843098239652,-0.049409792729389314
4427,18.0715489,-0.2945243112740431,0.10009364738105891,0.019192897397421138,-0.21522653442033396,3.170917596643331,-0.3125446956046535,0.327850265252042,0,0.0036460000000000004,1,Shared Control,0.01,Good Visuals,0.11531933071671176,0.45043772810588106,0.0,4.631085602141167,0.9833630879521125,-1.207518354306501,0.02095324247664524,-0.07280832573075231,2.9649259145472318,-0.00897523019453588,25.62215690176035,1.0494097927293893,4.374925501485834,-0.04937225858245469
4428,18.075589800000003,-0.29405307237600464,0.10217354404198428,0.018491623228648835,-0.2256767212100577,3.141790236002035,-0.31119191460620543,0.3416846111908869,0,0.0040409,1,Shared Control,0.01,Good Visuals,0.12275273899219388,0.4500988501484535,0.0,4.631684726677688,0.9833740495731619,-1.195818005758885,0.032653591024261214,-0.06772656364599945,3.001474667183822,-0.008645205099463656,25.625074498514167,1.0493722585824548,4.372020914360523,-0.049335114335652006
4429,18.078868800000002,-0.2935818334779661,0.10667006201293235,0.017610081128239308,-0.23501454917795456,3.121987630957152,-0.31005318572109264,0.3528674138865892,0,0.0032790000000000002,1,Shared Control,0.01,Good Visuals,0.1362687315591791,0.44986385235165505,0.0,4.632279339296372,0.9833849703299011,-1.1847137198851074,0.0437578768980388,-0.053363898645241666,3.1047912410953686,-0.008323058352593274,25.627979085639478,1.049335114335652,4.3701675431423626,-0.049309356342335964
4430,18.0825628,-0.29326767421260713,0.11185618372348696,0.016785511508485507,-0.24101123016310225,3.0944648344419314,-0.3087264984188815,0.3654168641465362,0,0.0036940000000000002,1,Shared Control,0.01,Good Visuals,0.14952959874625613,0.4497005239851945,0.0,4.6326758614637065,0.9833918679326907,-1.1736567898143746,0.05481480696877162,-0.040795435199085364,3.225287343425944,-0.007922138936574915,25.62983245685764,1.049309356342336,4.368864085980141,-0.0492914540001484
4431,18.0859041,-0.2927964353145687,0.11396302307398085,0.015930063104312775,-0.2514538410725553,3.0489888372523266,-0.3074866321591308,0.3767216405707372,0,0.0033413,1,Shared Control,0.01,Good Visuals,0.15924316948166845,0.44957496247252265,0.0,4.632952963642349,0.9833967264129764,-1.1619170590621175,0.06655453772102876,-0.03165216072483267,3.285495005109465,-0.007548453320725445,25.631135914019858,1.0492914540001483,4.367836956415115,-0.049277691264292094
4432,18.0909158,-0.2916968778858123,0.13860485942847908,0.015789754273318524,-0.23811678114225812,3.0245097107076497,-0.3055562995762739,0.3935910310068554,0,0.0050117,1,Shared Control,0.01,Good Visuals,0.17776761685106096,0.4494664335677073,0.0,4.633260123324196,0.9834020076349638,-1.138290711236216,0.09018088554693038,-0.014435329565069543,3.365792904917609,-0.0069565436321801614,25.632558105971796,1.0492713422118956,4.367009881748079,-0.0492657954642339
4433,18.0963709,-0.2909114797224148,0.15023099578297605,0.01464481985385907,-0.24336003522387933,2.997267599448596,-0.30335941825036267,0.41182789577979984,0,0.0054551,1,Shared Control,0.01,Good Visuals,0.1610054690171153,0.44932828921125983,0.0,4.633348750280313,0.9834036312910335,-1.1279799222732863,0.10049167450986007,-0.03818346118811238,2.9802552137265357,-0.007096964540138943,25.63299011825192,1.049265795464234,4.365685246050682,-0.04925065352903919
4434,18.099897700000003,-0.29059732045705583,0.15723481891665725,0.012762097793306837,-0.2545930768631426,2.962439096444907,-0.3018863037940872,0.42354536278046706,0,0.0035268,1,Shared Control,0.01,Good Visuals,0.17146405928000175,0.44922107051222726,0.0,4.6336049845426714,0.9834086740347803,-1.1169665265277566,0.1115050702553896,-0.03117526550499815,3.0986117507046456,-0.006580331850741588,25.63431475394932,1.0492506535290391,4.364825553166254,-0.04923890133999461
4435,18.103496,-0.28981192229365843,0.16049184055138208,0.012074381500428777,-0.26305352222908496,2.922207812131921,-0.30034084345985435,0.43543880136997315,0,0.0035983,1,Shared Control,0.01,Good Visuals,0.19123300990779601,0.44918709911160354,0.0,4.633787292359696,0.983411880523602,-1.1055156918554854,0.12295590492766077,-0.01188918564563886,3.3616635857884436,-0.005733003232691031,25.635174446833744,1.0492389013399945,4.3646439935188255,-0.049235177751424324
4436,18.1077197,-0.289026524130261,0.16885624055554505,0.01131431932959337,-0.2665825608144281,2.908322695273345,-0.29847233989758887,0.4493170913435254,0,0.0042237,1,Shared Control,0.01,Good Visuals,0.2027394207297584,0.4491885782928128,0.0,4.63383612102909,0.9834125149643338,-1.0917803065144218,0.13669129026872426,0.000468222386152463,3.436509630229296,-0.005423656399744414,25.635356006481175,1.0492351777514244,4.364702897362597,-0.0492353398837516
4437,18.1107914,-0.28855528523222246,0.17763068018610192,0.00991705466536641,-0.2716864111574234,2.8907197260717377,-0.2970767471561176,0.4593524366924443,0,0.0030717,1,Shared Control,0.01,Good Visuals,0.20973194132477027,0.44920085837479995,0.0,4.6338289783861,0.9834122731210754,-1.0794323805936559,0.14903921618949015,0.004607974388561529,3.4257923429047556,-0.005082263014010937,25.635297102637402,1.0492353398837515,4.364821320470774,-0.04923668589751878
4438,18.1146034,-0.28776988706882506,0.17968504495157483,0.009306860087292534,-0.27966739174086946,2.848349191726382,-0.2953020665505418,0.4717366069324289,0,0.0038120000000000003,1,Shared Control,0.01,Good Visuals,0.22122591987042245,0.4492310736072046,0.0,4.633806134606216,0.9834118220259844,-1.0673586657492427,0.16111293103390342,0.013646707801570256,3.524966379894103,-0.004454749468232405,25.635178679529226,1.0492366858975188,4.365107966967884,-0.049239997774331766
4439,18.1179282,-0.2871415685381071,0.18372553868260408,0.008160498012434736,-0.2880110682498248,2.821979810269701,-0.29371577132558335,0.4824731053581872,0,0.0033248,1,Shared Control,0.01,Good Visuals,0.23190224783822805,0.4492865022830433,0.0,4.6337503930643384,0.9834107319910445,-1.054668253114354,0.17380334366879208,0.025804581453332837,3.5694351067107295,-0.004180930748926467,25.634892033032116,1.0492399977743319,4.365621374238838,-0.04924607328432046
4440,18.1214918,-0.2860420111093507,0.19670730353830274,0.007673760216232672,-0.2857658018198845,2.8257725398421525,-0.29197602741448436,0.4939116803532927,0,0.0035636,1,Shared Control,0.01,Good Visuals,0.24541972818085311,0.44935779597829023,0.0,4.633649360670066,0.9834087846000445,-1.0420417903926715,0.18642980639047466,0.03932140040564421,3.673152791762205,-0.003666401608894529,25.634378625761162,1.0492460732843205,4.366255356900296,-0.04925388775130979
4441,18.1254394,-0.2850995333132737,0.2199768870557658,0.006876494101210662,-0.2739347932975269,2.863414511358188,-0.29000139052804363,0.5064970904172567,0,0.0039476,1,Shared Control,0.01,Good Visuals,0.24546737890526488,0.4494239309793912,0.0,4.633522005070146,0.9834063906147089,-1.0277677392433398,0.2007038575398065,0.03333176790086796,3.5724424740544194,-0.0034482639776322013,25.633744643099703,1.0492538877513098,4.36681321733324,-0.04926113677636246
4442,18.1288668,-0.28447121478255577,0.23551684516214164,0.005530175745487864,-0.270980245255115,2.870856259863378,-0.28824680532033115,0.5173489819995649,0,0.0034274,1,Shared Control,0.01,Good Visuals,0.23752705799906815,0.44944498007777456,0.0,4.633406840589118,0.9834042969280617,-1.0157763883726354,0.21269520841051082,0.01318757270025654,3.363727137003657,-0.003090461010322691,25.633186782666762,1.0492611367763625,4.366923680438712,-0.04926344395771843
4443,18.132584,-0.2833716573537993,0.239552079013091,0.004875147966531823,-0.2777969029864739,2.854244630847045,-0.28630196496886323,0.529037521467695,0,0.0037172000000000004,1,Shared Control,0.01,Good Visuals,0.24085964543950744,0.4494571464017922,0.0,4.633376786389977,0.9834039123864056,-1.004184988498866,0.2242866082842801,0.009769544543040786,3.356615374792021,-0.002485509727757385,25.633076319561287,1.0492634439577184,4.367020343681933,-0.04926477750253032
4444,18.1359177,-0.28258625919040187,0.24630866557205747,0.0037157057784613645,-0.28272885589563757,2.8642850257948878,-0.28452094230326463,0.5394468540371987,0,0.0033337,1,Shared Control,0.01,Good Visuals,0.2505981642141875,0.4494782181660727,0.0,4.633356187055355,0.9834035522744099,-0.9920776838797353,0.2363939129034109,0.01868302279987969,3.400832734791389,-0.002191170093323893,25.632979656318067,1.0492647775025303,4.367216034778527,-0.049267087168284165
4445,18.1409123,-0.2808583832309275,0.2522919109056259,0.003662559072337146,-0.2871549431315728,2.8364010671688478,-0.2817879397528003,0.5549091696381234,0,0.0049946,1,Shared Control,0.01,Good Visuals,0.2695187705317143,0.4495209284836875,0.0,4.633279127779933,0.9834020997317006,-0.9677471665038686,0.2607244302792776,0.032344433291151706,3.494270537195826,-0.0012932843764592594,25.632595176403903,1.0492694955371007,4.3675809360322875,-0.04927176862526221
4446,18.1463001,-0.2794446665368121,0.26082868897805433,0.0023432732159882064,-0.2940804806600691,2.8440405302377956,-0.27875367571130877,0.5714047198213736,0,0.005387800000000001,1,Shared Control,0.01,Good Visuals,0.2654190582606164,0.44954445019863604,0.0,4.633242899308485,0.9834014382487278,-0.9565725003698557,0.2718990964132904,0.02888158788203802,3.2497720392057237,-0.0016463969548233472,25.632419063967713,1.0492717686252622,4.367787476317128,-0.04927434682890786
4447,18.149892100000002,-0.2788163480060941,0.27672349578605976,-6.267229478534864e-05,-0.2946812240353139,2.8682569722588087,-0.27668160787972707,0.5822931517641912,0,0.003592,1,Shared Control,0.01,Good Visuals,0.2783420824795249,0.4495648355209538,0.0,4.633201140167584,0.9834006594604757,-0.9445200648679133,0.28395153191523287,0.037949296216174655,3.387323431590588,-0.0010534054695466079,25.632212523682874,1.0492743468289079,4.3679571583668535,-0.04927658125409465
4448,18.1534689,-0.2772455516792992,0.2910682504841196,-0.0005639437995721419,-0.29122490128007156,2.8828837194813657,-0.27457960321431596,0.5930468393470656,0,0.0035768,1,Shared Control,0.01,Good Visuals,0.2900798938255338,0.4495642473207661,0.0,4.63316586588062,0.9834000236603817,-0.9323573959026668,0.2961142008804794,0.04248488916889621,3.5460710123462906,2.817525989689599e-05,25.632042841633147,1.0492765812540947,4.36791946288286,-0.0492765167817604
4449,18.1577775,-0.2761459942505428,0.31070614744112723,-0.0015663910362268552,-0.28234069190593836,2.9348788317209005,-0.2719967058470966,0.6058808303325529,0,0.0043086,1,Shared Control,0.01,Good Visuals,0.28900346783383185,0.4495592503710246,0.0,4.633170110245669,0.9834001797887928,-0.9186001235114016,0.3098714732717445,0.03435340756042397,3.441727306931127,0.000253528969785863,25.63208053711714,1.0492765167817604,4.367872482801119,-0.04927596906854864
4450,18.1610617,-0.2748893571891069,0.3265397835474899,-0.0028926513420102773,-0.279341046785063,2.9818861760654536,-0.269990933740062,0.6155738195774174,0,0.0032842,1,Shared Control,0.01,Good Visuals,0.28491130807783394,0.44955218517325507,0.0,4.633179286755693,0.9834003582676214,-0.9067299173371574,0.32174167944598886,0.019335322751705648,3.2989289573243092,0.0007041855800340375,25.63212751719888,1.0492759690685487,4.36780891251502,-0.049275194655684335
4451,18.1645027,-0.273632720127671,0.33558004036650624,-0.0036417863876089807,-0.2799937792109112,3.0150368415480733,-0.2678553918498147,0.6256449268798587,0,0.003441,1,Shared Control,0.01,Good Visuals,0.2881063616298013,0.44954347087061763,0.0,4.6331919805977355,0.9834005986263208,-0.8955284923035192,0.332943104479627,0.013650071012634846,3.295602999099164,0.001300397731745069,25.63219108748498,1.0492751946556844,4.367731740538036,-0.049274239485243815
4452,18.168020900000002,-0.27253316269891453,0.3427922557843958,-0.004677770849099816,-0.2828526710954629,3.047919292594914,-0.26563626719954864,0.6358509891044248,0,0.0035182000000000004,1,Shared Control,0.01,Good Visuals,0.2922192837025167,0.4495330519134224,0.0,4.633207515717683,0.9834008898940508,-0.8837352107722716,0.3447363860108746,0.01223532993210944,3.2738199292806214,0.0016371412928551097,25.632268259461963,1.049274239485244,4.367639794140148,-0.0492730974684528
4453,18.171547500000003,-0.27111944600479915,0.3472441271027328,-0.00548317880525051,-0.28860686200169205,3.0680436901197226,-0.26337597333366,0.6459876454855865,0,0.0035266000000000004,1,Shared Control,0.01,Good Visuals,0.2998308363758802,0.44951719715020333,0.0,4.6332260581194795,0.9834012367874756,-0.8724334187976016,0.3560381779855445,0.015271198026292385,3.3003714445362475,0.0021028126059474818,25.632360205859854,1.0492730974684528,4.367495293352082,-0.04927135963562803
4454,18.1755435,-0.26954864967800424,0.35823727366694735,-0.006172676344344263,-0.28775037181863916,3.112810001586768,-0.2607718471131027,0.6573582687612274,0,0.003996,1,Shared Control,0.01,Good Visuals,0.3092214670536999,0.44948646768623285,0.0,4.633254725450857,0.9834017839191813,-0.8590853711595562,0.3693862256235899,0.021743514707227993,3.3462978861454022,0.00246478316800961,25.632504706647918,1.049271359635628,4.367208685499952,-0.04926799139414517
4455,18.1789223,-0.2682920126165683,0.3707222782279582,-0.007520165503465626,-0.28663599053326916,3.151226390155103,-0.25853466105858247,0.6668756906147463,0,0.0033788000000000004,1,Shared Control,0.01,Good Visuals,0.3115744707981607,0.4494620242969649,0.0,4.633310931299205,0.9834028718297858,-0.8473411338908217,0.38113046289232444,0.017077891454840635,3.2742025896274014,0.002774534486189672,25.632791314500047,1.0492679913941452,4.367010732043118,-0.04926531216622916
4456,18.182554600000003,-0.26656413665709394,0.38378055891689117,-0.00802947559851147,-0.2830951316978551,3.1899877046782548,-0.256093937407123,0.677006652364679,0,0.0036323,1,Shared Control,0.01,Good Visuals,0.3167224471875042,0.4494364956391927,0.0,4.633352686003032,0.9834036110692715,-0.8360934549119536,0.3923781418711925,0.015357066628151174,3.291200871651229,0.0033800288102358643,25.63298926795688,1.0492653121662292,4.366788752127725,-0.049262513982564364
4457,18.1859524,-0.2651504199629785,0.40421276410927,-0.009056482555855505,-0.27279388825540907,3.2588984661064444,-0.25377763983993284,0.6863880469657935,0,0.0033978000000000003,1,Shared Control,0.01,Good Visuals,0.31560076599704306,0.4494241404820555,0.0,4.633397793562524,0.9834044471402869,-0.824701482824452,0.4037701139586942,0.006660931997027557,3.195683372840462,0.0036087393748154045,25.633211247872275,1.0492625139825644,4.366703699814613,-0.049261159739846794
4458,18.1908293,-0.26200882730938874,0.43664163100954323,-0.008231187469455892,-0.24974641595625025,3.3532594211503333,-0.25039767987062966,0.6996895982809953,0,0.0048769,1,Shared Control,0.01,Good Visuals,0.3031956246340527,0.4495076261303089,0.0,4.633372967947788,0.9834038137253196,-0.8037037977881211,0.42476779899502504,-0.028448464584968615,2.9141469718768462,0.004334868304374784,25.63305147710927,1.0492636092512568,4.367530073546414,-0.04927031056082892
4459,18.1963775,-0.26012387171723483,0.4496573055626424,-0.00972619184660517,-0.2500322927183529,3.39731121793176,-0.24647422573797945,0.7145838220354853,0,0.0055482000000000005,1,Shared Control,0.01,Good Visuals,0.2837382573535248,0.4496119040643653,0.0,4.633260028642324,0.9834016016712601,-0.7951537552713546,0.4333178415117916,-0.056021079989600424,2.4910533801726387,0.0036999815396286627,25.632469926453588,1.049270310560829,4.368488591282766,-0.04928174041406596
4460,18.199876600000003,-0.2588672346557989,0.4595336429890824,-0.01239300891781947,-0.2550501790464029,3.4284819964919566,-0.2439575927885084,0.7238448428279045,0,0.0034991,1,Shared Control,0.01,Good Visuals,0.290943383140258,0.44974025542345647,0.0,4.633070682227409,0.9833979690095612,-0.7858816059920565,0.44258999079108974,-0.05605674343143025,2.5946242666493564,0.0043730116354474555,25.631511408717234,1.049281740414066,4.369623081388121,-0.04929580894362077
4461,18.203551100000002,-0.25682519943096555,0.4645015935759973,-0.012867606642457147,-0.2593432492519072,3.444929050287971,-0.24128012710007074,0.7334584564152874,0,0.0036745000000000002,1,Shared Control,0.01,Good Visuals,0.3082295894557935,0.44986072636994684,0.0,4.632842081928314,0.9833936880866654,-0.7761118359149669,0.45235976086817925,-0.04338219038869622,2.865203260334779,0.005573634996165302,25.63037691861188,1.0492958089436208,4.370642081397153,-0.04930901370501322
4462,18.2077563,-0.2549402438388117,0.4773113059883146,-0.013660116738740957,-0.2561471504269728,3.501053802228607,-0.23817289955559726,0.7443186751541342,0,0.0042052,1,Shared Control,0.01,Good Visuals,0.31464640889334,0.4499968514880575,0.0,4.632632027361528,0.9833898625920279,-0.7645248588547147,0.46394673792843155,-0.04006178942037369,2.8775367075402434,0.005788630870818525,25.629357918602846,1.0493090137050132,4.371836819180014,-0.04932393431248362
4463,18.2108539,-0.2532123678793373,0.490070832325636,-0.015039468323740063,-0.2542478428284982,3.5507708855591154,-0.2358550379679921,0.7522206181971165,0,0.0030976000000000003,1,Shared Control,0.01,Good Visuals,0.3151703511085488,0.4501490115625543,0.0,4.632390417027515,0.9833853580359933,-0.754502499294285,0.47396909748886124,-0.04759603319843549,2.8126622963067,0.006147009523392743,25.628163180819985,1.0493239343124836,4.373166067404314,-0.049340612503663506
4464,18.2145428,-0.2513274122871834,0.4970230472439627,-0.015472374319191323,-0.2551975709531538,3.5781947217957795,-0.23306297933257686,0.7615216676990789,0,0.0036889,1,Shared Control,0.01,Good Visuals,0.3196869688821803,0.45032070589467194,0.0,4.63212096013379,0.983380349068162,-0.7446956899954666,0.48377590678767957,-0.05042788351744777,2.8475882861924955,0.006770001800357935,25.626833932595687,1.0493406125036635,4.374668699271384,-0.049359431835245916
4465,18.2179454,-0.24975661596038853,0.5021022421546382,-0.016693636627811675,-0.25941942554444075,3.600317834936914,-0.2304573816361538,0.7699946242560488,0,0.0034026000000000004,1,Shared Control,0.01,Good Visuals,0.32262003199699524,0.4505084564406105,0.0,4.6318166435761325,0.9833746856305003,-0.7346928316161879,0.49377876516695834,-0.05188135505172816,2.810028479725471,0.006967530525284831,25.625331300728618,1.049359431835246,4.376303002551327,-0.04938001108055482
4466,18.2215114,-0.2474004214701962,0.5113753252799418,-0.016943039834042384,-0.258619298976107,3.63469366868891,-0.22769591104914794,0.778764155931738,0,0.003566,1,Shared Control,0.01,Good Visuals,0.3324212224346857,0.45067802673566704,0.0,4.631484741781247,0.9833685298344542,-0.7247482833577621,0.5037233134253842,-0.04503280182963139,2.890773017768629,0.007520624469575876,25.623696997448672,1.049380011080555,4.377727492347,-0.04939859759747613
4467,18.225450300000002,-0.24535838624536283,0.5339994792363325,-0.01766247519621489,-0.24476467669540547,3.7172872812870117,-0.22460957447848467,0.7883184353549803,0,0.0039389,1,Shared Control,0.01,Good Visuals,0.3327831355840415,0.4509013461008804,0.0,4.631190054141231,0.9833631868331728,-0.7135372404359815,0.5149343563471648,-0.05048417046815835,2.8166326462278035,0.007635855759310025,25.622272507653,1.0493985975974762,4.379731682838167,-0.04942307552363064
4468,18.2288973,-0.24378758991856792,0.5442713121336492,-0.01917801544008324,-0.24404712322133104,3.744545610120784,-0.22187799742297823,0.7965647413657836,0,0.0034470000000000004,1,Shared Control,0.01,Good Visuals,0.32248192045296786,0.4512095981052913,0.0,4.63078935100745,0.9833556118125144,-0.7041348920734647,0.5243367047096816,-0.07384662141043198,2.6267211517018705,0.007964033841446705,25.620268317161834,1.0494230755236307,4.382503305379007,-0.049456862874735386
4469,18.2326495,-0.24127431579569608,0.5450440440725836,-0.019396318372717852,-0.25152069729320004,3.757190169767806,-0.2188724765928688,0.8054184672135107,0,0.0037522000000000002,1,Shared Control,0.01,Good Visuals,0.32878128378297294,0.45152361332114077,0.0,4.630235747073907,0.9833451341965601,-0.6949357795268435,0.5335358172563028,-0.07250404754242956,2.690192293206963,0.008653304639177031,25.617496694620993,1.0494568628747354,4.385195123481623,-0.0494912819286209
4470,18.2359174,-0.23954643983622173,0.559662427466922,-0.02067396324335294,-0.24575603974658877,3.832115496877829,-0.21622799496296716,0.8130245385644316,0,0.0032679000000000002,1,Shared Control,0.01,Good Visuals,0.33712794780958916,0.45182322604996744,0.0,4.6296847518125865,0.9833350140159685,-0.6852333652510121,0.5432382315321342,-0.06565949211655611,2.714189799376575,0.008757895756776794,25.614804876518377,1.0494912819286208,4.387742427914811,-0.049524122332963647
4471,18.2408293,-0.235462369386555,0.5682997938997212,-0.01923437442358783,-0.2447247446647104,3.855342007201718,-0.21220678518090733,0.8242720490644679,0,0.0049119,1,Shared Control,0.01,Good Visuals,0.33929909541097253,0.4525603927804314,0.0,4.628513457485043,0.9833133014823545,-0.6665367057875353,0.561934890995611,-0.07750044371261877,2.65058077736133,0.00962090479906486,25.60903924776849,1.0495639384878916,4.394174645731465,-0.04960492281694596
4472,18.2464525,-0.23326325452904212,0.5770263675434824,-0.021056469348134793,-0.24724568152098558,3.8857326727852057,-0.20753617021383644,0.8368735533672049,0,0.0056232,1,Shared Control,0.01,Good Visuals,0.3296520645125357,0.4529465323959609,0.0,4.627856545166903,0.9833012157141469,-0.6585374979346562,0.5699340988484901,-0.08845817815442335,2.327042284473918,0.008704716044024792,25.605825354268536,1.049604922816946,4.3975037103281265,-0.04964724739092652
4473,18.249998400000003,-0.23153537856956774,0.5840252238100139,-0.0239992083557313,-0.25284832955719105,3.888583684616933,-0.20455484627221468,0.8446680124916195,0,0.0035459000000000003,1,Shared Control,0.01,Good Visuals,0.34054589727037515,0.45335297867020796,0.0,4.6271771718932735,0.983288692795148,-0.6496811621016578,0.5787904346814885,-0.08208734877696221,2.4834793844811878,0.009537454775739494,25.602496289671873,1.0496472473909266,4.40101803069436,-0.0496917977678152
4474,18.2534618,-0.22902210444669593,0.587510897585752,-0.024467258174481255,-0.25715711490586746,3.876334981663126,-0.20161640431053612,0.8521671024725588,0,0.0034634,1,Shared Control,0.01,Good Visuals,0.3596509632768542,0.4537017750383364,0.0,4.6264610821567,0.9832754689417827,-0.640197150579954,0.5882744462031924,-0.0647365853164102,2.7778950592260974,0.010880112593797729,25.59898196930564,1.0496917977678153,4.403912510913493,-0.04973002916675302
4475,18.2577341,-0.22650883032382407,0.6046971537135964,-0.02489242601328795,-0.24746994875896233,3.922822178945012,-0.19795620188634697,0.8612617151799828,0,0.004272300000000001,1,Shared Control,0.01,Good Visuals,0.36603557046734214,0.4540838566005506,0.0,4.625858519884789,0.9832646313334727,-0.6290345547361408,0.5994370420470055,-0.059337341516777796,2.7833426864015016,0.011100838464083392,25.596087489086507,1.049730029166753,4.407247502420829,-0.049771908939498864
4476,18.2609977,-0.2246238747316702,0.6181568015437748,-0.02666767284532323,-0.243104913636208,3.941547399338827,-0.19513421409314738,0.8680925495207794,0,0.0032636,1,Shared Control,0.01,Good Visuals,0.3584573472868102,0.4545327728698091,0.0,4.625182295749056,0.9832520692397617,-0.619650555639018,0.6088210411441283,-0.07599998572161665,2.6069560776538205,0.01130324880425766,25.59275249757917,1.0497719089394988,4.411193909443053,-0.04982111443172284
4477,18.2645896,-0.22211060060879836,0.6191321199618547,-0.026976386515650985,-0.24896042955892472,3.920804022683583,-0.19200278406755272,0.8754934290015546,0,0.0035919000000000003,1,Shared Control,0.01,Good Visuals,0.3623513800285726,0.4550024948596078,0.0,4.624385038255868,0.9832371922981835,-0.6105273098091125,0.6179442869740338,-0.07753602568511081,2.652569003287071,0.01212133128436968,25.588806090556947,1.0498211144317229,4.415240729524193,-0.049872600428776705
4478,18.267985600000003,-0.21991148575128552,0.6279807830357289,-0.0279087016837328,-0.24751264596582567,3.9434990086541752,-0.18901788809929473,0.8823774686086127,0,0.003396,1,Shared Control,0.01,Good Visuals,0.36951027863417973,0.45544649897349004,0.0,4.6235589688626035,0.9832219732505778,-0.6010464076235856,0.6274251891595607,-0.07006312345599387,2.65839563299879,0.012274323166918281,25.584759270475807,1.0498726004287766,4.418999003759114,-0.04992126750205773
4479,18.271571,-0.2173982116284137,0.6438956252000085,-0.028380323529118956,-0.23848184340860412,3.9768127595287166,-0.18584136049810196,0.8895256972194024,0,0.0035854000000000003,1,Shared Control,0.01,Good Visuals,0.3723723015948349,0.45590052703879047,0.0,4.622784739328691,0.9832078696714286,-0.5919425073084572,0.6365290894746891,-0.07166559677167667,2.6433321666410423,0.012710920472751651,25.581000996240885,1.0499212675020577,4.422905288647903,-0.049971033295740167
4480,18.275498300000002,-0.21472785787286236,0.6621032251408661,-0.0288864973747604,-0.2274224720785364,4.010372481873521,-0.18233278048860208,0.897214063411186,0,0.0039273,1,Shared Control,0.01,Good Visuals,0.3656472041863253,0.4565436777563147,0.0,4.621986829126795,0.9831931826635681,-0.5819937234120808,0.6464778733710655,-0.08617218881950903,2.503720529589411,0.012938604454456718,25.577094711352096,1.0499710332957402,4.428709860720851,-0.05004152873062886
4481,18.2789174,-0.21284290228070846,0.6664507554130104,-0.03051012179210638,-0.23076330799817568,3.9913334823084434,-0.1792538474079223,0.903786799495512,0,0.0034191,1,Shared Control,0.01,Good Visuals,0.3570748237834024,0.45725266176348006,0.0,4.620829882361001,0.9831712384172495,-0.5736493288296197,0.6548222679535266,-0.10330957106997814,2.335860533119001,0.013187947748971243,25.57129013927915,1.0500415287306288,4.4348535232213795,-0.050119240120124996
4482,18.282558100000003,-0.20985838925979816,0.6637881431540242,-0.03060454185187586,-0.23999865634148776,3.9639479226422165,-0.1759508772342037,0.9106617455059571,0,0.0036407,1,Shared Control,0.01,Good Visuals,0.36781845107081135,0.4578953831642924,0.0,4.619579664940688,0.9831481219142798,-0.5652472175313823,0.663224379251764,-0.09273225967639329,2.455967758392734,0.013950834400168602,25.565146476778622,1.050119240120125,4.440236583395154,-0.05018968849781934
4483,18.2859574,-0.2079734336676443,0.6723651668141342,-0.0320225564334406,-0.23829657869182297,3.984819857371833,-0.1728445191274257,0.9169654197058109,0,0.0033993,1,Shared Control,0.01,Good Visuals,0.37729538323418776,0.4584864745327987,0.0,4.618464690601953,0.9831279512812072,-0.5563487097957145,0.6721228869874318,-0.0815271477259037,2.4839514670801015,0.01401367841783232,25.559763416604845,1.0501896884978192,4.44521703482612,-0.05025447773298059
4484,18.290865800000002,-0.20294688542190062,0.683080200124169,-0.030102366294474908,-0.23388521958164188,3.954142013202762,-0.1683217356183819,0.9258706493655289,0,0.0049084,1,Shared Control,0.01,Good Visuals,0.384262709206574,0.4596792789682069,0.0,4.616365595632697,0.9830895672269478,-0.5389728449497208,0.6894987518334256,-0.08017490446875343,2.4641252727319145,0.014829474872081813,25.54953957973567,1.0503212674359945,4.45540025642088,-0.05038522044245768
4485,18.2964899,-0.20027653166634932,0.6939355806260092,-0.031954796047967415,-0.23193506873951963,3.948102793330085,-0.1630865149797175,0.9357880235280872,0,0.0056241,1,Shared Control,0.01,Good Visuals,0.36885868982010145,0.460351323682272,0.0,4.61534828579357,0.9830710361084052,-0.5318243002937172,0.6966472964894291,-0.0979655463913273,2.0801212407622534,0.01383743403348108,25.54459974357912,1.0503852204424577,4.461286726455571,-0.05045888293414399
4486,18.2998914,-0.19807741680883642,0.7011346959984328,-0.03499090182911893,-0.2346533275296544,3.9166275681446954,-0.15989345152275664,0.9416376621572152,0,0.0034015,1,Shared Control,0.01,Good Visuals,0.3754479579212612,0.4610667412610515,0.0,4.61415718599238,0.9830488651359418,-0.5240228401397558,0.7044487566433906,-0.09454805935503022,2.186385335452448,0.014710432658678834,25.53871327354443,1.050458882934144,4.467451374720627,-0.05053729950427115
4487,18.303463400000002,-0.19509290378792615,0.7091403830209184,-0.03519945226516952,-0.2324972791362968,3.8937261154901206,-0.15651912906273152,0.9476600614238313,0,0.003572,1,Shared Control,0.01,Good Visuals,0.39207975563402686,0.46168572670958763,0.0,4.612899278055252,0.9830256927374315,-0.5156033697946636,0.7128682269884827,-0.07776982453716616,2.4529397346148887,0.016133141080137234,25.532548625279375,1.0505372995042712,4.472573221101502,-0.050605146195871364
4488,18.3078055,-0.19226547039969535,0.7277785988693153,-0.03574634133696383,-0.21988146255451602,3.916775464705365,-0.15238869518061882,0.9548147586390174,0,0.004342100000000001,1,Shared Control,0.01,Good Visuals,0.3908802998467429,0.4624410001846616,0.0,4.611831838958818,0.9830065367876514,-0.5061682515974534,0.722303345185693,-0.08106183586174978,2.36439498739763,0.01625108469882423,25.527426778898498,1.0506051461958714,4.479251935234957,-0.050687931351254836
4489,18.3111396,-0.18990927590950296,0.7377165379717985,-0.037520580728884145,-0.21709822066721896,3.9031525147687858,-0.1491962651460515,0.960184923035076,0,0.0033341,1,Shared Control,0.01,Good Visuals,0.3809474250879586,0.4632861790446571,0.0,4.610487123041298,0.9829813579871916,-0.4983430761359842,0.7301285206471622,-0.09897553200183895,2.184582764229249,0.016530573840807868,25.520748064765044,1.050687931351255,4.486584009230591,-0.05078057099180979
4490,18.314601200000002,-0.18708184252127216,0.734574623698926,-0.037885577375220664,-0.22561029933614996,3.8552914277952732,-0.14586300197452418,0.9656469718780205,0,0.0034616,1,Shared Control,0.01,Good Visuals,0.3863297363632,0.4641153061908958,0.0,4.608996351972641,0.9829537801094484,-0.49056103037521637,0.7379105664079301,-0.09592206523877879,2.2551425063080623,0.01738276648142133,25.51341599076941,1.0507805709918099,4.493614523697676,-0.05087145121188809
4491,18.317965,-0.18472564803107983,0.7345902308004719,-0.03886264605655565,-0.2310567410775486,3.830092430548674,-0.14260598710660416,0.9708440988298517,0,0.0033638,1,Shared Control,0.01,Good Visuals,0.3963182377408686,0.4648585609314487,0.0,4.607549952256566,0.9829274114123985,-0.48236549511757026,0.7461061016655762,-0.08277128292401259,2.3000491854642204,0.017583276343719412,25.506385476302324,1.0508714512118882,4.499811562122763,-0.05095291899967204
4492,18.3216876,-0.18158405537749003,0.732747423404669,-0.038978068270885874,-0.23809667542518265,3.777896808695027,-0.13898141246145124,0.9764687123938873,0,0.0037226000000000004,1,Shared Control,0.01,Good Visuals,0.40611824505026695,0.4656139466974685,0.0,4.606263792113144,0.9829042190897307,-0.4726985696103202,0.7557730271728262,-0.07170793777685948,2.3665023641337717,0.0180656337198387,25.500188437877238,1.050952918999672,4.506277674910091,-0.051035716463211034
4493,18.3257473,-0.1785995423565797,0.7340461866472896,-0.03961812989512847,-0.24242252574659773,3.7221366860225427,-0.1350050457389747,0.9824510463560469,0,0.0040597,1,Shared Control,0.01,Good Visuals,0.41351211755602557,0.4662353857877711,0.0,4.60494013273499,0.982879942615895,-0.4635166846947455,0.7649549120884009,-0.06154574367423073,2.344650268270658,0.018148732202250543,25.49372232508991,1.0510357164632111,4.5113475135912475,-0.051103832097282545
4494,18.3295104,-0.17545794970298995,0.7533859150010267,-0.04045290396401524,-0.22906513135502016,3.7228393737692413,-0.13129777318546604,0.9878554041508659,0,0.0037631,1,Shared Control,0.01,Good Visuals,0.4206646032715548,0.4667007985483086,0.0,4.6038758478410795,0.9828610240609463,-0.4554955630402267,0.7729760337429197,-0.052203777932025325,2.3531321778152314,0.01847137407584525,25.488652486408753,1.0511038320972825,4.515074704575035,-0.05115484576182938
4495,18.332931300000002,-0.17294467558011808,0.7812276170078497,-0.04164690239465205,-0.20662778714301622,3.7383003021118983,-0.12791018418821462,0.9926510108691711,0,0.0034209,1,Shared Control,0.01,Good Visuals,0.4113441944805388,0.4673582211942337,0.0,4.603085679281957,0.9828471501822832,-0.4475871886533963,0.78088440812975,-0.06840915455597181,2.210648623813488,0.01887940258360395,25.484925295424965,1.0511548457618294,4.521003577065572,-0.051226905535794294
4496,18.3364847,-0.16996016255920782,0.7975798678227093,-0.042049978370993196,-0.19507114304646178,3.713004495238934,-0.12437422171575602,0.9975144325514682,0,0.0035534000000000004,1,Shared Control,0.01,Good Visuals,0.3947339539030338,0.4682690358317383,0.0,4.601904065357161,0.9828247559123875,-0.44070447221705517,0.7877671245660912,-0.09514476959155534,2.0068569035284423,0.019464022221414454,25.47899642293443,1.0512269055357943,4.529134249268695,-0.05132673948174873
4497,18.3407874,-0.16681856990561802,0.8070411917940284,-0.04244434818986201,-0.19047324075743977,3.6907631889463675,-0.12006982914331663,1.0032431092338276,0,0.0043027000000000004,1,Shared Control,0.01,Good Visuals,0.38515624185776887,0.4695026894810184,0.0,4.600275295694828,0.9827940831183044,-0.4333169947471383,0.7951546020360081,-0.1092451548235046,1.8518694148994417,0.019690702828530433,25.470865750731306,1.0513267394817487,4.540116022793527,-0.051461959653534894
4498,18.343830500000003,-0.1643052957827462,0.805424904767424,-0.044235466639429566,-0.19781820446640364,3.640695784478758,-0.11701083382717214,1.00718913031985,0,0.0030431000000000004,1,Shared Control,0.01,Good Visuals,0.3823502698752105,0.4706774712020466,0.0,4.598072347224053,0.9827526713100526,-0.4270005459699217,0.8014710508132247,-0.11449050789432279,1.761861252745141,0.019927735628409007,25.459883977206474,1.0514619596535348,4.549955411488106,-0.051590726902123164
4499,18.3475034,-0.1610066234964769,0.7997866583908289,-0.04399578966930476,-0.20740247192902106,3.5866075499569603,-0.11330295678492053,1.0118357613574718,0,0.0036729,1,Shared Control,0.01,Good Visuals,0.397706865921319,0.47165614216778556,0.0,4.596035651761304,0.9827158460899821,-0.4202905975657474,0.808180999217399,-0.09560270998993471,1.9495462851340424,0.020820637575289205,25.450044588511894,1.0515907269021232,4.557956405995279,-0.0516979985469536
4500,18.350912400000002,-0.15849334937360507,0.8058102060124969,-0.04519039258868454,-0.2060255553449749,3.5749249370534613,-0.1098464195192358,1.0160353999995504,0,0.003409,1,Shared Control,0.01,Good Visuals,0.40594392984269034,0.4725328810682303,0.0,4.594358377200408,0.9826859975117502,-0.4133372875323169,0.8151343092508295,-0.0834561985362796,1.9507111890673237,0.020750884427049598,25.442043594004723,1.0516979985469537,4.5652581249675785,-0.05179409746807213
4501,18.3546747,-0.15519467708733578,0.8145328655491324,-0.04534825756809999,-0.201502534450418,3.55273772180282,-0.10601526606283412,1.0205444341336833,0,0.0037623,1,Shared Control,0.01,Good Visuals,0.41000516551275057,0.473384770930589,0.0,4.592842642890784,0.9826586951481429,-0.4064561986884363,0.8220153980947101,-0.08076106489360989,1.9756779821070438,0.02135394640653551,25.434741875032422,1.0517940974680722,4.572456666199196,-0.05188747269830652
4502,18.3583147,-0.1518960048010665,0.822978972674125,-0.04588073873823237,-0.19756546145955833,3.5378721953278824,-0.10229273503843497,1.0247818386858367,0,0.0036400000000000004,1,Shared Control,0.01,Good Visuals,0.40621294617609216,0.47457933062273205,0.0,4.591359692035913,0.9826317312280565,-0.3980315182488202,0.8304400785343262,-0.08691055778756314,1.8660967615328259,0.02146717452097636,25.427543333800806,1.0518874726983065,4.583154359643514,-0.05201840780061394
4503,18.362560400000003,-0.1487544121474767,0.8287151437205862,-0.04646167710904173,-0.19606669496525053,3.537288955472088,-0.09793159588059076,1.0295698411153438,0,0.004245700000000001,1,Shared Control,0.01,Good Visuals,0.40468295699531165,0.47554025035719677,0.0,4.589220742584225,0.9825913783643082,-0.39193704961382636,0.8365345471693201,-0.09090823060379204,1.7785760330922358,0.02177405027886677,25.416845640356485,1.0520184078006138,4.5908568914556716,-0.0521237337416857
4504,18.365969,-0.14624113802460487,0.827963334971014,-0.0483095421440141,-0.20160650614432973,3.524479984642497,-0.09441582665129254,1.0332941162328497,0,0.0034086000000000003,1,Shared Control,0.01,Good Visuals,0.4057949235079631,0.47656751104114703,0.0,4.5875893784647,0.9825627301516474,-0.3856874766834858,0.8427841200996606,-0.09210563774638535,1.7513165000253839,0.02209439756444894,25.409143108544328,1.0521237337416858,4.599708696127403,-0.0522363312817116
4505,18.3695281,-0.14278538610565608,0.828919943128964,-0.04836955945436354,-0.20437417310388573,3.520930975465309,-0.09073147647423091,1.0370697478376023,0,0.0035591000000000004,1,Shared Control,0.01,Good Visuals,0.4196214896388447,0.477426222762135,0.0,4.585784501260308,0.9825295016522677,-0.379090051629509,0.8493815451536375,-0.07703913258916942,1.919083441147488,0.0230227582591102,25.400291303872596,1.0522363312817116,4.60668334385662,-0.05233045425252642
4506,18.374193100000003,-0.1368163600638355,0.843434590964066,-0.04608488358960458,-0.19363515687353627,3.5433805143407913,-0.08588233194431258,1.0418447916302669,0,0.004665,1,Shared Control,0.01,Good Visuals,0.42506104870244843,0.4791503498079628,0.0,4.582773744724142,0.9824752636412705,-0.3659689113075077,0.8625026854756388,-0.07530823988487628,1.8794174009027342,0.023695733203602663,25.38577930369446,1.0524272180731626,4.621260343471734,-0.052519434972888294
4507,18.379845500000002,-0.13430308594096366,0.8517884445709425,-0.04842075399665108,-0.1900563470593244,3.561143390617968,-0.07997766245125566,1.0473686287388468,0,0.0056524,1,Shared Control,0.01,Good Visuals,0.4013660926200552,0.4803174091378281,0.0,4.58131649765279,0.9824489426929609,-0.3610233239015294,0.8674482728816171,-0.10467745043541074,1.3764507113772035,0.02208158809281828,25.378739656528268,1.0525194349728884,4.631676954706831,-0.05264735577396656
4508,18.383569400000003,-0.13069025438933538,0.8608097078558032,-0.05071259193807971,-0.1865589208830436,3.586142034650168,-0.07607084160704614,1.0508524500693275,0,0.0037239,1,Shared Control,0.01,Good Visuals,0.4084430027894347,0.4814355537418366,0.0,4.579230778083445,0.9824096836486194,-0.3558813899819563,0.8725902068011901,-0.10073777133291259,1.5120222070671092,0.023257331108171582,25.36832304529317,1.0526473557739666,4.6409892031232385,-0.05276991505592064
4509,18.386953400000003,-0.12817698026646354,0.8700640281195464,-0.052106138659417406,-0.18078842194978106,3.6153753877460537,-0.07250955147090309,1.0539121804553941,0,0.0033840000000000003,1,Shared Control,0.01,Good Visuals,0.4153974749196833,0.48263575716361007,0.0,4.577298575393975,0.9823748937842007,-0.34999243796582147,0.878479158817325,-0.097822688326432,1.6424811781488273,0.024414844781393205,25.35901079687676,1.0527699150559207,4.651273201491261,-0.0529014687646664
4510,18.3914271,-0.12362167091875835,0.8748810812167633,-0.051112119447855264,-0.1790310992386308,3.609301720442677,-0.06778589543842636,1.0578034121917328,0,0.004473700000000001,1,Shared Control,0.01,Good Visuals,0.41599084360597394,0.4842193699603468,0.0,4.575196196608833,0.9823363370070614,-0.3427176472242645,0.8857539495588819,-0.10171548143374656,1.6460292201911813,0.025148285684759974,25.34872679850874,1.0529014687646665,4.665265637778604,-0.053075047787062575
4511,18.394863,-0.12110839679588652,0.874261994481929,-0.05332250135746015,-0.1835414177098038,3.548618222577621,-0.06414642784125252,1.0606740834191895,0,0.0034359000000000004,1,Shared Control,0.01,Good Visuals,0.4095633880658319,0.48559936195360404,0.0,4.5723805509812125,0.9822836810526798,-0.33753955050972945,0.8909320462734169,-0.11090954424969181,1.439079738351131,0.024749478276378467,25.334734362221397,1.0530750477870625,4.676496896660837,-0.05322630803300005
4512,18.3985027,-0.11749556524425825,0.873119345760949,-0.05334913740300573,-0.1875547376582405,3.474521355961978,-0.06028052537661244,1.0636043279157035,0,0.0036397,1,Shared Control,0.01,Good Visuals,0.42396708228148117,0.4867383693838257,0.0,4.570022246085205,0.9822418673153246,-0.33194119719665965,0.8965303995864867,-0.09247207335786671,1.636706128656563,0.025893372636952836,25.323503103339164,1.053226308033,4.685724592445069,-0.05335115407910883
4513,18.4020183,-0.11498229112138642,0.8740750765221277,-0.05470176574477398,-0.1895292513935758,3.4106020671833965,-0.05653650055630398,1.0663274600531847,0,0.0035156000000000002,1,Shared Control,0.01,Good Visuals,0.4279208096708985,0.48783117912958895,0.0,4.5680800890561395,0.9822075391536453,-0.3261849538608004,0.902286642922346,-0.08492893621558541,1.6094176972150285,0.025967072147572674,25.31427540755493,1.0533511540791087,4.694883051736274,-0.05347093641966927
4514,18.4057289,-0.11121237993707868,0.8767172825051519,-0.0546758793807747,-0.18961017754803278,3.3490400036614627,-0.05257462770330737,1.0690884096429394,0,0.0037106,1,Shared Control,0.01,Good Visuals,0.4359290460770108,0.48878926892563085,0.0,4.56618664905372,0.9821733177587454,-0.320230825099914,0.9082407716832324,-0.07364171045083417,1.6867698124270838,0.026685226883743647,25.305116948263727,1.0534709364196693,4.702721017354741,-0.05357595217257768
4515,18.409375500000003,-0.1077566280181299,0.8924121544533402,-0.055182000314822524,-0.17667625518959917,3.337870611807564,-0.04867131366748269,1.0716895192553344,0,0.0036466000000000003,1,Shared Control,0.01,Good Visuals,0.43579507056404837,0.4898276958659724,0.0,4.564545662786506,0.9821441279454524,-0.3139514062638677,0.9145201905192787,-0.07216369071269607,1.6075517986908752,0.02672498311039484,25.29727898264526,1.0535759521725776,4.711612940992833,-0.05368977364049317
4516,18.412940000000003,-0.10508627426257858,0.8998661558389058,-0.05641496059509589,-0.17182336341642857,3.287694606904242,-0.044846903548657835,1.074125609426377,0,0.0035645000000000004,1,Shared Control,0.01,Good Visuals,0.4252961145336235,0.49099836250077455,0.0,4.562727917944182,0.9821108158703654,-0.3087997926617089,0.9196718041214375,-0.08765360692074607,1.4406078305813033,0.02702967206748488,25.288387059007167,1.053689773640493,4.721663264472765,-0.05381808983649733
4517,18.416527600000002,-0.10131636307827083,0.8947848844235111,-0.05646945952961299,-0.1793407250028658,3.209649355741585,-0.04098912965528251,1.0764722837363474,0,0.0035876000000000003,1,Shared Control,0.01,Good Visuals,0.4260334821032802,0.4921323578115161,0.0,4.560676223961189,0.982073155165492,-0.30386111193033855,0.9246104848528078,-0.08655567740279459,1.4414876189750334,0.027699653272737802,25.278336735527233,1.0538180898364973,4.731106944231006,-0.05394238650664673
4518,18.4199395,-0.0986460093227195,0.9006530079964719,-0.05765687966743699,-0.17581927573987555,3.1916855244062985,-0.03731264523938696,1.0786071089869715,0,0.0034119000000000003,1,Shared Control,0.01,Good Visuals,0.43354772156332244,0.4931385655886637,0.0,4.558717799674261,0.9820379128325484,-0.2986701038237377,0.9298014929594086,-0.07399988296351885,1.4575342149658326,0.027790448262650428,25.268893055768995,1.0539423865066468,4.739344758180593,-0.0540526764478777
4519,18.424388800000003,-0.0940906999750143,0.9046376776570538,-0.056778054735627345,-0.1739694313299177,3.133446003877637,-0.032507659011484086,1.0812506951989465,0,0.004449300000000001,1,Shared Control,0.01,Good Visuals,0.43539786846312767,0.49440482701767396,0.0,4.556994193724722,0.9820072450177558,-0.29216215208312263,0.9363094447000238,-0.07307390015930978,1.4655898526326094,0.028432830935518065,25.260655241819407,1.0540526764478777,4.7504359851164075,-0.054191470742416425
4520,18.427887000000002,-0.09142034621946298,0.9018655862119638,-0.05891268720797889,-0.17938510898698268,3.0198682181493823,-0.028721757090224807,1.0832189239377987,0,0.0034982000000000004,1,Shared Control,0.01,Good Visuals,0.42944204062864827,0.4954790979266783,0.0,4.554753533329323,0.9819655895869205,-0.2876423396611535,0.9408292571219928,-0.07862233968682757,1.2721115738725395,0.02807134432996786,25.249564014883592,1.0541914707424165,4.759069880426962,-0.05430922105016708
4521,18.4315046,-0.08765043503515522,0.9018190316218696,-0.05892867794493042,-0.18139989231592912,2.9115499445318123,-0.024799574328990024,1.0851534939563565,0,0.0036176000000000003,1,Shared Control,0.01,Good Visuals,0.4443695678374834,0.49624892115105285,0.0,4.55292952817079,0.981933537622506,-0.2825783424991708,0.9458932542839755,-0.056139910824570274,1.470510544467495,0.02919000511424594,25.240930119573036,1.054309221050167,4.765035724606638,-0.0543936009964394
4522,18.434964100000002,-0.08498008127960391,0.9068815226573455,-0.06018050695061389,-0.17827197129901107,2.824133793772347,-0.02104242316068866,1.086908715917316,0,0.0034595000000000003,1,Shared Control,0.01,Good Visuals,0.44634103054139435,0.4969528572356152,0.0,4.551644428270757,0.981911508512781,-0.27745962704871296,0.9510119697344334,-0.04911519000923829,1.421510025398609,0.02924329285502956,25.234964275393363,1.0543936009964394,4.770867549814084,-0.05447075908561341
4523,18.4386492,-0.08121017009529614,0.9111689728178592,-0.06016774693460748,-0.17573974309945684,2.7346954789150995,-0.017033764731562734,1.0886776816891803,0,0.0036851,1,Shared Control,0.01,Good Visuals,0.4488907340079839,0.4975679866673189,0.0,4.5504320688920314,0.9818897720277897,-0.2724517848058938,0.9560198119772525,-0.04340163165854296,1.437589275963579,0.029906874878995373,25.229132450185915,1.0544707590856135,4.775872547326191,-0.05453818312109876
4524,18.442406300000002,-0.0774402589109884,0.9284450310575663,-0.06040649417942566,-0.16023265063161407,2.707044239267913,-0.012940271036005022,1.090375591522342,0,0.0037571,1,Shared Control,0.01,Good Visuals,0.44627983439977303,0.498255731360714,0.0,4.5493817212285315,0.9818711649664352,-0.267241841862727,0.9612297549204193,-0.043399070449964675,1.3384911476638655,0.029937544704561392,25.22412745267381,1.0545381831210987,4.781769807333371,-0.054613566479823614
4525,18.4459081,-0.07351326809400116,0.9627782614253626,-0.06057299705799614,-0.1275973300969795,2.7428331672316806,-0.00911936236025727,1.0918633544897713,0,0.0035018000000000002,1,Shared Control,0.01,Good Visuals,0.43206374289891086,0.4991725796483163,0.0,4.548177560232511,0.9818490860606847,-0.2632105619368819,0.9652610348462644,-0.062389615629865905,1.1269057461898893,0.030097881936306446,25.218230192666628,1.0546135664798235,4.78982431515245,-0.05471406177120769
4526,18.449498400000003,-0.07099999397112931,0.9799029387693237,-0.06188063161087204,-0.11196041572044768,2.705077217539233,-0.005196647081989008,1.0932950375186041,0,0.0035903000000000003,1,Shared Control,0.01,Good Visuals,0.400675817773821,0.5007088955272851,0.0,4.546553230294222,0.9818188377136887,-0.2606364442417988,0.9678351525413474,-0.10746395577657182,0.7485293829663746,0.030236379198469807,25.21017568484755,1.0547140617712076,4.803708690853414,-0.05488245660163129
4527,18.4529676,-0.06707300315414208,0.9691723800252353,-0.06187635607215307,-0.12412265749336882,2.589233100493371,-0.001401517442658158,1.0945895163361237,0,0.0034692000000000004,1,Shared Control,0.01,Good Visuals,0.39109177589262306,0.5025448342720571,0.0,4.54379313214668,0.9817665132710743,-0.2582246747784505,0.9702469220046958,-0.12026222923077486,0.6733024744132567,0.030984182708410548,25.196291309146588,1.0548824566016313,4.819470843575859,-0.05508369294750665
4528,18.457530400000003,-0.06408849013323177,0.9509103301071433,-0.0626869726905736,-0.14367918622898035,2.482988672878886,0.0035965169531667514,1.0961609887577863,0,0.0045628000000000005,1,Shared Control,0.01,Good Visuals,0.40280652037336806,0.5042348975391806,0.0,4.540577260906455,0.9817075098549887,-0.25521037320561485,0.9732612235775314,-0.09969643938429525,0.7556344972138191,0.031095643107638956,25.180529156424143,1.0550836929475067,4.833287851740147,-0.055268939953782105
4529,18.4604427,-0.06047565858160352,0.9327201199201439,-0.06407217553477026,-0.16344086883764242,2.391853133294595,0.006790229814262482,1.0970872813161636,0,0.0029123,1,Shared Control,0.01,Good Visuals,0.42549734539959216,0.5051995557031408,0.0,4.53768586543957,0.9816561408525795,-0.2518349791318547,0.9766366176512916,-0.06565358204982445,0.9838791132305778,0.03160895925167279,25.166712148259855,1.055268939953782,4.840100357363637,-0.05537467566227836
4530,18.464014300000002,-0.05670574739729576,0.9369239074387993,-0.06349597721155824,-0.16016337387736435,2.3841426185290815,0.010710498007738125,1.0981428678471152,0,0.0035716000000000003,1,Shared Control,0.01,Good Visuals,0.45107918192953594,0.5056597221832682,0.0,4.536142153972865,0.98163137977987,-0.2473026922795155,0.9811689045036308,-0.029461800066585463,1.2625457831464661,0.03236923461309958,25.15989964263636,1.0553746756622784,4.843180517361921,-0.055425114284601056
4531,18.4675042,-0.05387831400906495,0.9544372156654723,-0.06458881201680307,-0.14370565218164288,2.3890778061709432,0.01454458344892387,1.099089928502633,0,0.0034899,1,Shared Control,0.01,Good Visuals,0.4452007090292357,0.5062118229082924,0.0,4.535422625614328,0.9816202889733349,-0.24353210694335226,0.9849394898397941,-0.03746293614087957,1.104415610604045,0.032107358196551666,25.156819482638078,1.055425114284601,4.848019519595622,-0.05548562977444264
4532,18.4709675,-0.04995132319207771,0.9599496840908089,-0.06449590664100158,-0.13914024441182404,2.3282306817346914,0.0183525716061187,1.099948550953668,0,0.0034633000000000003,1,Shared Control,0.01,Good Visuals,0.4339362525373917,0.5070840897765494,0.0,4.53444596056169,0.9816021335891485,-0.23998559809120862,0.9884859986919377,-0.054667653110225214,0.9805924882195454,0.0326956202705069,25.151980480404376,1.0554856297744426,4.8558250792092625,-0.05558123851830517
4533,18.4749176,-0.046181412007769956,0.9636429382008216,-0.06453398361388865,-0.13630561275284636,2.2884256443940023,0.022699254408971345,1.1008306603818474,0,0.003950100000000001,1,Shared Control,0.01,Good Visuals,0.4289289359239465,0.5082246861217788,0.0,4.532887060428105,0.9815727709672271,-0.2361937833011967,0.9922778134819495,-0.05906121887682544,0.8660670572408575,0.03270484811336559,25.14417492079074,1.0555812385183052,4.865742538606674,-0.055706258724609096
4534,18.478786900000003,-0.042254421190782716,0.9688826950549392,-0.06495367559975407,-0.13194796532690822,2.277454430259269,0.0269602103504347,1.1015959882486908,0,0.0038693000000000004,1,Shared Control,0.01,Good Visuals,0.42618437982181656,0.5091952176445393,0.0,4.530877395894114,0.9815356058832104,-0.2334214856359985,0.9950501111471478,-0.061645811666920215,0.7777740054983209,0.03279776356635658,25.134257461393325,1.055706258724609,4.873481973118124,-0.055812638209084456
4535,18.4826792,-0.03958406743523139,0.9686438435182665,-0.0665442777856661,-0.13295214473042427,2.2483732196053503,0.03124929348673257,1.102269039253783,0,0.0038923000000000004,1,Shared Control,0.01,Good Visuals,0.4236984270750287,0.51020516089455,0.0,4.529236859555071,0.9815069528671929,-0.23093326696146893,0.9975383298216773,-0.06589471651287389,0.7225212481937255,0.033074100983829575,25.126518026881875,1.0558126382090844,4.881989347521076,-0.05592333759366489
4536,18.4859772,-0.03549999698556466,0.9635721651575422,-0.06674929047229722,-0.13869687409624087,2.1970721523350054,0.034885412684177844,1.1027646386545915,0,0.003298,1,Shared Control,0.01,Good Visuals,0.43176743975093856,0.5111120503672761,0.0,4.527484781795688,0.9814752144490211,-0.2279523410307275,1.0005192557524187,-0.05595074119714532,0.8381392146267324,0.03395123395424741,25.118010652478922,1.055923337593665,4.889339587691109,-0.056022741304231995
4537,18.4908219,-0.028745572780346604,0.9574880037062578,-0.06363098546452445,-0.14527663494833376,2.100331937944487,0.04022950290017356,1.103370821194714,0,0.0048447,1,Shared Control,0.01,Good Visuals,0.44742121386864875,0.5123747703339168,0.0,4.524672798020339,0.9814258194839288,-0.22163655713225436,1.0068350396508918,-0.03255646308776385,0.9501638244180173,0.03466077657411763,25.104681751648503,1.0561049633497996,4.899184276718318,-0.056161147420816335
4538,18.496315000000003,-0.026075219024795284,0.9628511978019807,-0.06630472192496885,-0.14051962339273327,2.0808524916897566,0.0462919283292255,1.103886681711989,0,0.005493100000000001,1,Shared Control,0.01,Good Visuals,0.43043184671399815,0.513120057462061,0.0,4.523828524664848,0.9814116335207926,-0.21981448843530468,1.0086571083478415,-0.04972241454296001,0.5281664725345454,0.03260291156350651,25.100815723281684,1.0561611474208163,4.905826498418944,-0.056242837977607936
4539,18.499953700000002,-0.02214822820780804,0.9647998721654438,-0.06844015653703353,-0.13908680954654518,2.034168668059041,0.0503091076630982,1.10413044924061,0,0.0036387000000000004,1,Shared Control,0.01,Good Visuals,0.4377671664748618,0.51380381176259,0.0,4.522499635778382,0.9813866731864211,-0.21734245599785393,1.0111291407852923,-0.04226432125141091,0.6924848555803544,0.034022282724145994,25.094173501581057,1.0562428379776079,4.911349460097483,-0.05631778395132675
4540,18.5034779,-0.01900663555421825,0.9675338178217772,-0.06931574321731646,-0.13659663141883294,1.9886437997691802,0.054200592822659946,1.104293779913741,0,0.0035242000000000003,1,Shared Control,0.01,Good Visuals,0.4459361186386265,0.5143185149378765,0.0,4.521337188932849,0.9813661993999029,-0.21450171059596287,1.0139698861871833,-0.031994733217019976,0.8261342993925025,0.03516481330635617,25.088650539902517,1.0563177839513267,4.915338391898574,-0.05637420031407308
4541,18.5077116,-0.014137166941154067,0.9766777324925875,-0.06833775976381401,-0.1276160474211534,1.9537946613241146,0.05887609577105003,1.104397248848901,0,0.0042337,1,Shared Control,0.01,Good Visuals,0.4473896653263173,0.514953708693826,0.0,4.520478913252197,0.981351504525847,-0.21069492466936204,1.0177766721137842,-0.02921112208527614,0.829961830204903,0.03565037011334538,25.084661608101428,1.056374200314073,4.920852085000435,-0.05644382359030389
4542,18.511577600000003,-0.011309733552923255,0.9776119954260527,-0.07018582932397328,-0.1267852534228482,1.859578962737749,0.06314573720246493,1.104405196186676,0,0.003866,1,Shared Control,0.01,Good Visuals,0.4340765763772049,0.5156768010538743,0.0,4.519361064648924,0.9813308607028174,-0.20872822964133922,1.019743367141807,-0.04517637764565748,0.5757135411793639,0.03519078283420374,25.079147914999567,1.056443823590304,4.926981876396335,-0.05652308138944391
4543,18.5149517,-0.0075398223686155025,0.9689465505332177,-0.07068555957108043,-0.13545864565345844,1.7289000720187302,0.0668720281650903,1.1043460774698297,0,0.0033741,1,Shared Control,0.01,Good Visuals,0.4415221988298909,0.5162345435848149,0.0,4.518103159050543,0.9813079856039775,-0.2062452715063404,1.0222263252768058,-0.03256748903857512,0.6976561211011019,0.03619320394509974,25.073018123603667,1.056523081389444,4.931299948353358,-0.0565842152748665
4544,18.518554100000003,-0.0043982297150257105,0.9642356080110018,-0.07127025788011601,-0.14011046945882788,1.6208310440321407,0.07085011135184174,1.1042164182982948,0,0.0036024000000000004,1,Shared Control,0.01,Good Visuals,0.45222344468908676,0.5164445765347029,0.0,4.517173661164417,0.9812920845967439,-0.20355819454326832,1.0249134022398778,-0.012621045795854319,0.7807185086501489,0.03649032758321395,25.068700051646644,1.0565842152748666,4.93245467777965,-0.056607236883549926
4545,18.5221264,-0.0006283185307179586,0.9663965846306867,-0.0714784298825597,-0.13781983366760808,1.5280020204040672,0.07479437479940555,1.1040213899592624,0,0.0035723,1,Shared Control,0.01,Good Visuals,0.459407259296382,0.516417889471994,0.0,4.516870466541028,0.9812880997827552,-0.20052668008414234,1.0279449166990038,0.0015019731844533228,0.8306656964312831,0.036807138150415586,25.06754532222035,1.05660723688355,4.931872863265705,-0.056604311727687845
4546,18.525853100000003,0.0032986722862692825,0.9752647337763667,-0.07149570251313626,-0.12875665618289567,1.4525703746113543,0.078908245293625,1.1037489493761001,0,0.0037267000000000003,1,Shared Control,0.01,Good Visuals,0.4581059391897152,0.5163459491858146,0.0,4.5169522114942575,0.9812904547811526,-0.19752804143089883,1.0309435553522472,0.0037685763077412926,0.7674648477793582,0.03691273990272339,25.068127136734294,1.0566043117276878,4.931233093382533,-0.05659642638818335
4547,18.5295257,0.006126105674500096,0.9764548315225696,-0.0727821396191249,-0.1272941178535305,1.3452516358027287,0.08296127719058723,1.1034130990508424,0,0.0036726000000000003,1,Shared Control,0.01,Good Visuals,0.44929981811927355,0.5164248243763637,0.0,4.517080323827237,0.981292857431044,-0.19540392127757322,1.0330676755055728,-0.0046772973949277385,0.6170104436546806,0.03691651637685197,25.06876690661747,1.0565964263881833,4.9321594250849765,-0.05660507185915647
4548,18.5329365,0.010053096491487338,0.9661354864320117,-0.07290818069909989,-0.13727761261883065,1.2074149073609446,0.08672418267203079,1.1030426554066823,0,0.0034108000000000003,1,Shared Control,0.01,Good Visuals,0.4536632734034544,0.5163328390110952,0.0,4.516917521833276,0.9812892676238362,-0.19298402638967013,1.0354875703934758,0.005156177860419843,0.67653411834356,0.03758650367054256,25.067840574915024,1.0566050718591564,4.93106529589553,-0.0565949893883587
4549,18.5365524,0.013037609512397642,0.9637382208484602,-0.07368657315963315,-0.13930443455822217,1.1106889575393746,0.09071187429027835,1.1025897894858807,0,0.0036159,1,Shared Control,0.01,Good Visuals,0.46404381224767055,0.5159008087488263,0.0,4.517108757426245,0.9812935128598888,-0.1904711351258325,1.0380004616573135,0.025420842487237236,0.7368102225004076,0.03764488792750018,25.06893470410447,1.0565949893883586,4.926913766792904,-0.05654763476308368
4550,18.540813800000002,0.016807520696705394,0.9583562729919678,-0.07390435359357296,-0.14423351649391292,0.983351430124265,0.09540917750358861,1.1019785772540902,0,0.0042614,1,Shared Control,0.01,Good Visuals,0.46960995358216917,0.515162018249633,0.0,4.517908869583753,0.9813092567264722,-0.18735210874273572,1.0411194880404102,0.03666936976042504,0.779172216611733,0.038014962686984295,25.073086233207096,1.0565476347630838,4.9203020080924045,-0.056466656298606886
4551,18.5439133,0.020734511513692634,0.9575886784492331,-0.07467466598989597,-0.1443898988048571,0.8736531242719161,0.09882400254476913,1.1014826347558135,0,0.0030995000000000003,1,Shared Control,0.01,Good Visuals,0.47553194515474684,0.5142522384631546,0.0,4.519228699300468,0.9813341089648582,-0.18453106173973588,1.0439405350434101,0.05038651828069111,0.7875839646555844,0.03807271595469957,25.079697991907594,1.056466656298607,4.9125023142487585,-0.056366935782166165
4552,18.547528500000002,0.023719024534602937,0.9688875015556185,-0.07510497801016619,-0.132595133200195,0.8045316040498812,0.10280495769604762,1.1008508792593426,0,0.0036152000000000003,1,Shared Control,0.01,Good Visuals,0.47928966992032895,0.5132061335684539,0.0,4.520820059976617,0.9813632609623181,-0.1817794516408246,1.0466921451423215,0.05974824429260906,0.800351977577451,0.038401614141792405,25.08749768575124,1.0563669357821661,4.903605702610892,-0.05625227273743694
4553,18.5509913,0.02780309498426967,0.9804088401992439,-0.07500186271177796,-0.12044203906009865,0.7268085966529961,0.10661586009772812,1.1001932227373197,0,0.0034628000000000003,1,Shared Control,0.01,Good Visuals,0.46980138754534395,0.512291727145954,0.0,4.522642834869874,0.9813964792217197,-0.17940201497539462,1.0490695818077513,0.049880384943801,0.6663406108439052,0.038544335376341145,25.096394297389107,1.0562522727374368,4.8962678319817075,-0.05615204509768978
4554,18.5546843,0.03078760800517997,0.9913173337379625,-0.07582825209254815,-0.10887588899935718,0.6583682358224128,0.11067749397879989,1.099436659743636,0,0.003693,1,Shared Control,0.01,Good Visuals,0.45752754301618026,0.5116255912372021,0.0,4.5241926599757365,0.981423655506731,-0.1777322373676223,1.0507393594155237,0.037097784310145134,0.4785834358762733,0.03842283378778045,25.103732168018293,1.0561520450976898,4.891146234671009,-0.056079030267257496
4555,18.5583072,0.03549999698556466,0.9918362994846927,-0.07517749699323523,-0.10760036025894337,0.5509865232290465,0.11465921685327032,1.0986405597228928,0,0.0036229,1,Shared Control,0.01,Good Visuals,0.45000097745909207,0.5109349538958463,0.0,4.525299513520441,0.9814425042647364,-0.17595444743704788,1.052517149346098,0.0295220806493692,0.3963945529609205,0.038795674309333554,25.10885376532899,1.0560790302672576,4.885321923723475,-0.05600332984680759
4556,18.562418700000002,0.03848451000647496,0.9822262405004836,-0.07617470684679536,-0.11641431922240919,0.403730138829024,0.11917431361054735,1.097674265522686,0,0.004111500000000001,1,Shared Control,0.01,Good Visuals,0.44589670840259665,0.5104068313568908,0.0,4.526498182473216,0.9814642315851738,-0.17501181844938885,1.0534597783337571,0.029582533817431342,0.27315453581936033,0.03841081096024376,25.114678076276526,1.0560033298468077,4.881226322413541,-0.055945442594187385
4557,18.5659791,0.042725660088821185,0.9805583593212623,-0.07644865352172617,-0.11711590620142376,0.29053248122922315,0.12308090434124314,1.0967850746070054,0,0.0035604,1,Shared Control,0.01,Good Visuals,0.4591300364078622,0.5094006280096346,0.0,4.527379270799716,0.9814793268871475,-0.17349629022002924,1.0549753065631167,0.05363442222348069,0.42257646368492274,0.038880090751212876,25.11877367758646,1.0559454425941874,4.871988687382963,-0.05583515313851464
4558,18.569551500000003,0.04571017310973149,0.9921205535264057,-0.07737073123151164,-0.10466452108059965,0.21696826504593053,0.12699739488063688,1.0958454180272847,0,0.0035724000000000003,1,Shared Control,0.01,Good Visuals,0.46120219447972927,0.5082991767296029,0.0,4.529200399302774,0.9815141781447467,-0.17209946944531476,1.056372127337831,0.06144429540781456,0.4089891882746688,0.03894299211445827,25.128011312617037,1.0558351531385146,4.8627457214819705,-0.05571442360361894
4559,18.574133900000003,0.05262167694762903,0.9847205149107989,-0.07437571793300785,-0.11112490311648582,-0.05956127012261103,0.13201610924582985,1.0945726523240473,0,0.0045824,1,Shared Control,0.01,Good Visuals,0.45138535044166206,0.5062466421849904,0.0,4.533078066603465,0.9815842008854079,-0.16999168848584223,1.0584799082973035,0.05731993818564308,0.2655743258616141,0.039234043031556955,25.14679181914274,1.0555895990995239,4.845996762684441,-0.05548944629829382
4560,18.5797889,0.05560618996853934,0.9822248980664636,-0.07640991927729052,-0.1123477542575837,-0.16665022594928036,0.13820124340159406,1.0929014003538473,0,0.005655,1,Shared Control,0.01,Good Visuals,0.44634667891268176,0.5052960670168936,0.0,4.534615278165442,0.9816108630015825,-0.1698247479483337,1.058646848834812,0.0607202123095702,0.054543253996972574,0.037652457463683196,25.154003237315557,1.0554894462982938,4.837970646326171,-0.055385254220070956
4561,18.583076900000002,0.05969026041820607,0.9928706085328292,-0.07851098298338799,-0.10003079182101815,-0.22572351480563177,0.1417930345875695,1.0918805285630062,0,0.003288,1,Shared Control,0.01,Good Visuals,0.45690090198152217,0.5038441036624002,0.0,4.5362665348969715,0.9816408254758303,-0.16901266016974711,1.0594589366133986,0.07814595602620415,0.2295394947812497,0.038609631691893215,25.16202935367383,1.055385254220071,4.82500117329318,-0.05522610522850725
4562,18.586545700000002,0.06267477343911637,1.009697509864757,-0.07911826114845313,-0.08218301869824929,-0.26801825839233545,0.14557862732135035,1.0907657389243262,0,0.0034688,1,Shared Control,0.01,Good Visuals,0.45454949469997746,0.5024441780053179,0.0,4.538859308943003,0.9816896072088066,-0.16813327455852412,1.0603383222246217,0.07562209996678261,0.2569124459443728,0.03955729584891907,25.17499882670682,1.0552261052285072,4.813497021138745,-0.05507266006344899
4563,18.5908185,0.06644468462342412,1.0031137967033033,-0.07913394269792623,-0.0876519422210229,-0.3977124758740356,0.15023622723004243,1.0893409703792174,0,0.0042728,1,Shared Control,0.01,Good Visuals,0.4399783373396933,0.5011823482289106,0.0,4.541260128441748,0.9817324044863784,-0.1677333869278809,1.060738209855265,0.0575482322406928,0.09970768230270366,0.039752509687944616,25.186502978861256,1.055072660063449,4.803182576357765,-0.05493435152017977
4564,18.5939413,0.07052875507309085,0.9924083464342477,-0.07970747215695158,-0.09693262394496971,-0.5073600056003467,0.15363634844033297,1.088264826070794,0,0.0031228000000000002,1,Shared Control,0.01,Good Visuals,0.4455927596385105,0.49978929872859545,0.0,4.543418842134754,0.9817707531836174,-0.16727921972872606,1.0611923770544198,0.0713094195473126,0.12701135386621942,0.03966053522595872,25.196817423642237,1.0549343515201797,4.791293577005253,-0.05478166004729419
4565,18.597561000000002,0.07351326809400116,0.9964611845861273,-0.08012308034633181,-0.09180364148466658,-0.5576824347518115,0.15757323001654355,1.0869818705306067,0,0.0036197000000000004,1,Shared Control,0.01,Good Visuals,0.45750829474653265,0.4980620930338427,0.0,4.545851965384262,0.9818152229126956,-0.16645623545708105,1.0620153613260648,0.09176084321358689,0.24016817102314114,0.03983694161275188,25.208706422994748,1.0547816600472941,4.776298937519838,-0.05459234187773274
4566,18.600958000000002,0.0774402589109884,0.9976515816019902,-0.08013297110555516,-0.0893302889286165,-0.6388346312259185,0.16126361432820152,1.08574421119163,0,0.0033970000000000003,1,Shared Control,0.01,Good Visuals,0.4546107821320901,0.49628402494815615,0.0,4.548894109569604,0.9818714426392847,-0.16575516919433372,1.0627164275888121,0.08968124646260128,0.19541916731632814,0.039906269097612766,25.22370106248016,1.0545923418777328,4.761384788939066,-0.05439744870643273
4567,18.6047112,0.08073893119725767,0.9996788226731887,-0.08052468313094385,-0.08606538851844125,-0.706254368330386,0.16533600655180422,1.0843402109522242,0,0.0037532000000000004,1,Shared Control,0.01,Good Visuals,0.4524790654009054,0.4945517904745158,0.0,4.551974392018999,0.9819271159204838,-0.16528411375999824,1.0631874830231476,0.09051710204555649,0.13611171819680035,0.039768713431319214,25.238615211060935,1.0543974487064327,4.746955644995833,-0.054207579334882426
4568,18.608341000000003,0.08560839981032185,1.005913137290315,-0.07972760674148237,-0.07842707366190926,-0.7575503880099904,0.1692694266617323,1.0829471492015659,0,0.0036298000000000003,1,Shared Control,0.01,Good Visuals,0.45130173217715364,0.4922499839287492,0.0,4.5549655952234245,0.9819809380321026,-0.16478642692827497,1.0636851698548708,0.0916404053173418,0.11015644792458534,0.039823626219801324,25.253044355004167,1.0542075793348824,4.726673528767327,-0.05395527944769877
4569,18.6125107,0.08859291283123216,1.0054138506371983,-0.08067651383050015,-0.07753329856436753,-0.8454749975662641,0.17378158436728647,1.0813057894290348,0,0.0041697,1,Shared Control,0.01,Good Visuals,0.44050205436399326,0.4907376787076495,0.0,4.55905049395915,0.9820571630541979,-0.16505315924974107,1.0634184375334048,0.07992028837666293,-0.07769656902595123,0.03924591313717233,25.27332647123267,1.0539552794476987,4.7154191823363245,-0.05378951641371468
4570,18.616033400000003,0.09267698328089889,1.0013130000432406,-0.08110460108638758,-0.07999278938579413,-0.9375854291989572,0.17758820854670856,1.0798862028470628,0,0.0035227,1,Shared Control,0.01,Good Visuals,0.4441536382998099,0.4889875139096003,0.0,4.561529563527964,0.9820984891594099,-0.16511882472704822,1.0633527720560976,0.08815777966956596,-0.01844846808651912,0.03959100512340522,25.284580817663674,1.0537895164137148,4.700170790548858,-0.053597681708094994
4571,18.619574500000002,0.0956614963018092,1.0014320538438455,-0.08192671224489936,-0.07845414900321734,-1.0048642359209001,0.18140962380021983,1.0784300176276609,0,0.0035411,1,Shared Control,0.01,Good Visuals,0.448776973402104,0.487095413636222,0.0,4.564618920925885,0.9821557331889406,-0.16505719257550439,1.0634144042076414,0.09817896672822365,0.01792361761874872,0.03965913725186253,25.29982920945114,1.053597681708095,4.68407182474568,-0.053390289524598296
4572,18.6242848,0.10257300013970674,0.979284789408774,-0.07883662366051308,-0.09914522821888694,-1.2285416916163252,0.1864847075618591,1.0764495957071163,0,0.004710300000000001,1,Shared Control,0.01,Good Visuals,0.45884709058287276,0.48273772393446945,0.0,4.572069669738703,0.9822930186700924,-0.16455064160495983,1.063920955178186,0.11914988347711628,0.09596831678044815,0.03966269185623575,25.33643097018585,1.0531330703637145,4.647256722188398,-0.052912645292438304
4573,18.629799600000002,0.10869910581420685,0.9924392722893081,-0.07778560174765224,-0.08401032341780823,-1.2997572243614592,0.19241458211237228,1.0740710862241056,0,0.0055148,1,Shared Control,0.01,Good Visuals,0.46354079566172646,0.47844339100628863,0.0,4.5791170075165315,0.9824197640505271,-0.16458685648128968,1.063884740301856,0.13390985997809876,0.05204472893633838,0.038823533445533666,25.37037396962162,1.0526856806216953,4.6106046161791525,-0.05244194556517333
4574,18.635829700000002,0.1124690169985146,1.0054980107002098,-0.07994556511385768,-0.0685730755238958,-1.3138712634984508,0.19888332281254795,1.071400964875938,0,0.0060301,1,Shared Control,0.01,Good Visuals,0.4390315298422584,0.47642621767721427,0.0,4.583009311747976,0.9824910719883274,-0.16584906362379537,1.0626225331593504,0.1046947258458433,-0.35208991673566814,0.03721600707161143,25.389395383820847,1.0524419455651732,4.593913524841299,-0.05222084418535001
4575,18.640863000000003,0.11969468010177112,1.0231555983168357,-0.07918864271077683,-0.048245366559102276,-1.330561722136076,0.2042702848118877,1.0691203135992204,0,0.0050333,1,Shared Control,0.01,Good Visuals,0.42770804960890113,0.47263737694667246,0.0,4.590249639353133,0.9826225155386498,-0.16822570971519085,1.060245887067955,0.08495292844680029,-0.31398671489054486,0.03897301392295367,25.424511086817446,1.051985504442355,4.562433188235579,-0.05180555121008646
4576,18.646816700000002,0.12267919312268141,1.004256798369546,-0.08159109168920628,-0.06486351522967437,-1.4118994907143991,0.21062733617315327,1.066365801413701,0,0.0059537,1,Shared Control,0.01,Good Visuals,0.4111248769763626,0.47152614904818024,0.0,4.593026735669903,0.9826710257507311,-0.17011174815467384,1.058359848628472,0.0663768043082803,-0.619164977999076,0.03742751237478879,25.43756681176442,1.0518055512100866,4.553801327527734,-0.05168375006483359
4577,18.649998,0.12660618393966866,0.9919551328655676,-0.08402115223348461,-0.07441066854813339,-1.4323876270479559,0.21401739096875036,1.0648702050204915,0,0.0031813,1,Shared Control,0.01,Good Visuals,0.4386433643615464,0.46943693947761067,0.0,4.594886347157446,0.9827030015786135,-0.17093397303164642,1.0575376237514995,0.10458538312399629,-0.2325559670134023,0.038472333260848424,25.446198672472267,1.0516837500648335,4.534389808260205,-0.05145475282789066
4578,18.653522300000002,0.12959069696057895,0.993782163519874,-0.0844266940081714,-0.07108804150061743,-1.4113121604957644,0.21776736675026417,1.063195094732393,0,0.0035243,1,Shared Control,0.01,Good Visuals,0.45951687740761715,0.46683461245453944,0.0,4.598696960873279,0.9827765481654828,-0.17071309095262271,1.0577585058305232,0.13045500497609908,0.06431460488694452,0.039442632555869425,25.465610191739795,1.0514547528278906,4.511596382435871,-0.051169513038498544
4579,18.6577051,0.13461724520632262,0.9926067289568046,-0.08315012154394155,-0.07058836577558836,-1.4374716106835725,0.2222103004313585,1.0611832825681835,0,0.0041828,1,Shared Control,0.01,Good Visuals,0.45851176803914295,0.4634403464652301,0.0,4.603307217213511,0.9828623311453023,-0.17051459710959307,1.057956999673553,0.12696505411655784,0.04335157206841256,0.039413302978122684,25.488403617564128,1.0511695130384986,4.48149353799446,-0.05079746920720913
4580,18.6614872,0.13728759896187395,0.9838615298270069,-0.08492270146948455,-0.07732175274117659,-1.5151872440597944,0.22622032811651002,1.059343183634833,0,0.0037821,1,Shared Control,0.01,Good Visuals,0.4526553372671733,0.461071459293635,0.0,4.609358034777358,0.9829758158232985,-0.17090190409225647,1.0575696926908895,0.12081068554293911,-0.1136164107669364,0.03853512113695026,25.51850646200554,1.050797469207209,4.463073761578439,-0.05053781664550995
4581,18.664943100000002,0.1413716694115407,0.9716108312878116,-0.08484865870496933,-0.08773235234702148,-1.6126190954906976,0.22987838272715908,1.0576452620887808,0,0.0034559,1,Shared Control,0.01,Good Visuals,0.4677868320853368,0.45807482284996653,0.0,4.6133263502002855,0.9830441366274508,-0.17054633132137445,1.0579252654617715,0.14292144335099913,0.09949987991997311,0.03915543389369296,25.53692623842156,1.05053781664551,4.436329844563185,-0.05020935679380847
4582,18.668644800000003,0.1441991027997715,0.9670869700787381,-0.08567927992738758,-0.09055829201004273,-1.680310517394439,0.23379007651019235,1.0558099735055082,0,0.0037017,1,Shared Control,0.01,Good Visuals,0.47814296118517474,0.4548430040904577,0.0,4.618686221237676,0.9831450773468644,-0.1699788743463254,1.0584927224368206,0.16119476983915176,0.16563734348610737,0.0388670343053361,25.563670155436814,1.0502093567938084,4.408436390007929,-0.049855118723749224
4583,18.6721109,0.14812609361675874,0.9650022546914117,-0.0856639828934336,-0.09080771881409655,-1.7524733340060903,0.23744661966590236,1.0540767241493467,0,0.0034661,1,Shared Control,0.01,Good Visuals,0.4852544758284093,0.45110211532109734,0.0,4.624374038757988,0.9832499718838029,-0.16909133443145613,1.05938026235169,0.17286053481353586,0.24220606780626053,0.038970621070480216,25.591563609992072,1.0498551187237493,4.375622940286559,-0.049445081739445715
4584,18.6758545,0.15221016406642549,0.9744646657394778,-0.08523645559947687,-0.07961205840986896,-1.7790021332102242,0.24138913361531994,1.0521895241399906,0,0.0037436,1,Shared Control,0.01,Good Visuals,0.4860087338745442,0.44701658040917197,0.0,4.631010651841852,0.9833736358763454,-0.168291302850453,1.060180293932693,0.17694872716544954,0.20459072754786067,0.038643203890058195,25.624377059713442,1.0494450817394456,4.340100914010301,-0.04899726826039404
4585,18.679559400000002,0.15503759745465628,0.9839714539255615,-0.08635153616066366,-0.06821807021442905,-1.8076121452855025,0.24528390797124022,1.050307158408594,0,0.0037049,1,Shared Control,0.01,Good Visuals,0.4736452522902657,0.4437396668254697,0.0,4.63822902911161,0.983507412747452,-0.1682452022661153,1.0602263945170307,0.161526549172532,0.013376446244683926,0.03810210890827637,25.6598990859897,1.048997268260394,4.313237299990794,-0.048638087368759506
4586,18.6831594,0.159121667904323,0.9809148693027332,-0.08616224006691722,-0.0693922891058607,-1.869636613804738,0.2490617014568487,1.0484648960495413,0,0.0036000000000000003,1,Shared Control,0.01,Good Visuals,0.4681042548497977,0.44046334948503635,0.0,4.643859726987259,0.98360791354686,-0.1683284858729063,1.0601431109102397,0.1540932081051782,-0.02339361444650656,0.03831760188580039,25.686762700009204,1.0486380873687595,4.284907982014526,-0.0482789718310574
4587,18.6865442,0.16194910129255383,0.9806724871381926,-0.08711260016429487,-0.06779240891134874,-1.8962750050707229,0.25260759799038274,1.0467215605956404,0,0.0033848000000000003,1,Shared Control,0.01,Good Visuals,0.46888516456173956,0.4372354135517119,0.0,4.649634879451719,0.9837145990496449,-0.16852179232886264,1.0599498044542834,0.15788263130106772,-0.056336215415829116,0.03795130885900816,25.715092017985473,1.0482789718310574,4.2571448656268105,-0.04792515935567295
4588,18.6908154,0.16603317174222057,0.9735977651907827,-0.08657442624816217,-0.0731237954048577,-1.9573215697202364,0.2570736315709474,1.0445071203245315,0,0.0042712,1,Shared Control,0.01,Good Visuals,0.4722317219650578,0.43333795702557565,0.0,4.655311094948424,0.9838191175302061,-0.16853964881464256,1.0599319479685034,0.16222088239862362,-0.004477554107306325,0.038088713758400394,25.74285513437319,1.0479251593556729,4.222427783405991,-0.0474979610562955
4589,18.693942200000002,0.16996016255920782,0.9757986536928525,-0.08711346901173961,-0.06870846663167907,-1.9804073994666282,0.260337048878613,1.042876300310705,0,0.0031268000000000003,1,Shared Control,0.01,Good Visuals,0.47558466957784673,0.4297092058612906,0.0,4.662283104395019,0.983950359933968,-0.16863311629789612,1.0598384804852499,0.1695905576594763,-0.026136708496282246,0.03751598500103997,25.77757221659401,1.0474979610562956,4.191501942182134,-0.04710021541991676
4590,18.6975725,0.17294467558011808,0.9891357848962699,-0.08739237329849489,-0.05374051541443525,-1.9709430107570953,0.2641195513644088,1.0409732057416632,0,0.0036303000000000004,1,Shared Control,0.01,Good Visuals,0.47431500085056644,0.42622880324807483,0.0,4.668638375406565,0.9840667347449433,-0.1688044756502764,1.0596671211328696,0.1678654229079879,-0.04978626699795541,0.03743345958885677,25.808498057817864,1.0471002154199167,4.161487287813439,-0.04671873019550335
4591,18.700968600000003,0.17687166639710533,0.9919678846777231,-0.08724788496730346,-0.049005321063940066,-2.0053533002092383,0.26765176467993224,1.0391840110175032,0,0.0033961000000000004,1,Shared Control,0.01,Good Visuals,0.4614295345243252,0.42295483556912217,0.0,4.674769501486484,0.9841798642629449,-0.1695137873486479,1.0589578094344982,0.14936386453411454,-0.19589916548041497,0.037249146684026485,25.83851271218656,1.0467187301955034,4.13332352458083,-0.0463598722030444
4592,18.704618,0.17969909978533616,0.9859667923659525,-0.08795266489459608,-0.05321721865155071,-2.0506796123344992,0.27144064090891057,1.0372523799965114,0,0.0036494,1,Shared Control,0.01,Good Visuals,0.45660167914672123,0.4199668406838071,0.0,4.6805309602718435,0.9842860181670018,-0.17045946747220234,1.058012129310944,0.14424214365779778,-0.2760465069631737,0.03690191484009952,25.86667647541917,1.0463598722030445,4.107707747490163,-0.04603235954831812
4593,18.708587400000003,0.18472564803107983,0.976926016558062,-0.08671499287783074,-0.06032636343844944,-2.1109031516112378,0.27555372426677754,1.0351414593564892,0,0.0039694000000000005,1,Shared Control,0.01,Good Visuals,0.4645130570444348,0.4156714694605107,0.0,4.685781331698358,0.9843825576684557,-0.1712606007327358,1.0572109960504104,0.1558807564310194,-0.17712431141575635,0.0369372028055051,25.892292252509836,1.046032359548318,4.06827399395883,-0.045561546014034476
4594,18.712506700000002,0.18849555921538758,0.9788074636086104,-0.08705816505138997,-0.056333995747878784,-2.1498374681423384,0.2796066541421932,1.0330477112865546,0,0.0039193000000000006,1,Shared Control,0.01,Good Visuals,0.4663975021704825,0.41178778699466967,0.0,4.69358569538886,0.9845322780635987,-0.1722205436031878,1.0562510531799583,0.16181440392884952,-0.24009976500137853,0.036044948513785625,25.93172600604117,1.0455615460140344,4.035091714666001,-0.04513585748265423
4595,18.7165466,0.19163715186897737,0.978612197294475,-0.08796950227321584,-0.054435513992079576,-2.2078619427473796,0.2837756886705435,1.0308803558592317,0,0.0040399,1,Shared Control,0.01,Good Visuals,0.46467799767486184,0.40842267898610707,0.0,4.7004013201151205,0.9846573637126929,-0.1731384141408547,1.0553331826422914,0.16053939384334515,-0.26401384619078616,0.03584948912632857,25.964908285333998,1.0451358574826541,4.006310083652692,-0.04476700964334183
4596,18.7199937,0.1955641426859646,0.9752175922643509,-0.08821154598457889,-0.05566276359488076,-2.257022120166557,0.28732603882403707,1.0290241385733496,0,0.0034471000000000003,1,Shared Control,0.01,Good Visuals,0.46761806067881834,0.4048599265805693,0.0,4.706310843012622,0.9847659063852855,-0.1738841298177809,1.0545874669653652,0.16604985714156612,-0.2117547924029397,0.03592873978750125,25.993689916347307,1.044767009643342,3.974704884885679,-0.04437649809855816
4597,18.724438600000003,0.19933405387027237,0.9791793463208385,-0.0879919849537647,-0.04984479225251115,-2.24766781625853,0.29189461284486456,1.026621879033681,0,0.0044449,1,Shared Control,0.01,Good Visuals,0.47053417087470484,0.40019242599373883,0.0,4.712679196402774,0.984885580415111,-0.17475592830843367,1.0537156684747124,0.17157692969903252,-0.19575580793819825,0.03571332003087512,26.02529511511432,1.0443764980985581,3.9321110189000534,-0.04386489564714764
4598,18.727905500000002,0.2034181243199391,0.9834981850888544,-0.08847648852492546,-0.04312369394482651,-2.207657348848477,0.29545055074043375,1.024741776928631,0,0.0034669,1,Shared Control,0.01,Good Visuals,0.4645219360880809,0.39667084903048916,0.0,4.721139720911276,0.9850473556454913,-0.1757822924402849,1.0526893043428611,0.16240688602637857,-0.28859637044517505,0.03521372592665166,26.067888981099948,1.0438648956471477,3.9028247654414545,-0.043478897322409824
4599,18.7315474,0.2062455577081699,0.9877643273097296,-0.08920499303226384,-0.03697744961890148,-2.1480197652216493,0.29917895282106405,1.022761102113366,0,0.0036419000000000004,1,Shared Control,0.01,Good Visuals,0.4607337528431687,0.3934439087081779,0.0,4.727245914250223,0.9851575797486805,-0.17691102707939743,1.0515605697037487,0.15397774783948956,-0.33036780399009125,0.03509604382241851,26.097175234558545,1.0434788973224098,3.8746103291543124,-0.043125193975460496
4600,18.735082000000002,0.21032962815783662,0.9888074965639075,-0.08884932466322742,-0.03395360554945848,-2.10120202207796,0.3027905991028812,1.020833534497958,0,0.0035346,1,Shared Control,0.01,Good Visuals,0.4586377121928451,0.39018588420898953,0.0,4.732976653452645,0.9852643482775926,-0.17810592261605876,1.0503656741670873,0.14660122687873262,-0.33263613848374707,0.03509716113489966,26.12538967084569,1.0431251939754604,3.8457263851717993,-0.04276808350712049
4601,18.738712600000003,0.21315706154606745,0.9859379940338648,-0.08963353755681375,-0.034895540464093155,-2.0657047215190625,0.3064932354554188,1.018848518428385,0,0.0036306000000000003,1,Shared Control,0.01,Good Visuals,0.45449636821807204,0.3871943047526642,0.0,4.738802187434789,0.9853738243831293,-0.1795445787474518,1.0489270180356942,0.13816764774505863,-0.4095468376773681,0.034667752305092975,26.1542736148282,1.0427680835071205,3.8195938662813345,-0.042440177949322866
4602,18.7423857,0.2172411319957342,0.9748258611345723,-0.0892521034596846,-0.04402265729381283,-2.063157234582633,0.3102318720235316,1.0168352739193605,0,0.0036731000000000003,1,Shared Control,0.01,Good Visuals,0.45962033030267,0.38376945216870023,0.0,4.744114062842443,0.9854727515241913,-0.18082990421618894,1.0476416925669572,0.14161592812026383,-0.3304093644731836,0.03470559525683231,26.180406133718666,1.0424401779493229,3.7885711022636066,-0.04206478153638627
4603,18.746012500000003,0.2211681228127214,0.9769931133955063,-0.08906374921081017,-0.03984216052385414,-2.0115054583236445,0.3139161182566755,1.01484270850413,0,0.0036268000000000003,1,Shared Control,0.01,Good Visuals,0.4673629221127865,0.3804122074496002,0.0,4.750303773853137,0.9855906228998622,-0.18184729508071065,1.0466243017024355,0.15129594675254737,-0.2836407105081582,0.034252230849627315,26.211428897736393,1.0420647815363864,3.7588605369119543,-0.04169679558837744
4604,18.7495328,0.2241526358336317,0.9914296043446107,-0.08976348242304377,-0.02341310415951936,-1.935543026848175,0.31748525849482967,1.012904372181005,0,0.0035203,1,Shared Control,0.01,Good Visuals,0.4628868109816925,0.3774010645207255,0.0,4.756303952770344,0.9857032863028687,-0.18307844010761037,1.0453931566755357,0.14200712173827887,-0.3585685239259435,0.033880937441021886,26.241139463088047,1.0416967955883774,3.7324999134207024,-0.04136674568794329
4605,18.7530751,0.22807962665061898,0.9953549259244792,-0.08940563184421069,-0.01754944625652577,-1.909221408336951,0.3210698090324541,1.0109498127276808,0,0.0035423000000000004,1,Shared Control,0.01,Good Visuals,0.45050374768596,0.37473302892755905,0.0,4.76165834845366,0.9858031665833613,-0.18474995999013122,1.0437216367930149,0.12021211048816413,-0.4691853933983152,0.033876833821544154,26.267500086579297,1.0413667456879432,3.7091261542377003,-0.041074303614392016
4606,18.7574881,0.2318495378349267,0.9988610972451519,-0.08922027119752737,-0.012088715482528878,-1.8554776734641756,0.325525747659028,1.0085092282615806,0,0.004413,1,Shared Control,0.01,Good Visuals,0.44344529157755797,0.3720023930363955,0.0,4.766404849862652,0.9858917539260645,-0.18704179593028977,1.0414298008528564,0.10917923980143285,-0.5687643479733353,0.0335032432241633,26.2908738457623,1.041074303614392,3.684613801083181,-0.04077499995286265
4607,18.760586500000002,0.2349911304885165,0.9936258502054485,-0.09053461717051148,-0.014883378056132157,-1.8191679708872388,0.32864785316305806,1.006792048771051,0,0.0030984000000000003,1,Shared Control,0.01,Good Visuals,0.43761781354979246,0.36993355771799624,0.0,4.7713206552799,0.985984882561097,-0.18921673172995945,1.0392548650531868,0.09810562730057712,-0.6389540819852773,0.033190154392836374,26.31538619891682,1.0407749999528626,3.666994087168003,-0.04054823592771307
4608,18.764018500000002,0.23876104167282428,0.9820329459572501,-0.08988681149023378,-0.024759102813801004,-1.790783932812856,0.33209989465010753,1.004886538259229,0,0.003432,1,Shared Control,0.01,Good Visuals,0.44697431096584084,0.36753384188380883,0.0,4.774952908469365,0.9860515089381807,-0.19096151259273794,1.0375100841904084,0.10667864154525257,-0.4874506517233268,0.0334917930265241,26.333005912831997,1.0405482359277132,3.6449946994578983,-0.04028520425141871
4609,18.7676392,0.24174555469373457,0.975220897684336,-0.09035433995637296,-0.02966564057489296,-1.7435213321935785,0.33573464216821947,1.0028723529387769,0,0.0036207,1,Shared Control,0.01,Good Visuals,0.45401350288143855,0.3650807511742144,0.0,4.779318247060655,0.9861352707196351,-0.19250640017315487,1.0359651966099914,0.11446582838568506,-0.4496703866622829,0.03303644516169131,26.355005300542103,1.0402852042514188,3.622958146352995,-0.04001632218119425
4610,18.7709832,0.24551546587804232,0.9669422894027511,-0.09021917629017714,-0.03593006353602579,-1.7193824898468617,0.33908513195566825,1.001008525540435,0,0.003344,1,Shared Control,0.01,Good Visuals,0.46148823239566883,0.3623084997113577,0.0,4.783737152823261,0.9862190352398881,-0.19382063641426203,1.0346509603688843,0.1207453979445986,-0.3587966477673872,0.032986630303122974,26.377041853647004,1.0400163221811942,3.5976447106688503,-0.03971245705725069
4611,18.7749099,0.25054201412378596,0.9689704123962986,-0.08854311783188229,-0.032038113144136515,-1.6602488513451128,0.34301148803065445,0.998815499788621,0,0.0039267,1,Shared Control,0.01,Good Visuals,0.4674773741984555,0.35840312432307203,0.0,4.788771264599637,0.986315407671725,-0.19538221506001993,1.0330893817231264,0.1268392402614612,-0.3173037440073774,0.03268717440688858,26.40235528933115,1.0397124570572507,3.5610739653266563,-0.0392843907752747
4612,18.779448600000002,0.2533694475120168,0.9716719440846983,-0.08964204051863767,-0.027143555703922795,-1.6142174560721072,0.34753904825201665,0.9962746023968598,0,0.0045387000000000005,1,Shared Control,0.01,Good Visuals,0.45625271655279726,0.3561135878667135,0.0,4.795952202407704,0.986454958715965,-0.1971646826966026,1.0313069140865436,0.10960658535657199,-0.5242397684134747,0.03173413006825252,26.438926034673344,1.0392843907752747,3.5426243795366514,-0.03903343580657652
4613,18.7830911,0.25745351796168353,0.9687397311286066,-0.09008553029033312,-0.02753487126825327,-1.590911453977381,0.35116425713117894,0.9942305682069018,0,0.0036425000000000003,1,Shared Control,0.01,Good Visuals,0.457048145667838,0.35374353453643675,0.0,4.7998724970569695,0.9865244293875863,-0.19885757031017828,1.0296140264729678,0.1065566334413094,-0.4734422948165937,0.03192274867278536,26.45737562046335,1.0390334358065765,3.520982213092662,-0.03877365542279587
4614,18.7865445,0.26012387171723483,0.9687676263546693,-0.0910403854139441,-0.025462941852232523,-1.5525089794415907,0.35459438080167016,0.992288507403735,0,0.0034534,1,Shared Control,0.01,Good Visuals,0.4599529958564529,0.35142253224813513,0.0,4.804177778854617,0.9866068656954835,-0.20036430857934892,1.0281072882037972,0.1081016924615783,-0.4386428731209975,0.03186717389549167,26.479017786907338,1.038773655422796,3.5000904370023136,-0.03851925149968231
4615,18.7908364,0.2642079421669016,0.958478418173734,-0.09038643863476858,-0.03381008923000095,-1.571263700165876,0.3588479941693265,0.9898690399900618,0,0.0042919,1,Shared Control,0.01,Good Visuals,0.46287933998689795,0.3486949574191108,0.0,4.808364998180747,0.9866863572718461,-0.20185294244204952,1.0266186543410967,0.10841991668320108,-0.373756273745407,0.031993642779014425,26.499909562997686,1.0385192514996824,3.4748934299218726,-0.03822028335967355
4616,18.7939377,0.26782077371852986,0.9543482880589871,-0.09102722045079664,-0.035520751931074734,-1.5698878666715175,0.3619151584071786,0.9881165110536112,0,0.0031013,1,Shared Control,0.01,Good Visuals,0.4684246498013351,0.34606893011922474,0.0,4.81334870216065,0.9867824506107512,-0.2031363889554319,1.0253352078277143,0.11681572802279294,-0.35789479194177165,0.0315172953710157,26.525106570078126,1.0382202833596736,3.4512645756888554,-0.03793244579455715
4617,18.7976491,0.27080528673944015,0.958828638866736,-0.09110987166773843,-0.02928787218687523,-1.5514640097092482,0.36557855464688954,0.9860142973877728,0,0.0037114,1,Shared Control,0.01,Good Visuals,0.47363145178847543,0.3434150257649493,0.0,4.818086289149947,0.9868723799282996,-0.20414292562100547,1.0243286711621407,0.12239906789008724,-0.2929981851871917,0.03150169279313401,26.548735424311143,1.0379324457945571,3.427140334173497,-0.03764155263917389
4618,18.8010595,0.2745751979237479,0.9578902497455644,-0.09100335672314164,-0.02812404764220844,-1.562375921041291,0.3689379567461277,0.9840776021984601,0,0.0034104,1,Shared Control,0.01,Good Visuals,0.4683197304973765,0.34083128153910797,0.0,4.822898316043466,0.9869642858199227,-0.20543071189873557,1.0230408848844106,0.11375737500507226,-0.3583255732574919,0.031288498926217614,26.572859665826503,1.0376415526391738,3.403755190055392,-0.037358349701077244
4619,18.8046988,0.27740263131197873,0.9544368103037337,-0.091535325434149,-0.029640791894726348,-1.5727143312978702,0.3725155413980639,0.9820053596714188,0,0.0036393000000000003,1,Shared Control,0.01,Good Visuals,0.46708535350276453,0.33838548731832385,0.0,4.827573769578716,0.9870533571721403,-0.2067819855193627,1.0216896112637834,0.11227412025302345,-0.3915940593581384,0.03101679069630896,26.596244809944608,1.0373583497010772,3.381666543195763,-0.03709026739541469
4620,18.8083402,0.2824291795577224,0.9517791883009865,-0.09008636184034152,-0.030226171370432264,-1.5934877713901814,0.37608763142157636,0.9799258305832617,0,0.0036414000000000004,1,Shared Control,0.01,Good Visuals,0.47155780538981623,0.33500671414981453,0.0,4.831995368559891,0.9871374872947196,-0.20827891196779105,1.020192684815355,0.11770931660475628,-0.33108319475114456,0.030974225703875872,26.618333456804237,1.0370902673954148,3.3497312809421977,-0.0367199217246189
4621,18.812487400000002,0.2850995333132737,0.9515817317884057,-0.09098809810830266,-0.028344098794856,-1.6390780479851166,0.3801466553503487,0.9775495363060741,0,0.0041472,1,Shared Control,0.01,Good Visuals,0.4657006613947093,0.33260554146412546,0.0,4.838241609445642,0.9872595748062158,-0.20990637468974127,1.018565222093405,0.11187793597383858,-0.4738986436288588,0.03017953606984405,26.650268719057802,1.0367199217246188,3.3290783867005036,-0.03645673036354557
4622,18.816011000000003,0.289026524130261,0.9484066906189801,-0.09112013122008772,-0.02914284568709402,-1.7142327586422383,0.38358758138391325,0.9755234925334735,0,0.0035236000000000004,1,Shared Control,0.01,Good Visuals,0.4685935810317197,0.3299581482267942,0.0,4.8424836422613255,0.9873379465807633,-0.21138008469135533,1.017091512091791,0.11680111202987888,-0.4103898639972341,0.03026314563810298,26.670921613299498,1.0364567303635455,3.304506250419433,-0.03616655088849894
4623,18.819573000000002,0.29201103715117127,0.9506220786643103,-0.09157654423274197,-0.024901413869163225,-1.7614254939891398,0.3870587379850659,0.9734683294367926,0,0.003562,1,Shared Control,0.01,Good Visuals,0.470466388922476,0.3273315388584183,0.0,4.847335172530862,0.9874317780319288,-0.21273779326420178,1.0157338035189445,0.12269797711782385,-0.40087058160750466,0.030065829763562642,26.695493749580567,1.036166550888499,3.280517299105548,-0.03587864952314069
4624,18.8242796,0.2986083817237098,0.9395886097687056,-0.08845035626135611,-0.033879719668087005,-1.9038538780452705,0.39163405150373165,0.9707411410415799,0,0.0047066,1,Shared Control,0.01,Good Visuals,0.46895638234738196,0.3218264994589655,0.0,4.857850314456359,0.98763478359487,-0.21564366380061636,1.0128279329825298,0.12554962125614796,-0.42356685421768336,0.029644303341173493,26.748658694667263,1.0355367441733045,3.2303422189482616,-0.03527524485302279
4625,18.8298901,0.30442032813285097,0.9482363990377982,-0.08721372337088068,-0.02250474200378172,-1.9113776527400668,0.39707123232371094,0.9674714485483,0,0.0056105,1,Shared Control,0.01,Good Visuals,0.46887535260341295,0.31708193682526403,0.0,4.86636120197642,0.9877963541076821,-0.21891243897609763,1.0095591578070486,0.1308142928791286,-0.48357614094365875,0.028818126938152066,26.791053540735465,1.0350199836937197,3.186611425088867,-0.034755195668428954
4626,18.8358628,0.30991811527663304,0.949232546339323,-0.0871531170470779,-0.01823890220897706,-1.9330584974556086,0.4028391939822419,0.96396605745714,0,0.0059727,1,Shared Control,0.01,Good Visuals,0.45194778443347683,0.31316245457090863,0.0,4.874244696387827,0.9879470918640348,-0.2234504084999064,1.00502118828324,0.10720791901737237,-0.6667032134775965,0.02835794716837156,26.8305602719115,1.034544139523601,3.1509315895529673,-0.03432558313977796
4627,18.842319,0.31368802646094085,0.9420299697407142,-0.08915116752130103,-0.021936087716425856,-1.9446840847777387,0.4090504363745191,0.9601452764136857,0,0.0064562000000000005,1,Shared Control,0.01,Good Visuals,0.4431446317548219,0.31075754376334597,0.0,4.877900936816236,0.9880178235483967,-0.22691459728325045,1.001556999499896,0.09956313842784614,-0.8680654480026178,0.027293084057968615,26.849068410447032,1.034325583139778,3.1282592786977035,-0.03406198204499841
4628,18.845832100000003,0.3174579376452486,0.9467683323401397,-0.0915924987292705,-0.01337694407354606,-1.9008256962557328,0.4124198475589568,0.9580511504446559,0,0.0035131000000000003,1,Shared Control,0.01,Good Visuals,0.4569418793403832,0.3081676425408967,0.0,4.882344705596682,0.9881045733950904,-0.2292022647059,0.9992693320772466,0.11583386384141557,-0.6331767015359979,0.027704397842554095,26.871740721302295,1.0340619820449983,3.10412861190073,-0.033778104241521605
4629,18.849630100000002,0.3202853710334794,0.9538812671209856,-0.09213447652547735,-0.004169883323670298,-1.8618278377202004,0.4160542064950417,0.9557743261304651,0,0.003798,1,Shared Control,0.01,Good Visuals,0.46084104352345534,0.3056725182662821,0.0,4.887103157331663,0.9881968350217485,-0.23090426545419526,0.9975673313289513,0.11549547761744054,-0.5008241373279416,0.028225844407829364,26.89587138809927,1.0337781042415215,3.0811419466805865,-0.03350461489283926
4630,18.853022900000003,0.3240552822177872,0.9531246711833898,-0.09199892427725453,-0.002649654947075253,-1.8524051919314786,0.4192934902752453,0.9537284408312158,0,0.0033928,1,Shared Control,0.01,Good Visuals,0.45481181721939173,0.30328365720218764,0.0,4.891662735663626,0.9882846616945035,-0.2328581691897097,0.9956134275934369,0.10437576375047689,-0.5459509166264578,0.028162977458688315,26.918858053319415,1.0335046148928393,3.059103705269379,-0.03324277300257401
4631,18.8574635,0.3279822730347744,0.9603305382271567,-0.09131121724047092,0.006602097395940976,-1.7948400073486506,0.4235226390248374,0.9510325922786504,0,0.0044406,1,Shared Control,0.01,Good Visuals,0.4530484603612928,0.30070721324870686,0.0,4.896031419945628,0.9883688823507687,-0.23516175226805663,0.9933098445150899,0.10122245100622718,-0.5779329833530555,0.02790177021347288,26.94089629473062,1.033242773002574,3.0349687566397217,-0.03296037024375236
4632,18.8605354,0.33065262679032575,0.9605702478755345,-0.09287001223451163,0.00953765559688402,-1.7664977940424935,0.42644123482852453,0.9491549535969154,0,0.0030719000000000002,1,Shared Control,0.01,Good Visuals,0.4409701544619812,0.2989124756798372,0.0,4.9007787351568135,0.9884612237643049,-0.23769129915527168,0.9907802976278748,0.08238282494690573,-0.7359966502415087,0.02745794167472929,26.96503124336028,1.0329603702437524,3.019156477086698,-0.032763649938571685
4633,18.864171300000002,0.3345796176073129,0.9471586303402832,-0.09186161722121161,-0.0019963232566321265,-1.7780720747504142,0.4298882061161499,0.9469183755315748,0,0.0036359,1,Shared Control,0.01,Good Visuals,0.4460054163273497,0.2969506146784171,0.0,4.9039898096826615,0.9885214663108278,-0.23987636255856856,0.988595234224578,0.08549012187371147,-0.6136439573401695,0.02776000527343464,26.980843522913304,1.0327636499385717,3.00066524428181,-0.0325486113158696
4634,18.867516700000003,0.3372499713628642,0.9398911399353884,-0.0926382347532857,-0.007027235596186343,-1.7553069308616833,0.4330525646495333,0.9448462072929928,0,0.0033454,1,Shared Control,0.01,Good Visuals,0.45279509902779164,0.29486036674737615,0.0,4.907616074612439,0.9885922565507438,-0.24189037431881574,0.9865812224643308,0.0957908743846391,-0.5885309489048156,0.027278363699192253,26.99933475571819,1.0325486113158695,2.981065587109482,-0.03231950026474438
4635,18.8710042,0.341019882547172,0.9333069324479706,-0.09203268210236126,-0.011539274845022263,-1.750819641302154,0.43634392690492196,0.9426706952681937,0,0.0034875,1,Shared Control,0.01,Good Visuals,0.46193751900282565,0.29241030849042493,0.0,4.91147011150397,0.9886672695796703,-0.24355581317439354,0.984915783608753,0.10542612637426994,-0.46074054709319956,0.027315343874183346,27.018934412890516,1.0323195002647443,2.957832769404221,-0.03205095058016769
4636,18.8748921,0.3447897937314798,0.9303119184837761,-0.09155413317344219,-0.012358776784417547,-1.7307907296967897,0.4400041907688667,0.9402260219430574,0,0.0038879,1,Shared Control,0.01,Good Visuals,0.46384337120891095,0.2893986168330406,0.0,4.916012775237253,0.988756261341311,-0.24563930812924492,0.9828322886539016,0.10792661400767589,-0.47690325829779034,0.026911304964752667,27.04216723059578,1.0320509505801676,2.929126154399314,-0.03172084053387057
4637,18.8789002,0.34840262528310806,0.9319235261487672,-0.09160156548575865,-0.00830249579429021,-1.6808709972005103,0.44376762264075753,0.9376832232725588,0,0.0040081000000000006,1,Shared Control,0.01,Good Visuals,0.4628150430880313,0.28696378851269216,0.0,4.9216114009107,0.9888662668081093,-0.24750458448557078,0.9809670122975758,0.10549344699419792,-0.5135531390451415,0.026495639505742165,27.070873845600687,1.0317208405338705,2.906996722302743,-0.03145396019517952
4638,18.8826882,0.35107297903865936,0.9264097056648868,-0.09269464360209817,-0.011273517607672034,-1.6577027504735187,0.4473149800973741,0.9352578963171374,0,0.003788,1,Shared Control,0.01,Good Visuals,0.4594432347437261,0.2848438938432217,0.0,4.926034532378542,0.9889508100192353,-0.24939919201677027,0.9790724047663762,0.09785877944669534,-0.5560926126209278,0.026286332265486767,27.093003277697257,1.0314539601951795,2.8874377586775237,-0.031221599579587252
4639,18.886001500000003,0.3548428902229671,0.9178229633079162,-0.09247208987440697,-0.017434933009221165,-1.6429407398827756,0.45041022986429113,0.9331179703611971,0,0.0033133000000000004,1,Shared Control,0.01,Good Visuals,0.4681264046441321,0.28238274852742523,0.0,4.929913845993044,0.9890256163852521,-0.2509187835835107,0.9775528131996358,0.10654658675032491,-0.4231666852521414,0.02640350322203132,27.112562241322475,1.0312215995795873,2.863985260335754,-0.030951834647925187
4640,18.890933200000003,0.3612831551628262,0.9165816448145139,-0.08912707470146491,-0.016536325546683273,-1.5665090112518576,0.45500416742249755,0.9298990750044573,0,0.004931700000000001,1,Shared Control,0.01,Good Visuals,0.47584487882616744,0.2773141896454127,0.0,4.939212940359983,0.9892076995717063,-0.25355492407151026,0.9749166727116362,0.11323097023817533,-0.36467341789619123,0.02595120000435742,27.160082232774986,1.0306717833418426,2.8163308278628216,-0.030396272393370224
4641,18.896453700000002,0.364110588551057,0.9208797424488048,-0.09089357887144056,-0.00901933255565257,-1.5149181860376388,0.46012761512634376,0.926245230537857,0,0.0055205,1,Shared Control,0.01,Good Visuals,0.4569903863439018,0.27541697109472285,0.0,4.9438516123489995,0.9892980354632648,-0.25601163575596514,0.9724599610271814,0.0895871344737444,-0.717853982542402,0.024716202496302908,27.18366917213718,1.0303962723933702,2.7990957811968378,-0.030188319198006287
4642,18.8999808,0.3675663404700058,0.9213020527966189,-0.09256127465633796,-0.004943177741238092,-1.4802043714153565,0.46339041245621226,0.9238811310008934,0,0.0035271,1,Shared Control,0.01,Good Visuals,0.45860108453221987,0.27345580710305684,0.0,4.947298675651724,0.9893639137082286,-0.2582632095495392,0.9702083872336073,0.08669412680981733,-0.6280365383320019,0.02503363418473146,27.200904218803164,1.0301883191980064,2.7805131830988365,-0.029973356974201684
4643,18.9035259,0.3702366942255571,0.9113399965008713,-0.09315371823065516,-0.012541134500022144,-1.4818245814927113,0.4666614156414797,0.9214805214502941,0,0.0035451000000000002,1,Shared Control,0.01,Good Visuals,0.46315585760871814,0.27150672445988133,0.0,4.950935534990253,0.9894351376159174,-0.2600420396681375,0.9684295571150089,0.08872700233221636,-0.5202018185694754,0.025311418067636614,27.219486816901163,1.0299733569742018,2.762140481661402,-0.029759718981083098
4644,18.9078254,0.3749490832059418,0.9011173841225322,-0.09171233243553795,-0.02036313732776196,-1.4913465203848333,0.4706170021848047,0.9185347208738707,0,0.0042995,1,Shared Control,0.01,Good Visuals,0.47394344369237273,0.2684824929458186,0.0,4.954541057541885,0.9895055392222996,-0.2618134512598386,0.9666581455233078,0.10216892710026551,-0.3868133184192857,0.025291860908063915,27.2378595183386,1.0297597189810832,2.732497918080917,-0.02942823444724224
4645,18.911501100000002,0.37761943696149314,0.8981858578510222,-0.09299756522331154,-0.02034886302284844,-1.5104613933996656,0.4739885835531754,0.9159851662984939,0,0.0036757,1,Shared Control,0.01,Good Visuals,0.4750673391660425,0.26620029609648294,0.0,4.960244400948856,0.9896193980498009,-0.2633508962503444,0.965120700532802,0.10537328341565301,-0.4517379651248046,0.024623155646168886,27.267502081919083,1.0294282344472423,2.7116996541288696,-0.029178083969272114
4646,18.9149776,0.3810751888804419,0.8948062784799569,-0.09291339467273352,-0.02117888781853705,-1.5599899636688144,0.47716877442897787,0.9135462409393501,0,0.0034765000000000004,1,Shared Control,0.01,Good Visuals,0.4818162141975282,0.26356729537230805,0.0,4.964398421403549,0.9896989421931717,-0.2645666110107343,0.963904985772412,0.11365382981208058,-0.338544906819803,0.024755979398697517,27.28830034587113,1.0291780839692721,2.686373849349651,-0.028889482050537645
4647,18.9187668,0.3837455426359932,0.8869967847641973,-0.09342323179298467,-0.026549456175152808,-1.6251390080590533,0.48062529801369813,0.9108562441952285,0,0.0037892000000000004,1,Shared Control,0.01,Good Visuals,0.48267903326098477,0.260961995287207,0.0,4.9693185116982255,0.9897961266265789,-0.2657759640741475,0.9626956327089988,0.11728825528265019,-0.3509134618034304,0.02448893213775219,27.31362615065035,1.0288894820505377,2.6617077110451257,-0.028603916385273775
4648,18.922241000000003,0.387515453820301,0.883689795743515,-0.09310984419339713,-0.027166448451713454,-1.6672595015509448,0.483785466568817,0.9083597168496889,0,0.0034742,1,Shared Control,0.01,Good Visuals,0.490982191122281,0.2578705871837794,0.0,4.974149603517457,0.9898906993237314,-0.2667062541586623,0.961765342624484,0.13097064349911497,-0.2553356986646511,0.024379912974876513,27.338292288954875,1.0286039163852738,2.631870997732528,-0.02826506865840121
4649,18.9259461,0.3911282853719292,0.897972598721251,-0.09265718119688782,-0.010387118128437844,-1.6432096132900218,0.4871460474279002,0.9056642824830895,0,0.0037051000000000002,1,Shared Control,0.01,Good Visuals,0.49057606581132907,0.25451365868643305,0.0,4.979936801600388,0.9900052327103552,-0.2678701625163653,0.960601434266781,0.13274120047972962,-0.2971731495948049,0.024010290194741532,27.368129002267473,1.0282650686584012,2.599701073263011,-0.02789711737130379
4650,18.9295891,0.39379863912748053,0.9085321943568034,-0.09334740830041965,0.0028679118737139353,-1.6407615037978378,0.4904405028454396,0.9029796235284511,0,0.0036430000000000004,1,Shared Control,0.01,Good Visuals,0.4722917893302926,0.2521548185715338,0.0,4.9861996638675565,0.9901286828825168,-0.26967558539280706,0.9587960113903392,0.10734884767367364,-0.5283185194281321,0.02358251818999169,27.40029892673699,1.0278971173713038,2.578170595736777,-0.02763856606256418
4651,18.9330824,0.39756855031178834,0.9064233165587468,-0.09287195253365127,0.0034436930302956803,-1.6657243773376627,0.493590336762055,0.9003721057228202,0,0.0034933000000000004,1,Shared Control,0.01,Good Visuals,0.46301024195543466,0.24997623250191325,0.0,4.990498274738382,0.9902110818458744,-0.2718381769424447,0.9566334198407015,0.0939347916035372,-0.6040252352142783,0.02353799880411521,27.421829404263224,1.0276385660625642,2.557500030868648,-0.027399772311370772
4652,18.936587300000003,0.40023890406733964,0.9084241612822503,-0.09335143269471535,0.008052055559430116,-1.6531148290942799,0.4967414171145746,0.8977221703706819,0,0.0035049,1,Shared Control,0.01,Good Visuals,0.4604427584310102,0.24794264503247795,0.0,4.994543582118597,0.990290372794329,-0.2740905059469885,0.9543810908361576,0.09226830733019141,-0.6586720294030739,0.02321578079945866,27.44249996913135,1.0273997723113708,2.5381962481866456,-0.027176871785668362
4653,18.940842200000002,0.4038517356189679,0.9014507516659771,-0.09288968149560667,0.0037285812952951858,-1.685094802492512,0.5005542097198055,0.8944581376917572,0,0.004254900000000001,1,Shared Control,0.01,Good Visuals,0.45862593098935533,0.2456503851109797,0.0,4.998320721120523,0.990364427576393,-0.2767222933521033,0.9517493034310428,0.08847357747104648,-0.6579962009937699,0.023145801139899065,27.461803751813356,1.0271768717856684,2.5160229318080654,-0.026925618299291205
4654,18.943940400000002,0.4073074875379167,0.8948854400868446,-0.09324672218188879,0.00042730239508737,-1.7094322625052825,0.5033216936383798,0.892047894544461,0,0.0030982,1,Shared Control,0.01,Good Visuals,0.46099862209364023,0.24348388174660973,0.0,5.002618013122586,0.9904495831058552,-0.2790632019367666,0.9494083948463795,0.09371751993626472,-0.6527910163589832,0.022818386032232022,27.483977068191933,1.0269256182992912,2.495398106131596,-0.026688148927497622
4655,18.947580600000002,0.409977841293468,0.8940846499155943,-0.09334385234491177,0.0020367553711333475,-1.7157857816889195,0.5065637165633045,0.8891786992989121,0,0.0036402,1,Shared Control,0.01,Good Visuals,0.4664302733082489,0.24122226559065196,0.0,5.00664814464461,0.9905287280440238,-0.2810833647786414,0.9473882320045047,0.10172304075126333,-0.5879745159423644,0.02270407387699398,27.504601893868404,1.0266881489274977,2.4736181983495014,-0.02644025428924042
4656,18.951026900000002,0.41343359321241674,0.8873941812027968,-0.09313012335088772,-0.0017845180961153506,-1.7525352409268364,0.5096233573545689,0.8864240887166001,0,0.0034463000000000002,1,Shared Control,0.01,Good Visuals,0.4657171346975214,0.23888025686294206,0.0,5.010879216965371,0.9906123620327532,-0.28321210049621764,0.9452594962869284,0.10085211836823053,-0.5937896004396919,0.02251661554159891,27.526381801650498,1.0264402542892404,2.451064006034637,-0.026183547860600235
4657,18.954704300000003,0.41610394696796804,0.8794180235462448,-0.09351941038660083,-0.007006065170355291,-1.7858005993623167,0.5128776245763802,0.8834424716422732,0,0.0036774000000000004,1,Shared Control,0.01,Good Visuals,0.468839790709248,0.23647043058832254,0.0,5.015260945187516,0.9906989740778908,-0.28522274082641463,0.9432488559567315,0.10711993695492497,-0.5776374196153125,0.022246947787737538,27.54893599396536,1.0261835478606003,2.4278400949852057,-0.02591940798388604
4658,18.958386500000003,0.42065925631567325,0.8698834302864364,-0.09221836826070695,-0.013559041355836743,-1.83640160659266,0.5161250708949799,0.880411893585966,0,0.0036822,1,Shared Control,0.01,Good Visuals,0.47638758795971536,0.23269598035250746,0.0,5.019771398851934,0.9907881663635716,-0.2876135830234055,0.9408580137597407,0.11834528506789188,-0.4864576782353023,0.022114575242485543,27.572159905014793,1.025919407983886,2.3903086728748724,-0.025505692343695565
4659,18.9629537,0.424115008234622,0.8728637171859397,-0.09201006266035794,-0.007548176400026363,-1.8587581088472358,0.5201373840686921,0.8765882258000502,0,0.0045672,1,Shared Control,0.01,Good Visuals,0.4770128964902845,0.2298617750038212,0.0,5.026946473883082,0.9909325432574436,-0.28957341648282214,0.938898180300324,0.12317926025729684,-0.5451098543700459,0.021458843608933763,27.609691327125127,1.0255056923436956,2.363842114279838,-0.025195036484694736
4660,18.9666317,0.4269424416228529,0.8864488200097057,-0.09319494244583926,0.00986059420965546,-1.8609052312847036,0.523355728979574,0.8734552611924716,0,0.0036780000000000003,1,Shared Control,0.01,Good Visuals,0.47049091594817427,0.22732676238229618,0.0,5.032171512740385,0.9910340387960631,-0.29174576575899946,0.9367258310241467,0.11587662616220226,-0.6341514701591819,0.021149596321322687,27.636157885720163,1.0251950364846947,2.339571972382604,-0.02491717499385998
4661,18.9700138,0.4305552731744811,0.8971456716577486,-0.09280045580509294,0.02369041046527698,-1.8731858674034745,0.5263049084674687,0.8705307577200684,0,0.0033821000000000003,1,Shared Control,0.01,Good Visuals,0.45964069753552084,0.2250069180430468,0.0,5.036902097053112,0.9911272380625087,-0.29428642074318023,0.934185176039966,0.10021471897184192,-0.7097594659126072,0.02118570453661707,27.660428027617396,1.02491717499386,2.3173037478521903,-0.024662897992974428
4662,18.9743889,0.43495350288950685,0.9109190106674161,-0.09135140557796184,0.040388252947347714,-1.841621592202473,0.5301051788704694,0.8666838534192063,0,0.004375100000000001,1,Shared Control,0.01,Good Visuals,0.444346848499674,0.22240784211252768,0.0,5.04123693932959,0.9912127662794817,-0.2987304117835333,0.9297411849996129,0.08109505697815916,-0.8925469050719252,0.020880744553693934,27.68269625214781,1.0246628979929744,2.2918865067416663,-0.02437801455424334
4663,18.9784936,0.43762385664505815,0.9103774435741583,-0.09248132222541122,0.043693590154952,-1.8346569866133673,0.5336551333461098,0.8630073990109851,0,0.0041047,1,Shared Control,0.01,Good Visuals,0.4209345304285322,0.22131631211221517,0.0,5.0461383275144875,0.9913104828509562,-0.302800702058886,0.9256708947242602,0.05005764781302955,-1.1818496734473527,0.020317268988540818,27.708113493258335,1.0243780145542434,2.282566360114167,-0.02425837248595445
4664,18.9820458,0.44107960856400696,0.8942436940457417,-0.09257552478210285,0.031236295034756556,-1.8523800136830748,0.536714976339539,0.8597716804444689,0,0.0035522,1,Shared Control,0.01,Good Visuals,0.4235365654128695,0.220130517436402,0.0,5.04806833411478,0.9913460683062035,-0.3066821228354247,0.9217894739477215,0.052036217918763776,-1.0912369694224457,0.02046762517418945,27.717433639885833,1.0242583724859544,2.2709252335928225,-0.02412839811279052
4665,18.985709200000002,0.4437499623195582,0.8819736705096468,-0.09296501401998081,0.022201990065177868,-1.8408269237138557,0.5398584695442691,0.8563806689489849,0,0.0036634000000000002,1,Shared Control,0.01,Good Visuals,0.436567625037381,0.21857463599438168,0.0,5.05030895296016,0.9913908342907125,-0.30991768222103766,0.9185539145621086,0.07037525794061485,-0.9394226193638477,0.020378698172230755,27.729074766407177,1.0241283981127904,2.2555137536049443,-0.023957858710591484
4666,18.9892588,0.447205714238507,0.8726021699203319,-0.09265275530576206,0.016221500971347003,-1.835966397074453,0.5428923676239404,0.8530413984434121,0,0.0035496000000000004,1,Shared Control,0.01,Good Visuals,0.44776440333555884,0.21658121039438843,0.0,5.053261962184208,0.9914501250073149,-0.3128398425671844,0.9156317542159619,0.08425047430638181,-0.7964242855595991,0.020319794099629893,27.744486246395056,1.0239578587105915,2.2357906051154544,-0.023739360307712103
4667,18.9929819,0.4506614661574558,0.8724652212651722,-0.09223090146648466,0.01942382282176014,-1.8060203227287037,0.5460617165528276,0.8494808341292144,0,0.0037231,1,Shared Control,0.01,Good Visuals,0.4524649672178788,0.21430830181566035,0.0,5.0570434269476054,0.9915260010846276,-0.31580364197733557,0.9126679548058106,0.0907167215741982,-0.7604750494319612,0.02006684589049704,27.764209394884546,1.023739360307712,2.2134608263014894,-0.023490227912530356
4668,18.996564000000003,0.4534888995456866,0.8758213029573715,-0.09257281700714104,0.026340468828157104,-1.7726135458141186,0.5490984203179977,0.8459976532734008,0,0.0035821000000000004,1,Shared Control,0.01,Good Visuals,0.44755107675549777,0.21248445093350038,0.0,5.061340210161388,0.9916118795459947,-0.3186474271152725,0.9098241696678737,0.08317981144395523,-0.8299629751158362,0.019765847868209827,27.78653917369851,1.0234902279125304,2.196061832976091,-0.023290316511350672
4669,18.999990200000003,0.45694465146463537,0.8775095625779579,-0.09215376885336235,0.03151190930455705,-1.7440274752340423,0.5519911929595959,0.8426121282267214,0,0.0034262000000000003,1,Shared Control,0.01,Good Visuals,0.4427358785995098,0.21077542201016214,0.0,5.064739043377918,0.9916787063453448,-0.3217323372057202,0.906739259577426,0.07476705652727297,-0.8665234376696516,0.01967028419312977,27.803938167023908,1.0232903165113507,2.179471297002213,-0.023102990688794095
4670,19.003622200000002,0.4596150052201867,0.8806681204512149,-0.09237618773940914,0.03805599222449352,-1.7036507445874578,0.5550449544276211,0.8389643772742464,0,0.0036320000000000002,1,Shared Control,0.01,Good Visuals,0.43577910631883915,0.20935920327831112,0.0,5.067951221937349,0.9917424820453893,-0.32500784990551373,0.9034637468776324,0.06473266645911965,-0.9567172064706373,0.019423749519894385,27.820528702997787,1.023102990688794,2.1658757361536227,-0.02294775964779695
4671,19.0077602,0.46385615530253294,0.8776631778972677,-0.0911887991250882,0.03869880062302122,-1.6962699509468344,0.5585078621626512,0.8347329060022466,0,0.004138,1,Shared Control,0.01,Good Visuals,0.4306588460069288,0.20772842167615507,0.0,5.070598707523983,0.9917947199447731,-0.3295481464067248,0.8989234503764214,0.05574443586920903,-0.9936525290987781,0.01933980506701039,27.834124263846377,1.022947759647797,2.1497660301062838,-0.02276901047575994
4672,19.0116359,0.46652650905808424,0.8699914932744872,-0.09198135310456701,0.03525858727224063,-1.7155616344664144,0.5617352352401096,0.830695005992032,0,0.0038757,1,Shared Control,0.01,Good Visuals,0.4242800726242342,0.20667428501988216,0.0,5.073690428127919,0.9918566992066328,-0.33330209932090293,0.8951694974622433,0.04864716328907669,-1.095085447543216,0.018942505316798523,27.850233969893715,1.0227690104757599,2.1399169433795944,-0.02265346707358179
4673,19.0149805,0.469982260977033,0.8649461287898379,-0.0917529742630766,0.034251122797805844,-1.7289432696268288,0.5645076667709651,0.8271511039682311,0,0.0033446,1,Shared Control,0.01,Good Visuals,0.4318910281207119,0.20532155075852698,0.0,5.075635561695743,0.9918944976350752,-0.3367824725740587,0.8916891242090875,0.05929648870982438,-0.9728506647535227,0.019010180388047707,27.860083056620404,1.0226534670735818,2.1264316684308806,-0.022505194534276924
4674,19.018577200000003,0.47233845546722536,0.8587333855989034,-0.09216921130373973,0.03158228163067234,-1.7537541796931801,0.5674757346511697,0.8232774843840182,0,0.0035967000000000004,1,Shared Control,0.01,Good Visuals,0.4319657637756553,0.20399527244877574,0.0,5.078211856988135,0.9919464025046207,-0.3401373520934377,0.8883342446897086,0.06084312776772889,-0.9790980648997527,0.018838862962402104,27.873568331569118,1.022505194534277,2.1134764938192463,-0.022359821818859208
4675,19.022203700000002,0.4757942073861742,0.8456079697874426,-0.09168152726499557,0.022330485403424416,-1.810009919804773,0.570454167510675,0.8193048069367541,0,0.0036265000000000004,1,Shared Control,0.01,Good Visuals,0.4369557715296947,0.20237677140334417,0.0,5.08071262651425,0.9919962238145843,-0.34345449724331206,0.8850170995398342,0.06867337761870933,-0.8995403920908887,0.018802083371295165,27.886523506180755,1.0223598218188592,2.097392793167959,-0.022182418712625093
4676,19.0258532,0.47924995930512293,0.8446101061869591,-0.09120420820555208,0.02530529925020497,-1.815918374499287,0.5734368203022514,0.8152377170791525,0,0.0036495000000000004,1,Shared Control,0.01,Good Visuals,0.4439365304583592,0.20034192682748211,0.0,5.083790418956386,0.9920581235245661,-0.34674775069255787,0.8817238460905884,0.08202108889893665,-0.8444023100037921,0.018554211485217475,27.90260720683204,1.0221824187126252,2.077129623886578,-0.021959380396103456
4677,19.029607700000003,0.48176323342799476,0.8484809997402312,-0.09167358687425664,0.03324328266107868,-1.8175295551378836,0.5764896606876279,0.8109797397975492,0,0.0037545,1,Shared Control,0.01,Good Visuals,0.4389100704261029,0.19867821842603167,0.0,5.087664054991977,0.992136116512648,-0.34989473596901494,0.8785768608141313,0.0766488283731692,-0.9174081790097324,0.01827202680667516,27.922870376113423,1.0219593803961033,2.061089095268874,-0.02177702213373582
4678,19.0329929,0.48490482608158453,0.8389899282652156,-0.09158483460604333,0.02801018846766634,-1.8705847547628986,0.5792283980772199,0.8070751625931682,0,0.0033852,1,Shared Control,0.01,Good Visuals,0.43370628756201585,0.19709299099678307,0.0,5.090781483585883,0.9921977732352338,-0.35329757199481276,0.8751740247883335,0.06970562046424437,-0.9511504991608408,0.01821354491690135,27.938910904731127,1.021777022133736,2.0455603453220235,-0.021603266132261486
4679,19.036608100000002,0.48757517983713583,0.8295387721825593,-0.0916532182400841,0.022463609589391087,-1.9033477995320984,0.5821384945759259,0.8028355542868993,0,0.0036152000000000003,1,Shared Control,0.01,Good Visuals,0.43871923158644666,0.19536645373061004,0.0,5.093775113745389,0.99225750509989,-0.35636013368441977,0.8721114630987264,0.07989575135327005,-0.9003032864764702,0.018050728982450765,27.954439654677977,1.0216032661322614,2.0284736113906177,-0.021414021228829013
4680,19.0408642,0.49103093175608464,0.8248251463711462,-0.09110756281984128,0.02198959208424689,-1.9223313576754537,0.585544657754351,0.7977503262592978,0,0.0042561000000000005,1,Shared Control,0.01,Good Visuals,0.44487006874778035,0.19305557708147464,0.0,5.097052127584802,0.9923232592753927,-0.3597061232152074,0.8687654735679388,0.0902221869666802,-0.8307238519260283,0.017905964220562894,27.971526388609384,1.021414021228829,2.0052991356527454,-0.02116072717206108
4681,19.0439793,0.4941725244096744,0.8283856252004107,-0.09137213334467664,0.030635298941112943,-1.91824821692231,0.5880238450514743,0.7939627991546511,0,0.0031151,1,Shared Control,0.01,Good Visuals,0.4429594965507024,0.1910273200302813,0.0,5.101467188965484,0.9924124903145942,-0.36282874914909863,0.8656428476340475,0.08986454623017728,-0.8746606352458617,0.017588823116671162,27.994700864347255,1.021160727172061,1.9855306476589294,-0.020938410910889316
4682,19.047582300000002,0.49652871889986677,0.8295673945752257,-0.09149512615160754,0.03560459542057459,-1.9307913263340204,0.5908764972571572,0.7895117461949955,0,0.0036030000000000003,1,Shared Control,0.01,Good Visuals,0.4360759149525048,0.18928168446527324,0.0,5.105288455047622,0.9924885206307086,-0.3660510232547446,0.8624205735284015,0.08082473582828019,-0.9454752224541458,0.017454573758283083,28.01446935234107,1.0209384109108892,1.9685027529790637,-0.020747072652283125
4683,19.051052400000003,0.4999844708188156,0.8236292805587779,-0.0908920264383416,0.0341175343637824,-1.9631056435601208,0.5936086391286514,0.7851524812399044,0,0.0034701000000000003,1,Shared Control,0.01,Good Visuals,0.43207056977255626,0.18753523093909527,0.0,5.1085787141385754,0.992554014882818,-0.3695683694403684,0.8589032273427777,0.07650779113290983,-0.9774478770665098,0.01731835159833895,28.031497247020937,1.0207470726522831,1.9512464406964283,-0.02055564473735405
4684,19.054672500000002,0.5023406653090079,0.8213733132333968,-0.09126797381964347,0.03622083199349235,-1.9718637171659357,0.5964426227356527,0.7805278789418993,0,0.0036201000000000002,1,Shared Control,0.01,Good Visuals,0.43076441034284074,0.1858465847854828,0.0,5.111891438253239,0.9926204236128814,-0.37306236324522896,0.8554092335379172,0.07793294159433592,-1.0163754268436822,0.017045457168636743,28.04875355930357,1.020555644737354,1.9345940842634561,-0.020370553060195903
4685,19.058350100000002,0.5064247357586746,0.8169029567541554,-0.0900178869769781,0.03637507781225602,-2.007750940815569,0.5993043285414826,0.7757481651175079,0,0.0036776,1,Shared Control,0.01,Good Visuals,0.43088818094584375,0.18359117209800038,0.0,5.11509152736155,0.9926845044567257,-0.3775645563180561,0.85090704046509,0.07871213595580057,-0.9942347178471262,0.016961841234671593,28.065405915736545,1.0203705530601959,1.9118770162660332,-0.020123338381077473
4686,19.0624782,0.508780930248867,0.8084069725955694,-0.09052339829261569,0.03265880747806149,-2.078751047343048,0.6024954513878394,0.7702833348950389,0,0.0041281,1,Shared Control,0.01,Good Visuals,0.4247263738683601,0.18197463401703123,0.0,5.1194106855488855,0.9927719962140132,-0.38138604380988844,0.8470855529732576,0.07471670334640028,-1.1025960044526317,0.016526489379888733,28.088122983733967,1.0201233383810775,1.8963205391969074,-0.01994615043441588
4687,19.066057400000002,0.5122366821678157,0.8046387476595888,-0.09025876922002374,0.0343554127645499,-2.1354237268924323,0.6052438392394687,0.7654585478372307,0,0.0035792000000000003,1,Shared Control,0.01,Good Visuals,0.4312757996450235,0.18001592011188747,0.0,5.1224380788314585,0.9928318055115445,-0.38497319992000195,0.8434983968631441,0.08740670730954338,-1.0050308500822367,0.01647296227427669,28.103679460803093,1.0199461504344158,1.8766465394477576,-0.019731456763394
4688,19.0696358,0.5145928766580081,0.8087786832169146,-0.09065096258146055,0.04332013537968393,-2.1645787967460914,0.6079742040232896,0.7605532361539602,0,0.0035784000000000002,1,Shared Control,0.01,Good Visuals,0.42857132278175697,0.17812328034102332,0.0,5.12618415075295,0.99290757163004,-0.3885794022341741,0.8398921945489719,0.08812348459537303,-1.0510645042763458,0.01624801538930908,28.12335346055224,1.019731456763394,1.8579133761280036,-0.019524005445842336
4689,19.074274600000003,0.5199335841691107,0.7868280188406834,-0.08804061985417888,0.02627478268672323,-2.3418189391291224,0.6114872777585316,0.7540710337192956,0,0.0046388,1,Shared Control,0.01,Good Visuals,0.42060745088273493,0.17450445472799325,0.0,5.133647816464036,0.9930576842792305,-0.3963348354336919,0.832136761349454,0.08465534222906293,-1.1238442021366901,0.0158906569880278,28.16234691523965,1.0193015541186161,1.8221406306751335,-0.01912734774427136
4690,19.0798893,0.5230751768227005,0.7790013706388156,-0.08841210093583107,0.024930336919519958,-2.401737750523909,0.6156987004013136,0.7460357305197517,0,0.0056147,1,Shared Control,0.01,Good Visuals,0.4261394887752149,0.17230897555203584,0.0,5.13664524887148,0.9931173634268943,-0.4003404157862228,0.8281311809969231,0.1004310088965024,-1.1197842812700003,0.015363480361568023,28.177859369324867,1.0191273477442713,1.7998705442703462,-0.01888670234797302
4691,19.083697100000002,0.5254313713128929,0.7797418356555667,-0.09026732908842072,0.03370610513581496,-2.441503208591994,0.618528882666783,0.740466300873187,0,0.0038078,1,Shared Control,0.01,Good Visuals,0.42975380367004573,0.17000734766336006,0.0,5.140865201791056,0.9932031615994471,-0.40402356084493096,0.8244480359382149,0.10915579141279039,-1.0719905287584148,0.01523419853865624,28.200129455729655,1.018886702347973,1.7768722135622539,-0.018634422043305517
4692,19.087060100000002,0.5287300435991621,0.7835950129086675,-0.08979883906762087,0.04312871203548052,-2.4737476129808385,0.621010683805724,0.7354655995985355,0,0.003363,1,Shared Control,0.01,Good Visuals,0.4309685709896611,0.16749914584033418,0.0,5.145256548390845,0.993291718915108,-0.4076064734354912,0.8208651233476547,0.11194947667875828,-1.001177128722793,0.015346109198978077,28.223127786437747,1.0186344220433055,1.7517081178269467,-0.018359499270952158
4693,19.0913238,0.5326570344161494,0.7973880080682464,-0.08835364938957457,0.061922408469710866,-2.4479104034983656,0.6241327788953379,0.729013806658127,0,0.0042637000000000005,1,Shared Control,0.01,Good Visuals,0.4196250987588326,0.16438497259859902,0.0,5.150051779729656,0.9933886308447913,-0.4133453401516085,0.8151262566315375,0.10014351917533476,-1.1486463144224168,0.015041228841280127,28.248291882173053,1.0183594992709522,1.7202046606006935,-0.018018156268428693
4694,19.095511300000002,0.5350132289063417,0.802383542190461,-0.08911954998899618,0.07336973553233406,-2.4316968014244584,0.6271720421580319,0.7225541372749067,0,0.0041875,1,Shared Control,0.01,Good Visuals,0.39403355420337527,0.16297056976465996,0.0,5.156030214077677,0.9935099924834068,-0.4183599213959858,0.8101116753871601,0.06730492249553198,-1.4588297097740495,0.014524012233891442,28.279795339399307,1.0180181562684287,1.7071217700334993,-0.01786312426711156
4695,19.099072200000002,0.537997741927252,0.789707193104106,-0.08917430023077988,0.06715305582919928,-2.4493495522528725,0.6297350586093603,0.7169638345496026,0,0.0035609,1,Shared Control,0.01,Good Visuals,0.38683757445462674,0.1617124332385465,0.0,5.158630470953812,0.9935602349851002,-0.423704147459884,0.8047674493232619,0.057116994123714175,-1.4936350094740485,0.014523863838876803,28.2928782299665,1.0178631242671115,1.6945802823368317,-0.017725220539196694
4696,19.1026825,0.5403539364174443,0.7766084247973544,-0.08938112219191596,0.059644590247751816,-2.4455696986931335,0.6323131433467348,0.7112037086679781,0,0.0036103000000000003,1,Shared Control,0.01,Good Visuals,0.39350725262814445,0.16027289059602023,0.0,5.161028461143509,0.9936085266942388,-0.42852038177986285,0.799951215003283,0.06822757773519408,-1.4073503360349684,0.014420593072664094,28.305419717663167,1.0177252205391967,1.6800332992916047,-0.017567432975783333
4697,19.107562400000003,0.545380484663188,0.7521863847912889,-0.08693265868354683,0.040982676123310746,-2.46218220084875,0.6357644552996561,0.7032686111938979,0,0.0048799,1,Shared Control,0.01,Good Visuals,0.4057519572036448,0.15668146390646884,0.0,5.167316807342184,0.9937363169819444,-0.43741449277518246,0.7910571040079635,0.08670082716750462,-1.2599632923857547,0.01409720310436051,28.338588447149565,1.0173665955367437,1.6437946048176222,-0.01717377845678447
4698,19.112914,0.5499357940108932,0.724170384494804,-0.08582866128876288,0.020901773300906035,-2.5028619681080113,0.6395043414498061,0.6943665867586329,0,0.005351600000000001,1,Shared Control,0.01,Good Visuals,0.42502474420745456,0.1528057641299726,0.0,5.17402070484772,0.9938717816439611,-0.44440442832955757,0.7840671684535883,0.11858005674526648,-1.058157975345893,0.013638555123343516,28.373760714533184,1.0169823140737846,1.6045899764084555,-0.016748964904070355
4699,19.118910000000003,0.5522919885010856,0.7296938968145514,-0.08721235294872043,0.03532731005591849,-2.4515546463136193,0.6436372403032689,0.6841407156930497,0,0.0059960000000000005,1,Shared Control,0.01,Good Visuals,0.42365560182629886,0.1506374925962586,0.0,5.178119073564031,0.9939551995145978,-0.4478445906737242,0.7806270061094216,0.11946960121642905,-1.1299968283296007,0.01311511417248201,28.395410023591545,1.0167489649040704,1.5827294013887825,-0.016511301724101694
4700,19.122580900000003,0.5552765015219959,0.73984222554319,-0.08836073878127293,0.05570150985014033,-2.3937266234888352,0.646136948500064,0.6777471587417457,0,0.0036709000000000004,1,Shared Control,0.01,Good Visuals,0.41684171192727465,0.14800996984433093,0.0,5.182275618714193,0.9940394090008818,-0.4525897892146376,0.7758818075685082,0.1075520030269823,-1.1753687062601372,0.013137450171615167,28.417270598611218,1.0165113017241016,1.5559638672751182,-0.01622330024322005
4701,19.126290500000003,0.5581039349102267,0.7450825448609033,-0.08803301358983728,0.06733538611915757,-2.344084962505351,0.6486389755761224,0.6711824909660046,0,0.0037096000000000004,1,Shared Control,0.01,Good Visuals,0.40298181962690355,0.14593918580416532,0.0,5.187338480247577,0.9941425456020812,-0.4576822369979882,0.7707893597851576,0.08648400681974065,-1.301284760911385,0.01307827028243901,28.444036132724882,1.0162233002432202,1.535370154549078,-0.01599632261963288
4702,19.130012200000003,0.561088447931137,0.7497717644324382,-0.08755052764498539,0.07858927346643363,-2.276720166386772,0.6511244961335286,0.6644907836938516,0,0.0037217,1,Shared Control,0.01,Good Visuals,0.39005787155138616,0.14445022300831,0.0,5.1912818224925745,0.9942218428555355,-0.4628527174085975,0.7656188793745483,0.0683103868487097,-1.444026255546364,0.012847466327187874,28.464629845450922,1.015996322619633,1.5206295008432273,-0.015833118137437856
4703,19.133669100000002,0.5632875627886499,0.7539123978012048,-0.08783693334487874,0.08942161410735316,-2.2047163109762447,0.6535422916492765,0.6578117253804616,0,0.0036569000000000003,1,Shared Control,0.01,Good Visuals,0.3766075297991397,0.14343956060389385,0.0,5.1941110406735,0.9942785956895713,-0.4683290993360847,0.7601424974470612,0.04882701649472233,-1.5993171916030455,0.01264669324281335,28.479370499156772,1.0158331181374378,1.5106569183503191,-0.01572233992669555
4704,19.137062,0.5659579165442012,0.7454703304829637,-0.08758437510507522,0.08765860510250212,-2.179020876149006,0.6557635363481188,0.6515221012603625,0,0.0033929000000000003,1,Shared Control,0.01,Good Visuals,0.36748976932204824,0.14270587065017648,0.0,5.196028389407225,0.9943169877214331,-0.47429703010215446,0.7541745666809914,0.03391293385882782,-1.6698650678725757,0.012599291123782918,28.489343081649682,1.0157223399266955,1.5033724759848097,-0.015641920530508186
4705,19.141495300000003,0.568785349932432,0.7279445753704825,-0.08697818641568678,0.07642247411012004,-2.1679924008960847,0.6586334687560212,0.6431683045262085,0,0.0044333,1,Shared Control,0.01,Good Visuals,0.3680502790341643,0.14176088709255164,0.0,5.197424510673226,0.9943450364859114,-0.48163171505400126,0.7468398817291445,0.03526627352858325,-1.652812256765174,0.0124988045047214,28.49662752401519,1.0156419205305083,1.4936791675684826,-0.015538341345968263
4706,19.144951300000002,0.5717698629533423,0.7170000062523101,-0.08686360580267893,0.07383170172610154,-2.11641821787083,0.6608448471245478,0.6365488333762682,0,0.0034560000000000003,1,Shared Control,0.01,Good Visuals,0.37622833309075615,0.1407305557326288,0.0,5.199251842862399,0.9943823960780328,-0.48715817540801776,0.741313421375128,0.047998865116443495,-1.5467716292133868,0.012330104863989081,28.506320832431516,1.0155383413459682,1.483192291796654,-0.015425407230654182
4707,19.1486284,0.5738118981781757,0.7148115931390667,-0.08703294894637215,0.0782627597627985,-2.0460482987189965,0.6631723939974361,0.6294020361957603,0,0.0036771000000000004,1,Shared Control,0.01,Good Visuals,0.37837823537064386,0.1396933102849914,0.0,5.201236572350448,0.9944228051095617,-0.49239637978441525,0.7360752169987306,0.05033025674073695,-1.5256609705823596,0.012224363517551006,28.516807708203345,1.015425407230654,1.4726701296723714,-0.01531171526557485
4708,19.152129300000002,0.5764822519337269,0.7081638979084972,-0.08669014206370917,0.07876186171273691,-2.012958209243574,0.6653638103415905,0.6224976401377396,0,0.0035009000000000004,1,Shared Control,0.01,Good Visuals,0.37502312383235475,0.13876367982633578,0.0,5.203231365514393,0.994463346226351,-0.4978871943073481,0.7305844024757977,0.0434010531830835,-1.540632582192166,0.01215792074218338,28.527329870327627,1.0153117152655748,1.4632944213721202,-0.015209818926687175
4709,19.155885400000003,0.5786813667912399,0.6974594755343602,-0.0866824435503506,0.0749618353966206,-1.9934948235440781,0.6676878921889213,0.6149808035336443,0,0.0037561,1,Shared Control,0.01,Good Visuals,0.37289478231605855,0.13789359503499354,0.0,5.205014097876143,0.9944994641964698,-0.5034282743964168,0.7250433223867291,0.04106940478931849,-1.5656749142631372,0.012029443117428103,28.53670557862788,1.0152098189266872,1.454490855879605,-0.015114449359205669
4710,19.159464200000002,0.5813517205467912,0.685621862285822,-0.08633617164213014,0.07064105875217774,-1.9792963137337725,0.6698758115502677,0.6077131370414448,0,0.0035788,1,Shared Control,0.01,Good Visuals,0.37677615878385584,0.1368003331165707,0.0,5.206685320807875,0.9945333812473962,-0.5092795347405377,0.7191920620426082,0.04702011035196151,-1.5072021905416655,0.011952953767575733,28.545509144120395,1.0151144493592057,1.4432669037801569,-0.014994617456221656
4711,19.1630891,0.5840220743023425,0.6807472068188616,-0.08585373724792511,0.07303406977741678,-1.9453790684795242,0.672065209710978,0.6002462449065411,0,0.0036249000000000003,1,Shared Control,0.01,Good Visuals,0.3794499403343162,0.13568222379630585,0.0,5.208800421462903,0.9945766406075967,-0.5145705864181229,0.713901010365023,0.05229974077308568,-1.4773284036256542,0.011810817040652828,28.556733096219844,1.0149946174562217,1.4318929148447546,-0.014872062041701422
4712,19.166596300000002,0.5860641095271759,0.6823333766211561,-0.08600110018380214,0.08208713171461501,-1.9013329103831085,0.6741575756430087,0.5929201918274778,0,0.0035072000000000002,1,Shared Control,0.01,Good Visuals,0.374738677607811,0.13473417222328396,0.0,5.21095379813464,0.9946204669916879,-0.519833667452583,0.7086379293305629,0.046728722518006756,-1.539452742032319,0.011648825991022214,28.568107085155244,1.0148720620417013,1.4223403901355902,-0.014768146573497709
4713,19.170190100000003,0.5887344632827273,0.6798589023639449,-0.08542311236028144,0.08693871053646707,-1.8823500892712945,0.6762747675706333,0.5853091558492283,0,0.0035938000000000003,1,Shared Control,0.01,Good Visuals,0.36665548983984436,0.13398204207855105,0.0,5.212771125299019,0.9946572652347975,-0.5256316794960658,0.7028399172870801,0.035242235138820945,-1.6127091798739595,0.011587287043556296,28.57765960986441,1.0147681465734977,1.4147866281108767,-0.01468570595701213
4714,19.174378500000003,0.5914048170382785,0.6768282294612686,-0.0848699505323548,0.09151907361204037,-1.8515819057015213,0.67870747099973,0.5763053952079789,0,0.0041884,1,Shared Control,0.01,Good Visuals,0.35893734849494363,0.1332901605591525,0.0,5.2142106021227255,0.9946863613083307,-0.5331347221557532,0.6953368746273927,0.02668519194254561,-1.705081960659804,0.011445163034736023,28.58521337188912,1.014685705957012,1.407772203594231,-0.014609869162816824
4715,19.177972500000003,0.5940751707938299,0.6749935189798093,-0.08463230020590007,0.09868812377183045,-1.8010213492537748,0.6807646543039515,0.5684644737973725,0,0.0035940000000000004,1,Shared Control,0.01,Good Visuals,0.35160745327127035,0.1329098033679072,0.0,5.215540932615095,0.9947133869072254,-0.5395071706874197,0.6889644260957262,0.018072414851186627,-1.7712069964051724,0.0113123293331049,28.59222779640577,1.014609869162817,1.4040580554535829,-0.014568178397527632
4716,19.181598400000002,0.5958030467533043,0.6671782274607022,-0.08496160755064719,0.09871375366332968,-1.77167300446793,0.682811345416278,0.5604460391510797,0,0.0036259,1,Shared Control,0.01,Good Visuals,0.343296189593602,0.13276891736104757,0.0,5.216259006865859,0.9947276822707273,-0.5458849123493984,0.6825866844337475,0.007054798613925624,-1.8605390069659755,0.01124846237893987,28.595941944546418,1.0145681783975276,1.4027417074500115,-0.014552735951375146
4717,19.1850235,0.5983163208761761,0.6496906411478878,-0.08449502454010183,0.08924460199680806,-1.7799327960999551,0.6847178144130113,0.5527718433261948,0,0.0034251000000000004,1,Shared Control,0.01,Good Visuals,0.34501007413412454,0.13257029943185628,0.0,5.21651943511793,0.9947327423854813,-0.552301768391624,0.6761698283915218,0.009553246155915084,-1.8049720239165352,0.011280260651753632,28.597258292549988,1.014552735951375,1.4006859713028155,-0.014530965537514876
4718,19.1887264,0.6003583561010094,0.6349056589257001,-0.08435945831200187,0.08213381559950528,-1.7749568789875148,0.686749145131366,0.5443658746956365,0,0.0037029000000000003,1,Shared Control,0.01,Good Visuals,0.35202730422918715,0.13209921368882022,0.0,5.216905274209795,0.9947406672476535,-0.5584996762403607,0.6699719205427852,0.02251406046697456,-1.7259078969498556,0.011201530703783344,28.599314028697183,1.014530965537515,1.3957483714815504,-0.014479330060137154
4719,19.192530100000003,0.6027145505912017,0.6232002599971677,-0.08403459454016426,0.0788343853015312,-1.7718221071503146,0.6888031402304371,0.5356125644582772,0,0.0038037,1,Shared Control,0.01,Good Visuals,0.3584695805874732,0.13135096931791146,0.0,5.217826190536515,0.9947597078742751,-0.5648032915462888,0.663668305236857,0.03338706155372647,-1.6382388133292296,0.011143818110230255,28.60425162851845,1.0144793300601371,1.3879861328594683,-0.014397315361415716
4720,19.196055100000002,0.6052278247140737,0.618325368722618,-0.08357531551636344,0.0827128042643408,-1.7544632559986328,0.6906767182862146,0.5273932144508533,0,0.0035250000000000004,1,Shared Control,0.01,Good Visuals,0.36017656854706126,0.1305477100920431,0.0,5.219281418006164,0.9947896327997007,-0.5706117678759773,0.6578598289071685,0.038473316856534504,-1.6150807278635688,0.011038025449088246,28.612013867140533,1.0143973153614156,1.379773179503589,-0.014309270511409296
4721,19.199631500000002,0.606955700673548,0.6191387507148787,-0.08372101761266659,0.09174553626402537,-1.7292711441856634,0.6925478179260625,0.5189482960905013,0,0.0035764000000000004,1,Shared Control,0.01,Good Visuals,0.3540482604727423,0.12990602938789222,0.0,5.220832441336813,0.9948212831362362,-0.5764054771867203,0.6520661195964256,0.03251189193646696,-1.6939184605862039,0.010910566060881246,28.620226820496413,1.0143092705114094,1.3733108015784503,-0.014238936203965888
4722,19.203169300000003,0.6094689747964198,0.6148912430400674,-0.08307884312964264,0.09594294694956607,-1.7328785733952203,0.6943688214997717,0.5104896707796232,0,0.0035378000000000002,1,Shared Control,0.01,Good Visuals,0.3459236720050931,0.12944217534323674,0.0,5.222062279084503,0.9948461772997632,-0.5827472076268543,0.6457243891562916,0.022366175000857785,-1.7648273056531436,0.010875864974375309,28.62668919842155,1.0142389362039659,1.3686654791227066,-0.014188093389502832
4723,19.207679900000002,0.6135530452460866,0.6059428121496927,-0.08081577625368519,0.09545314137006955,-1.7116829443732822,0.6966468363782975,0.49955383531136444,0,0.0045106,1,Shared Control,0.01,Good Visuals,0.3300690109280228,0.12894446950972985,0.0,5.2236479679117185,0.9948782233087966,-0.5966944917074174,0.6317771050757285,0.006883674777321325,-1.9323834047011637,0.01067480255028297,28.635008786711133,1.0141481199604234,1.3637477084730554,-0.014133540097057216
4724,19.2139142,0.6157521601035993,0.5928363508744081,-0.08089467627469815,0.09328251556304368,-1.7206925760116922,0.6997133873814434,0.48415971978519945,0,0.006234300000000001,1,Shared Control,0.01,Good Visuals,0.32720833528818616,0.12883057355996938,0.0,5.223893933407372,0.9948830037858221,-0.6037536630403953,0.6247179337427505,0.005666988295912277,-1.9563704051708446,0.01042074739704846,28.636252291526944,1.0141335400970573,1.3625918199984235,-0.014121056017833405
4725,19.217624800000003,0.6174800360630738,0.5813093475037946,-0.08223335131836962,0.09714962771859514,-1.7217725495863054,0.7014926616160632,0.4748435601272366,0,0.0037106,1,Shared Control,0.01,Good Visuals,0.32979732972628517,0.12858336946268173,0.0,5.224113055573943,0.9948874573828552,-0.6102780036293954,0.6181935931537504,0.01299619455317809,-1.9131280500249594,0.01042170754241741,28.637408180001575,1.0141210560178333,1.3600018011817436,-0.014093960097904026
4726,19.2210642,0.6199933101859456,0.5756783355365479,-0.08149935143011755,0.1008347754093113,-1.711579989713913,0.7031108407302181,0.46610597545173427,0,0.0034394,1,Shared Control,0.01,Good Visuals,0.3329821413432723,0.12816651353048308,0.0,5.224596235381591,0.9948974447690355,-0.6170225792967504,0.6114490174863955,0.0201893238439769,-1.8503636947475859,0.010573841394724426,28.639998198818255,1.014093960097904,1.3556632233772505,-0.014048268723509862
4727,19.2248693,0.6221924250434584,0.5784697386299763,-0.08091841568675973,0.11236376317824204,-1.671117535686569,0.7048658495483539,0.45632481251202284,0,0.0038051,1,Shared Control,0.01,Good Visuals,0.32554544145610154,0.12782544702279452,0.0,5.22540831379876,0.994914171909562,-0.6257007988429463,0.6027707979401996,0.013624066998450335,-1.9449605652739614,0.010445487727793757,28.64433677662275,1.01404826872351,1.352219652082484,-0.014010884590785847
4728,19.2290235,0.6242344602682919,0.5760907762539815,-0.08063138928006197,0.11976596374195869,-1.6383223392692596,0.7067390983603772,0.44550914491019367,0,0.0041542,1,Shared Control,0.01,Good Visuals,0.31109093353134676,0.12791357416623933,0.0,5.226062830932216,0.9949274380372324,-0.6329510770646826,0.5955205197184633,-0.004552593668484963,-2.0816187831571233,0.01034343265753637,28.647780347917514,1.0140108845907858,1.3533306334997313,-0.014020544163780735
4729,19.2327172,0.6259623362277662,0.5661259811143349,-0.08077676213261098,0.12061683620414121,-1.6153496791301714,0.7083667280223294,0.4357724738969255,0,0.0036937000000000003,1,Shared Control,0.01,Good Visuals,0.3022114762425292,0.12819271315788708,0.0,5.225873052974989,0.994923135898729,-0.6403638540305565,0.5881077427525894,-0.014777791879713939,-2.1697626056298924,0.010313849192802121,28.64666936650027,1.0140205441637806,1.3562710622658891,-0.0140511404518271
4730,19.236074400000003,0.6280043714525997,0.5555629482227116,-0.08036235656972968,0.11979047432578604,-1.5901624054063996,0.7098147103739122,0.4268251467231474,0,0.0033572000000000003,1,Shared Control,0.01,Good Visuals,0.30208179997383305,0.1284472507664511,0.0,5.225325971729738,0.9949117957863844,-0.6480376160804525,0.5804339807026934,-0.01285474088368557,-2.1460866543322874,0.010354992297888674,28.64372893773411,1.014051140451827,1.3588562070838985,-0.014079040194332749
4731,19.240908100000002,0.6317742826369074,0.5326553084840976,-0.07804042773700481,0.10583016176095017,-1.568958514300335,0.711846404071882,0.413779948264418,0,0.004833700000000001,1,Shared Control,0.01,Good Visuals,0.3037212427337654,0.12878486427964217,0.0,5.224385373249836,0.9948926646694389,-0.662861764252585,0.5656098325305609,-0.005334052099741694,-2.0837094204418065,0.010325327863356276,28.638763828530436,1.014104693138147,1.3622290637445815,-0.01411604584602248
4732,19.246523,0.6333450789637023,0.5302178945016626,-0.07850132510817975,0.11643794623724457,-1.5373094794827737,0.7141266405447889,0.39838625725226934,0,0.0056149,1,Shared Control,0.01,Good Visuals,0.3024088956454147,0.1288630483308367,0.0,5.2241915486632475,0.9948888449224784,-0.6700231132420139,0.558448483541132,-0.004250194020884443,-2.0905385886936387,0.010050425894435387,28.637770936255418,1.0141160458460226,1.3630161812749968,-0.014124615561549711
4733,19.250071000000002,0.6353871141885356,0.5285709305592197,-0.07873952635625336,0.13018467330695033,-1.5178500385548108,0.7155226544153557,0.3885267333184333,0,0.0035480000000000004,1,Shared Control,0.01,Good Visuals,0.2942517369863061,0.1291227285143945,0.0,5.224041724215572,0.9948858128174569,-0.6777656048911551,0.5507059918919908,-0.013464656026686237,-2.1633718877703108,0.010115920051450093,28.636983818725003,1.0141246155615498,1.365757721626515,-0.014153078979179641
4734,19.2537181,0.6366437512499715,0.5179261320725848,-0.07887890316538415,0.12939939875415146,-1.5368956937968428,0.7169210075804138,0.37828552503439045,0,0.0036471000000000003,1,Shared Control,0.01,Good Visuals,0.2817809446335515,0.1296156622356697,0.0,5.2235322162202715,0.994875239060483,-0.6856560857690406,0.5428155110141053,-0.02671313390396537,-2.3035210129869332,0.010167062485050513,28.634242278373485,1.0141530789791797,1.370903394726283,-0.014207109202742731
4735,19.257854400000003,0.6391570253728434,0.49907533007532456,-0.07776398220757041,0.12078980504093412,-1.5925907654868523,0.7184614677470273,0.3665409031316984,0,0.0041363,1,Shared Control,0.01,Good Visuals,0.28321694315016044,0.13011784843534283,0.0,5.222570510270896,0.9948553984278717,-0.6958612635694743,0.5326103332136716,-0.020475229770857195,-2.245857790588403,0.01022394127020453,28.629096605273716,1.0142071092027427,1.3760299306780819,-0.014262153585927645
4736,19.261620200000003,0.6407278216996383,0.4866713236056492,-0.07773364604738908,0.12013042047395078,-1.6431809244429438,0.7198214654430288,0.3557290846440837,0,0.0037658,1,Shared Control,0.01,Good Visuals,0.2858865281626153,0.1302707355786255,0.0,5.22160156907931,0.9948356428720719,-0.7034466347230639,0.525024962060082,-0.008298379519626234,-2.1958577911039807,0.010118482050613343,28.623970069321917,1.0142621535859278,1.3774142191531296,-0.014278911470760753
4737,19.2650533,0.6424556976591126,0.48169753371152424,-0.07736576778391624,0.12596844906744054,-1.6899476317655326,0.7210256574781518,0.3457740917550624,0,0.0034331,1,Shared Control,0.01,Good Visuals,0.28636309393071124,0.13028339918662812,0.0,5.221323068644098,0.9948303261974433,-0.7111642964286271,0.5173073003545188,-0.0006684317150045006,-2.172153590082538,0.01012641924980189,28.62258578084687,1.0142789114707607,1.3774771993726405,-0.014280299522626482
4738,19.2686759,0.6438694143532281,0.4735791849729674,-0.07715624312492375,0.127805093217905,-1.7574699772338869,0.7222590800648928,0.335168521115777,0,0.0036226,1,Shared Control,0.01,Good Visuals,0.27863305338743816,0.13036236130779458,0.0,5.22130482906216,0.9948300901897548,-0.7189263583029185,0.5095452384802274,-0.004315957908755062,-2.2485043522178865,0.010079475207571933,28.622522800627358,1.0142802995226265,1.378317598494412,-0.014288954522021944
4739,19.272304300000002,0.6459114495780613,0.4679960164940067,-0.07634763048683146,0.1328274953782297,-1.8086059828503498,0.7234557777796301,0.3244426342135093,0,0.0036284000000000004,1,Shared Control,0.01,Good Visuals,0.27570032444839,0.13037689889461673,0.0,5.221149270628674,0.9948268481834014,-0.7272130564497523,0.5012585403333936,-0.0007490387350783411,-2.255743180213908,0.010058270043403351,28.621682401505588,1.014288954522022,1.37843263690629,-0.014290547979787497
4740,19.2759208,0.6476393255375359,0.4719640224733092,-0.07581645224209421,0.14752138825979993,-1.821514972120684,0.7246096389988979,0.3136497780928958,0,0.0036165000000000004,1,Shared Control,0.01,Good Visuals,0.2664801716141929,0.1304890110809276,0.0,5.221124338969305,0.9948264082445041,-0.7363929581089116,0.49207863867423435,-0.00551350952276657,-2.3573872420223503,0.009953967300825184,28.62156736309371,1.0142905479797875,1.3796260854582114,-0.014302836541573964
4741,19.2796287,0.6490530422316512,0.4714526252656004,-0.07555659676724669,0.1578028471727046,-1.8517805520357138,0.7257519438932069,0.3024791204927473,0,0.0037079,1,Shared Control,0.01,Good Visuals,0.2490728836135906,0.13091524850887845,0.0,5.220903452246228,0.9948218042509587,-0.745066927684268,0.4834046690988779,-0.024090165582213392,-2.5321022814562144,0.00989321387673525,28.620373914541787,1.014302836541574,1.3841305480754942,-0.014349556217118909
4742,19.283089200000003,0.6507809181911256,0.4623544657656203,-0.07497102570208125,0.159875345272873,-1.8976317824158877,0.7267804962343358,0.2919586596907622,0,0.0034605,1,Shared Control,0.01,Good Visuals,0.23742750636794374,0.13153939453026,0.0,5.220066741202605,0.9948044303878094,-0.7544575895172702,0.4740140072658757,-0.03413553578956879,-2.6356793154458975,0.009891510642269221,28.615869451924507,1.014349556217119,1.3905914494040639,-0.014417968556579109
4743,19.286632400000002,0.6518804756198819,0.44881328846502533,-0.07490002061445389,0.15685462877426315,-1.9477642949107516,0.7277957416244064,0.28109244267233585,0,0.0035432000000000003,1,Shared Control,0.01,Good Visuals,0.2322221293888342,0.13212553179941522,0.0,5.2188541576217045,0.9947795235480977,-0.7635813181278703,0.46489027865527555,-0.03369934214360981,-2.66963032847617,0.009861643328164329,28.609408550595937,1.014417968556579,1.396544918071992,-0.01448221477533888
4744,19.2909076,0.653451271946677,0.4246630658504199,-0.07434446967772945,0.14357062317808406,-2.0408772817983083,0.7289692215682542,0.26785552444539285,0,0.0042752,1,Shared Control,0.01,Good Visuals,0.23477561599702895,0.1326024640382818,0.0,5.217726077178284,0.9947565842558042,-0.7739715441974433,0.45450005258570253,-0.02336712982582756,-2.590755783461661,0.009896205055471882,28.603455081928008,1.014482214775339,1.4013500824903011,-0.014534491084258756
4745,19.294016000000003,0.6550220682734718,0.40415734098480305,-0.07394715329478241,0.1363018165394102,-2.118510548101303,0.7297867512831704,0.2581457406450893,0,0.0031084000000000003,1,Shared Control,0.01,Good Visuals,0.24502594408536024,0.13258365496998,0.0,5.216811833899272,0.9947380735210531,-0.7826773039102723,0.44579429287287353,0.001032674030025898,-2.4240573906635356,0.009858259866886251,28.5986499175097,1.0145344910842589,1.4009063860232183,-0.014532429431502012
4746,19.297710300000002,0.6564357849675873,0.3998881731737077,-0.07335096631558313,0.14174243252861835,-2.1479008229489187,0.7307189627318812,0.24651312688504123,0,0.0036943,1,Shared Control,0.01,Good Visuals,0.25018796450057534,0.1322687476023008,0.0,5.216871648099857,0.9947398092193882,-0.7907259693916697,0.43774562739147616,0.018173648732181323,-2.347918751866221,0.00980418385844765,28.59909361397678,1.014532429431502,1.3975531801845191,-0.014497912589291754
4747,19.3011273,0.6576924220290232,0.3991513081288093,-0.07302654070285797,0.15263818124376805,-2.184276204609983,0.7315427882443476,0.23566503886981993,0,0.0034170000000000003,1,Shared Control,0.01,Good Visuals,0.24170941829500237,0.1320431019049417,0.0,5.217492166813201,0.9947527453097957,-0.7993772855318537,0.4290943112512921,0.012644003683214543,-2.4272813366769657,0.009702040449980734,28.60244681981548,1.0144979125892917,1.3953030805021798,-0.014473179675011062
4748,19.304791,0.6591061387231385,0.39398486531216625,-0.0724366495212091,0.15831982644234632,-2.2331079198317463,0.7323847454994361,0.22394021103995715,0,0.0036637,1,Shared Control,0.01,Good Visuals,0.22920825976501336,0.13200602576019865,0.0,5.217922533522868,0.9947614107846521,-0.8082301436680005,0.4202414531151454,0.0021477475034854597,-2.5485384852309427,0.009642650955792847,28.60469691949782,1.014473179675011,1.3950200235868837,-0.014469115776959734
4749,19.3084166,0.6608340146826129,0.38999863805660473,-0.07155073081682317,0.16605842701664758,-2.2608450928277666,0.7331754868621077,0.21224318032669354,0,0.0036256,1,Shared Control,0.01,Good Visuals,0.22048273637252616,0.13205454673549769,0.0,5.217985148741879,0.9947624918039885,-0.820113124600605,0.4083584721825409,-0.0021793118918952406,-2.626653610213197,0.009562074222679209,28.604979976413116,1.0144691157769596,1.3955557306928525,-0.014474434137278286
4750,19.312572300000003,0.6619335721113694,0.38369898616358533,-0.07124191475073827,0.1714558058368918,-2.290337751966463,0.7340294532361787,0.19872230983038594,0,0.0041557,1,Shared Control,0.01,Good Visuals,0.2081553313152259,0.13225137356376995,0.0,5.217887758805811,0.9947604232751468,-0.829468125216562,0.39900347156658394,-0.011816277868715485,-2.7238318870161398,0.00944859932660919,28.604444269307148,1.0144744341372782,1.3976360722168033,-0.01449600822944478
4751,19.3160884,0.6630331295401258,0.36736229283190747,-0.07099632369605291,0.16863998300152153,-2.3508657275398694,0.734707929493756,0.1871889863990729,0,0.0035161000000000003,1,Shared Control,0.01,Good Visuals,0.20114871317655475,0.13250720709065614,0.0,5.217501364048754,0.9947523991991236,-0.8393224283775502,0.3891491684055957,-0.014910018820467124,-2.7686070747023983,0.009421841081098139,28.6023639277832,1.0144960082294447,1.4002712274145444,-0.014524050016922486
4752,19.319604100000003,0.6641326869688823,0.34647214168195783,-0.07057524252487368,0.15928315528288495,-2.4167767456680957,0.7353456344865983,0.17557259803648345,0,0.0035157,1,Shared Control,0.01,Good Visuals,0.20263490126849093,0.13256873886582698,0.0,5.217005568154993,0.9947422419441172,-0.8485934834588148,0.37987811332433113,-0.00374409066072212,-2.7127384952202043,0.00940752456666814,28.599728772585454,1.0145240500169226,1.400798168177085,-0.014530794484637363
4753,19.324186100000002,0.6663318018263951,0.32399646801750803,-0.06901383266020322,0.14842386998102458,-2.4936615393288024,0.7361151912251133,0.16030838865676,0,0.004582,1,Shared Control,0.01,Good Visuals,0.20812802397994404,0.1319753809862056,0.0,5.217475773745703,0.9947523896595676,-0.8666566204198898,0.36181497636325616,0.02117616860512522,-2.5695510043086536,0.009232814602914126,28.602354806695104,1.014498788467294,1.3945742072392282,-0.014465756818303787
4754,19.3298998,0.6672742796224721,0.3131371612590327,-0.06884091160264116,0.15282877260227268,-2.5537508740365142,0.7369763152405405,0.14108050522203394,0,0.0057137,1,Shared Control,0.01,Good Visuals,0.2124713363198611,0.13153413029839475,0.0,5.218056702464066,0.9947642233983113,-0.8740916903382975,0.3543799064448484,0.03079465307430853,-2.441329804106959,0.00910812685864856,28.605425792760773,1.0144657568183038,1.3900063278459962,-0.014417391546704775
4755,19.3332072,0.6683738370512284,0.3043909983237485,-0.06860247818931209,0.16331049310171455,-2.5986589618927898,0.7374243792047436,0.12985422646127412,0,0.0033074000000000003,1,Shared Control,0.01,Good Visuals,0.20724350896221017,0.13098013961009639,0.0,5.2189139723923885,0.9947818325329026,-0.8830184132037645,0.3454531835793813,0.03315926702595926,-2.5044110833427955,0.009054929436602077,28.609993672154005,1.0144173915467047,1.384303958406356,-0.014356668898915136
4756,19.336633300000003,0.6693163148473054,0.29972161471005376,-0.06810806435743821,0.16986738824877964,-2.624829151772704,0.7378492476218794,0.11815221658184676,0,0.0034261,1,Shared Control,0.01,Good Visuals,0.1956421593643169,0.130543330965929,0.0,5.219987234478993,0.9948038117570912,-0.8920918893926132,0.3363797073905326,0.027416754226624623,-2.651667598588093,0.00898556217083469,28.615696041593644,1.0143566688989152,1.3799106036367115,-0.014308790517542485
4757,19.3410018,0.6710441908067798,0.2817157621423694,-0.06680505681509963,0.1635635455605226,-2.7065835593135774,0.7383326170426154,0.10312594259680752,0,0.0043685,1,Shared Control,0.01,Good Visuals,0.17764641711635462,0.12992060922904225,0.0,5.221583690154635,0.9948361790245636,-0.9113090849208031,0.31716251186234273,0.016637149433132936,-2.784847549064391,0.008776345549275002,28.624097703235932,1.0142655017450963,1.3736620330330869,-0.014240534293207607
4758,19.346964200000002,0.6721437482355361,0.26845437065014494,-0.0661888688070793,0.16532842805333742,-2.7574114920255677,0.7388859049685949,0.08243111745298418,0,0.0059624000000000005,1,Shared Control,0.01,Good Visuals,0.18613668144797324,0.12939216837464346,0.0,5.222015239757692,0.9948448034415153,-0.9205557847688636,0.30791581201428225,0.03262598678168518,-2.588879202637528,0.008679353680998524,28.626337966966915,1.0142405342932077,1.3681180835520548,-0.0141826121501877
4759,19.3506153,0.6729291463989336,0.2615671458780282,-0.06595675856966121,0.17913602842504403,-2.784303432656295,0.7391635699333212,0.06965537071159705,0,0.0036511000000000004,1,Shared Control,0.01,Good Visuals,0.1812280293120527,0.12883740313435482,0.0,5.22304879343751,0.9948661823403587,-0.9296353434050475,0.2988362533780983,0.03585053918833182,-2.634963908579695,0.00856432125721279,28.631881916447945,1.0141826121501878,1.3624471624274324,-0.014121804604134076
4760,19.354164700000002,0.6737145445623312,0.25441413937760227,-0.06544902537099007,0.1847587686660052,-2.8185645980060268,0.7393886544200022,0.057162346224301816,0,0.0035494000000000003,1,Shared Control,0.01,Good Visuals,0.16634572360049046,0.12843433455805012,0.0,5.224119902320175,0.9948880362186673,-0.9397886722393349,0.28868292454381084,0.025191476410213555,-2.8268079609910015,0.008497697493274753,28.637552837572567,1.014121804604134,1.3584081049052843,-0.014077624455061173
4761,19.358153,0.674657022358408,0.24046731303644533,-0.06473163206159427,0.18330496681214353,-2.871600340814416,0.7395885031306316,0.04304051405190873,0,0.0039883,1,Shared Control,0.01,Good Visuals,0.15814683103880872,0.12795752577422861,0.0,5.224890545681158,0.9949035933358928,-0.9541385105440279,0.27433308623911784,0.02172008997206193,-2.883983822315048,0.008405902020996048,28.641591895094717,1.014077624455061,1.3535012617353028,-0.014025361677988273
4762,19.362682000000003,0.675285340889126,0.22246089084219567,-0.06430316224150567,0.17942037679028694,-2.924641353905751,0.7397469233160523,0.02689930005154642,0,0.004529,1,Shared Control,0.01,Good Visuals,0.1559012461455757,0.12753534106152328,0.0,5.225814216340577,0.994922505922787,-0.9638138620929642,0.26465773469018156,0.028129049405490034,-2.814647723326913,0.008282899477929331,28.646498738264697,1.0140253616779882,1.3492172600299843,-0.013979086218574832
4763,19.366152200000002,0.676227818685203,0.2103089342915751,-0.06351910463084931,0.18340963424002868,-2.9495142805442334,0.7398187009717149,0.014458280620355785,0,0.0034702,1,Shared Control,0.01,Good Visuals,0.1575762733027892,0.12691143457927306,0.0,5.226626405018783,0.9949390118800322,-0.9736209684711801,0.2548506283119657,0.04037422775542089,-2.7565086228050655,0.008200925727804892,28.650782739970015,1.013979086218575,1.342743822368654,-0.013910700134881401
4764,19.3696358,0.6766990575832414,0.2058579335409549,-0.06311964338847342,0.19139965292059913,-2.9544666750099884,0.7398472239298916,0.0019070400329034287,0,0.0034836000000000003,1,Shared Control,0.01,Good Visuals,0.14958173716145043,0.1263399649939319,0.0,5.227839977938243,0.994963967660095,-0.9833951209256597,0.24507647585748607,0.038779905707688286,-2.8420669519582495,0.008061300691892034,28.657256177631346,1.0139107001348815,1.3369320263678586,-0.013848061633754693
4765,19.3742139,0.6779556946446773,0.18315681399696732,-0.06189152928521424,0.1812497739640639,-3.0225812625749118,0.7398180262682524,-0.01467952421196489,0,0.0045781,1,Shared Control,0.01,Good Visuals,0.13436442187119865,0.1254153577339301,0.0,5.22994530202507,0.9950068110958808,-1.0037523706936795,0.2247192260894662,0.032023568296021876,-2.918698715324455,0.007866151036349175,28.66837520057115,1.0137908998404574,1.3275599339202517,-0.013746715885209194
4766,19.380163300000003,0.6787410928080747,0.16273752325762525,-0.06107693346017773,0.17741704746959014,-3.066343505957204,0.7396662089396894,-0.036384284555234486,0,0.0059494000000000005,1,Shared Control,0.01,Good Visuals,0.1337377870452502,0.12428173068930211,0.0,5.2319131530795095,0.9950470624075874,-1.0202913332026664,0.20818026358047942,0.04278959344174289,-2.8191349096509764,0.007681319099922799,28.678818987719367,1.0136794577167791,1.3159083915448182,-0.013622459580527983
4767,19.3859777,0.6790552520734338,0.14843708424557173,-0.060610956866255616,0.1848213688008062,-3.09830454484462,0.7393926072518332,-0.05775244257744472,0,0.0058144,1,Shared Control,0.01,Good Visuals,0.14306837545808218,0.12340227170490334,0.0,5.2329132029525836,0.9950673768922805,-1.0296941551623333,0.19877744162081246,0.058949998583168836,-2.6030014006774,0.007590746995626233,28.684091608455184,1.0136224595805279,1.3067348744197922,-0.013526062512340585
4768,19.3909068,0.6799977298695107,0.12504903934083797,-0.05939487738232252,0.1828014819182827,-3.127818882392914,0.7390630553301464,-0.07598142641768965,0,0.0049291000000000005,1,Shared Control,0.01,Good Visuals,0.12258091250621556,0.12182172068921711,0.0,5.236220876488776,0.9951351990106267,-1.049283860318314,0.17918773646483183,0.05415193011115162,-2.877228695984703,0.0073381954152075685,28.70168719504823,1.01343558013122,1.2906114057970082,-0.01335281909026454
4769,19.3964925,0.6803118891348697,0.12117012504087994,-0.05875116619527665,0.1971515514585696,-3.1185507411474993,0.738580676442869,-0.0967583951477452,0,0.005585700000000001,1,Shared Control,0.01,Good Visuals,0.12917358357550723,0.12093267711247556,0.0,5.237677241511883,0.9951648752694165,-1.0584129130336606,0.17005868374948527,0.06491788651989688,-2.672752288132851,0.007235586162839593,28.70938859420299,1.0133528190902645,1.2814373737278268,-0.01325537145960862
4770,19.400229600000003,0.6806260484002287,0.1143841407292243,-0.05795462804264029,0.21114253587696952,-3.1231588761453124,0.7381929969435778,-0.11072644423921069,0,0.0037371,1,Shared Control,0.01,Good Visuals,0.11161570433106674,0.12024831689905374,0.0,5.239401952242838,0.995200235947627,-1.0687744807893926,0.1596971159937531,0.048435875275018817,-2.893484433323694,0.00710493581147478,28.718562626272174,1.0132553714596086,1.2745181903466907,-0.013180359072074635
4771,19.403631800000003,0.6806260484002287,0.09875963905447165,-0.057566948543349095,0.20948608329368235,-3.1540360599042563,0.7377945877603856,-0.12348726052599288,0,0.0034022,1,Shared Control,0.01,Good Visuals,0.09358903321089976,0.11979969687859646,0.0,5.240716285424892,0.9952268921803162,-1.0795487157585584,0.1489228810245873,0.03357052098167508,-3.1211572911836054,0.006968946478638196,28.72548180965331,1.0131803590720747,1.2700244122134559,-0.01313118605153654
4772,19.408040800000002,0.681097287298267,0.07854199530043698,-0.05669730046211863,0.20202925582642986,-3.198154256125851,0.7372135684353708,-0.14008433193351397,0,0.004409000000000001,1,Shared Control,0.01,Good Visuals,0.09325160929494866,0.11906157326077271,0.0,5.241573966200548,0.9952442005953723,-1.0935361922482565,0.1349354045348892,0.042009828039303726,-3.063398267564194,0.006896502985718982,28.729975587786544,1.0131311860515366,1.2623157437844212,-0.013050280683599766
4773,19.4116576,0.681097287298267,0.06292741934813986,-0.05611628113710376,0.20301175128165383,-3.2363766541565226,0.7366822161130165,-0.15374720301413225,0,0.0036168000000000003,1,Shared Control,0.01,Good Visuals,0.09619031930724134,0.11833111519250591,0.0,5.243014509232177,0.9952739212319461,-1.1035050515029368,0.12496654528020897,0.05644099703047643,-2.9281419458599602,0.00675046979265858,28.73768425621558,1.0130502806835997,1.2548257605185673,-0.012970215532792435
4774,19.415042300000003,0.681097287298267,0.04646434567151653,-0.055584928814749524,0.20021154868564878,-3.29504259805113,0.7361401366936214,-0.1665702341411244,0,0.0033847,1,Shared Control,0.01,Good Visuals,0.09223958816845484,0.1174965602673055,0.0,5.244427176237765,0.9953027860738957,-1.114104514835077,0.11436708194806883,0.061684913730319126,-2.946750995868818,0.006640302127409672,28.745174239481432,1.0129702155327924,1.246209749235279,-0.012878740376522731
4775,19.4188607,0.6814114465636261,0.03328666941243385,-0.05472869012999537,0.19985690355355826,-3.3398683084100678,0.7354764222306205,-0.18107679118273742,0,0.0038184000000000004,1,Shared Control,0.01,Good Visuals,0.09232336807105038,0.11656561455104,0.0,5.246046642918384,0.9953359955639163,-1.1240444176700262,0.10442717911311958,0.07249605412058409,-2.887156626858734,0.006531037938436103,28.75379025076472,1.0128787403765227,1.236604844286065,-0.01277669987289315
4776,19.422336700000002,0.6814114465636261,0.03117619302040219,-0.05406497566699442,0.21225298420313962,-3.341636036110759,0.7348239961853624,-0.1943175658978306,0,0.0034760000000000004,1,Shared Control,0.01,Good Visuals,0.0882759295493423,0.11552848718550608,0.0,5.247852592320007,0.9953730158254047,-1.1346927245366798,0.09377887224646592,0.07681138969309201,-2.896867856426806,0.006379483398576348,28.763395155713933,1.012776699872893,1.2258997732779053,-0.012663020850735299
4777,19.426105000000003,0.6814114465636261,0.028048357954585403,-0.05341254962173636,0.22236592385241602,-3.352490849986353,0.7340646486242366,-0.20870695537898798,0,0.0037683,1,Shared Control,0.01,Good Visuals,0.07255417168044764,0.1146577955397739,0.0,5.249864980033224,0.9954142765684119,-1.1465598288558838,0.08191176792726189,0.06203259633483079,-3.053259659660901,0.006246044848529063,28.774100226722094,1.0126630208507352,1.2170223010621777,-0.012567584766241579
4778,19.4296399,0.681097287298267,0.013010986104892786,-0.052967361325969575,0.22171794148388077,-3.398430996575705,0.7333029869475994,-0.22223600890215608,0,0.0035349,1,Shared Control,0.01,Good Visuals,0.05914454478954234,0.11404175019010702,0.0,5.251544223487822,0.9954484833078838,-1.157384938461218,0.07108665832192777,0.05054799323241971,-3.1559166220617816,0.006124165193787075,28.782977698937824,1.0125675847662416,1.2107961096810185,-0.012500060337437243
4779,19.4331748,0.681097287298267,-0.009063419279078772,-0.052205699649332415,0.2131725896230773,-3.4538899794004423,0.7324934519728223,-0.2357926570113596,0,0.0035349,1,Shared Control,0.01,Good Visuals,0.057508995072341806,0.11330548303945326,0.0,5.252727241587482,0.9954724692211345,-1.1685322886285314,0.05993930815461442,0.05838508079284205,-3.1156125568946447,0.006040490588565359,28.78920389031898,1.0125000603374372,1.203163727251933,-0.01241935845595697
4780,19.4366792,0.681097287298267,-0.02190842524331933,-0.05139616467455532,0.21388423176804028,-3.46844145864522,0.7316435543555612,-0.2492573067596065,0,0.0035044000000000004,1,Shared Control,0.01,Good Visuals,0.06208332817200446,0.11239776025823807,0.0,5.254158946766757,0.9955018892812667,-1.1787728145513041,0.04969878223184177,0.07613203849258675,-2.994480941216635,0.005915192016180225,28.796836272748067,1.0124193584559569,1.1937446518258015,-0.012319863406854852
4781,19.4409318,0.6806260484002287,-0.028256883559079696,-0.0510175059553325,0.22100042320052682,-3.465792492647146,0.7305487673011405,-0.26562682058472475,0,0.0042526000000000005,1,Shared Control,0.01,Good Visuals,0.05720446124756787,0.11117667906487105,0.0,5.255924939122387,0.9955381969045445,-1.1925353920686834,0.03593620471446256,0.0778800446196652,-3.0122299716297616,0.005776813795283594,28.806255348174197,1.0123198634068549,1.1810328142596163,-0.012186021295798564
4782,19.444641100000002,0.6806260484002287,-0.037167983272819755,-0.04992271890091182,0.228458837311905,-3.464468232818711,0.7295369586867864,-0.27992897208088696,0,0.0037093000000000004,1,Shared Control,0.01,Good Visuals,0.048240385306948325,0.11034287142660176,0.0,5.258304435503674,0.9955872000601091,-1.2028848747900467,0.025586721993099294,0.07169490632573843,-3.0225410243168316,0.005671956886286149,28.818967185740384,1.0121860212957985,1.172608369772091,-0.012094628049283077
4783,19.448089500000002,0.6803118891348697,-0.0436943065335664,-0.049225069551916634,0.23623466554732056,-3.4377331327328733,0.7285487006758028,-0.2932426559603291,0,0.0034484000000000003,1,Shared Control,0.01,Good Visuals,0.035130673364420134,0.1096016366083637,0.0,5.2599054635670965,0.995619653916349,-1.2142337028792651,0.014237893903880942,0.06248493441577876,-3.1698866234339844,0.005508616152949695,28.827391630227908,1.012094628049283,1.1650010131716872,-0.012013381664193934
4784,19.4516649,0.6799977298695107,-0.052671517383051224,-0.048550970806292115,0.24057113857727788,-3.4194320918735452,0.7274755402891553,-0.3070620279685824,0,0.0035754000000000003,1,Shared Control,0.01,Good Visuals,0.02378301423700596,0.10901902646893719,0.0,5.261339761840851,0.9956489701921404,-1.2253073698734451,0.003164226909701036,0.052639257771663804,-3.2578232456179297,0.005395148185050595,28.834998986828314,1.0120133816641939,1.1590574256486337,-0.011949522052394801
4785,19.455204300000002,0.6795264909714722,-0.06919479064644292,-0.04794904931768307,0.2378672373221395,-3.4246810090497437,0.7263644955322469,-0.32075523007684953,0,0.0035394000000000003,1,Shared Control,0.01,Good Visuals,0.01596781033549427,0.10845381900604353,0.0,5.2624637969685155,0.9956718717667367,-1.2374362908066119,-0.008964694023465681,0.047932506002613263,-3.2971567806140154,0.005292979571423757,28.840942574351367,1.0119495220523949,1.1532308231815558,-0.011887569939440002
4786,19.459018800000003,0.6793694113387927,-0.08356576638267027,-0.04699508419345422,0.23718946369417926,-3.4149502200621673,0.7251128096430968,-0.33552436452124196,0,0.0038145,1,Shared Control,0.01,Good Visuals,0.015539634352854742,0.10776526600003972,0.0,5.263559900976013,0.9956943276087687,-1.2500761496851784,-0.021604552902032313,0.055422545402002796,-3.2249474099521946,0.005200257516211854,28.846769176818444,1.01188756993944,1.1460712182277049,-0.011812097981966325
4787,19.4627401,0.6788981724407542,-0.09033889118925806,-0.046214637202342534,0.2451854733319839,-3.387184094035728,0.7238374000236705,-0.34994138153328314,0,0.0037213000000000003,1,Shared Control,0.01,Good Visuals,0.011249713259556038,0.10716111753483004,0.0,5.264900937509016,0.9957219257993206,-1.2609921888714142,-0.032520592088268116,0.05711934389226075,-3.2075808610236853,0.005064437748801855,28.853928781772296,1.0118120979819663,1.1398688414585947,-0.011745877564835737
4788,19.466047000000003,0.6784269335427158,-0.09902436600133752,-0.0454104664809547,0.2509170155319456,-3.3805878146061223,0.7226589884952883,-0.3627578168314358,0,0.0033069,1,Shared Control,0.01,Good Visuals,-0.0007728888171052994,0.10665245332028206,0.0,5.266070188081252,0.9957458275302489,-1.272857562943212,-0.0443859661600658,0.04666149712801323,-3.314813262130936,0.004952412169069757,28.860131158541407,1.0117458775648358,1.1346533556305645,-0.01169012312961578
4789,19.4696618,0.6779556946446773,-0.11223712329892305,-0.044703293850611,0.2505206935325128,-3.3869749353217955,0.7213223658361577,-0.37677031230864827,0,0.0036148,1,Shared Control,0.01,Good Visuals,-0.010675233630693087,0.10623825994947222,0.0,5.267054031980965,0.9957659255337814,-1.2844805653783846,-0.05600896859523848,0.04035999472329499,-3.380352034426676,0.004843137656612255,28.865346644369435,1.0116901231296158,1.130411878712111,-0.011644723597270312
4790,19.474447100000003,0.676856137215921,-0.12848995913460542,-0.04446622862023675,0.24828035317404284,-3.368823905868626,0.719475022646071,-0.39532009456859263,0,0.0047853,1,Shared Control,0.01,Good Visuals,-0.025467655318388432,0.1054333954084546,0.0,5.268849959479432,0.9958027689011251,-1.3081090720664452,-0.07963747528329905,0.0343894146497284,-3.4225637776904194,0.004618271005593705,28.874906011983533,1.0115887545142406,1.1221416831185855,-0.011556502789457274
4791,19.4799396,0.676227818685203,-0.14423854639941172,-0.04324720396086801,0.25108154816918093,-3.3656599725167093,0.717245271296389,-0.4166036649526078,0,0.0054925,1,Shared Control,0.01,Good Visuals,-0.02726473269054161,0.10461702729710778,0.0,5.270297324803316,0.9958324179485651,-1.3272403152766847,-0.09876871849353848,0.04387053414267152,-3.3018475625785237,0.0044906764959085155,28.882599239363813,1.0115069490251614,1.1136704005861289,-0.011467021080939263
4792,19.486018700000002,0.6748141019910875,-0.15539587392256612,-0.04243116930530155,0.26120779103004166,-3.363114289729198,0.7146411428608866,-0.4401397233200993,0,0.0060791000000000005,1,Shared Control,0.01,Good Visuals,-0.0549244403719365,0.10409042380216067,0.0,5.271828535063215,0.9958638166890951,-1.3472764648793858,-0.11880486809623955,0.012689863708291194,-3.549208841299545,0.004322810855244177,28.890746185187567,1.0114204898167432,1.1083285491814212,-0.01140930032998822
4793,19.492219900000002,0.6744999427257284,-0.17739912419702086,-0.040141200135158206,0.26274059912307846,-3.4271597743363804,0.7118373947315605,-0.46411301045263664,0,0.0062012000000000005,1,Shared Control,0.01,Good Visuals,-0.03643056834178224,0.10365409360718213,0.0,5.27201469674244,0.9958673724604993,-1.3597518455108666,-0.13128024872772026,0.039505194838232616,-3.1353055118071653,0.00441667839541007,28.891671450818578,1.0114093003299882,1.1036759808706877,-0.011361474391196632
4794,19.495873600000003,0.6737145445623312,-0.18533380578773198,-0.03812285016922934,0.2787792046649047,-3.4483585738236315,0.7101158962437066,-0.4782154685052956,0,0.0036537,1,Shared Control,0.01,Good Visuals,-0.04999996214322455,0.10328552248523663,0.0,5.2728752879037994,0.9958853151588076,-1.371721287240142,-0.14324969045699587,0.039125159033981616,-3.3346636566767716,0.00416079971631432,28.896324019129313,1.0113614743911967,1.0998912573763213,-0.011321075491186106
4795,19.499669700000002,0.6730862260316132,-0.1857669702783461,-0.03702967021209347,0.2924484982269495,-3.4621610166875016,0.7082727653630848,-0.49284613195652877,0,0.0037961,1,Shared Control,0.01,Good Visuals,-0.07659194928771967,0.10313962056016883,0.0,5.2735887220716045,0.9958998998046302,-1.3844596790288464,-0.15598808224570015,0.017149300212406734,-3.7024827172516472,0.003937538498355244,28.90010874262368,1.011321075491186,1.0984696608989974,-0.011305083252697521
4796,19.503113600000002,0.6721437482355361,-0.19309402142987342,-0.03612901712754868,0.29975211052665535,-3.5005174393508667,0.7065526276236742,-0.5060977807463023,0,0.0034439,1,Shared Control,0.01,Good Visuals,-0.09596158510162855,0.10315048154853564,0.0,5.27386401719481,0.9959053719460668,-1.3982841222377032,-0.16981252545455694,-0.001280414362674013,-3.8867642849912247,0.003819226135143507,28.901530339101,1.0113050832526975,1.0986432478339732,-0.011306273720308575
4797,19.5075694,0.6713583500721387,-0.20527728876411017,-0.03519427755153548,0.30082049198219213,-3.5398683070186507,0.7042594208503322,-0.5232084940650756,0,0.0044558,1,Shared Control,0.01,Good Visuals,-0.10798597978887459,0.10322376064799453,0.0,5.2738372229203625,0.9959046981159517,-1.414178889172233,-0.18570729238908662,-0.007872620735209663,-3.957860292462567,0.003726725514581938,28.901356752166027,1.0113062737203087,1.0994257671527459,-0.01131430580648037
4798,19.510998500000003,0.6699446333780233,-0.219043275292726,-0.03431478747230887,0.30416521877234964,-3.563769550190919,0.7024427522926722,-0.5363469438762379,0,0.0034291,1,Shared Control,0.01,Good Visuals,-0.1296249092597099,0.10337863144770798,0.0,5.273599439894479,0.9958997890506612,-1.4397025232004177,-0.21123092641727137,-0.01662909323035721,-4.07427188706283,0.003478875279517627,28.9000833348497,1.011319613663771,1.1010421272393822,-0.01133128111892251
4799,19.516975900000002,0.6682167574185489,-0.25008660623686063,-0.034225994874123256,0.2862603376393773,-3.654542365098114,0.699168505722505,-0.5591796394102605,0,0.005977400000000001,1,Shared Control,0.01,Good Visuals,-0.12778277163046298,0.10345975244076697,0.0,5.273305556248164,0.995893759003667,-1.4624126875464953,-0.2339410907633491,-0.005735369735679683,-3.8014196569384904,0.003474788767517561,28.89851876329734,1.0113361974692927,1.1018536951630167,-0.011340172751207876
4800,19.524217,0.6661747221937155,-0.26654497081178746,-0.032993783528789455,0.29263466859847304,-3.6377997732935605,0.6950196776076398,-0.5867051518201774,0,0.0072411,1,Shared Control,0.01,Good Visuals,-0.128517223138577,0.10314938771825706,0.0,5.273713523599727,0.9959023654226208,-1.4868913383558224,-0.2584197415726761,0.010271798542921038,-3.6695030359813616,0.003292090838748682,28.900749437810855,1.0113137864511543,1.098600438108259,-0.011306153826107914
4801,19.5298923,0.6652322443976386,-0.2797134183991044,-0.029787433210001213,0.30699173342107294,-3.655783068541244,0.6916290119156993,-0.6081617286758136,0,0.0056753,1,Shared Control,0.01,Good Visuals,-0.1174322798558764,0.10300072599669267,0.0,5.2738422765935224,0.9959048655805848,-1.4970239535253305,-0.26855235674218414,0.0229751242238858,-3.3280612131340788,0.0034032885695033472,28.90139956189174,1.011306153826108,1.0970283161182124,-0.011289859087678133
4802,19.533121,0.6644468462342412,-0.28865884792038404,-0.027182165681458037,0.3195028807554296,-3.6426569581770183,0.6896458055284823,-0.6203179127683414,0,0.0032287,1,Shared Control,0.01,Good Visuals,-0.1486334994491492,0.10301293131560281,0.0,5.27413427634774,0.9959109274355751,-1.5107609090803318,-0.28228931229718535,-0.0017914111911927265,-3.8388541121733826,0.0030681272462081185,28.902971683881788,1.0112898590876782,1.097219727935586,-0.01129119690670108
4803,19.53667,0.6635043684381643,-0.28355558732931374,-0.02614143709031802,0.3367623254390276,-3.5778123687091345,0.6874206521891659,-0.6336347043128405,0,0.003549,1,Shared Control,0.01,Good Visuals,-0.1748345904485129,0.10316066038149407,0.0,5.2741045061301,0.995910184606554,-1.5250682943422094,-0.296596697559063,-0.025048325222900406,-4.185526507877494,0.0028001145663533724,28.902780272064415,1.011291196906701,1.0988023293971354,-0.011307389417199698
4804,19.541033900000002,0.6609910943152925,-0.2998511096014549,-0.026429557873873466,0.33378359471138563,-3.538597078537673,0.6846199273921213,-0.6499402246083686,0,0.0043639,1,Shared Control,0.01,Good Visuals,-0.21432365480272353,0.10385363280010608,0.0,5.273124417240406,0.9958897923786407,-1.555848334050995,-0.32737673726784844,-0.07207697262483688,-4.442981104926948,0.002638188826198539,28.897492095348532,1.0113457713936442,1.1060518309204963,-0.011383345784323054
4805,19.546959400000002,0.6597344572538565,-0.32282254388442444,-0.02488547013826481,0.3271176807239442,-3.5341039047027016,0.6807034198012955,-0.671950196554357,0,0.0059255,1,Shared Control,0.01,Good Visuals,-0.19305836479299474,0.10407278928222663,0.0,5.272458648506227,0.9958761336629467,-1.567800571076888,-0.33932897429374165,-0.04370465120110956,-3.9651783252805632,0.0027448055985024073,28.893948169079504,1.011383345784323,1.1082701013194665,-0.011407367418902326
4806,19.5502816,0.6586348998251,-0.34340443654475516,-0.02206851997619541,0.3285457600096018,-3.5269318243411827,0.6784506704668201,-0.6842203814416739,0,0.0033222000000000004,1,Shared Control,0.01,Good Visuals,-0.19456876574103274,0.10427425345051237,0.0,5.272037425747739,0.9958675879161897,-1.5819875285672536,-0.3535159317841071,-0.035800929659625925,-3.9649415864189006,0.0025899002898887766,28.891729898680534,1.0114073674189024,1.1103486533986748,-0.01142944980763457
4807,19.5536883,0.6572211831309848,-0.3569118978122838,-0.021229487335835295,0.3273084836293901,-3.5115475232979922,0.676098382619767,-0.6967475101413985,0,0.0034067000000000004,1,Shared Control,0.01,Good Visuals,-0.21084800450745786,0.10448282242214373,0.0,5.2716465482851245,0.9958595772356572,-1.5962295840543423,-0.36775798727119585,-0.04408051749568352,-4.195008979996675,0.002301178445275496,28.889651346601326,1.0114294498076346,1.1125096805348604,-0.011452310950378899
4808,19.5578782,0.6554933071715102,-0.3662642506369651,-0.020605075448256738,0.33048325950443336,-3.5022975076041196,0.6731469393641053,-0.7120745239114069,0,0.0041899,1,Shared Control,0.01,Good Visuals,-0.21404481711469547,0.10476924962131882,0.0,5.271241033920037,0.99585124795454,-1.6170531602037486,-0.38858156342060207,-0.042440041235606685,-4.139793671975944,0.0022181167554232283,28.88749031946514,1.0114523109503788,1.1155045310600284,-0.01148370609527981
4809,19.5620505,0.6539225108447154,-0.37545787687987153,-0.01922442851938988,0.3366166470315354,-3.5093333406213834,0.6701442698657555,-0.727245189705358,0,0.0041723,1,Shared Control,0.01,Good Visuals,-0.22050555841378855,0.10497945578347341,0.0,5.270681621199305,0.9958397026700999,-1.6314157152878535,-0.40294411850470707,-0.04537016220603395,-4.029445372041572,0.002158778293104518,28.88449546893997,1.0114837060952797,1.1176472625395109,-0.011506746689674873
4810,19.5656523,0.6525087941505999,-0.38837909055203224,-0.017635475715155557,0.3388660991533258,-3.5324931927341865,0.6675014100942317,-0.7402642949813992,0,0.0036018,1,Shared Control,0.01,Good Visuals,-0.23389539439882878,0.1052054238848046,0.0,5.27027620544764,0.9958314466738014,-1.6455927756313222,-0.41712117884817584,-0.05453032295324511,-4.133976889096866,0.002018170043713835,28.88235273746049,1.0115067466896748,1.1199914655830185,-0.011531514942496908
4811,19.5691361,0.6507809181911256,-0.4068817191775178,-0.016720491903106094,0.3333825758038814,-3.569277751799205,0.6649006451508416,-0.7527860144250201,0,0.0034838,1,Shared Control,0.01,Good Visuals,-0.24451438058159422,0.10543728221305414,0.0,5.269836596009716,0.9958224110836073,-1.6606526059560023,-0.43218100917285596,-0.058616811145730474,-4.214779973882656,0.0018553476980231179,28.88000853441698,1.0115315149424968,1.122391517260789,-0.011556928820204197
4812,19.574188300000003,0.6471680866394973,-0.45410933232506573,-0.017732558511344254,0.2986766820999544,-3.6690802754829277,0.6610518086873723,-0.770815917301633,0,0.005052200000000001,1,Shared Control,0.01,Good Visuals,-0.2379135216002814,0.10573795822418336,0.0,5.269029806679467,0.9958058911922497,-1.6905019283206382,-0.4620303315374917,-0.03049774741856776,-3.944857021999235,0.0016738493940917471,28.875721965632273,1.011577133307522,1.1254534229707198,-0.011589885770398928
4813,19.579975,0.6455972903127024,-0.470383608959807,-0.015454518374669934,0.300432308341826,-3.694819269245861,0.6565320426238234,-0.7912703136269384,0,0.0057867000000000005,1,Shared Control,0.01,Good Visuals,-0.20399322937243353,0.10567253593480185,0.0,5.268806403192767,0.9958013632361825,-1.7021781507028255,-0.4737065539196791,0.016077008769409172,-3.26900229077424,0.0018750045310804058,28.87454657702928,1.0115898857703989,1.1247029528006955,-0.01158271486532847
4814,19.5836769,0.6437123347205486,-0.47978323041011717,-0.012819707903274802,0.3114870832168213,-3.7079708596158043,0.653578803984892,-0.8042402329080337,0,0.0037019,1,Shared Control,0.01,Good Visuals,-0.21774283744475764,0.10563828332038497,0.0,5.268940355432374,0.9958042616456398,-1.714162335246373,-0.4856907384632266,0.009990887794367109,-3.4677463304920524,0.0016331181483023641,28.875297047199304,1.0115827148653285,1.124363075033628,-0.011578960453052158
4815,19.587134600000002,0.6419844587610741,-0.48995646567792717,-0.011594345223817859,0.31428376723010654,-3.7320401101955407,0.6507771607537103,-0.8162701413573932,0,0.0034577,1,Shared Control,0.01,Good Visuals,-0.24263346045459022,0.10566925461204188,0.0,5.2690055534253775,0.9958055704490465,-1.7278660822818426,-0.4993944854986962,-0.010558584213551832,-3.821031406276378,0.001354251935570722,28.875636924966372,1.011578960453052,1.1247097701246023,-0.011582355201149187
4816,19.591387500000003,0.6396282642708818,-0.4957256436026975,-0.011148896482828463,0.3205444977546957,-3.7338496135480885,0.6472743811979711,-0.8309511303637732,0,0.0042529,1,Shared Control,0.01,Good Visuals,-0.2518751620979833,0.10572235566703428,0.0,5.268942938025271,0.9958042320935536,-1.7470938424499465,-0.5186222456668,-0.014466812391722114,-3.8688424652616478,0.001225165817515521,28.875290229875397,1.0115823552011491,1.1252673350542193,-0.011588175581757867
4817,19.5955587,0.637429149413369,-0.5040675076260133,-0.00984523178460206,0.32688362273775995,-3.747767055789188,0.6437785093935644,-0.8452221597635639,0,0.0041712,1,Shared Control,0.01,Good Visuals,-0.2604571376655858,0.1057718810667838,0.0,5.268839010754749,0.9958020824473904,-1.7601170653992244,-0.5316454686160781,-0.020409425729874107,-3.7977437738475466,0.0011786875992525383,28.874732664945782,1.011588175581758,1.12577771723557,-0.011593604036548088
4818,19.599088000000002,0.6355441938212151,-0.5257113063797237,-0.008234315572349327,0.3195108533838401,-3.8073124168481463,0.640774311151858,-0.8571949108641781,0,0.0035293000000000004,1,Shared Control,0.01,Good Visuals,-0.2736387534336048,0.1058371701399984,0.0,5.26874297830321,0.9958001154730015,-1.774051452309791,-0.5455798555266446,-0.0294532665004028,-3.9136039630856585,0.0010413486853958487,28.87422228276443,1.011593604036548,1.1264592006204404,-0.011600760339859791
4819,19.6027376,0.6333450789637023,-0.5506179651668539,-0.007429232188155721,0.3065769456973242,-3.864347735302998,0.6376234532098433,-0.8694744112721532,0,0.0036496000000000002,1,Shared Control,0.01,Good Visuals,-0.2747846620410817,0.10587159902555728,0.0,5.26861557464833,0.9957974883873619,-1.7874243067405995,-0.558952709957453,-0.019144578124648943,-3.888927336146926,0.0008714966582171739,28.87354079937956,1.0116007603398598,1.1268023065581767,-0.011604534073129575
4820,19.607483400000003,0.629103928881356,-0.571465447074693,-0.008519524328487238,0.29800896419746015,-3.9067241860867665,0.633459516222161,-0.8852834719399024,0,0.0047458000000000005,1,Shared Control,0.01,Good Visuals,-0.27432796322568875,0.10586895881070321,0.0,5.268558301939899,0.9957963704890583,-1.8135334870154742,-0.5850618902323277,-0.0007677498904728955,-3.7624655949346466,0.0006192400568817496,28.873250161656582,1.0116041408349816,1.1267618001593898,-0.011604244680473599
4821,19.6130065,0.6254910973297277,-0.6206637174098645,-0.007968418892433271,0.26461975453003794,-4.068371170882148,0.6285197263244534,-0.9034483122590073,0,0.0055231,1,Shared Control,0.01,Good Visuals,-0.2550127457120154,0.10577887329957646,0.0,5.268645705165462,0.9957981977512808,-1.833214079340533,-0.6047424825573864,0.03867824880901669,-3.331062491734436,0.0006437752750678635,28.873723909104736,1.0115992961331193,1.1258119830506381,-0.011594370451757045
4822,19.6189532,0.6237632213702534,-0.6253433592454979,-0.0047565049541999915,0.27810495301350946,-4.05501783560058,0.6230897512716463,-0.9227149398562391,0,0.0059467,1,Shared Control,0.01,Good Visuals,-0.2215248769146671,0.10564423658067999,0.0,5.268732935877689,0.9957999864677093,-1.8416161909033004,-0.6131445941201538,0.08434879903238335,-2.7438154146585556,0.0008428903724206503,28.87418801694936,1.0115943704517572,1.1243832422392812,-0.01157961298699493
4823,19.6224919,0.62172118614542,-0.6154603366870306,-0.0013685651262262954,0.3072546031692085,-4.003481492894929,0.6198044833347597,-0.9340317792897218,0,0.0035387,1,Shared Control,0.01,Good Visuals,-0.2518764263546035,0.10558237396413905,0.0,5.268997841035601,0.995805496048485,-1.85335349897316,-0.6248819021900134,0.05488096713459814,-3.217993110122164,0.0005024973346786804,28.875616757760717,1.011579612986995,1.1237742386288276,-0.011572832255919648
4824,19.6260826,0.6190508323898687,-0.6053792335656287,-0.0007536509448909934,0.3286525457240931,-3.9476655508181993,0.6164302122523433,-0.9453988080687178,0,0.0035907,1,Shared Control,0.01,Good Visuals,-0.29875541572609604,0.10558179016512712,0.0,5.269115143018845,0.9958078407971105,-1.868258422057702,-0.6397868252745555,0.0017205267622140568,-3.8451417807038153,0.0001444963549515039,28.876225761371174,1.0115728322559197,1.123792733186692,-0.011572768265996116
4825,19.6296827,0.6163804786343173,-0.6209214797252498,-4.973361802595999e-05,0.324477328343468,-3.9673360985465753,0.6130063467638678,-0.9566756122861837,0,0.0036001,1,Shared Control,0.01,Good Visuals,-0.3233036851143974,0.1055865452868327,0.0,5.269113994828454,0.9958077675445376,-1.8820704128192993,-0.6535988160361528,-0.02902122200347186,-4.013596827244711,7.957181592123065e-05,28.876207266813307,1.011572768265996,1.1238436054184855,-0.011573289472555403
4826,19.6331767,0.6143384434094841,-0.6494270928505487,0.0013320966456162875,0.307248519435635,-3.995338810453349,0.60964477314565,-0.9675027658566655,0,0.003494,1,Shared Control,0.01,Good Visuals,-0.32285492865591775,0.10558678891023823,0.0,5.269104600549092,0.9958075713364858,-1.8961103135563202,-0.6676387167731738,-0.02160238616228379,-3.921212327055148,5.251200911976063e-06,28.876156394581514,1.0115732894725553,1.1238442404006594,-0.011573316175997465
4827,19.636683400000003,0.6115110100212532,-0.671369689497574,0.0018662368756031666,0.2961330763590915,-3.993969571581932,0.606233151214078,-0.9782507263639407,0,0.0035067,1,Shared Control,0.01,Good Visuals,-0.31297935739745475,0.10558678357265311,0.0,5.2691043026402085,0.9958075690405418,-1.908856056394301,-0.6803844596111545,-1.843267776320105e-05,-3.7502921314602196,-0.00014065180732872337,28.876155759599342,1.0115733161759974,1.1238441201144322,-0.011573315590947375
4828,19.6411172,0.6066415414081889,-0.7128880982532038,0.00040839019411098576,0.26536262811073696,-4.0656509768219795,0.601865969112282,-0.9916665971924787,0,0.0044338,1,Shared Control,0.01,Good Visuals,-0.2959886920294232,0.10561225973119927,0.0,5.269088839545424,0.9958072454050203,-1.9332551689702904,-0.7047835721871438,0.0353032905127416,-3.3860210751450435,-0.00027533845277927466,28.876071855188897,1.0115741723396248,1.1241147075431999,-0.011576108020197736
4829,19.646952300000002,0.6042853469179966,-0.7252597670748124,0.002419377805714662,0.2664068301176663,-4.103768468997651,0.5960286973054068,-1.0090196990855729,0,0.0058351,1,Shared Control,0.01,Good Visuals,-0.26640166689517264,0.1056182441888661,0.0,5.269054171021723,0.995806526038833,-1.9418701126613154,-0.7133985158781688,0.07364054100077373,-2.831162276455011,-4.313101125212431e-05,28.8758852924568,1.0115761080201977,1.1241717136642104,-0.01157676397366914
4830,19.6501272,0.6019291524278043,-0.73378837477805,0.005900455122397563,0.27523132430752284,-4.137530176236978,0.5928103790752973,-1.0183136332171328,0,0.0031749,1,Shared Control,0.01,Good Visuals,-0.2780374072777913,0.10565688614312245,0.0,5.269043000935452,0.9958063067181839,-1.9526237710140897,-0.7241521742309432,0.06848780337356979,-3.013917699768608,-0.0002555304358690942,28.87582828633579,1.0115767639736692,1.1245847304555674,-0.011580999499333694
4831,19.6537727,0.598944639406894,-0.7393311931517379,0.006134260331596697,0.27898244006539485,-4.159999761779985,0.5890788615740769,-1.028853837157694,0,0.0036455000000000003,1,Shared Control,0.01,Good Visuals,-0.3051659516581307,0.10571765480266598,0.0,5.268966695758576,0.995804713791106,-1.9643736505626912,-0.7359020537795448,0.04614269897074709,-3.4254211266402894,-0.0006234237150597629,28.875415269544433,1.0115809994993337,1.125221827154873,-0.011587660322318725
4832,19.657911000000002,0.5958030467533043,-0.7504455928449861,0.00672418517922746,0.27840824431270794,-4.2124537975532705,0.5847966925027972,-1.0406457186449432,0,0.0041383,1,Shared Control,0.01,Good Visuals,-0.3101318280228607,0.10579918108015426,0.0,5.268847852787892,0.9958022575942957,-1.9798556008665102,-0.7513840040833638,0.04479501166092028,-3.388847609460224,-0.0006484996162054269,28.874778172845126,1.0115876603223186,1.1260730428390078,-0.011596596377631725
4833,19.6616605,0.5926614540997145,-0.7657372817176895,0.007864761596917291,0.27490843692725364,-4.289417435649275,0.5808750164430151,-1.0511678761912506,0,0.0037495000000000002,1,Shared Control,0.01,Good Visuals,-0.31266628339245683,0.10587322038313396,0.0,5.268688740934204,0.9957989761801386,-1.9911816263178914,-0.7627100295347449,0.049370270787169546,-3.298970479838367,-0.0007114132853935756,28.873926957160993,1.0115965963776317,1.126835227192423,-0.0116047117893388
4834,19.665096400000003,0.5903052596095221,-0.7797450933277392,0.00943024316650698,0.2714227828635114,-4.363436059446682,0.5772469422545697,-1.06067254306228,0,0.0034359000000000004,1,Shared Control,0.01,Good Visuals,-0.31518858490284163,0.10597678860456149,0.0,5.268545251563561,0.995796038843159,-2.0029659751739124,-0.7744943783907661,0.056616334484369195,-3.297151410430919,-0.0008326676378112329,28.873164772807577,1.0116047117893388,1.1279180924799714,-0.011616063851322475
4835,19.668864300000003,0.5871636669559323,-0.787833227572305,0.009916724701362511,0.2728393154899751,-4.414011672538907,0.5732310360888453,-1.0709420670456695,0,0.0037679000000000002,1,Shared Control,0.01,Good Visuals,-0.3199623543569591,0.10610449863920979,0.0,5.268342981119135,0.9957918642974035,-2.0143235673559627,-0.7858519705728162,0.06080898068943854,-3.324627417027732,-0.0009993868865465208,28.872081907520027,1.0116160638513225,1.1292479459735694,-0.011630062085619466
4836,19.6723755,0.584493313200381,-0.7963126354173549,0.011262277111535712,0.27462943162831466,-4.470847537553373,0.5694541593859043,-1.080365146338648,0,0.0035112000000000003,1,Shared Control,0.01,Good Visuals,-0.3239320105334025,0.10625313115901396,0.0,5.268094066603609,0.9957867380150198,-2.0263904552198295,-0.7979188584366829,0.06281576220677038,-3.29453350366306,-0.0010522091025811366,28.87075205402643,1.0116300620856196,1.1307927075148076,-0.011646353623258623
4837,19.676091500000002,0.5813517205467912,-0.7994958045231576,0.011897561160886916,0.2808693418154905,-4.497464436227038,0.565421233968293,-1.0901812380338136,0,0.003716,1,Shared Control,0.01,Good Visuals,-0.3327981863319332,0.1064258424653128,0.0,5.267804648616553,0.9957807835392336,-2.0395021275363154,-0.811030530753169,0.06021202594040167,-3.35054105652163,-0.0011966522070811648,28.869207292485193,1.0116463536232587,1.132587555287867,-0.011665284424882539
4838,19.6796949,0.5777388889951629,-0.8133015830753201,0.012317655026869878,0.27687965495849354,-4.558639013409436,0.5614759598273791,-1.0995438365779708,0,0.0036034,1,Shared Control,0.01,Good Visuals,-0.34235237706320126,0.1065686202231504,0.0,5.2674683604992945,0.9957738650765733,-2.0510881593504027,-0.8226165625672563,0.053685905376619325,-3.3624609844407196,-0.0012662079698299749,28.867412444712134,1.0116652844248826,1.134050541311286,-0.011680934224932424
4839,19.6832558,0.5753826945049706,-0.8398891203486094,0.013906734677591515,0.2596547162293614,-4.647444520040881,0.5575443482539687,-1.1086429158162652,0,0.0035609,1,Shared Control,0.01,Good Visuals,-0.3405874208435178,0.10675061918488125,0.0,5.2671922908618365,0.9957682274843344,-2.06269398523381,-0.8342223884506634,0.06396276576209352,-3.2660267013949946,-0.0013126755005982754,28.865949458688714,1.0116809342249324,1.135947771527024,-0.011700883041915628
4840,19.6866863,0.5717698629533423,-0.8553631822554317,0.01422551469937361,0.25327973356083344,-4.680408393719622,0.5537263220744888,-1.1172629233506652,0,0.0034305000000000004,1,Shared Control,0.01,Good Visuals,-0.3317985274794657,0.10702174470435495,0.0,5.266837374248305,0.9957609138798872,-2.0734970502268273,-0.8450254534436805,0.08655087899467391,-3.1445393663271997,-0.001484552537672754,28.864052228472975,1.0117008830419156,1.1387859035718788,-0.011730600977205033
4841,19.690943800000003,0.568157031401714,-0.878717318546694,0.014430709327225233,0.23854560480397125,-4.769740671083664,0.5489471514838539,-1.1277591568822252,0,0.0042575,1,Shared Control,0.01,Good Visuals,-0.3271192231759529,0.10738968741545951,0.0,5.266307553809524,0.9957499722228598,-2.0855261171114896,-0.8570545203283427,0.09869706304807302,-3.0188136835049573,-0.0015224394024444111,28.86121409642812,1.0117306009772051,1.142626789037746,-0.011770930997411319
4842,19.6940883,0.5654866776461628,-0.8948230044262222,0.016539526162308915,0.23293615245600297,-4.829115114983533,0.5453889202425644,-1.1353660812057744,0,0.0031445,1,Shared Control,0.01,Good Visuals,-0.3135144393419255,0.10781871975901343,0.0,5.2655895379236295,0.9957351655205056,-2.0954584577938977,-0.8669868610107507,0.1253849340331212,-2.7737770002256408,-0.0015497093638340738,28.857373210962255,1.0117709309974112,1.1470831218412343,-0.011817957022285509
4843,19.6976999,0.5618738460945345,-0.8931734087261742,0.016484925851970145,0.2421926724796002,-4.832342178380028,0.5412728837862498,-1.1439486355619395,0,0.0036116000000000004,1,Shared Control,0.01,Good Visuals,-0.3190152599221382,0.10830072461541093,0.0,5.264754383930617,0.9957179879786836,-2.1052168741782635,-0.8767452773951168,0.12858076586751138,-2.8580179195073807,-0.0017832705362408558,28.852916878158766,1.0118179570222856,1.1520824763559174,-0.011870789338326457
4844,19.7010855,0.5590464127063037,-0.8974872964211149,0.017773528920053905,0.24646133914082458,-4.875757943631974,0.5373865268069954,-1.1518425753499222,0,0.0033856000000000003,1,Shared Control,0.01,Good Visuals,-0.32792456289533145,0.10877191661291756,0.0,5.263816788116075,0.9956987177850906,-2.1155351117853503,-0.8870635150022034,0.12001278653073937,-2.8638701066048426,-0.0017853294149996872,28.84791752364408,1.0118707893383265,1.156942211328922,-0.011922436462204615
4845,19.704932200000002,0.5554335811546754,-0.9051507421539199,0.018047054347680058,0.2466918331960023,-4.912791743046083,0.5329387679504235,-1.160631547452642,0,0.0038467,1,Shared Control,0.01,Good Visuals,-0.33893697806690115,0.10922866449010027,0.0,5.262902786728185,0.9956799879405802,-2.1256952532023763,-0.8972236564192292,0.1131574285027843,-2.9514703163565645,-0.001933260805609382,28.84305778867108,1.0119224364622046,1.1616505866173843,-0.011972500373134276
4846,19.7088423,0.5515065903376881,-0.9250352984833454,0.01856782238726462,0.23559624896929665,-4.986393539727987,0.5283834391417395,-1.1693667489636967,0,0.0039101000000000006,1,Shared Control,0.01,Good Visuals,-0.3405855522694435,0.10978245676066356,0.0,5.262017030367744,0.9956618415852736,-2.1372252462593,-0.9087536494761529,0.11664804826739457,-2.8911717795696212,-0.0019712556443773504,28.838349413382616,1.0119725003731344,1.1674065020328515,-0.012033201272453236
4847,19.7121904,0.5488362365821369,-0.9380519564652682,0.020452797440397408,0.23131479249842857,-5.015031052539139,0.5244559887357082,-1.1766854877135744,0,0.0033481,1,Shared Control,0.01,Good Visuals,-0.33225314305823556,0.11037674246668104,0.0,5.260938694609938,0.9956396539106186,-2.1468895750918415,-0.9184179783086943,0.1360446895989396,-2.723420174869376,-0.002038421158369559,28.83259349796715,1.0120332012724533,1.1735535761334728,-0.012098340637383286
4848,19.715669400000003,0.5450663253978291,-0.9323023943738512,0.020610336662120865,0.2443830933397232,-4.978218387659464,0.5203493005732198,-1.184131390108822,0,0.0034790000000000003,1,Shared Control,0.01,Good Visuals,-0.3378780019086514,0.11101327115329117,0.0,5.259784283903392,0.995615960753371,-2.1564734918948525,-0.9280018951117054,0.13642314533571429,-2.7903213680994092,-0.002257513155801938,28.82644642386653,1.0120983406373834,1.1801356642057275,-0.012168110234709463
4849,19.719113,0.5419247327442392,-0.9366224532209224,0.021575432171019426,0.24750893688789954,-4.996305433648157,0.5162591670151987,-1.1913404032893287,0,0.0034436000000000002,1,Shared Control,0.01,Good Visuals,-0.35168595301350325,0.1115932423781412,0.0,5.258548003491636,0.9955905909145356,-2.1666612125188274,-0.9381896157356803,0.11947764716502696,-2.85610334285811,-0.0022880208924326417,28.81986433579427,1.0121681102347095,1.1860898955659316,-0.012231680596375409
4850,19.724187500000003,0.5350132289063417,-0.9681568930676259,0.018754061891143037,0.2231835102217028,-5.037989149394234,0.5101873562129223,-1.2016682372602194,0,0.0050745,1,Shared Control,0.01,Good Visuals,-0.35200069839298537,0.11281523104076992,0.0,5.2562981130762,0.9955445458684316,-2.186342710640507,-0.9578711138573601,0.12970692832340344,-2.7182400428620275,-0.0024385174849702825,28.807916874716142,1.012295410683462,1.1987082484464913,-0.012365622174692649
4851,19.729549000000002,0.5310862380893545,-0.9819505507660891,0.020898881876432185,0.21971768649413037,-5.033152576651796,0.5037162185153384,-1.2121931145999647,0,0.0053615,1,Shared Control,0.01,Good Visuals,-0.3207370331892173,0.11353181430955168,0.0,5.255053901856219,0.995519009678644,-2.1936316152531057,-0.9651600184699588,0.16719104145686056,-2.1259127960679667,-0.0021157438252022,28.80129175155351,1.0123656221746926,1.2061210804048692,-0.012444166515529565
4852,19.7331711,0.5281017250684442,-0.9923435487347168,0.024385506553105785,0.21984956586524795,-5.01741006276438,0.4993130133966034,-1.2190756793160582,0,0.0036221,1,Shared Control,0.01,Good Visuals,-0.3285225152646418,0.1143474569130291,0.0,5.253661902378486,0.9954904370157066,-2.2017135480636436,-0.9732419512804968,0.1640028553693027,-2.2668946512223958,-0.002372687976472354,28.79387891959513,1.0124441665155295,1.21456109693817,-0.012533568701485639
4853,19.736675100000003,0.524174734251457,-0.9962378696579308,0.02486172085485361,0.22283780965812738,-4.981089765430625,0.49502996555905887,-1.2255572654318807,0,0.003504,1,Shared Control,0.01,Good Visuals,-0.34692555262002,0.11517529010571684,0.0,5.252077260155524,0.9954579046529463,-2.210539902912688,-0.9820683061295411,0.14817846450202074,-2.571032580554684,-0.0027884206598836523,28.78543890306183,1.0125335687014856,1.2230843916430378,-0.012624307091949482
4854,19.7409575,0.5199335841691107,-1.011342590382072,0.02490361861005186,0.21421467504980862,-4.996413292683072,0.4897650933014898,-1.2332408292547457,0,0.0042824000000000004,1,Shared Control,0.01,Good Visuals,-0.35235413154571615,0.11612116078735277,0.0,5.250472942476058,0.9954250548155322,-2.2208153759933054,-0.9923437792101586,0.14268566730972107,-2.5684829977047245,-0.0028634559119851146,28.776915608356962,1.0126243070919494,1.2328661495084174,-0.012727983513717409
4855,19.7440992,0.5169490711482004,-1.0210574270549757,0.027183977846710616,0.21218340219976994,-4.976485097584423,0.48588199205854665,-1.238709969714098,0,0.0031417000000000003,1,Shared Control,0.01,Good Visuals,-0.34393660373769397,0.11706134359626766,0.0,5.248635867678541,0.9953873506397732,-2.2293398599766534,-1.0008682631935064,0.15749354690737724,-2.3786823627390286,-0.0028918371008047426,28.767133850491582,1.0127279835137175,1.2425280916005876,-0.012831036490544458
4856,19.747709500000003,0.5127079210658542,-1.0171229909385384,0.026825929007307514,0.22158697877555955,-4.912549035951636,0.48139879423751714,-1.244818139755598,0,0.0036103000000000003,1,Shared Control,0.01,Good Visuals,-0.3538260909677312,0.11799344849408328,0.0,5.246815544118806,0.9953501134447248,-2.2379339480847995,-1.0094623513016525,0.1498566125065658,-2.5141409788918727,-0.0031821929710271197,28.757471908399413,1.0128310364905444,1.2521021732134014,-0.012933204051495542
4857,19.751155100000002,0.5095663284122645,-1.0240043887002463,0.028167534174747322,0.22081375105535161,-4.905627091179838,0.47709986159037154,-1.2504701666502265,0,0.0034456,1,Shared Control,0.01,Good Visuals,-0.36125074991644285,0.11887791622579125,0.0,5.245011332472843,0.9953132150982189,-2.2468107382988207,-1.0183391415156737,0.1385626966304355,-2.4874713372250152,-0.0031652838726296735,28.7478978267866,1.0129332040514956,1.261163994536251,-0.013030150126020316
4858,19.7547244,0.5053251783299182,-1.0354086546438737,0.028225316739546646,0.21506151200635282,-4.895534924077932,0.47262638202874424,-1.256141019012887,0,0.0035693,1,Shared Control,0.01,Good Visuals,-0.36746200705646354,0.11975564630791699,0.0,5.243301488123707,0.995278292909146,-2.2555824990742463,-1.0271109022910991,0.13457082551415336,-2.526501562667544,-0.003348497767912724,28.73883600546375,1.0130301501260204,1.270171331817662,-0.01312635769007704
4859,19.758414300000002,0.5010840282475719,-1.0483386303356514,0.02845764621882768,0.20780238867723555,-4.899146239103697,0.46798083496336534,-1.2618051991145904,0,0.0036899000000000003,1,Shared Control,0.01,Good Visuals,-0.3619845031973772,0.12098053087256179,0.0,5.241603330948218,0.995243579204346,-2.266329381744626,-1.037857784961479,0.14387798670891536,-2.382055738624838,-0.003380141048390077,28.72982866818234,1.013126357690077,1.282900196053214,-0.01326061668679475
4860,19.7626467,0.49652871889986677,-1.0689690333974502,0.028547883936501428,0.19283616571714024,-4.962333121773428,0.46262705622622813,-1.2680521966028873,0,0.0042324,1,Shared Control,0.01,Good Visuals,-0.35589962895852345,0.12200232179208204,0.0,5.239218727811487,0.9951945078967361,-2.273973742530691,-1.045502145747544,0.15498471371771233,-2.2124220844133315,-0.0034428211469373234,28.717099803946788,1.0132606166867948,1.293278264861778,-0.013372614688622652
4861,19.766149300000002,0.493387126246277,-1.0898086998568464,0.03076007002004888,0.1782434967460409,-5.03355686753755,0.45817682482165323,-1.2730187117762184,0,0.0035026000000000002,1,Shared Control,0.01,Good Visuals,-0.34141424281086197,0.12323861621191921,0.0,5.237251945516094,0.995154520991365,-2.2810637792370527,-1.052592182453906,0.18023195735514072,-1.9899064570198952,-0.003482908122504057,28.70672173513822,1.0133726146886226,1.3060511215629993,-0.013508124313975124
4862,19.7696875,0.48914597616393074,-1.0955842677261955,0.030969151342277512,0.17743444405002284,-5.048942571237583,0.4536640313288804,-1.277847599660102,0,0.0035382,1,Shared Control,0.01,Good Visuals,-0.3383954644435758,0.12462677722884188,0.0,5.234852147760159,0.9951052861501369,-2.287916009509587,-1.0594444127264402,0.19394888087183257,-1.9961052996196376,-0.003790828463852566,28.693948878437002,1.0135081243139752,1.320337338492107,-0.013660279962592281
4863,19.7741273,0.4811349148972768,-1.1259637030595866,0.027470883568396387,0.15188389660051538,-5.183872422832266,0.44797767853219805,-1.2836379032656833,0,0.004439800000000001,1,Shared Control,0.01,Good Visuals,-0.3333271631896094,0.12759916058385218,0.0,5.228953046486166,0.9949844388544125,-2.3010549716043176,-1.0725833748211708,0.2091632712951996,-1.7980276234467256,-0.0039054797681765153,28.66259606627294,1.0138417165740456,1.3507015847097263,-0.013986081445134295
4864,19.7799601,0.47799332224368696,-1.1321316127552175,0.030015643711488904,0.15150629051046582,-5.1870804948339515,0.44046937293968447,-1.2907866413717435,0,0.0058328,1,Shared Control,0.01,Good Visuals,-0.2946888588637254,0.129095787971608,0.0,5.2264254901879355,0.99493320968275,-2.304616780346812,-1.0761451835636648,0.2598598907215404,-1.1615603778026475,-0.0035052616838241167,28.649298415290275,1.0139860814451342,1.3660847563334289,-0.01415012603949051
4865,19.783218100000003,0.4745375703247382,-1.111255869311305,0.03406819738505373,0.17953077206043844,-5.083606629473966,0.43625781224627813,-1.2945517161191864,0,0.003258,1,Shared Control,0.01,Good Visuals,-0.3075172110365523,0.13090122563807471,0.0,5.22352795801863,0.9948739185931803,-2.309523962422219,-1.0810523656390718,0.24938557943830406,-1.3910034796210216,-0.0038748931764097006,28.63391524366657,1.0141501260394905,1.3846675545923268,-0.014348019177123833
4866,19.7866959,0.470296420242392,-1.0876481622424365,0.03403860799611386,0.20690355387674986,-4.977802241905694,0.4317488923806648,-1.2983895094637932,0,0.0034778,1,Shared Control,0.01,Good Visuals,-0.3564346441817626,0.1323899491259498,0.0,5.220030242459901,0.9948022919745731,-2.316545520819048,-1.0880739240359012,0.1884790485158019,-2.051467670794775,-0.004459568792983386,28.615332445407674,1.014348019177124,1.3996861750999434,-0.014511197428888449
4867,19.7909955,0.46574111089468684,-1.0947668507824013,0.033992218514022066,0.20362265868139184,-4.970587360671686,0.42615659240891735,-1.3028742192409675,0,0.004299600000000001,1,Shared Control,0.01,Good Visuals,-0.38340151977240466,0.13374768588543431,0.0,5.217174605445726,0.9947444336937781,-2.3255105498165727,-1.0970389530334257,0.14923604298646043,-2.2490163558086724,-0.004506369580923662,28.600313824900056,1.0145111974288885,1.4134585041569483,-0.014660018289561148
4868,19.7941171,0.462285358975738,-1.1052930820533553,0.03612876656682068,0.19758113718761217,-4.924681568096973,0.4220847008800586,-1.3059493775389939,0,0.0031216,1,Shared Control,0.01,Good Visuals,-0.37979627478916345,0.1350165081778092,0.0,5.214563256769525,0.9946913689344364,-2.33302202077502,-1.1045504239918729,0.15555415889317986,-2.1016398417635855,-0.004546380564362468,28.58654149584305,1.014660018289561,1.4263337026831804,-0.014799093279077991
4869,19.7978473,0.45757296999535335,-1.1111862165014725,0.035488269115294735,0.19476316103752134,-4.858108895953476,0.4172067005026082,-1.3094237747278747,0,0.0037302000000000004,1,Shared Control,0.01,Good Visuals,-0.3848300078281376,0.1362867918835835,0.0,5.2121225170203695,0.9946417602933012,-2.3404912454852114,-1.112019648702064,0.15164785882892723,-2.1676315253906626,-0.0048779799066233035,28.57366629731682,1.014799093279078,1.4392610031397082,-0.014938328453401189
4870,19.801135600000002,0.4541172180764046,-1.1280280474438897,0.036910517573796375,0.181395727283985,-4.84453972990988,0.41289613830667676,-1.3123050921213195,0,0.0032883,1,Shared Control,0.01,Good Visuals,-0.3785922385336662,0.137643706607959,0.0,5.20967552434183,0.9945919469089984,-2.3476486106744012,-1.1191770138912536,0.15708165159156842,-1.980674449078407,-0.0048365823472247774,28.56073899686029,1.0149383284534013,1.4531038887591214,-0.015087059211208535
4871,19.8048442,0.4495619087286994,-1.1424797050798916,0.036665770422022625,0.1698253870414279,-4.816366134717855,0.4080236103658188,-1.3153499623867777,0,0.0037086000000000003,1,Shared Control,0.01,Good Visuals,-0.37260027801309303,0.13906722631586044,0.0,5.207058520945008,0.994538601703292,-2.3540868082662896,-1.1256152114831421,0.16800819269772954,-1.8982214204937113,-0.005080500451675542,28.54689611124088,1.0150870592112085,1.467602064979565,-0.01524309050861178
4872,19.808703700000002,0.44500659938099413,-1.1630802616281966,0.03698298901517533,0.15226970075858115,-4.83317180465059,0.4029412724086916,-1.3182875610673832,0,0.0038595,1,Shared Control,0.01,Good Visuals,-0.3597086479095801,0.14089935933677192,0.0,5.204315375412711,0.994482733666291,-2.36074462251005,-1.132273025726903,0.18474630381886437,-1.6726075226129202,-0.005099006993324802,28.532397935020434,1.0152430905086118,1.486422033825838,-0.015443909710960284
4873,19.812235,0.4415508474620454,-1.167712361903633,0.03860957505335383,0.15057519916375028,-4.795960002016146,0.3982815652642905,-1.3207682039312492,0,0.0035313000000000002,1,Shared Control,0.01,Good Visuals,-0.34375855916954423,0.14279258136377582,0.0,5.200769911184912,0.9944101940136316,-2.3659059480662505,-1.1374343512831033,0.20880236912417624,-1.4383361821982827,-0.005210879458597077,28.51357796617416,1.0154439097109602,1.505652442686828,-0.015651424849322016
4874,19.815703900000003,0.4368384584816607,-1.154772002619923,0.038556893217370214,0.16599620131132609,-4.716564125744393,0.39369600564677154,-1.3230117792749905,0,0.0034689,1,Shared Control,0.01,Good Visuals,-0.35038120664648575,0.1446125106280458,0.0,5.197126638868468,0.9943360955377936,-2.3710898888051863,-1.142618292022039,0.20198964263673125,-1.5183026503047836,-0.005513160887226836,28.494347557313173,1.015651424849322,1.5240518408274792,-0.015850906403887075
4875,19.819136500000003,0.43338270656271194,-1.1541230492015657,0.0396867009159404,0.16888873007342475,-4.699699989504262,0.38915109551351795,-1.3250429413234999,0,0.0034326,1,Shared Control,0.01,Good Visuals,-0.365294585597567,0.14629971944808012,0.0,5.193632607142649,0.9942652087813451,-2.3768247114316496,-1.1483531146485022,0.1796777548113388,-1.6018162746392308,-0.005575809130181377,28.47594815917252,1.015850906403887,1.5410575945933283,-0.01603584053561627
4876,19.8242383,0.424115008234622,-1.156729263563758,0.03496391272110405,0.16831367775974182,-4.602711757017923,0.3823840013086707,-1.3277137775745302,0,0.0051018,1,Shared Control,0.01,Good Visuals,-0.3794691781152014,0.1496110087020878,0.0,5.187192729790328,0.9941346648778165,-2.3890901485300127,-1.1606185517468652,0.16124414167551426,-1.641281203133052,-0.005870887598458293,28.44206237193654,1.0162188783803796,1.5745057271969907,-0.016398789327622742
4877,19.829986,0.42065925631567325,-1.1763017019753788,0.03827525500700257,0.15141207559915149,-4.588949543251985,0.3747452354447638,-1.3302231497136867,0,0.0057477000000000006,1,Shared Control,0.01,Good Visuals,-0.3485701869719239,0.15101674813756333,0.0,5.184044185133363,0.9940708370677259,-2.392183707502241,-1.1637121107190935,0.1938110759781955,-1.013915955631818,-0.0052309862503761365,28.42549427280301,1.0163987893276227,1.5885610482986139,-0.016552871738080906
4878,19.8331966,0.41688934513136555,-1.175529678210271,0.04214410968660176,0.1546934715034156,-4.468366632700051,0.3704724971159253,-1.3313940066536565,0,0.0032106,1,Shared Control,0.01,Good Visuals,-0.3488240194546234,0.1528626984547932,0.0,5.181360302476869,0.9940167057257135,-2.3961819333344496,-1.167710336551302,0.19900752596201116,-1.1273722916138382,-0.0057802045452935175,28.411438951701385,1.016552871738081,1.6074404395851964,-0.016755205447505916
4879,19.836728200000003,0.4121769561509809,-1.1713263119709079,0.0417044590350556,0.16006769468274862,-4.358751069971726,0.36576855070975517,-1.332490568559206,0,0.0035316,1,Shared Control,0.01,Good Visuals,-0.3719702592731219,0.15451699827913762,0.0,5.177796413230524,0.9939439447879126,-2.401238472013391,-1.1727668752302431,0.16916005434924564,-1.4871297802897674,-0.0064422623306687335,28.392559560414803,1.016755205447506,1.623990621702927,-0.01693653244034885
4880,19.841051200000003,0.4040088152516474,-1.204133488946625,0.03824026454189222,0.1283570796125808,-4.3093076287107746,0.36000577461961764,-1.3335597429985364,0,0.0043230000000000005,1,Shared Control,0.01,Good Visuals,-0.35892634871684964,0.15789288250605477,0.0,5.171148245864137,0.9938093609420398,-2.410445817113349,-1.181974220330201,0.1814829037837784,-1.176874347824989,-0.006543040890506297,28.357621562697002,1.0171356380216876,1.6579051671573057,-0.017306561455672814
4881,19.8470383,0.40023890406733964,-1.195575732964152,0.040233129447722005,0.13798401003438432,-4.2023298655407695,0.35201838574108213,-1.3345436532026613,0,0.0059871,1,Shared Control,0.01,Good Visuals,-0.3251872651969399,0.15996613584760042,0.0,5.168177432011839,0.9937495725391047,-2.412635405772864,-1.184163808989716,0.21917455203828834,-0.6086924995871748,-0.00603786559631344,28.342094832842694,1.0173065614556729,1.6790559109654297,-0.01753380973817385
4882,19.850692300000002,0.39568359471963443,-1.1817951849171593,0.043665208978552306,0.15274846828550204,-4.1042497894569125,0.3471413188577218,-1.334860516284994,0,0.003654,1,Shared Control,0.01,Good Visuals,-0.3448814310205912,0.1617759423101995,0.0,5.164180110608499,0.9936680641833902,-2.41559424979843,-1.1871226530152819,0.19141115227093003,-0.8634926824157612,-0.006435938250808391,28.32094408903457,1.0175338097381739,1.6970516628169137,-0.01773218173740975
4883,19.8541902,0.39207076316800615,-1.174848669870115,0.04492944431028434,0.16001184641487898,-4.027106366416469,0.3424718745650193,-1.3349624505043522,0,0.0034979000000000004,1,Shared Control,0.01,Good Visuals,-0.3771152508499712,0.1633880892482338,0.0,5.1607347239725305,0.9935987728607844,-2.4202709137192575,-1.1917993169361096,0.14993329029883806,-1.296696035276363,-0.007063980328677084,28.302948337183086,1.0177321817374096,1.713100839041955,-0.017908888373046702
4884,19.8581432,0.38610173712618556,-1.161014524801238,0.043629862561166244,0.17394792570311424,-3.8857609491334224,0.3371949259555433,-1.3348406281054455,0,0.003953,1,Shared Control,0.01,Good Visuals,-0.39070866118559877,0.16536802511718213,0.0,5.157663952281359,0.9935369751200471,-2.4272999543796043,-1.1988283575964565,0.13048681024331935,-1.4177741458604105,-0.007340936056842288,28.286899160958043,1.0179088883730467,1.7331719877448546,-0.018125908173118634
4885,19.862780100000002,0.3810751888804419,-1.1705774485578795,0.043880262924898605,0.16426317954756597,-3.803513744528669,0.3310063437832396,-1.3343774344608823,0,0.0046369,1,Shared Control,0.01,Good Visuals,-0.397672397837314,0.16651802107019434,0.0,5.153858854419573,0.99345964409074,-2.4318257279826585,-1.2033541311995108,0.11295098138868576,-1.315287745373114,-0.007214984207874144,28.266828012255147,1.0181259081731187,1.7441490059672258,-0.018251958665824138
4886,19.8662011,0.37761943696149314,-1.202267699900946,0.04661309317825352,0.13210973455993624,-3.7630470589897578,0.3264423483298795,-1.3338142539816027,0,0.0034210000000000004,1,Shared Control,0.01,Good Visuals,-0.38924042030297756,0.1678057237468173,0.0,5.151712816847048,0.9934174404490097,-2.4359574037157348,-1.2074858069325873,0.12082156174907913,-1.1572997207575213,-0.0073068545462939335,28.255850994032773,1.018251958665824,1.7571325564557405,-0.01839310312500364
4887,19.869698300000003,0.37259288871574947,-1.2189037232524385,0.046150540385869965,0.11491053072916424,-3.658338127167179,0.3217790221058542,-1.33304441359466,0,0.0034972000000000002,1,Shared Control,0.01,Good Visuals,-0.3712557344487182,0.1694148790916471,0.0,5.149244793642168,0.9933674268757254,-2.439452378950543,-1.2109807821673957,0.14655459284659497,-1.0186165471155935,-0.007821943836854663,28.24286744354426,1.0183931031250038,1.773418769514,-0.01856948185357586
4888,19.8741667,0.364110588551057,-1.2563854937982621,0.042331566445202806,0.07665891979639783,-3.6113852248793368,0.3158251621082762,-1.3317756470378415,0,0.0044684,1,Shared Control,0.01,Good Visuals,-0.33048981558212015,0.17335899629355542,0.0,5.142062340727889,0.993221483539685,-2.4436605544439343,-1.2151889576607866,0.19295453163055495,-0.4405934164259495,-0.007908439912311646,28.20498679244189,1.0188028728536977,1.812898874130863,-0.019001794606752595
4889,19.879955600000002,0.36034067736674924,-1.259672160793103,0.044515515258473026,0.0721034862447385,-3.5725493547398934,0.30812151936455856,-1.3296573203038184,0,0.0057889000000000005,1,Shared Control,0.01,Good Visuals,-0.2936599767717801,0.17547534796088965,0.0,5.138623163641192,0.9931526440165444,-2.4432427067859632,-1.2147711100028156,0.23584669009954443,0.1369318885699098,-0.007338557870474308,28.187101125869138,1.0190017946067527,1.834194973101647,-0.01923376687561741
4890,19.883244400000002,0.3568849254478004,-1.239855868469943,0.04876340608324187,0.08980145183387545,-3.4607557072253567,0.3037508655553322,-1.3282158343235357,0,0.0032888,1,Shared Control,0.01,Good Visuals,-0.3001719458053482,0.17798310561510636,0.0,5.1345714149820045,0.993070617874907,-2.443267218256594,-1.2147956214734466,0.22857052312772813,-0.006912038416043487,-0.007811375529638846,28.165805026898354,1.0192337668756175,1.8594119187664946,-0.01950864096284532
4891,19.8866969,0.3518583772020568,-1.2107811634923547,0.04810751164672461,0.11743467083118109,-3.3278818850765046,0.29916807758777836,-1.3265175459160488,0,0.0034525000000000003,1,Shared Control,0.01,Good Visuals,-0.33931562476477384,0.18003601698492297,0.0,5.1297721701222665,0.9929734931629631,-2.445209224519224,-1.2167376277360764,0.17714633284351575,-0.566100061982171,-0.008679062455065957,28.140588081233506,1.0195086409628453,1.8795004665096309,-0.01973365957179635
4892,19.891088200000002,0.3433760770373644,-1.2316053270995242,0.04420799944958603,0.09491221881652456,-3.336808620763784,0.29334817181469547,-1.3240843384591088,0,0.0043913,1,Shared Control,0.01,Good Visuals,-0.3563721994684389,0.18333231885386303,0.0,5.122430946388798,0.9928268605680403,-2.4498456570909815,-1.2213740603078336,0.14731366666007936,-0.5781338616724154,-0.008725508310745995,28.10248180300792,1.019934146281936,1.9118250262768277,-0.02009496560387207
4893,19.8970406,0.33599333430142836,-1.235605671591768,0.04264516248673289,0.08847866686734074,-3.254792758311712,0.285477678817118,-1.3202997473052691,0,0.0059524,1,Shared Control,0.01,Good Visuals,-0.3256173583657306,0.18683551769648007,0.0,5.116299908326107,0.9927037955380176,-2.4502128859996954,-1.2217412892165478,0.18415836265393964,-0.12006338915599102,-0.008591115796117571,28.07050967897319,1.0202879779508616,1.9467205947980355,-0.020478949511815916
4894,19.902980200000002,0.3286105915654924,-1.226125933006357,0.043132912748374386,0.09417381429891214,-3.1303376335372763,0.2776482169450838,-1.315968063530325,0,0.005939600000000001,1,Shared Control,0.01,Good Visuals,-0.32005217829732296,0.1908507825125685,0.0,5.10947475285482,0.9925667338185242,-2.4494673261838917,-1.220995729400744,0.1886078556251794,-0.02346062140359706,-0.00882024972598412,28.034901069004558,1.02068173827241,1.9867185308067696,-0.020919060720107845
4895,19.9092927,0.3237411229524282,-1.2071134218908273,0.04609290600734439,0.10885464163949776,-3.016573001043623,0.2693572793510256,-1.3107602299915702,0,0.0063125,1,Shared Control,0.01,Good Visuals,-0.3136744208705499,0.19275348960866168,0.0,5.105346484430847,0.9924834955788124,-2.4487285944866546,-1.220256997703507,0.18724777320594202,0.21717183009089247,-0.008231950150073594,28.01328146919323,1.0209190607201077,2.005300608827034,-0.021127615512243066
4896,19.913003,0.3201282914007999,-1.2159519849966864,0.0507710120497743,0.09480824499488372,-3.000008267211055,0.26450011412533525,-1.3074104502515005,0,0.0037103,1,Shared Control,0.01,Good Visuals,-0.3431835125402324,0.1941627749755127,0.0,5.1017581308271,0.9924120176848371,-2.4492532901420847,-1.220781693358937,0.14612896410530934,-0.17312117441934483,-0.008884568479119677,27.994699391172965,1.021127615512243,2.0188422150567407,-0.021282086590501154
4897,19.916188400000003,0.31635838021649215,-1.2203482331190232,0.0518582660911569,0.0870622171324773,-2.9030660290020567,0.26034029798452707,-1.3043649185658135,0,0.0031854,1,Shared Control,0.01,Good Visuals,-0.3529714588843198,0.1958880573218667,0.0,5.099121363263197,0.9923599652319235,-2.4507381252705156,-1.222266528487368,0.13798277818600854,-0.41721743472162487,-0.009857840587899371,27.98115778494326,1.0212820865905012,2.0360860867974475,-0.021471193942787396
4898,19.919877600000003,0.3116459912361075,-1.208714026154909,0.05130569325158041,0.09565089241090452,-2.744080032921885,0.2555350366814378,-1.3006427333111605,0,0.0036892,1,Shared Control,0.01,Good Visuals,-0.350652216440062,0.19757819041880872,0.0,5.095830571271675,0.9922935753881276,-2.4520421294851857,-1.2235705327020379,0.13688741270421279,-0.3794901969239213,-0.01015841500067716,27.963913913202553,1.0214711939427874,2.0526871072345747,-0.021656448603075026
4899,19.924127700000003,0.30284953180605606,-1.24732878990422,0.04731449512461827,0.05331394340694051,-2.6890880959700025,0.25001673826341153,-1.2960965564522646,0,0.004250100000000001,1,Shared Control,0.01,Good Visuals,-0.33743343036058293,0.20076976605946298,0.0,5.0894096371818085,0.9921651976223176,-2.453658536694147,-1.225186939910999,0.14206638468613103,-0.07194402340334793,-0.01014889951551407,27.930545917836312,1.0218432023378585,2.0839076634391076,-0.02200627564460296
4900,19.929917800000002,0.2993937798871073,-1.2494680085420908,0.04937704162369577,0.04662854791017379,-2.56696474320583,0.24253117365203442,-1.289461456217226,0,0.0057901,1,Shared Control,0.01,Good Visuals,-0.2935637319823721,0.20272922319835585,0.0,5.086611517290971,0.9921096202348358,-2.451954628563931,-1.2234830317807832,0.19422732717450822,0.5565598988129148,-0.009499320117391212,27.916092336560894,1.022006275644603,2.1035087411630267,-0.022221050781111765
4901,19.933229400000002,0.2956238687027995,-1.2192969356571788,0.05309269505076508,0.07016452056004718,-2.346667276032727,0.2382676077172544,-1.2854391675484602,0,0.0033116,1,Shared Control,0.01,Good Visuals,-0.2972343417548287,0.2049886358776894,0.0,5.082872956002761,0.9920341574314842,-2.4503384306067586,-1.221866833823611,0.1847949889322596,0.4547930205623283,-0.010010169292204727,27.896491258836974,1.0222210507811118,2.1258827280202057,-0.022468703897376287
4902,19.9367063,0.2909114797224148,-1.1900243287962409,0.052643872005160436,0.09541483875221934,-2.159652784725925,0.2338058609580791,-1.281039260283157,0,0.0034769,1,Shared Control,0.01,Good Visuals,-0.33923526051553754,0.2065214379322815,0.0,5.078583793153525,0.9919480577981852,-2.450664627919507,-1.2221930311363591,0.12148540696162637,-0.09534587651937976,-0.010883399133526485,27.874117271979795,1.0224687038973763,2.1403239595689105,-0.022636713579232356
4903,19.941002,0.28588493147667116,-1.1991378759137963,0.05207907051859206,0.08190138436936079,-2.1090596138317244,0.22831501233227225,-1.2753546223674563,0,0.0042957,1,Shared Control,0.01,Good Visuals,-0.36184808583425615,0.20769576274206739,0.0,5.075743904206132,0.9918926096602961,-2.4516745485712828,-1.223202951788135,0.08074501271875983,-0.25289111099935546,-0.010872088144828713,27.85967604043109,1.0226367135792322,2.1515585331959923,-0.02276543074600332
4904,19.9440816,0.2824291795577224,-1.2071498708076138,0.05411416722545015,0.06820475155984251,-2.0085273243995116,0.2243939282264957,-1.271111304378681,0,0.0030796,1,Shared Control,0.01,Good Visuals,-0.3454597203036783,0.20896821718551978,0.0,5.073552100847087,0.9918494453959611,-2.451638679497151,-1.2231670827140035,0.0983647414904398,0.010013979768173975,-0.010816602274256893,27.848441466804008,1.0227654307460032,2.1640899904174233,-0.022904903853819367
4905,19.9477918,0.27740263131197873,-1.198975292400657,0.05300870308548303,0.0721360119780241,-1.865469597591575,0.2196876156348297,-1.2658140759592833,0,0.0037102000000000003,1,Shared Control,0.01,Good Visuals,-0.3420662540015571,0.21024086272146045,0.0,5.071143308660909,0.9918012370898561,-2.4515913929659487,-1.2231197961828015,0.09900708501217721,0.013830110614520663,-0.011308141049581402,27.835910009582577,1.0229049038538194,2.1765243087519255,-0.023044397907189377
4906,19.9511766,0.27378979976035045,-1.2032533391452438,0.05410218412552076,0.06256073681403951,-1.8069370778723277,0.2154115164473437,-1.2608062293979163,0,0.0033848000000000003,1,Shared Control,0.01,Good Visuals,-0.3402286608829646,0.21145680228854274,0.0,5.068743595638486,0.9917534202904802,-2.451104727989389,-1.222633131206242,0.09182150391069416,0.13528241968075516,-0.011144595468437693,27.823475691248074,1.0230443979071895,2.1883546039425847,-0.023177676447108914
4907,19.954946000000003,0.2689203311472863,-1.2112129618593916,0.05350881469994262,0.049593267538524666,-1.7582216518584657,0.21066984782954273,-1.255034070188762,0,0.0037694000000000004,1,Shared Control,0.01,Good Visuals,-0.3361482931639071,0.21267106288102483,0.0,5.066455604647699,0.9917079359518921,-2.450492552858153,-1.2220209560750062,0.09454374283269956,0.17928690327597074,-0.011440274852008579,27.811645396057415,1.023177676447109,2.2002059779468484,-0.023310770955445523
4908,19.958860400000002,0.26436502179958105,-1.2148883944402071,0.05369517397003831,0.040145675748554766,-1.7290212907194267,0.20576922577074938,-1.248823751586334,0,0.0039144,1,Shared Control,0.01,Good Visuals,-0.3201573661106536,0.21457449798364472,0.0,5.064167290057226,0.9916623650431475,-2.448560100359652,-1.2200885035765052,0.1114901930046458,0.4217210786070016,-0.011379776495740603,27.799794022053153,1.0233107709554454,2.219324523123381,-0.023519405544019285
4909,19.9628546,0.2593384735538374,-1.2178203828666332,0.053569247783088,0.031003368719700886,-1.7644372231588679,0.20079420350460758,-1.2422617951260633,0,0.0039942,1,Shared Control,0.01,Good Visuals,-0.3115339897003766,0.21612096956678803,0.0,5.060529073706823,0.9915887568210876,-2.4467063368052866,-1.2182347400221396,0.12055286742232726,0.5407238439942796,-0.011521614998765438,27.78067547687662,1.0235194055440193,2.234081173347365,-0.02368891353619933
4910,19.9661933,0.2558827216348886,-1.2207173767329196,0.05508851813028104,0.021544418393143694,-1.8296823818837213,0.19665606556687212,-1.2366038249129263,0,0.0033387,1,Shared Control,0.01,Good Visuals,-0.3016751723285373,0.21790949160569106,0.0,5.057646858100552,0.9915320772241861,-2.444237628780421,-1.2157660319972736,0.1343620683726928,0.6927956515872387,-0.011577437769844488,27.765918826652634,1.0236889135361993,2.2517030576714743,-0.023884952560187085
4911,19.969703600000003,0.25117033265450395,-1.2147347925896064,0.054514267087631824,0.021869032323319937,-1.8595053841237035,0.19232590136282582,-1.2304866977748294,0,0.0035103,1,Shared Control,0.01,Good Visuals,-0.2997922692285992,0.21977341514848497,0.0,5.0542609806818275,0.9914642934122603,-2.4419069442457015,-1.2134353474625543,0.14108472470732566,0.6779187128328568,-0.012004310979080435,27.748296942328526,1.0238849525601872,2.2698847475583803,-0.02408925630605607
4912,19.9741742,0.24630086404143975,-1.217019903399848,0.05397496267861393,0.01346679437498155,-1.9324570586141891,0.18684275227337452,-1.2224486016282967,0,0.0044706,1,Shared Control,0.01,Good Visuals,-0.2970187629053446,0.22197414089392264,0.0,5.050749861192073,0.9913943908885865,-2.4388500670620132,-1.210378470278866,0.1447835834691718,0.7647928905900097,-0.011980786652165499,27.73011525244162,1.024089256306056,2.291544241842014,-0.02433047677626338
4913,19.977111500000003,0.24268803248981152,-1.2147412343727897,0.055845280216437004,0.007707367255507025,-1.9756622262525192,0.18326000105672674,-1.217017802710149,0,0.0029373000000000003,1,Shared Control,0.01,Good Visuals,-0.28573908542937715,0.22414882383892729,0.0,5.046586220094985,0.9913110851491171,-2.43552585100143,-1.2070542542182825,0.16189810922030276,0.932145157473923,-0.011981045970366864,27.708455758157985,1.0243304767762633,2.312615426500432,-0.02456884270788087
4914,19.9807023,0.23781856387674732,-1.2003472207709809,0.054558562820020584,0.01667058193916815,-1.9733570845753603,0.17890208748867722,-1.2102191706201122,0,0.0035908000000000003,1,Shared Control,0.01,Good Visuals,-0.2892397984224235,0.2262993483374984,0.0,5.042503553974514,0.991230105569252,-2.4326109384232684,-1.2041393416401207,0.1603764620005016,0.8470874366225205,-0.01251765387746967,27.687384573499568,1.024568842707881,2.333441931565881,-0.02480456064402675
4915,19.984415400000003,0.23451989159047806,-1.1919982752987315,0.05561780410180084,0.018220895321380715,-2.0000194527362023,0.1744217569034503,-1.2030060760529857,0,0.0037131000000000004,1,Shared Control,0.01,Good Visuals,-0.2914145914932518,0.22840903984085648,0.0,5.038467452147787,0.9911500719597677,-2.429372625856389,-1.2009010290732411,0.1549785588049692,0.9055683911855432,-0.012346567212401127,27.66655806843412,1.0248045606440268,2.3538337155099867,-0.025035802895582812
4916,19.9877341,0.22980750261009336,-1.179159278849791,0.055385745706643064,0.023846797203194603,-1.9894028407927113,0.17044025645875216,-1.1964033157240022,0,0.0033187000000000004,1,Shared Control,0.01,Good Visuals,-0.2980667114863515,0.2303812727971268,0.0,5.034511914721455,0.9910717199500934,-2.426570326244147,-1.1980987294609995,0.14764529232900678,0.8139594551649028,-0.012703609232949178,27.646166284490015,1.0250358028955828,2.3727900565072817,-0.02525197838317192
4917,19.9915439,0.22509511362970866,-1.1727131848754309,0.0546548571709565,0.0236901308485713,-2.018371993626813,0.16589691919822852,-1.1886440216301046,0,0.0038098000000000003,1,Shared Control,0.01,Good Visuals,-0.3022681126869039,0.23283211116062197,0.0,5.030824432585278,0.9909989072160603,-2.4228543353510084,-1.1943827385678607,0.13997406245870442,0.8198364940958376,-0.012759838590714431,27.62720994349272,1.025251978383172,2.396885739022049,-0.025520613574844496
4918,19.995585100000003,0.22038272464932399,-1.1787701137123383,0.054485805451095465,0.009873907917766322,-2.1139408275528497,0.16111034916309466,-1.1802061125412389,0,0.0040412,1,Shared Control,0.01,Good Visuals,-0.29818045506065655,0.23472833059034157,0.0,5.026191092150564,0.9909062535485881,-2.4197082546894277,-1.1912366579062803,0.14481424715002988,0.9159695640319274,-0.01272540578029606,27.60311426097795,1.0255206135748445,2.414676277758824,-0.02572845725704863
4919,19.999161500000003,0.2169269727303752,-1.1838583191820857,0.05581662356728054,-0.0036522066408468667,-2.200985745214824,0.15690307895402264,-1.1725627453409904,0,0.0035764000000000004,1,Shared Control,0.01,Good Visuals,-0.28344861670959715,0.23700044025109052,0.0,5.0226874900788685,0.9908380111491027,-2.4157391813130014,-1.1872675845298537,0.16769221156187522,1.1138444677629673,-0.012789362154405771,27.585323722241178,1.0257284572570486,2.4369275014638845,-0.025977502083222297
4920,20.0028307,0.2122145837499905,-1.1823069508341608,0.05531150479596786,-0.009744205493170455,-2.260277407715964,0.15261535711545537,-1.1645513985315974,0,0.0036692,1,Shared Control,0.01,Good Visuals,-0.2764917530030798,0.23943070421254264,0.0,5.0184007534938155,0.9907524738530337,-2.411768484398232,-1.1832968876150847,0.18135921192687282,1.1541381568332536,-0.013228564358774881,27.563072498536116,1.0259775020832222,2.460445514979272,-0.02624388212477208
4921,20.007513300000003,0.20388936321797754,-1.1747601317450567,0.05127400610252217,-0.010208733213459276,-2.384961947996351,0.14718663584946953,-1.1540810756597,0,0.0046826,1,Shared Control,0.01,Good Visuals,-0.2696545141542714,0.2446905008803192,0.0,5.008663304953241,0.9905592225292679,-2.402873964270169,-1.1744023674870212,0.19330411337860384,1.250022477251151,-0.013597208845524414,27.512772443410196,1.0265459771422814,2.5110181068808286,-0.026820405859283847
4922,20.013122900000003,0.19697785938008003,-1.2128150065523962,0.049791223530610496,-0.058733930892696185,-2.615974275523644,0.14074870659254557,-1.1411800717933116,0,0.0056096,1,Shared Control,0.01,Good Visuals,-0.22491372204332102,0.24996578151779242,0.0,4.999490633389072,0.9903789592803529,-2.39235410864039,-1.163882511857242,0.25891132058936267,1.8322524166222678,-0.013158119952497506,27.465803649942668,1.0270861408742744,2.5618860586617656,-0.027398626784124143
4923,20.0190555,0.19383626672649024,-1.1959329466498603,0.05308756013394467,-0.05475287485654867,-2.5528076322745674,0.13402003918456412,-1.1271198256832156,0,0.0059326000000000005,1,Shared Control,0.01,Good Visuals,-0.19050150843621477,0.25317478542629834,0.0,4.994135364843521,0.9902725898441227,-2.38541726826787,-1.156945671484722,0.3044880757759995,2.280580061320971,-0.012446102102556148,27.438113941338234,1.0273986267841242,2.592875770743945,-0.027750364129548323
4924,20.0225948,0.19038051480754145,-1.1477212781876467,0.05636047562297733,-0.020601452504431128,-2.3896489611012277,0.13004597848227917,-1.1185315878827293,0,0.0035393000000000004,1,Shared Control,0.01,Good Visuals,-0.2105936215597401,0.25690835904278103,0.0,4.988124834060425,0.9901535885760214,-2.378268332336031,-1.1497967355528829,0.27551603416382986,1.9491073482303092,-0.01344043164571715,27.407124229256056,1.0277503641295482,2.628983836584071,-0.02815959930353065
4925,20.0262096,0.18566812582715678,-1.0974608308753941,0.05562214734487761,0.021070757007335184,-2.212791663129075,0.12601879247876907,-1.1096083455860724,0,0.0036148,1,Shared Control,0.01,Good Visuals,-0.26034296086029596,0.2599634512755154,0.0,4.981127348010197,0.9900149325777688,-2.37318305605325,-1.144711459270102,0.2017978875906872,1.3204394170078881,-0.014479477307169768,27.37101616341593,1.0281595993035306,2.65740310926225,-0.02849446646561782
4926,20.0296917,0.18142697574481054,-1.092425818393778,0.055408183266041466,0.017182527192294295,-2.160005221399163,0.12217019934332422,-1.1008696410074612,0,0.0034821,1,Shared Control,0.01,Good Visuals,-0.2976065970729872,0.26183756483785675,0.0,4.975509582437561,0.9899060558447691,-2.3697890719077264,-1.141317475124578,0.14047193319914283,0.9869962909017671,-0.014459725391129628,27.34259689073775,1.028494466465618,2.6741095361459637,-0.028699887134534464
4927,20.0332806,0.17797122382586178,-1.1095417720905605,0.055801024482537556,-0.008672131083099277,-2.106933689528604,0.11823566656778689,-1.0917181403242735,0,0.0035889000000000003,1,Shared Control,0.01,Good Visuals,-0.29250485536627885,0.26380669156322245,0.0,4.972133143354372,0.9898422243596613,-2.3658763142643977,-1.1374047174812496,0.14208869381070097,1.0913942828173457,-0.014507943778469982,27.325890463854037,1.0286998871345345,2.6929579596338584,-0.028915722149676724
4928,20.0366934,0.17357299411083604,-1.1171832401015185,0.05533732754304915,-0.02546509977724498,-1.9998867473755186,0.11452489303702028,-1.0828813470577328,0,0.0034128,1,Shared Control,0.01,Good Visuals,-0.2686618572035953,0.26605719840561337,0.0,4.968462033462246,0.9897699059136269,-2.3612540896333574,-1.1327824928502093,0.16893475970326774,1.3509746393407438,-0.01472068365457661,27.30704204036614,1.0289157221496767,2.7145766108386877,-0.02916239910151942
4929,20.0410074,0.16917476439581036,-1.1318335236878718,0.054649871358790084,-0.048952176630139066,-1.9579777025797982,0.10987776148831543,-1.0715266893502258,0,0.004314,1,Shared Control,0.01,Good Visuals,-0.24950636156014486,0.2689108177550452,0.0,4.964259218598689,0.9896869459970605,-2.3548908474134502,-1.1264192506303021,0.18563811921689954,1.5975602470204278,-0.014722894333357443,27.285423389161313,1.0291623991015195,2.7421990399484772,-0.02947518291962563
4930,20.044081600000002,0.16603317174222057,-1.127297747056441,0.056155410253905136,-0.055771057706215155,-1.8550124127990617,0.10659627542507331,-1.0633115995811198,0,0.0030742,1,Shared Control,0.01,Good Visuals,-0.22256167248413752,0.27185521054639294,0.0,4.958910333351525,0.9895809062650167,-2.348050726442641,-1.119579129659493,0.21589158471503625,1.908356156239491,-0.014695941597300265,27.257800960051522,1.0294751829196256,2.7701164810091488,-0.029797916370204985
4931,20.0477181,0.16163494202719483,-1.1004082875259513,0.05503866660212152,-0.03709668794483156,-1.7020952482434437,0.1027474069745857,-1.0534632475067673,0,0.0036365000000000004,1,Shared Control,0.01,Good Visuals,-0.22297887391273144,0.2746530064185455,0.0,4.953447534222762,0.989473874306544,-2.3417078861516107,-1.1132362893684629,0.20861800785098475,1.8475547729544886,-0.015266140877894454,27.229883518990853,1.029797916370205,2.796392788756371,-0.030104581404330127
4932,20.051351500000003,0.15833626974092557,-1.0865015829496982,0.05558886276633987,-0.03303833544293089,-1.6234741322286637,0.09893784089946607,-1.0434841434287851,0,0.0036334,1,Shared Control,0.01,Good Visuals,-0.23564432899974938,0.27713163906384086,0.0,4.948281177081981,0.9893732026374265,-2.3353927390161124,-1.1069211422329646,0.18047273110417777,1.7637612443787756,-0.015116535251540667,27.20360721124363,1.0301045814043301,2.8194524916771737,-0.030376263113606642
4933,20.054795300000002,0.15409511965857933,-1.0816300576911684,0.05515727875911326,-0.03814591426238323,-1.5532310983951556,0.09536075894319662,-1.0338995693151802,0,0.0034438000000000003,1,Shared Control,0.01,Good Visuals,-0.24213175247729962,0.2793386682770187,0.0,4.943725517926098,0.9892849156884549,-2.3296299936690383,-1.1011583968858902,0.16587648903673066,1.67833916212554,-0.015405432652130683,27.180547508322825,1.0303762631136066,2.8399774966039604,-0.030618174503823124
4934,20.058684500000002,0.14985396957623312,-1.088340644645209,0.0544932106330365,-0.05444107533002884,-1.5203361485799851,0.09136099806933663,-1.0229303508420764,0,0.0038892,1,Shared Control,0.01,Good Visuals,-0.23472458073274752,0.28192677470163713,0.0,4.939670106863221,0.9892063425197992,-2.322485675964133,-1.0940140791809847,0.16894575278825155,1.7925775197354197,-0.015407560794354989,27.16002250339604,1.0306181745038232,2.864733228929746,-0.030901855580389465
4935,20.0622186,0.14655529728996386,-1.0863711562882241,0.05519429922062723,-0.06344080544614772,-1.4517077121862327,0.0877636683885834,-1.0128316868167762,0,0.0035341,1,Shared Control,0.01,Good Visuals,-0.2150674770154631,0.28451047844373384,0.0,4.934848999410554,0.9891114131234604,-2.3152325677131658,-1.0867609709300177,0.18995035246386932,2.0220541541586563,-0.015363095116908938,27.135266771070253,1.0309018555803895,2.888978712084038,-0.031185054081082703
4936,20.065709700000003,0.14231414720761762,-1.0717321077705835,0.054550478819034215,-0.05890042095380732,-1.3542555988580705,0.08424536022875012,-1.0027357539856554,0,0.0034911,1,Shared Control,0.01,Good Visuals,-0.20936824881384286,0.2870322322525489,0.0,4.930081308097209,0.9890185606258838,-2.3081976293501536,-1.0797260325670057,0.19173633620782463,2.0520793311393652,-0.015703356478627258,27.11102128791596,1.0311850540810827,2.9125719884512975,-0.03146146227995552
4937,20.069194500000002,0.13932963418670732,-1.0619617826065952,0.0550842739579572,-0.05922602862093984,-1.2909994885313527,0.08076875611748506,-0.9925411790243973,0,0.0034848,1,Shared Control,0.01,Good Visuals,-0.2104365530153472,0.2894902481440099,0.0,4.925435083127056,0.9889282320577056,-2.3008171690552275,-1.0723455722720798,0.18185927275940938,2.071766307805399,-0.01565774570587278,27.087428011548703,1.0314614622799556,2.9355354526338076,-0.03173088419695015
4938,20.0741821,0.1321039710834508,-1.0343490246606784,0.05133521496596573,-0.04180784563628104,-1.0936654571566904,0.07585514396414944,-0.9777515500287595,0,0.0049876,1,Shared Control,0.01,Good Visuals,-0.2125426270077773,0.29400145068866235,0.0,4.916522511904448,0.9887552037718843,-2.2865896747216503,-1.0581180779385024,0.165102902921144,2.052380014114459,-0.015854608774205827,27.042220535627113,1.0319923526966155,2.977366354693786,-0.03222535489657159
4939,20.079627600000002,0.12786282100110458,-1.031062891493632,0.052007677036955136,-0.053311341464872486,-1.0161559408720056,0.07057535024351079,-0.9613439734128172,0,0.005445500000000001,1,Shared Control,0.01,Good Visuals,-0.21085661622933338,0.2959501242958927,0.0,4.912635707623151,0.9886803120778345,-2.2793080519962197,-1.050836455213072,0.15856634659114408,2.119893657873741,-0.015092627671408254,27.022633645306215,1.0322253548965716,2.995376772653779,-0.03243894805546073
4940,20.083175100000002,0.12487830798019427,-1.0322207223401936,0.05430295773668348,-0.07087674892737639,-0.9453018727299833,0.06718416114416091,-0.9505130760224247,0,0.0035475000000000003,1,Shared Control,0.01,Good Visuals,-0.20260500120244362,0.2980991482784799,0.0,4.909067618557341,0.9886114400401738,-2.2712196217828984,-1.0427480249997507,0.16227743737153968,2.21128279657752,-0.015391678483427516,27.004623227346222,1.0324389480554608,3.0156408540711728,-0.03267450152078513
4941,20.08688,0.12095131716320703,-1.026670791423506,0.05376715601904612,-0.0761577154010813,-0.8599316682663651,0.06368373878642433,-0.9390850193701341,0,0.0037049,1,Shared Control,0.01,Good Visuals,-0.1962970638796366,0.30018233639023806,0.0,4.9050943180586275,0.9885338510678332,-2.26383013506844,-1.0353585382852926,0.16499474872936104,2.2071346220006496,-0.016187665450307635,26.984359145928828,1.0326745015207852,3.034954780299343,-0.03290283874857935
4942,20.091057000000003,0.11671016708086081,-1.0323277444505843,0.053026428294436476,-0.09324272508045017,-0.845786549089856,0.059788329928391455,-0.926061282883393,0,0.004177,1,Shared Control,0.01,Good Visuals,-0.18824874343872405,0.3026786342658425,0.0,4.901274637841244,0.9884599913459465,-2.2545875240293074,-1.0261159272461597,0.1676364907268453,2.3159214811528206,-0.016139950514855717,26.965045219700656,1.0329028387485792,3.058636582728235,-0.03317645673509091
4943,20.094185000000003,0.1137256540599505,-1.0345434347957405,0.05393732413155904,-0.10848215191234756,-0.8169078717432652,0.05690699086718733,-0.9162138049571323,0,0.003128,1,Shared Control,0.01,Good Visuals,-0.16749340740619878,0.30519488660627647,0.0,4.896646107747566,0.9883692934756517,-2.245421384171788,-1.0169497873886404,0.19050842946548702,2.5466451414217843,-0.016049966896155662,26.941363417271766,1.033176456735091,3.082006626020785,-0.03345226192071118
4944,20.097798,0.10995574287564276,-1.0142752117619436,0.05304875200845543,-0.09806140680481124,-0.7144254899644205,0.053617404295471946,-0.9047411991864673,0,0.0036130000000000003,1,Shared Control,0.01,Good Visuals,-0.15665222651357807,0.307748208896813,0.0,4.892029112105897,0.9882799287916582,-2.2365028343872626,-1.0080312376041152,0.2007762504735074,2.6095180339190813,-0.016461395522177142,26.917993373979215,1.0334522619207112,3.105735354322509,-0.03373213032539126
4945,20.1012285,0.10697122985473245,-0.9931064319932941,0.053353825559260507,-0.08836523280682673,-0.6366842706048217,0.05053251114103818,-0.8937528816231716,0,0.0034305000000000004,1,Shared Control,0.01,Good Visuals,-0.16236422859096955,0.3101713212296181,0.0,4.88734309018125,0.9881891983578939,-2.2273128927415997,-0.9988412959584523,0.1841712976403412,2.5619418599043438,-0.016325658414813368,26.89426464567749,1.0337321303253912,3.1280335756812523,-0.033997726480430625
4946,20.1049441,0.10304423903774522,-0.9800993523332059,0.052511727896707036,-0.08634647071003432,-0.581267067332945,0.04723395063436117,-0.8817493749314377,0,0.0037156000000000003,1,Shared Control,0.01,Good Visuals,-0.17320829391048265,0.3122417038984419,0.0,4.882917612423651,0.9881040068539727,-2.219013589944285,-0.9905419931611373,0.1629374587608904,2.41364048198777,-0.016548826566370398,26.87196642431875,1.0339977264804305,3.146795912251148,-0.034224660109901765
4947,20.108863600000003,0.09927432785343746,-0.9763432170393939,0.052040377219076284,-0.09459384210795618,-0.5622089302721495,0.04380293095969147,-0.8689753096866084,0,0.0039195,1,Shared Control,0.01,Good Visuals,-0.1709002498351736,0.31487917867539644,0.0,4.879164557357004,0.9880324124712633,-2.2077930700574733,-0.9793214732743256,0.1592337814019259,2.4649106756907107,-0.016396351393119152,26.853204087748853,1.0342246601099017,3.1718435540486474,-0.03451375242736832
4948,20.1128237,0.0956614963018092,-0.9712722761599839,0.05185856534211773,-0.1022969664733755,-0.5600461762833507,0.040387444339859246,-0.8559556942554092,0,0.0039601,1,Shared Control,0.01,Good Visuals,-0.16020631952155426,0.3169590642159482,0.0,4.874273482705329,0.9879365200191136,-2.1990419037665068,-0.970570306983359,0.16863509828910675,2.5549358551227894,-0.01638643123670055,26.828156445951354,1.0345137524273684,3.190353372010433,-0.03474172766195145
4949,20.1162263,0.09283406291357839,-0.9583851076463394,0.05244661857371914,-0.10242941339093026,-0.5454569197067404,0.037494128824800216,-0.844680723843752,0,0.0034026000000000004,1,Shared Control,0.01,Good Visuals,-0.15152333724698966,0.3192292570666425,0.0,4.870536446758324,0.9878660024067701,-2.189525890897435,-0.9610542941142872,0.1764380176550179,2.649888020125258,-0.01643704234241924,26.809646627989565,1.0347417276619515,3.21154278139665,-0.034990562387514614
4950,20.119746300000003,0.08890707209659114,-0.9496496918024133,0.051412943271790926,-0.10496896795866129,-0.5534234062116045,0.03454150345796607,-0.8329334036850384,0,0.00352,1,Shared Control,0.01,Good Visuals,-0.1540460335507679,0.32131941566135924,0.0,4.8663627570789645,0.987784997117476,-2.1807346183667615,-0.9522630215836135,0.169438064352153,2.582174860680748,-0.016742495082945934,26.788457218603348,1.0349905623875146,3.230559841882586,-0.03521966364652913
4951,20.124153800000002,0.08278096642209104,-0.9568992939098944,0.04823946296412497,-0.12396589022485593,-0.6589957662465514,0.030902973389763274,-0.8181084922722892,0,0.0044075,1,Shared Control,0.01,Good Visuals,-0.12471422699956095,0.3259556218897467,0.0,4.857979963128963,0.987623089755644,-2.161310878286934,-0.9328392815037864,0.20471634543101438,2.9023439462507974,-0.0164849978684476,26.746073334993817,1.0354924187943142,3.273218827460791,-0.035727835938650546
4952,20.1299555,0.07995353303386023,-0.9402909799857837,0.04905055964409695,-0.12218248771349449,-0.6485679371983464,0.026213607057235966,-0.798405649109407,0,0.005801700000000001,1,Shared Control,0.01,Good Visuals,-0.11173695708714687,0.3281788731517126,0.0,4.85410501868009,0.9875495748337554,-2.1520657985601073,-0.9235942017769595,0.2209918772551983,3.0491687753386696,-0.01572392415009876,26.72678117253921,1.0357278359386506,3.2937308031641375,-0.03597152541968298
4953,20.1332333,0.07712609964562941,-0.9184891798056357,0.05091249258839345,-0.12008353069622868,-0.630723974617192,0.023614967941267054,-0.7871832303478019,0,0.0032778000000000004,1,Shared Control,0.01,Good Visuals,-0.11724557544188699,0.33073622866039537,0.0,4.850041918743805,0.9874712589969715,-2.1413921157604228,-0.912920518977275,0.20997816390596918,2.957845923539468,-0.016097357391460607,26.706269196835862,1.035971525419683,3.317555599048808,-0.03625183590342707
4954,20.136837900000003,0.07367034772668066,-0.8992408114956296,0.050055379785413606,-0.11205758114782771,-0.6137131396000769,0.020799838577035757,-0.7747691974721023,0,0.0036046000000000003,1,Shared Control,0.01,Good Visuals,-0.12812055511972809,0.3330002708784069,0.0,4.845346349303336,0.9873802368229414,-2.131988689102391,-0.9035170923192432,0.19115444680999247,2.782161205370527,-0.01683860579038558,26.68244440095119,1.0362518359034272,3.337892474040514,-0.036499996461156786
4955,20.1410497,0.07021459580773187,-0.8979046507157087,0.04941475723069612,-0.12313545324360642,-0.6534458654017862,0.017567373530508433,-0.760170993459946,0,0.0042118,1,Shared Control,0.01,Good Visuals,-0.13169647998787054,0.3354991965862132,0.0,4.841262643427807,0.9873027700276081,-2.1209971169979354,-0.8925255202147876,0.1815273858585882,2.756161510645832,-0.016668455027464262,26.662107525959485,1.0364999964611568,3.361039165575747,-0.03677390248306789
4956,20.144196400000002,0.06770132168486004,-0.8882288352133705,0.050133948154351606,-0.1280578417534245,-0.6365957460083056,0.015192588526730444,-0.7492014714274212,0,0.0031467,1,Shared Control,0.01,Good Visuals,-0.11744267175794605,0.3379185703464765,0.0,4.8366880143850075,0.987214397408478,-2.1106133520193184,-0.8821417552361707,0.1984745093747681,2.8955592366685154,-0.016578611350401316,26.638960834424253,1.036773902483068,3.3830023582508466,-0.03703908885500352
4957,20.1478435,0.06440264939859075,-0.8625590255731526,0.049210060871860306,-0.11335755414573134,-0.5669714765188256,0.01248345770798396,-0.7364227607818687,0,0.0036471000000000003,1,Shared Control,0.01,Good Visuals,-0.11585258106767282,0.3402336349962996,0.0,4.832302566310467,0.9871306866258032,-2.1008094019861128,-0.872337805202965,0.1963014504852801,2.8632195418374553,-0.016941192086142868,26.616997641749155,1.0370390888550036,3.4039826614583104,-0.037292841956473956
4958,20.151201,0.061732295643039434,-0.8467486963833978,0.049248837935055474,-0.11032593560152903,-0.5448515063606862,0.010030750925531459,-0.7245995658824087,0,0.0033575000000000002,1,Shared Control,0.01,Good Visuals,-0.12570193050870726,0.34236565076114844,0.0,4.828110032458928,0.9870507433566517,-2.0909028444105267,-0.8624312476273791,0.1753970848047695,2.765186617424756,-0.016742917888822203,26.59601733854169,1.037292841956474,3.4231723052395657,-0.037526531159389136
4959,20.1548379,0.058747782622129124,-0.8360119566140325,0.04871703169659766,-0.11141239073162379,-0.5144866958465208,0.007418836520513762,-0.71173107200223,0,0.0036369,1,Shared Control,0.01,Good Visuals,-0.12870006529539652,0.3443067334763562,0.0,4.824262063094526,0.9869776731326719,-2.081622651992216,-0.8531510552090684,0.16661990375365363,2.706700232838691,-0.016861110448865603,26.576827694760436,1.037526531159389,3.4405989514731252,-0.03773929228432457
4960,20.1588421,0.05529203070318035,-0.8320701280024725,0.04787319418266659,-0.12033905600024253,-0.49492234661310414,0.004597406231449171,-0.6974923283349584,0,0.0040042,1,Shared Control,0.01,Good Visuals,-0.1248991255922906,0.3465367352675445,0.0,4.820763273333232,0.986911337908024,-2.0706471977261685,-0.8421756009430208,0.1661013626585952,2.7472289219412773,-0.01677360204811965,26.559401048526876,1.0377392922843245,3.461230841367047,-0.0379837216875561
4961,20.162222600000003,0.052935836212988016,-0.825741877062688,0.048338429981538845,-0.12824954872772953,-0.45244352291972134,0.0022599308347236377,-0.6854164542841604,0,0.0033805000000000003,1,Shared Control,0.01,Good Visuals,-0.11183558232391612,0.34863534411203445,0.0,4.816684823751858,0.9868326170019189,-2.0603132183896977,-0.8318416216065502,0.17785165541548625,2.8864251540334576,-0.016589820418890486,26.538769158632952,1.037983721687556,3.480079745180003,-0.038213749174306116
4962,20.1657675,0.04995132319207771,-0.8064285450398458,0.04769139235735407,-0.12101209075568542,-0.36116871955138186,-0.00014728110830748709,-0.6727018230855057,0,0.0035449,1,Shared Control,0.01,Good Visuals,-0.10609648425561846,0.3506710833705069,0.0,4.812901913138379,0.9867608824831133,-2.050393383428768,-0.8219217866456202,0.17952501174643978,2.9054639332581367,-0.01685248517044928,26.519920254819997,1.0382137491743062,3.498461264784687,-0.03843688555655013
4963,20.1691657,0.04759512870188536,-0.7875931989571385,0.04774240981019285,-0.11489137587163278,-0.28427301490433743,-0.002412479679970502,-0.6604662270986786,0,0.0033982,1,Shared Control,0.01,Good Visuals,-0.10995702101489055,0.3526125774066747,0.0,4.809223193058769,0.9866909039727719,-2.0401478268786546,-0.8116762300955069,0.16522428779035928,2.8623670308189193,-0.016723992225401264,26.501538735215313,1.0384368855565502,3.515920800602199,-0.038649691766174374
4964,20.174210300000002,0.04146902302738527,-0.767110371912552,0.043881502707355774,-0.10664414481387341,-0.15586344621615567,-0.00569829025816879,-0.6422223936477457,0,0.005044600000000001,1,Shared Control,0.01,Good Visuals,-0.11717703444061874,0.35609749453081335,0.0,4.8025222029637415,0.9865640023002338,-2.0197258216206913,-0.7912542248375432,0.13884665869047175,2.7504179061085576,-0.016664649154978388,26.46817864778601,1.038844827444705,3.5471376734191047,-0.039031671823917126
4965,20.180069500000002,0.039269908169872414,-0.7750099230110372,0.0449681984280412,-0.13278752936329152,-0.12671783462264855,-0.009398851168470152,-0.6209210190858268,0,0.0058592,1,Shared Control,0.01,Good Visuals,-0.10540200810904023,0.35746910200321247,0.0,4.7994497850692905,0.9865057365494457,-2.010954492977103,-0.782482896193955,0.14877938344689992,2.884166987895635,-0.015626093170336496,26.452862326580895,1.0390316718239172,3.559094168443444,-0.03918201304663326
4966,20.1832859,0.03722787294503905,-0.7615983615539696,0.0466267241135092,-0.1406773424681429,0.004381323050899,-0.011377109192122776,-0.6091806387513106,0,0.0032164000000000003,1,Shared Control,0.01,Good Visuals,-0.08472341470101824,0.35933502691881813,0.0,4.797013412318038,0.9864603770712657,-2.0000179901759183,-0.7715463933927703,0.17057340122534614,3.086356088947255,-0.01607474151077416,26.440905831556556,1.0391820130466332,3.5765915488612157,-0.03938653616199511
4967,20.186790600000002,0.03408628029144925,-0.7387026545927236,0.04546338948357202,-0.12952201584141299,0.14334025834282715,-0.013489636071835447,-0.5963528011384785,0,0.0035047000000000003,1,Shared Control,0.01,Good Visuals,-0.08474568964544404,0.3610788698413446,0.0,4.7935796931895505,0.9863935854236716,-1.9895788521682716,-0.7611072553851237,0.15875037993237623,3.035074286276104,-0.016754615164464137,26.423408451138783,1.0393865361619952,3.592098626468507,-0.039577677929937605
4968,20.1911303,0.029373891311064562,-0.7355843587500333,0.04286352738290001,-0.1392315576115547,0.23444940651970378,-0.016043078024397226,-0.5804215439681285,0,0.0043397,1,Shared Control,0.01,Good Visuals,-0.07613008779959465,0.3642061815420308,0.0,4.787317237183541,0.986275125891539,-1.9683810542250146,-0.7399094574418666,0.1513920085772218,3.1064632997927744,-0.016292505703261333,26.392247379884044,1.0397682037632145,3.619787204243351,-0.0399204610325065
4969,20.197065000000002,0.025446900494077326,-0.698855589138606,0.04148997851847455,-0.11843404517047751,0.43419273401959935,-0.019422871590374566,-0.5585584393175577,0,0.0059347,1,Shared Control,0.01,Good Visuals,-0.0702914346185016,0.3668802098922941,0.0,4.782331455279921,0.986181507862639,-1.9495629536544379,-0.72109135687129,0.14450139116494745,3.1152046279726497,-0.015858124331017437,26.36758968771428,1.0400738645542587,3.64368662458585,-0.040213559969225626
4970,20.2030849,0.021362830044410593,-0.6628337210141223,0.04078570163478516,-0.10427528169656464,0.6426079008232426,-0.022718384393733648,-0.5363022139007345,0,0.006019900000000001,1,Shared Control,0.01,Good Visuals,-0.0874955368910869,0.3688735149873082,0.0,4.778126006881587,0.9861027606413604,-1.9316852999108394,-0.7032137031276915,0.10226829277393017,2.879098488117905,-0.01575902933331175,26.34683681361527,1.040332261453294,3.6611159404804567,-0.04043204516361331
4971,20.209019100000003,0.01869247628885927,-0.6601134743831945,0.04141086068259292,-0.12381126048245994,0.7050295043284972,-0.02583564577939452,-0.514296621168753,0,0.005934200000000001,1,Shared Control,0.01,Good Visuals,-0.09199023427652411,0.36984356674134455,0.0,4.776508077234855,0.9860726084339656,-1.9208102943198329,-0.692338697536685,0.08879867806646372,2.806960119507132,-0.015044765123246805,26.338884059519543,1.0404320451636133,3.6699058315667203,-0.04053837206087399
4972,20.212987000000002,0.016807520696705394,-0.6612516831142505,0.04264316647609991,-0.14695506194549757,0.769064647803304,-0.02784707767063693,-0.4995517544809167,0,0.0039679,1,Shared Control,0.01,Good Visuals,-0.07564389677190222,0.37072238863505463,0.0,4.774753446853909,0.9860391739311185,-1.911712465932828,-0.6832408691496801,0.10118098129083748,2.9854395179513498,-0.015315540416679076,26.33009416843328,1.040538372060874,3.677651095357563,-0.040634699297863286
4973,20.2162429,0.015079644737231005,-0.6458864043618244,0.042926722407867934,-0.14633464988090772,0.9012009108199374,-0.02945384971789896,-0.487437115706166,0,0.0032559000000000004,1,Shared Control,0.01,Good Visuals,-0.058644596251891085,0.3719204743829554,0.0,4.7731850749647435,0.9860097883175053,-1.9004135055592901,-0.6719419087761422,0.11504047512337483,3.164443055379439,-0.015808776534982045,26.322348904642435,1.0406346992978632,3.6888153540623025,-0.040766020889413904
4974,20.2198284,0.012723450247038663,-0.6187444255001683,0.042177299964937624,-0.1313073097940023,1.0552623768552747,-0.03117761757838266,-0.47408227613910237,0,0.0035855,1,Shared Control,0.01,Good Visuals,-0.06052171716088903,0.3729337911276295,0.0,4.770988185626758,0.9859672224736206,-1.889833678613922,-0.6613620818307743,0.10087921267669045,3.092974023670703,-0.015965326961639683,26.311184645937697,1.0407660208894138,3.697605035546661,-0.04087709004109078
4975,20.2241448,0.008325220532012952,-0.6143461476653149,0.03950283811039561,-0.14026387152621256,1.162337986684045,-0.03318922002783184,-0.45798934574127603,0,0.004316400000000001,1,Shared Control,0.01,Good Visuals,-0.06461598304767643,0.37439257571682755,0.0,4.76770725317521,0.985906322572622,-1.8690514351381546,-0.6405798383550068,0.07301425991344149,3.011805232342647,-0.015469617208585848,26.29510772979145,1.0409690154429077,3.7101581983120164,-0.04103698670484684
4976,20.230010800000002,0.006911503837897544,-0.6097723876271648,0.04010072386572938,-0.15178304188588876,1.2544067358405973,-0.0358115901165942,-0.43609896346299803,0,0.0058660000000000006,1,Shared Control,0.01,Good Visuals,-0.05001077718675359,0.37512678248463954,0.0,4.766620126313765,0.985886418876795,-1.859481015718533,-0.6310094189353852,0.08891199848676119,3.1381511032631164,-0.014789569308275869,26.289841801687984,1.0410369867048468,3.716893845558496,-0.04111746274877378
4977,20.2332651,0.0051836278784231585,-0.5814350114051374,0.040995217995017354,-0.1453360479421394,1.4303948006110225,-0.03721101704506218,-0.4239484115576659,0,0.0032543000000000003,1,Shared Control,0.01,Good Visuals,-0.04145440270092579,0.37600610431817455,0.0,4.76528431560652,0.9858607781322519,-1.8481850775569475,-0.6197134807737996,0.09090980030064562,3.1993480504108613,-0.01504285551905606,26.283106154441505,1.0411174627487738,3.724932573443942,-0.04121384478392223
4978,20.236838000000002,0.0028274333882308137,-0.5565343209293356,0.040038450433292995,-0.13258590937166975,1.5692281483170267,-0.0387019069493489,-0.4106058640943046,0,0.0035729000000000004,1,Shared Control,0.01,Good Visuals,-0.05201173480197821,0.37658958829258365,0.0,4.763687273407833,0.9858301877625466,-1.8377223080598915,-0.6092507112767435,0.06069660129791739,3.0536641558112576,-0.015414452213980802,26.275067426556056,1.0412138447839223,3.7297297761049304,-0.04127780017634547
4979,20.241029800000003,0.0007853981633974482,-0.5562151961745072,0.03948730511274635,-0.1456093320802026,1.6161389913459205,-0.0403902751867317,-0.3949520494699726,0,0.0041918,1,Shared Control,0.01,Good Visuals,-0.05998552351214534,0.37699854082006684,0.0,4.762679809385014,0.9858121167247518,-1.8258644748187698,-0.5973928780356219,0.03707170724842469,2.955959925494592,-0.015078063564546827,26.270270223895068,1.0412778001763454,3.733174576843148,-0.041322625262422856
4980,20.2441786,-0.0007853981633974482,-0.5506298598708101,0.039604877023334255,-0.15567781040083756,1.701077212668804,-0.04161538976000975,-0.38319539080521986,0,0.0031488,1,Shared Control,0.01,Good Visuals,-0.04449564208060616,0.3774884761408714,0.0,4.761965685844421,0.9857991094533505,-1.8147752806137176,-0.5863036838305697,0.050577010950387365,3.093824234872138,-0.014886656408422138,26.266825423156853,1.0413226252624228,3.737671889988218,-0.041376326832780114
4981,20.2478371,-0.0028274333882308137,-0.5333932493120708,0.03878795637177894,-0.1501978585068509,1.8083828286420274,-0.04299232984588052,-0.36954043092427363,0,0.0036585000000000003,1,Shared Control,0.01,Good Visuals,-0.0350973735300984,0.3779852995225937,0.0,4.761074130233688,0.9857819910342166,-1.8039413054128262,-0.5754697086296783,0.05362174471991875,3.1601596128960283,-0.014950384675285058,26.262328110011783,1.04137632683278,3.74210494898649,-0.04143078340011818
4982,20.2512127,-0.004241150082346221,-0.5190615085471221,0.0387511797635343,-0.14952107762284844,1.8843366411062223,-0.04421849495087118,-0.35694801413785915,0,0.0033756000000000003,1,Shared Control,0.01,Good Visuals,-0.03657793343226873,0.3783701160971565,0.0,4.760182461233051,0.985765161152366,-1.7928359128790583,-0.5643643160959105,0.040764967116223565,3.1191418193932643,-0.014661277307056159,26.25789505101351,1.0414307834001182,3.7453855257561712,-0.041472962956226905
4983,20.254813300000002,-0.006283185307179586,-0.506877010146023,0.037935309643691593,-0.1499289960081639,1.9547658947706108,-0.04547955435265469,-0.34352559747883626,0,0.0036006000000000002,1,Shared Control,0.01,Good Visuals,-0.03704568556383428,0.378654577116189,0.0,4.7595067235126844,0.9857527608016182,-1.782293868439985,-0.5538222716568371,0.03120834003054446,3.0641915007189384,-0.014662288386030255,26.25461447424383,1.041472962956227,3.747797300117748,-0.04150414258908617
4984,20.2586841,-0.008168140899333461,-0.503889860238599,0.03731141345332123,-0.1603642627597628,1.9850715457325057,-0.046781367123182,-0.3291093738422441,0,0.0038708,1,Shared Control,0.01,Good Visuals,-0.032742905686334256,0.37894295107446624,0.0,4.75900850921531,0.985743649611741,-1.7699680081470306,-0.5414964113638827,0.02793947280243545,3.0971054557903352,-0.014364378630903727,26.252202699882254,1.041504142589086,3.750383217510116,-0.041535751117298
4985,20.262261900000002,-0.009738937226128359,-0.5001800508987995,0.03704242989705364,-0.17107067705655538,2.0176546217767717,-0.04793503959319203,-0.3157992872105402,0,0.0035778000000000003,1,Shared Control,0.01,Good Visuals,-0.019469499005248136,0.37929982478616,0.0,4.758489729035212,0.9857338285212405,-1.7584716955840412,-0.5300000988008934,0.039136411103593595,3.205887496650685,-0.014138897122761089,26.249616782489884,1.041535751117298,3.7536569980224073,-0.041574867869904664
4986,20.265917400000003,-0.011309733552923255,-0.4855682017727202,0.03662530604026877,-0.16976891456218002,2.081819422763618,-0.04906461391608331,-0.3022174036376452,0,0.0036555000000000003,1,Shared Control,0.01,Good Visuals,-0.007613953446542782,0.37971743759416215,0.0,4.757840562536384,0.985721369401149,-1.7471287466036018,-0.5186571498204541,0.04830348390238857,3.3008232395644734,-0.01405018716960606,26.246343001977593,1.0415748678699046,3.757455386188842,-0.04162064220508464
4987,20.269167500000002,-0.012880529879718152,-0.46934161552994363,0.03618408403636516,-0.16712421189229842,2.136361711117181,-0.050027249708942324,-0.2901583883191539,0,0.0032501,1,Shared Control,0.01,Good Visuals,-0.00688726592458791,0.3800787727348145,0.0,4.7570840912002135,0.9857069252429159,-1.735433031171192,-0.5069614343880443,0.04056720653729331,3.267872431519925,-0.013907267360712848,26.24254461381116,1.0416206422050847,3.760593239842978,-0.04166024797273256
4988,20.274292000000003,-0.015865042900628453,-0.44507297319518624,0.034162206808313875,-0.15491458487603232,2.223682466797535,-0.05146552097262046,-0.27118073741608906,0,0.005124500000000001,1,Shared Control,0.01,Good Visuals,-0.005548832846154039,0.3805734410379308,0.0,4.7559664619364845,0.9856863050255816,-1.7130505479037588,-0.4845789511206109,0.02649667762364348,3.1956508893582947,-0.013531349648953759,26.23709327976383,1.0416901223135817,3.7648251877837735,-0.04171446832296099
4989,20.2796433,-0.01743583922742335,-0.43663553356613083,0.034029681745197105,-0.16545479615004177,2.2593825361883377,-0.05286378247999417,-0.2514165541952944,0,0.005351300000000001,1,Shared Control,0.01,Good Visuals,-0.009764843733473444,0.3807050473791378,0.0,4.755574040902174,0.9856790454318287,-1.7026113298731023,-0.4741397330899543,0.016524380940987807,3.057498764214219,-0.013001228598489439,26.235174812216226,1.0417144683229609,3.765878414213272,-0.041728893629509996
4990,20.2832419,-0.01869247628885927,-0.428618429874555,0.0341713061911349,-0.1772018756792606,2.29410059501802,-0.0537446688892853,-0.2381600214504482,0,0.0035986000000000004,1,Shared Control,0.01,Good Visuals,0.001261635788303489,0.38089386461547214,0.0,4.7553496562709965,0.9856750905573357,-1.6912252280800957,-0.46275363129694774,0.022771133607043987,3.1802088632255785,-0.012955271601102243,26.234121585786728,1.04172889362951,3.7676471524515436,-0.04174958979423031
4991,20.2867487,-0.020106192982974676,-0.4159214801645143,0.033638475906310625,-0.1777614587140661,2.3432123838416485,-0.05455723962952298,-0.22527069575526357,0,0.0035068,1,Shared Control,0.01,Good Visuals,0.012177628526033352,0.38112306787902867,0.0,4.755002647547735,0.985668347276339,-1.6799988653795177,-0.45152726859636977,0.02892359238134847,3.2817945219182505,-0.013015640874099982,26.232352847548455,1.0417495897942304,3.769737186482115,-0.04177471265159805
4992,20.2910356,-0.021676989309769572,-0.4044017262801263,0.03288025031975341,-0.1791310305248627,2.378446653231196,-0.055489251899707534,-0.20955602167455278,0,0.004286900000000001,1,Shared Control,0.01,Good Visuals,0.015275370935446952,0.38135007623385003,0.0,4.754586971286674,0.9856603983845894,-1.6669013478226955,-0.43842975103954757,0.02491484694138898,3.277575024854791,-0.012820399136187894,26.230262813517886,1.0417747126515982,3.77175208856485,-0.04179959492609524
4993,20.2942311,-0.022776546738526,-0.3920363753941407,0.032712705161181535,-0.18248035371958793,2.417057137496427,-0.05614021598269643,-0.19787418951391292,0,0.0031955,1,Shared Control,0.01,Good Visuals,0.02024234396308308,0.3815433154320486,0.0,4.754180645325382,0.9856527544634567,-1.6551030518519547,-0.42663145506880684,0.02408920087360713,3.2764853149881277,-0.012538885966026035,26.22824791143515,1.0417995949260952,3.7734269927115256,-0.041820775779887936
4994,20.297800300000002,-0.02403318379996192,-0.3737773388883074,0.032107032182734516,-0.17590314937439447,2.476288639166834,-0.056823233458649265,-0.18486063410129494,0,0.0035692000000000002,1,Shared Control,0.01,Good Visuals,0.024350183078496707,0.3817053283261014,0.0,4.753838686799073,0.9856464148461721,-1.64395794288163,-0.4154863460984821,0.021509251186872445,3.2756609952753095,-0.012481313983948292,26.226573007288476,1.0418207757798879,3.774830071180462,-0.0418385339337897
4995,20.3012009,-0.025132741228718343,-0.3564442053780504,0.03169049222993092,-0.17158357127675544,2.5252931706780903,-0.05743083925292298,-0.17249742258688555,0,0.0034006,1,Shared Control,0.01,Good Visuals,0.02075492409841659,0.3817671726707562,0.0,4.753552103048888,0.9856411046074791,-1.6325171991618008,-0.40404560237865295,0.007898982209505124,3.1824043726924014,-0.012255425260887381,26.22516992881954,1.0418385339337897,3.775246467177225,-0.0418453126620925
4996,20.3047928,-0.02638937829015426,-0.3441425788797723,0.03104146096276872,-0.17164515629288674,2.558856249793943,-0.058027038814443516,-0.15947845630958163,0,0.0035919000000000003,1,Shared Control,0.01,Good Visuals,0.018480250835440054,0.3817404290114517,0.0,4.753454313005572,0.9856395723008566,-1.6219429831322232,-0.3934713863490754,-0.0036421888142731526,3.100215793824779,-0.012098389619165296,26.224753532822774,1.0418453126620926,3.7748971326080127,-0.041842381302705324
4997,20.3087032,-0.027646015351590177,-0.33768774944752455,0.03038102346285334,-0.17820929313794293,2.57487287267303,-0.05862302998048001,-0.145353859924537,0,0.0039104000000000005,1,Shared Control,0.01,Good Visuals,0.02162450199261584,0.38168297984719596,0.0,4.753513082017372,0.9856409374895926,-1.609516701101624,-0.3810451043184764,-0.006795372780306772,3.099519101693408,-0.011849780625069561,26.22510286739199,1.0418423813027053,3.7743519728790735,-0.04183608432797164
4998,20.3122238,-0.028431413514987625,-0.32588063222653996,0.030191616465492385,-0.18052677230200295,2.6131230317273717,-0.05911244503677099,-0.13268285890668644,0,0.0035206,1,Shared Control,0.01,Good Visuals,0.031230924827079565,0.381681896579502,0.0,4.753619340778729,0.9856430181606134,-1.5982430527716556,-0.3697714559885079,-0.0001472742430288752,3.1563816473859645,-0.011595919566109439,26.225648027120926,1.0418360843279717,3.774421961387381,-0.0418359655915307
4999,20.315791700000002,-0.02968805057642354,-0.3085757671457724,0.029424394460347447,-0.17589290823908596,2.6604885375908958,-0.059563004244354255,-0.11988772592033625,0,0.0035679,1,Shared Control,0.01,Good Visuals,0.03441562315486307,0.3816561816760144,0.0,4.753613529079011,0.9856427242399555,-1.5874701512026812,-0.35899855441953366,-0.00366258050931631,3.137677395285804,-0.011523593433350054,26.225578038612618,1.0418359655915308,3.7741534183549934,-0.04183314699356434
5000,20.319204300000003,-0.03047344873982099,-0.2972179987736121,0.029089555504533265,-0.17733027285327585,2.676756312865996,-0.05995131538073619,-0.10769473530044663,0,0.0034126,1,Shared Control,0.01,Good Visuals,0.03349407761647527,0.38155798673179386,0.0,4.7536634795190436,0.9856437573590962,-1.5764403154011444,-0.3479687186179969,-0.01377420792039488,3.0885516917385685,-0.011230002037865077,26.22584658164501,1.0418331469935644,3.7731830309303005,-0.04182238389386145
5001,20.324239300000002,-0.032358404331974865,-0.27188677517449805,0.027592911048761326,-0.16419203987405143,2.7348087542814485,-0.0604484384555794,-0.08978932335100387,0,0.005035,1,Shared Control,0.01,Good Visuals,0.03878854136745874,0.38131009022919077,0.0,4.754051241462008,0.9856513161092589,-1.5550767810397153,-0.32660518425656765,-0.020265447633046763,3.0430290715323207,-0.010884702459309593,26.2278283757825,1.0418100803741237,3.7709328005827425,-0.04179521207972484
5002,20.3297022,-0.03314380249537231,-0.2633448968408548,0.027304635960207088,-0.17355557348985096,2.7473555302050627,-0.06088615198537491,-0.07048138575319657,0,0.005462900000000001,1,Shared Control,0.01,Good Visuals,0.03065196783898977,0.3810842236061196,0.0,4.75429742829555,0.9856560281573064,-1.5452857570330958,-0.3168141602499482,-0.0348195853609442,2.836744605713303,-0.010521455401689216,26.22906719941726,1.041795212079725,3.768800673990641,-0.04177045494988515
5003,20.333298000000003,-0.03377212102609027,-0.24971436224966193,0.027114030959284642,-0.17923297649646536,2.7851103926245817,-0.0611168496704715,-0.05784327153226368,0,0.0035958,1,Shared Control,0.01,Good Visuals,0.04124177108837759,0.3808971494590911,0.0,4.754714108833624,0.9856641621189061,-1.5347457159264108,-0.3062741191432632,-0.02826033490138801,2.9521443874982403,-0.010405365995743251,26.23119932600936,1.0417704549498852,3.767196739561361,-0.04174994984432922
5004,20.3367775,-0.034714598822167216,-0.23440137595841737,0.026402250848304283,-0.1765581044261537,2.821150272506439,-0.061296919870992034,-0.045669468561842896,0,0.0034795000000000004,1,Shared Control,0.01,Good Visuals,0.047736213132628574,0.3807120594438198,0.0,4.755043455620437,0.9856702268432669,-1.5244592687810608,-0.29598767199791304,-0.02946864103543291,3.0094930208748245,-0.010327657102737066,26.23280326043864,1.0417499498443292,3.7655464456741834,-0.04172966221848262
5005,20.3410145,-0.03549999698556466,-0.2271362418743201,0.025796922885427377,-0.1814667733124772,2.820746263866888,-0.06145914799107112,-0.030921571913507,0,0.004237,1,Shared Control,0.01,Good Visuals,0.04847655637086409,0.38044789804705603,0.0,4.75537548133387,0.9856764903120333,-1.5125315938898913,-0.28405999710674357,-0.03683412556592759,2.978865385771958,-0.010051655294410261,26.234453554325817,1.0417296622184826,3.7630858157243794,-0.04170070761726978
5006,20.344188000000003,-0.03612831551628262,-0.21975950734264707,0.025330832474788498,-0.18883793542914007,2.825125359849111,-0.06153982673418071,-0.019931886152209338,0,0.0031735,1,Shared Control,0.01,Good Visuals,0.05618269019827905,0.38024886132785823,0.0,4.755859607097474,0.9856858667370867,-1.5017737721902362,-0.27330217540708834,-0.031841223160946376,3.006741859653763,-0.00981438508784284,26.23691418427562,1.0417007076172697,3.761409597009072,-0.04167889130004218
5007,20.3478576,-0.03675663404700058,-0.2067026527631028,0.024783192687180128,-0.18677076661089345,2.8459759497076083,-0.06158974597547218,-0.0072862521416418025,0,0.0036696000000000003,1,Shared Control,0.01,Good Visuals,0.06565739420512233,0.3800992773475403,0.0,4.75620707633306,0.9856921939340135,-1.4912084982305382,-0.2627369014473904,-0.0254965559797755,3.0813328160574818,-0.00963202020502506,26.23859040299093,1.041678891300042,3.7601372058990292,-0.0416624954732825
5008,20.351276600000002,-0.03722787294503905,-0.1909878617392342,0.024361873030433127,-0.1837016095975924,2.8691329642512016,-0.06159460412182708,0.0044343996830827626,0,0.003419,1,Shared Control,0.01,Good Visuals,0.06621888583593882,0.3799106419301811,0.0,4.756469446493414,0.9856970016223752,-1.4803725346560739,-0.2519009378729261,-0.03145360131264721,3.0270591319005185,-0.009420073630762011,26.239862794100972,1.0416624954732825,3.7583988173290144,-0.04164181923765092
5009,20.3548566,-0.03785619147575701,-0.17543319277322061,0.023738412646070073,-0.17986759245630338,2.8904832413387815,-0.06155685749466191,0.016641866584666043,0,0.0035800000000000003,1,Shared Control,0.01,Good Visuals,0.06519045888966421,0.37968177764419503,0.0,4.756813341166713,0.9857036197630095,-1.470236229113856,-0.2417646323307083,-0.04042923169958216,2.9521786929424243,-0.009255334821613415,26.241601182670987,1.0416418192376509,3.7563089428666565,-0.041616733535448515
5010,20.358877500000002,-0.03817035074111599,-0.160591850289952,0.02338650675354592,-0.17723371687461803,2.909180312209615,-0.06146251162748562,0.030271332929528078,0,0.0040209,1,Shared Control,0.01,Good Visuals,0.06436850881049581,0.3793696303935155,0.0,4.757228705263641,0.9857115695304925,-1.4587789965807465,-0.2303073997975988,-0.04895857369892552,2.8909044542565363,-0.009013042711911324,26.243691057133343,1.0416167335354485,3.753417507691492,-0.04158251922830964
5011,20.362218000000002,-0.038641589639154456,-0.14300072612235026,0.022820921988331168,-0.17327205905187834,2.937075769421935,-0.06134257266934631,0.04152738072469378,0,0.0033405,1,Shared Control,0.01,Good Visuals,0.06343497352382382,0.3790420040818821,0.0,4.757799221101771,0.9857225827054553,-1.4486900301840562,-0.22021843340090846,-0.05735757249197917,2.801945842944516,-0.00887213042328817,26.24658249230851,1.0415825192283097,3.750484344429676,-0.04154660826888713
5012,20.3657527,-0.03911282853719292,-0.12951957345554257,0.022229744132153395,-0.17104695418023635,2.9469469258868606,-0.06117483508447212,0.053369966148797646,0,0.0035347000000000004,1,Shared Control,0.01,Good Visuals,0.06220930686462474,0.37868559140254354,0.0,4.758388141081041,0.9857337204684403,-1.4393797800296764,-0.21090818324652857,-0.0677149752271318,2.7419379043969614,-0.008650088005453336,26.249515655570324,1.0415466082688871,3.747268831792142,-0.04150754204981093
5013,20.369174800000003,-0.03958406743523139,-0.12538241826373736,0.021590767649240727,-0.178752384412535,2.928994804782704,-0.06097267680859136,0.06476746318318145,0,0.0034221000000000004,1,Shared Control,0.01,Good Visuals,0.06281679436222357,0.3782859022858117,0.0,4.759031211355641,0.9857459392695425,-1.429638580123165,-0.2011669833400173,-0.0734185985586277,2.7039360202385123,-0.008418083803411731,26.25273116820786,1.041507542049811,3.743649055456207,-0.04146373232164527
5014,20.374196700000002,-0.04021238596594935,-0.1093015400220249,0.020760290842642005,-0.17406900320520635,2.934710777609687,-0.06060567185585071,0.08136954702672204,0,0.0050219,1,Shared Control,0.01,Good Visuals,0.080889123084586,0.37767110267342907,0.0,4.760338694317006,0.9857705127620742,-1.4100444251009716,-0.18157282831782384,-0.05809234755772427,2.8279945357347334,-0.008024554753406367,26.259208488390197,1.0414274206236442,3.738320189357954,-0.04139634443749402
5015,20.3796223,-0.040369465598628834,-0.10022090662784813,0.020236206257221875,-0.18159045365457016,2.926967820528619,-0.06011591373799473,0.09913672824365816,0,0.0054256,1,Shared Control,0.01,Good Visuals,0.07275725881104565,0.3773250885431558,0.0,4.760841841013352,0.985779874226164,-1.4010467800742217,-0.17257518329107394,-0.07118125435626092,2.6096771932101386,-0.007840561934361698,26.261679810642047,1.041396344437494,3.735144360844748,-0.041358417998283714
5016,20.383252600000002,-0.040369465598628834,-0.08493411768044606,0.019746448139365894,-0.18407084592410422,2.945588981368684,-0.05973459708090424,0.11092410614567921,0,0.0036303000000000004,1,Shared Control,0.01,Good Visuals,0.08265629125019573,0.37700842177670685,0.0,4.761471449713574,0.9857919620322929,-1.3913463678464937,-0.162874771063346,-0.06477497929758767,2.7199451064737405,-0.007635628317783807,26.26485563915525,1.0413584179982838,3.7323650232732892,-0.04132370830923673
5017,20.3869103,-0.040526545231308324,-0.061858220241544234,0.019208051849595918,-0.17278232638722346,2.9886319631861284,-0.05930727674689147,0.12271702698191958,0,0.0036577000000000003,1,Shared Control,0.01,Good Visuals,0.08742421664576927,0.3766962375443422,0.0,4.7620352953770215,0.9858024975806317,-1.3818548288749561,-0.15338323209180849,-0.06786333820099935,2.7574849573044125,-0.007444577248717925,26.26763497672671,1.0413237083092368,3.729581613023832,-0.04128948994855348
5018,20.3910701,-0.04084070449666731,-0.04708445069774689,0.01846657225022416,-0.16980147767966647,2.996028549864283,-0.058769080300212426,0.13602516280734517,0,0.0041598,1,Shared Control,0.01,Good Visuals,0.07885089541838598,0.37622953913984125,0.0,4.762595390915382,0.9858130642598552,-1.3714542899617799,-0.14298269317863213,-0.08919695068189128,2.59429755878682,-0.007235600862299426,26.270418386976168,1.0412894899485534,3.72520680418863,-0.041238335365202
5019,20.394224100000002,-0.0409977841293468,-0.04488848785530561,0.017771296170865626,-0.18091365066265078,2.9726286849168213,-0.058324245222469165,0.146040779874491,0,0.003154,1,Shared Control,0.01,Good Visuals,0.07943068945147401,0.37579969674280284,0.0,4.763453511587384,0.9858297476043215,-1.3623312793142426,-0.1338596825310949,-0.09549527681820633,2.545695969957647,-0.0069476699671944175,26.27479319581137,1.041238335365202,3.7214341822779393,-0.04119122055076245
5020,20.3978314,-0.0409977841293468,-0.04306951867037629,0.017326461093122365,-0.18911029854486727,2.9626165505936926,-0.057776890232641584,0.15741557506882445,0,0.0036073000000000003,1,Shared Control,0.01,Good Visuals,0.09368630077600597,0.37546830990438634,0.0,4.764218905343576,0.985844049425975,-1.3531218011747315,-0.12465020439158382,-0.08066631428887218,2.699539246522372,-0.006678447711737836,26.27856581772206,1.0411912205507625,3.7186028925502126,-0.041154897401842576
5021,20.401283600000003,-0.0409977841293468,-0.033654259323574895,0.016779106103294784,-0.19106983439239933,2.97563872119585,-0.05721478774493031,0.1682199170291441,0,0.0034522000000000003,1,Shared Control,0.01,Good Visuals,0.10387813961669393,0.3751720537124376,0.0,4.764801484492818,0.9858547556043217,-1.3431786607499598,-0.11470706396681228,-0.07059610245989503,2.7736946063299324,-0.006505537063258761,26.281397107449788,1.0411548974018425,3.7159947868252914,-0.04112242490586171
5022,20.4048407,-0.0409977841293468,-0.020686996097902813,0.01621700361558351,-0.1889069131270469,2.9884470516689565,-0.056596737334730675,0.17926810704922347,0,0.0035571,1,Shared Control,0.01,Good Visuals,0.10841102037760192,0.3748968594881724,0.0,4.76532979757227,0.985864646124132,-1.3336807287423647,-0.10520913195921713,-0.0709337753293797,2.7734427400558146,-0.006295051696232,26.28400521317471,1.0411224249058617,3.713562006324599,-0.0410922610018345
5023,20.4087789,-0.04084070449666731,-0.0070982961437698125,0.015756032838063365,-0.18636640319299327,2.9981835525649196,-0.05586682238152817,0.19139855952058518,0,0.0039382,1,Shared Control,0.01,Good Visuals,0.10895104543370591,0.3745604280969411,0.0,4.765821538647395,0.9858738755205017,-1.3228049725859705,-0.09433337580282292,-0.0769010214072434,2.724114857327476,-0.006079703725790595,26.2864379936754,1.0410922610018345,3.710471825794946,-0.04105538492195333
5024,20.412276100000003,-0.04084070449666731,0.005734420996914529,0.015026117884860857,-0.18566413852367064,3.003962029786785,-0.05517876064482975,0.2020800722051465,0,0.0034972000000000002,1,Shared Control,0.01,Good Visuals,0.10863587008509205,0.37424142563125223,0.0,4.766433997935951,0.9858856399496171,-1.313380348696989,-0.08490875191384138,-0.08392482326696594,2.6422450556453883,-0.005901586404934476,26.289528174205053,1.0410553849219533,3.707650753788151,-0.04102041921805757
5025,20.41578,-0.040526545231308324,0.018314521633807056,0.014652215413521429,-0.18376555057133945,3.0115740119644947,-0.0544520691588572,0.21269548055488208,0,0.0035039000000000003,1,Shared Control,0.01,Good Visuals,0.11141602918287696,0.37393744694350983,0.0,4.767004132681473,0.9858963432231737,-1.3043383615883597,-0.07586676480521201,-0.08714706907460716,2.6351491005243997,-0.005623395778933583,26.29234924621185,1.0410204192180577,3.7049519241147713,-0.04098710026309817
5026,20.4192839,-0.040369465598628834,0.03387570913312818,0.014082603560228363,-0.1788197714217539,3.034571390215549,-0.05368833569097095,0.2232231863412776,0,0.0035039000000000003,1,Shared Control,0.01,Good Visuals,0.11132051973468733,0.37360540489526445,0.0,4.76754845599465,0.9859065866427907,-1.2951114838240674,-0.06663988704091965,-0.09343975408697472,2.5756134893625404,-0.005479012023798547,26.29504807588523,1.0409871002630982,3.7019447410863022,-0.040950705296950114
5027,20.424272900000002,-0.04021238596594935,0.04148240871052722,0.0134759497250216,-0.1817407776307504,2.995298766281162,-0.05253759032744016,0.2380596273849035,0,0.004989,1,Shared Control,0.01,Good Visuals,0.11392572299318349,0.3729358243512415,0.0,4.768777368566809,0.9859299461380492,-1.277685207930957,-0.0492136111478093,-0.10308199248501151,2.5141304876268125,-0.0049713566037565,26.301193157561244,1.0409124765617443,3.6959769672725544,-0.040877312901734256
5028,20.4295934,-0.039741147067910876,0.0449126391674616,0.012796443259529285,-0.1931469882174419,2.9880850962337897,-0.05122934581587969,0.2536804805711413,0,0.005320500000000001,1,Shared Control,0.01,Good Visuals,0.11491410441427768,0.3726226305584317,0.0,4.76935006441574,0.9859406812236213,-1.269380376096011,-0.040908779312863096,-0.09933401543312526,2.4048276582342627,-0.005025664419616816,26.304023032727446,1.0408773129017344,3.6931831589175226,-0.04084298388362547
5029,20.433267,-0.03958406743523139,0.05864915966035725,0.0116452783806483,-0.19503132091078404,3.0079963689509537,-0.05027780921461393,0.2643430510934961,0,0.0036736000000000004,1,Shared Control,0.01,Good Visuals,0.1293956115124303,0.3723566965817416,0.0,4.769912198286847,0.9859512906116735,-1.2601414063498817,-0.03166980956673385,-0.08590854286107291,2.576902838292262,-0.004768244349157514,26.306816841082476,1.0408429838836255,3.690867007767354,-0.040813834990795786
5030,20.4368035,-0.03911282853719292,0.07291548248266742,0.011164980677421013,-0.19142756861082866,3.0169200650904062,-0.04932495153745867,0.2745116142516443,0,0.0035365,1,Shared Control,0.01,Good Visuals,0.13674064383252668,0.3721270265703827,0.0,4.770384061197313,0.9859600668742861,-1.2510456775307475,-0.022574080747599697,-0.08562398964440104,2.6626061353983053,-0.004336197388592974,26.309132992232644,1.0408138349907958,3.6888561964883193,-0.040788660973430216
5031,20.4411133,-0.038955748904513435,0.08335416585040942,0.010369202632945232,-0.19115744840123486,3.0179861183461827,-0.04811538414869805,0.28677491303410413,0,0.0043098,1,Shared Control,0.01,Good Visuals,0.13547559038788595,0.37184481108768014,0.0,4.7707926040884345,0.9859676900155734,-1.2407202365546461,-0.012248639771498426,-0.09390835486131467,2.5900368675315484,-0.004154791061204459,26.31114380351168,1.0407886609734303,3.686257512744364,-0.04075772747270737
5032,20.4442245,-0.03848451000647496,0.08863492503298182,0.009630874142223092,-0.1981399880011223,3.010972381907274,-0.047209517362032466,0.29553892086714556,0,0.0031112,1,Shared Control,0.01,Good Visuals,0.13900231010158365,0.37160567647400417,0.0,4.771307048500801,0.9859775869987535,-1.2314701693394827,-0.0029985725563349223,-0.09499385448797959,2.5728220774799055,-0.003855734194177395,26.313742487255634,1.0407577274727073,3.6841803456343514,-0.040731516044921166
5033,20.4478471,-0.0380132711084365,0.0965351084083351,0.009196246253595969,-0.19900381245881046,3.0198569196275744,-0.04612055503786362,0.30564888284036795,0,0.0036226,1,Shared Control,0.01,Good Visuals,0.14940720737629817,0.3714138523044209,0.0,4.7717308313925875,0.9859854561659667,-1.2223470802715843,0.006124516511563375,-0.0864771990451164,2.667725910257412,-0.0035788875006568066,26.315819654365647,1.040731516044921,3.6825221101782066,-0.04071049029172138
5034,20.4513514,-0.03785619147575701,0.10412919205666155,0.008264363562106615,-0.2015196907837064,3.0196448064818573,-0.045032476919373565,0.31533103080590785,0,0.0035043,1,Shared Control,0.01,Good Visuals,0.15233098356163063,0.37121886884992067,0.0,4.772070000057263,0.9859917355209841,-1.2128624909667307,0.01560910581641697,-0.08762698610434712,2.6391533487822345,-0.003415613247788177,26.317477889821795,1.0407104902917215,3.6807683035780103,-0.04068911825085045
5035,20.4549403,-0.03738495257771854,0.10363286083826664,0.0076475243416550265,-0.2116981699676412,2.986272738271496,-0.0438831414093248,0.3251465628404485,0,0.0035889000000000003,1,Shared Control,0.01,Good Visuals,0.15925706745246473,0.37105905989377796,0.0,4.772421393164157,0.9859984011707016,-1.203668495340482,0.02480310144266583,-0.08386525903509294,2.6821073036695524,-0.0030678876932897186,26.31923169642199,1.0406891182508504,3.6793852170581474,-0.040671601669502684
5036,20.458825,-0.03675663404700058,0.10763629969945765,0.0071265073623242164,-0.21751026314099087,2.97634935429082,-0.042599593105107775,0.33565572576531494,0,0.0038847,1,Shared Control,0.01,Good Visuals,0.17223579512269505,0.3709192887407659,0.0,4.7727041159212895,0.9860036393164198,-1.1925741371421994,0.035897459640948315,-0.06871828383569836,2.794548664554782,-0.0028376831927292975,26.320614782941853,1.0406716016695028,3.678157150855257,-0.04065628142193395
5037,20.462309100000002,-0.036285395148962105,0.11974837583761229,0.00631419795614567,-0.21590734992770266,2.984723936451649,-0.041413866172412064,0.3449783551254758,0,0.0034841000000000004,1,Shared Control,0.01,Good Visuals,0.1804524381547257,0.37081395993744243,0.0,4.77295317934247,0.9860082969433053,-1.182489869748432,0.045981727034715605,-0.061755662501907366,2.8161265027694955,-0.00264335904203913,26.321842849144744,1.040656281421934,3.677258330940462,-0.04064473638343166
5038,20.465804700000003,-0.03597123588360313,0.1270552040290497,0.005442630288808932,-0.2179231510964261,2.9609881470771215,-0.04019175513658069,0.3542333556888626,0,0.0034956,1,Shared Control,0.01,Good Visuals,0.1827486324235047,0.37071955917567473,0.0,4.773138281476163,0.9860116965730354,-1.172942692755144,0.05552890402800357,-0.06527215584304882,2.787659715395925,-0.0023413927479472812,26.32274166905954,1.0406447363834317,3.6764244307421676,-0.040634389162207595
5039,20.469251,-0.03549999698556466,0.12592289781113078,0.00469175815101603,-0.22831045787773183,2.909591198823771,-0.038955377462288186,0.3632607049288038,0,0.0034463000000000002,1,Shared Control,0.01,Good Visuals,0.18889612061497527,0.37064026898141367,0.0,4.7733069338367,0.9860148608799211,-1.1628732186876842,0.06559837809546343,-0.06091005827966457,2.813330930783376,-0.0020176895014234223,26.323575569257834,1.0406343891622076,3.675733740766778,-0.040625698202881054
5040,20.474193000000003,-0.03408628029144925,0.13964486451561195,0.004869097170838936,-0.22361584041319185,2.868817486933062,-0.037128491681678366,0.3760364404030216,0,0.004942,1,Shared Control,0.01,Good Visuals,0.2133348027455713,0.37055885690300394,0.0,4.773532520319984,0.9860189952159212,-1.141001214009,0.08747038277414775,-0.031431383320663746,2.985287633471756,-0.0015133820443429264,26.324668975559902,1.0406202963905191,3.6750633746674386,-0.040616774664873075
5041,20.4802533,-0.03314380249537231,0.16052755308790834,0.0039846891863060535,-0.21550888731511325,2.8015759899906705,-0.03480280489167966,0.3914282766399487,0,0.0060603,1,Shared Control,0.01,Good Visuals,0.20306467043531615,0.37047124265319886,0.0,4.7736864760808,0.9860219290559282,-1.1252033978132108,0.10326819896993694,-0.052593957937819256,2.6781460362539913,-0.0012435550461794803,26.325440340389335,1.0406109673316044,3.6742760632938536,-0.040607171309898625
5042,20.486105300000002,-0.03282964323001333,0.16162567149146742,0.001973161661666327,-0.2298026051484813,2.7518900643388973,-0.032469386813934895,0.4060011656381017,0,0.005852,1,Shared Control,0.01,Good Visuals,0.19347482427084875,0.37041086671622403,0.0,4.773746178718017,0.9860229974490443,-1.11647338235038,0.11199821443276754,-0.06292040462298637,2.425004295230721,-0.0014762127544375675,26.325723936706147,1.0406071713098985,3.673699129265871,-0.040600553533041844
5043,20.490840000000002,-0.03141592653589793,0.15761986968832742,0.0010534602780369676,-0.24838129594977426,2.6517058587191698,-0.03051960379384601,0.41758156498762034,0,0.0047347000000000005,1,Shared Control,0.01,Good Visuals,0.24451485175217194,0.37039395207770615,0.0,4.7738824763763805,0.9860255197130339,-1.095939822484164,0.1325317742989837,-0.0029073919636542498,3.109020649730401,-9.928863409479833e-05,26.326390004085983,1.040598719175729,3.6736260740948508,-0.04059869952780511
5044,20.4966399,-0.03078760800517997,0.1702799700190037,-0.0002680042113339595,-0.24730159496861664,2.644911783159384,-0.02805714507439075,0.43150926748699026,0,0.0057999,1,Shared Control,0.01,Good Visuals,0.2398811856580862,0.3703924456512906,0.0,4.773881079998328,0.9860254525665271,-1.0861061620020764,0.14236543478107141,-0.006338911539199111,2.874078761387615,-0.00039019531573899157,26.32637392590515,1.0405986995278051,3.6736095407335543,-0.04059853440914411
5045,20.500210900000003,-0.03015928947446201,0.18135834918996294,-0.002102144400071261,-0.2501509182970273,2.6161814685223557,-0.026501135749016944,0.43994242333747047,0,0.0035710000000000004,1,Shared Control,0.01,Good Visuals,0.2451251039311148,0.3703928304751984,0.0,4.773884084927328,0.9860255164261229,-1.0756907649392022,0.15278083184394559,-0.006081751465164954,2.910060367934447,9.92667352808306e-05,26.326390459266445,1.0405985344091442,3.6736157260209006,-0.04059857658950402
5046,20.503780900000002,-0.029373891311064562,0.18847428777658454,-0.002872755562047618,-0.25146813556088593,2.578819663894316,-0.02491565413397723,0.44826440270345613,0,0.0035700000000000003,1,Shared Control,0.01,Good Visuals,0.25669057396611245,0.37039158105108066,0.0,4.773883126629604,0.9860254919871885,-1.0652051965032072,0.1632664002799407,0.002623562105712213,3.049105363923087,0.0007786192144099822,26.326384273979098,1.040598576589504,3.67360216136435,-0.04059843964073891
5047,20.507996300000002,-0.02811725424962865,0.2002113562523643,-0.003201600115651418,-0.24805304645109183,2.5662616236637645,-0.023005571963932277,0.4579502230611716,0,0.0042154,1,Shared Control,0.01,Good Visuals,0.26166821167325516,0.3703853894438684,0.0,4.773885604516311,0.9860255443388644,-1.0500557805429669,0.17841581624018096,0.006565535046442375,3.038268813974625,0.001064044474600103,26.32639783863565,1.0405984396407388,3.673540294291988,-0.04059776098170738
5048,20.5120776,-0.027646015351590177,0.2092751756983837,-0.0046404433876579,-0.24867504736278792,2.5367610066464685,-0.021117651557346264,0.46718224286594107,0,0.0040813,1,Shared Control,0.01,Good Visuals,0.25987080935553303,0.3703853491941152,0.0,4.773897363518055,0.9860257815967214,-1.0397608284799933,0.18871076830315447,5.298014979427029e-05,2.860900948443386,0.0011858259056790844,26.32645970570801,1.0405977609817074,3.673548590904648,-0.04059775656995166
5049,20.5158604,-0.02670353755551324,0.20981354724405826,-0.005585885998166975,-0.2573686956218828,2.481087212859446,-0.019334414160095622,0.4756105958504828,0,0.0037828000000000002,1,Shared Control,0.01,Good Visuals,0.26735299624830905,0.3703795321695831,0.0,4.773896594478193,0.9860257471083615,-1.0297941646676154,0.1986774321155324,0.005562243259762524,2.9153373540755023,0.0017187522445531941,26.326451409095352,1.0405977565699516,3.6734881724277573,-0.04059711896874408
5050,20.5192453,-0.025761059759436305,0.2172156303968964,-0.006426645599340683,-0.2583949654535864,2.4657242726676207,-0.017711905553955364,0.4830473066615727,0,0.0033849,1,Shared Control,0.01,Good Visuals,0.280438725297232,0.37035121934526133,0.0,4.7739078650723705,0.9860259795154671,-1.0189698720491336,0.20950172473401435,0.021575416730536867,3.024812803823374,0.002068897842753709,26.326511827572244,1.0405971189687442,3.6732052234134933,-0.04059401561394853
5051,20.524245800000003,-0.02403318379996192,0.240398439275087,-0.006321278246006555,-0.2426488673864857,2.443505229868621,-0.015269324043084974,0.4938513360477745,0,0.005000500000000001,1,Shared Control,0.01,Good Visuals,0.28334665666413383,0.3702881485528313,0.0,4.774027138768151,0.9860283225588496,-0.9982785744727685,0.23019302231037958,0.016320060877676987,2.907837080194086,0.0026898795578292763,26.327125127497727,1.0405900718722285,3.672644653669543,-0.04058710245530627
5052,20.529658400000002,-0.023090706003884978,0.24964431628674916,-0.007821381960800004,-0.24420701976102532,2.4306708410434323,-0.012565205222798491,0.5053000616469203,0,0.0054126,1,Shared Control,0.01,Good Visuals,0.2694371211595392,0.3702897959327764,0.0,4.774074655457897,0.986029193015337,-0.9894759542445196,0.23899564253862848,-0.0011465603970846347,2.5600919695930955,0.002340694418201056,26.327355346330457,1.0405871024553062,3.6726967928466263,-0.040587283023814535
5053,20.533245800000003,-0.022305307840487527,0.25618802834880294,-0.009740102617689036,-0.24911203329811737,2.409863980952482,-0.010739100562203945,0.5127469782140264,0,0.0035874,1,Shared Control,0.01,Good Visuals,0.2781350089157951,0.3702813458544441,0.0,4.774068059050227,0.9860289821101136,-0.9799620637869574,0.24850953299619075,0.0045685500478779405,2.657511300995048,0.0028961779301769322,26.327303207153374,1.0405872830238145,3.672604967299442,-0.04058635681487059
5054,20.536812,-0.021048670779051613,0.2626341416627802,-0.010309570216847669,-0.25011283655124616,2.3944604090774013,-0.008897508335813046,0.5200381003130979,0,0.0035662000000000003,1,Shared Control,0.01,Good Visuals,0.2921318490226572,0.37024315121122564,0.0,4.774084825773345,0.986029336527956,-0.9702797925084918,0.2581918042746563,0.017396045125619736,2.830742392253998,0.0036065783060382902,26.327395032700558,1.0405863568148706,3.672224411106855,-0.04058217031874963
5055,20.541100800000002,-0.019792033717615697,0.2799882664629963,-0.01089452538180265,-0.24004983385010165,2.426069723361984,-0.006648625169162793,0.52865869017322,0,0.004288800000000001,1,Shared Control,0.01,Good Visuals,0.2958384687061512,0.37019135027390937,0.0,4.774157258934928,0.9860307956179541,-0.959071465305741,0.26940013147740716,0.019070717972063257,2.802291972585645,0.00381704776471908,26.327775588893147,1.0405821703187497,3.6717450800278346,-0.04057649244340214
5056,20.5443219,-0.018849555921538756,0.2966538954036537,-0.012200930752375962,-0.23200479476956626,2.4485144732507913,-0.00493548197128061,0.5350268128881037,0,0.0032211,1,Shared Control,0.01,Good Visuals,0.28871017582127245,0.3701844345834371,0.0,4.7742519194871464,0.9860326220975616,-0.949762539569279,0.2787090572138692,0.002697564686766195,2.6179553789476446,0.004033059061682901,26.328254919972167,1.0405764924434022,3.6717440103563366,-0.040575734417959405
5057,20.5478428,-0.01774999849278233,0.30190209664646556,-0.012814516521501718,-0.23312471624163816,2.4356358109349583,-0.0030396038316658908,0.5418831192494484,0,0.0035209000000000004,1,Shared Control,0.01,Good Visuals,0.28701468887217785,0.3702041328895023,0.0,4.774258441496684,0.9860326053207029,-0.9409078725188303,0.28756372426431787,-0.007033465453506059,2.561966046654908,0.004516594651959965,26.328255989643665,1.0405757344179594,3.671951513057802,-0.04057789353963152
5058,20.551292,-0.016493361431346415,0.3072786956528498,-0.013453757599680524,-0.2346044235965986,2.440119551080241,-0.0011591095853209672,0.5484938280572699,0,0.0034492000000000004,1,Shared Control,0.01,Good Visuals,0.2910477060202892,0.3702178782758571,0.0,4.7742199929919025,0.9860318062738045,-0.9318672111099078,0.29660438567324043,-0.004550224354787324,2.545804631933596,0.004743986977240745,26.328048486942198,1.0405778935396315,3.6720644698503566,-0.04057940016469216
5059,20.5548529,-0.015393804002589984,0.31735617254436455,-0.014234694417269017,-0.23113765551290533,2.4591439431565107,0.0008060104040936468,0.5552084777776916,0,0.0035609,1,Shared Control,0.01,Good Visuals,0.2955582028781395,0.3702259136134942,0.0,4.774196258197284,0.9860313805711436,-0.9231455637814189,0.30532603300172934,-0.0026180989515770118,2.5361735812291504,0.004980821593391412,26.327935530149645,1.0405794001646922,3.6721295700333765,-0.0405802809141118
5060,20.5587893,-0.013823007675795088,0.32933844900237663,-0.014629018079888735,-0.22587002877531492,2.4750612156085268,0.00300593084231094,0.562500865070996,0,0.0039364000000000005,1,Shared Control,0.01,Good Visuals,0.2958679535471741,0.3702544998480587,0.0,4.7741824738570795,0.9860311355750171,-0.9131945935697053,0.31527700321344293,-0.007544160679731749,2.4835825521535355,0.005270052745642327,26.327870429966623,1.0405802809141118,3.6724134827403776,-0.04058341423727004
5061,20.562299300000003,-0.012880529879718152,0.33763957312061804,-0.015886460722029094,-0.2248612919503779,2.471010501873804,0.004991549852236356,0.5688878255397928,0,0.00351,1,Shared Control,0.01,Good Visuals,0.2925554451142816,0.37031359779827877,0.0,4.774128350593514,0.9860300473033805,-0.9047625733369903,0.323709023446158,-0.016946282769342996,2.3553129141662184,0.005416459772437412,26.327586517259622,1.04058341423727,3.672981452432399,-0.040589891934625075
5062,20.565796900000002,-0.011309733552923255,0.342978082281591,-0.01630128340515961,-0.2259097432582018,2.461607709295949,0.006992263999043957,0.5751438608211548,0,0.0034976,1,Shared Control,0.01,Good Visuals,0.2975617563733601,0.37036744138440547,0.0,4.774018303263503,0.9860278760705743,-0.8966186165961524,0.33185298018699594,-0.01491034983543043,2.3866473466101876,0.005882972426255635,26.3270185475676,1.040589891934625,3.67345392984168,-0.04059579370370741
5063,20.569239900000003,-0.010367255756846317,0.3503660673765145,-0.017359519755890274,-0.22477779344464027,2.4669417595625367,0.00898293410668373,0.5811965520348488,0,0.0034430000000000003,1,Shared Control,0.01,Good Visuals,0.3005739617572044,0.370420800715806,0.0,4.773922413570887,0.9860260842523648,-0.8882220606084514,0.34024953617469694,-0.013814215202207695,2.3594447376010885,0.006037464626051033,26.32654607015832,1.0405957937037074,3.6739318955830607,-0.040601642393866585
5064,20.5742775,-0.007696902001294992,0.36639717183869347,-0.01667983610797872,-0.2147993801961553,2.4710237774798025,0.011932694494755262,0.589863531915764,0,0.005037600000000001,1,Shared Control,0.01,Good Visuals,0.30396887885491103,0.3705444925782868,0.0,4.7737293361495645,0.98602242917261,-0.8719384762111786,0.3565331205719698,-0.01733044041803124,2.282923779652036,0.006528622343541727,26.325584142558313,1.0406075557827663,3.675061450119345,-0.04061520019828192
5065,20.5796689,-0.006126105674500096,0.3714193824838194,-0.01805880016925536,-0.21844414943194462,2.4547839315252435,0.01513733428801449,0.5988905134042991,0,0.0053914,1,Shared Control,0.01,Good Visuals,0.291419375014912,0.37067407700960353,0.0,4.773601867203941,0.9860199691069687,-0.865105770253155,0.3633658265299934,-0.033782142031987344,1.9875228221605663,0.006180621406919961,26.324938549880656,1.040615200198282,3.676300203641204,-0.04062940388427895
5066,20.583319200000002,-0.005026548245743669,0.37425102189379045,-0.020163882533758157,-0.22463949151050866,2.43384252138334,0.01733438876145917,0.6048563762235397,0,0.0036503000000000004,1,Shared Control,0.01,Good Visuals,0.30159043579407807,0.3707801460588921,0.0,4.773361213278139,0.9860152357841814,-0.8575578467132957,0.3709137500698527,-0.024628618155749824,2.113909018052809,0.006693929084639602,26.323699796358795,1.040629403884279,3.6772130524136912,-0.04064103006077862
5067,20.586838800000002,-0.0032986722862692825,0.38071279441422007,-0.02063306104772845,-0.22414358180931965,2.4301189547871975,0.01947319990674224,0.6104970934693312,0,0.0035196000000000003,1,Shared Control,0.01,Good Visuals,0.3177429059805097,0.3708169061158061,0.0,4.773174059053922,0.9860117802581614,-0.8495363251785711,0.3789352716045773,-0.007961777746139707,2.3335335373744273,0.0074763673109811924,26.32278694758631,1.0406410300607787,3.6774524517224974,-0.040645059312597945
5068,20.591129300000002,-0.001727875959474386,0.39574222765096406,-0.021201075866216626,-0.21475486581836717,2.459191837264019,0.022107029456012124,0.6172252798511012,0,0.0042905,1,Shared Control,0.01,Good Visuals,0.31949202298860696,0.3708656141682987,0.0,4.773116678811082,0.9860109015067848,-0.840370499967251,0.3881010968158974,-0.008861709932370034,2.292373252130875,0.007651087861417216,26.3225475482775,1.040645059312598,3.677911000940874,-0.04065039817835599
5069,20.5942106,-0.0004712388980384689,0.4057597832343045,-0.022578268354050593,-0.2114654966167967,2.4671123214082438,0.024016197118240837,0.6219569794649077,0,0.0030813000000000004,1,Shared Control,0.01,Good Visuals,0.312943568697891,0.37098326354049843,0.0,4.773026910256328,0.9860091516675794,-0.8327149355509753,0.39575666123217307,-0.023182708212434604,2.1391428457236166,0.007862750022153125,26.322088999059126,1.040650398178356,3.6790547820941875,-0.04066329366837351
5070,20.5978552,0.0012566370614359172,0.4082553073570275,-0.02275956005680492,-0.21370167210788021,2.459050019403811,0.02629301896506099,0.6274455743006986,0,0.0036446000000000004,1,Shared Control,0.01,Good Visuals,0.31626769687028117,0.3711080936749502,0.0,4.772806564954924,0.9860047751553286,-0.8252941777854306,0.4031774189977178,-0.024061397618828695,2.162855658858863,0.008376159679078846,26.320945217905813,1.0406632936683735,3.680175508790474,-0.04067697623822163
5071,20.601276000000002,0.002670353755551324,0.4175122387604001,-0.023622665209509668,-0.20993333554029847,2.4869787982107487,0.02844804323262971,0.6324906289876617,0,0.0034208000000000003,1,Shared Control,0.01,Good Visuals,0.3193318210919357,0.3712269753938652,0.0,4.772581798649484,0.9860005162392402,-0.8177099581846049,0.4107616385985435,-0.021902212761736237,2.127828634185016,0.008446256945561415,26.319824491209527,1.0406769762382215,3.681231679124999,-0.040690006805158545
5072,20.6048617,0.004241150082346221,0.4271083782128524,-0.024206893150283487,-0.20538225077480932,2.5055613050556986,0.030725281446636263,0.6376682840573566,0,0.0035857000000000003,1,Shared Control,0.01,Good Visuals,0.31972960651867,0.3713717098096119,0.0,4.772368827945958,0.985996506496075,-0.8105519777163842,0.4179196190667641,-0.026705394534893172,2.0906537964310585,0.00876937055646816,26.318768320875,1.0406900068051586,3.6825624897996834,-0.04070587107352274
5073,20.6089199,0.006126105674500096,0.43623996651711583,-0.02459917577213617,-0.20142831754024082,2.5218948798430487,0.03332472945371372,0.6433918218887738,0,0.0040582000000000005,1,Shared Control,0.01,Good Visuals,0.31802298095066406,0.3715886825678067,0.0,4.772105174268631,0.9859914385555372,-0.8024626827258342,0.4260089140573141,-0.033354874209515634,2.0207576604506463,0.008989755298399361,26.317437510200318,1.0407058710735226,3.6845986985754675,-0.040729653351192927
5074,20.6123164,0.0075398223686155025,0.44355373268764653,-0.025784907085098216,-0.19983808920112722,2.530559289502295,0.03551798474138316,0.6480709379497082,0,0.0033965,1,Shared Control,0.01,Good Visuals,0.3159850647509207,0.37182520994507334,0.0,4.771705927935948,0.9859836706276583,-0.7956000976020365,0.43287149918111184,-0.04015868159820829,1.9269887748287728,0.009140775317421988,26.315401301424533,1.040729653351193,3.686735103652568,-0.04075557900107431
5075,20.6158541,0.009267698328089888,0.44610352491184957,-0.026250286413293272,-0.2019674130378586,2.5215438093802383,0.03781912809455143,0.6528370066628926,0,0.0035377000000000004,1,Shared Control,0.01,Good Visuals,0.3200624500890717,0.3720595847206928,0.0,4.771278802526201,0.9859755478873119,-0.7888683336676959,0.43960326311545245,-0.03929267394306207,1.9575340761117204,0.009587478490330854,26.313264896347434,1.0407555790010743,3.6888283542916196,-0.0407812687053443
5076,20.6192169,0.010681415022205296,0.4480067342788374,-0.027137713072346133,-0.20483027238405516,2.5137843977078718,0.040021962747748496,0.6572658370506468,0,0.0033628000000000004,1,Shared Control,0.01,Good Visuals,0.3243697106028787,0.3722850999228424,0.0,4.770857873326913,0.985967597424267,-0.7818661735984932,0.4466054231846551,-0.03572751855694851,1.957222738484651,0.009766670661729138,26.31117164570838,1.0407812687053444,3.69083479580294,-0.04080598731610905
5077,20.624164200000003,0.013823007675795088,0.4534225207492998,-0.026198955071953408,-0.203843316301347,2.4872488803180937,0.043289415008526615,0.6636017570317514,0,0.0049473,1,Shared Control,0.01,Good Visuals,0.3344005931033964,0.3726439883373913,0.0,4.77012124094244,0.9859538100430454,-0.767966775527652,0.46050482125549635,-0.027049087866202366,1.9745951616412234,0.010226458654860602,26.30753657185633,1.0408265505590095,3.6939775501993926,-0.040845324899308096
5078,20.629628200000003,0.016022122533307943,0.46069318837207307,-0.027267292475218672,-0.20290856865967832,2.4833115520464437,0.04693389315375558,0.6703512847897943,0,0.005464,1,Shared Control,0.01,Good Visuals,0.32594309605918814,0.3728616471109393,0.0,4.769815150230904,0.9859480648345296,-0.7620579152475221,0.46641368153562635,-0.03623139323996414,1.730722673656298,0.009762883108284845,26.306022449800608,1.0408453248993081,3.695988074545897,-0.04086918237078487
5079,20.633272700000003,0.01743583922742335,0.47742812786910577,-0.029498053926332233,-0.19292315692068857,2.5130294571564487,0.04938496393274951,0.6747087877843362,0,0.0036445,1,Shared Control,0.01,Good Visuals,0.3301048661698788,0.3730911256037652,0.0,4.769417782610898,0.9859404059493191,-0.7556780294044938,0.47279356737865463,-0.034783644622036126,1.771550785279835,0.010166927584565754,26.304011925454102,1.040869182370785,3.698051885982112,-0.04089433539589792
5080,20.636857600000003,0.019477874452256717,0.4923634864451524,-0.02990708948049279,-0.1823453013391838,2.533205190299026,0.05181124196163718,0.6788825118704759,0,0.0035849000000000002,1,Shared Control,0.01,Good Visuals,0.330885567798051,0.37337239413795736,0.0,4.769004274330211,0.985932562865666,-0.7494850878880158,0.4789865088951326,-0.041511544316067586,1.818031210802602,0.011005462142495858,26.30194811401789,1.040894335395898,3.7006360318259564,-0.04092516510205873
5081,20.641112500000002,0.021362830044410593,0.5007286139520805,-0.030448411917226588,-0.17815389791839542,2.551997263226868,0.05471010617549989,0.6836917688921301,0,0.004254900000000001,1,Shared Control,0.01,Good Visuals,0.3223900973489736,0.3739030016714866,0.0,4.768492142475039,0.9859227237368557,-0.7418099850939235,0.4866616116892249,-0.05709072890319223,1.6717350513149976,0.011166481601029713,26.299363968174042,1.0409251651020588,3.7057105056955786,-0.04098332473371606
5082,20.644814500000003,0.023404865269243957,0.5053084793087271,-0.03130524090625593,-0.178383289583403,2.5914129428844,0.05724867910186032,0.6877487596962746,0,0.0037020000000000004,1,Shared Control,0.01,Good Visuals,0.3208055277748658,0.3743469016870281,0.0,4.767506624974047,0.9859033357777196,-0.7363884067303729,0.4920831900527755,-0.06308924297104507,1.5903720632298612,0.011384752611980886,26.294289494304422,1.0409833247337161,3.709538270465507,-0.04103198039682898
5083,20.648274200000003,0.024975661596038853,0.5088110875675517,-0.03227301750582147,-0.1789376721287229,2.640602415849655,0.05963448701700105,0.6914333552750158,0,0.0034597,1,Shared Control,0.01,Good Visuals,0.32508950018850313,0.3748267383494066,0.0,4.766722766420686,0.9858888467809246,-0.7305489683568392,0.4979226284263091,-0.06284886757506083,1.6228325524646596,0.01171901993982292,26.290461729534492,1.0410319803968289,3.7138853780883068,-0.041084575058186315
5084,20.651994900000002,0.027017696820872218,0.5126852998879934,-0.032616790196128835,-0.17874805538702243,2.6876152679282175,0.06221429787957773,0.6952809524135325,0,0.0037207000000000004,1,Shared Control,0.01,Good Visuals,0.33021822232669973,0.3752868440271713,0.0,4.76585509441299,0.9858723170803102,-0.7248883292408101,0.5035832675423382,-0.06173345066008354,1.6608881861478348,0.012096789888400362,26.286114621911693,1.0410845750581863,3.717965650246009,-0.04113500701599184
5085,20.655456100000002,0.028431413514987625,0.5120863786543292,-0.03378288436459011,-0.18319457375920334,2.7126807458198017,0.0646268434892125,0.6987534706767387,0,0.0034612,1,Shared Control,0.01,Good Visuals,0.33164003043084606,0.37581419433247604,0.0,4.765031683559793,0.9858568326727865,-0.7188771404993368,0.5095944562838115,-0.06469221023187223,1.629843485026114,0.012240652255001571,26.282034349753992,1.041135007015992,3.722769394913259,-0.04119280962446011
5086,20.6591111,0.03047344873982099,0.5010547267537124,-0.034153394749391504,-0.19769874392302622,2.6935725523665703,0.06718731999217643,0.7023090109143502,0,0.0036550000000000003,1,Shared Control,0.01,Good Visuals,0.34154448904217505,0.3763127371324146,0.0,4.764075582087688,0.9858385586558147,-0.7121285355559663,0.516343061227182,-0.05583579610778297,1.7274438639697158,0.012696087469705632,26.277230605086743,1.04119280962446,3.7271759205303288,-0.04124745465638604
5087,20.662925100000002,0.032672563597333844,0.5011855574628856,-0.03451475639484259,-0.20112345345146454,2.7119109293951613,0.06987280926625725,0.7058974970415333,0,0.003814,1,Shared Control,0.01,Good Visuals,0.3575746721033123,0.37658702914075964,0.0,4.763184840996963,0.9858218423497312,-0.7058243572714185,0.5226472395117299,-0.035002842381071826,1.8488952941748287,0.012852357460507353,26.27282407946967,1.0412474546563861,3.729325047555759,-0.04127751966896848
5088,20.6662564,0.03408628029144925,0.5148653809468199,-0.035786528974807996,-0.19103211609471338,2.7538333023229153,0.07222944351518558,0.7089303580141684,0,0.0033313,1,Shared Control,0.01,Good Visuals,0.36265444762345567,0.3768480961700206,0.0,4.762721556939791,0.9858137870383192,-0.6991877592383189,0.5292838375448294,-0.031378793714410186,1.8501806615833827,0.012997809572250807,26.270674952444242,1.0412775196689685,3.731659590228322,-0.04130613509807613
5089,20.669845700000003,0.036285395148962105,0.5216035401759133,-0.035944048366223474,-0.1873268178382551,2.7520626078972157,0.07477971488345411,0.7120924797436403,0,0.0035893,1,Shared Control,0.01,Good Visuals,0.35874488719814046,0.37719959275328424,0.0,4.762252496089161,0.985804921765747,-0.6930831099946808,0.5353884867884675,-0.04253894031466283,1.7833686552067123,0.013486085312689671,26.268340409771678,1.0413061350980761,3.7349189369995295,-0.04134466246627133
5090,20.674268100000003,0.04021238596594935,0.5519857466062753,-0.03456732891750476,-0.160106733137365,2.8473695078874837,0.07793721644877748,0.715838287971655,0,0.0044224,1,Shared Control,0.01,Good Visuals,0.34823019404153954,0.37812984834216085,0.0,4.760755777826089,0.9857760432432601,-0.681793387714494,0.5466782090686543,-0.062983757021397,1.532821110171597,0.013707511554052578,26.26075901269424,1.0413959261945052,3.7433499027341557,-0.0414466273253761
5091,20.680062000000003,0.043353978619539144,0.543790574958739,-0.034583237829238334,-0.1720477130129161,2.7855454022221937,0.08209834055792908,0.7204955529855136,0,0.0057939,1,Shared Control,0.01,Good Visuals,0.3291251670246035,0.3796760260146447,0.0,4.7586208210066,0.9857350162353263,-0.6740982851756782,0.5543733116074702,-0.09457643944070214,1.2220328522516,0.013756092296720831,26.24998130738463,1.04152443636034,3.7576223699909366,-0.04161610310215283
5092,20.686726,0.04571017310973149,0.5345226696755103,-0.036388167448197596,-0.18597288331000328,2.7449469839226053,0.08691661396133278,0.7255027091232189,0,0.006664000000000001,1,Shared Control,0.01,Good Visuals,0.3341046152202085,0.38034023218431395,0.0,4.7571061880508205,0.9857061019298413,-0.6701667845034727,0.5583048122796757,-0.08221310420214603,1.1428448801504132,0.013130426305724537,26.242377630009063,1.041616103102153,3.7632964363953896,-0.041688906414830196
5093,20.6910026,0.04790928796724434,0.5488415906565032,-0.03900732599408844,-0.17666111846671573,2.780928063171203,0.09002580495020462,0.7285198544995481,0,0.0042766,1,Shared Control,0.01,Good Visuals,0.3563705142096967,0.3808699261221593,0.0,4.7559387960444495,0.9856846528549355,-0.6644625000371667,0.5640090967459817,-0.05420769563253274,1.4354012245359735,0.013839884056009168,26.23670356360461,1.0416889064148303,3.7678500164062205,-0.041746965907712444
5094,20.694239500000002,0.04963716392671873,0.5600609376094186,-0.0403886410234859,-0.1684589168901296,2.777291351207067,0.09238750593579197,0.7307018712052569,0,0.0032369,1,Shared Control,0.01,Good Visuals,0.35960914309220404,0.38141637619929397,0.0,4.755005061084805,0.9856674297221538,-0.6590046761409564,0.569466920642192,-0.05770054451901386,1.5237231347079274,0.014856717369591448,26.23214998359378,1.0417469659077125,3.7727520504495393,-0.04180686203280868
5095,20.6978295,0.05199335841691107,0.5618466339751169,-0.040394147518880895,-0.16885523723013995,2.74859631662878,0.09501491840990207,0.7330197896731406,0,0.0035900000000000003,1,Shared Control,0.01,Good Visuals,0.3580498160499172,0.3820157592514143,0.0,4.754021910995228,0.9856488141689652,-0.6538036435625801,0.5746679532205682,-0.06301189901509034,1.5008029370585092,0.015404889098792134,26.22724794955046,1.0418068620328087,3.778158619969838,-0.04187256011534645
5096,20.7014062,0.053564154743705975,0.5650391180980643,-0.0414507636661961,-0.16798067157507635,2.7376258997640037,0.09764068131146808,0.7352225836292345,0,0.0035767000000000004,1,Shared Control,0.01,Good Visuals,0.3584194819751514,0.38262377768627526,0.0,4.752940659292625,0.9856282728640845,-0.6486829624019763,0.579788634381172,-0.06227332131486469,1.439566264823545,0.015431200933738919,26.221841380030163,1.0418725601153465,3.7835771756053957,-0.04193920471795354
5097,20.7048859,0.05576326960121883,0.5629135636410665,-0.04187741171024925,-0.17230901998816806,2.701237324644075,0.10020261590970178,0.7372638532195566,0,0.0034797,1,Shared Control,0.01,Good Visuals,0.3625308676819727,0.38318646877620954,0.0,4.751850273241002,0.9856077099603373,-0.643684767049513,0.5847868297336353,-0.0586742102453517,1.4682868753747687,0.01586004778194095,26.216422824394606,1.0419392047179534,3.7885213225661536,-0.04200088101250173
5098,20.7088283,0.058119464091411166,0.5667322065428643,-0.042083151818290615,-0.1705316466766923,2.6941535080287062,0.1031135674310022,0.7394555861082895,0,0.0039424,1,Shared Control,0.01,Good Visuals,0.368779090292777,0.3837564986475906,0.0,4.750848060450001,0.9855889732536036,-0.6376953092640438,0.5907762875191045,-0.05002238522129297,1.493779375865235,0.016046857514737896,26.211478677433846,1.0420008810125017,3.7936066848242365,-0.042063361707286986
5099,20.712305,0.06000441968356505,0.573866563899723,-0.04310914774743715,-0.16558902220856653,2.6909376161241543,0.10568763657213333,0.7412820694317661,0,0.0034767,1,Shared Control,0.01,Good Visuals,0.36795843984620613,0.38429016433299074,0.0,4.749825327468558,0.9855696743410163,-0.6326417669239309,0.5958298298592174,-0.05231369871088587,1.4156373858795743,0.01614968299384219,26.206393315175763,1.042063361707287,3.798301241694865,-0.04212185654147185
5100,20.7157978,0.062360614173757385,0.5794145684604286,-0.04332702239837594,-0.1618675009713375,2.6774537994995726,0.10827984547878226,0.7430169119436445,0,0.0034928000000000003,1,Shared Control,0.01,Good Visuals,0.36791649759694683,0.3848384754186115,0.0,4.74887432637917,0.9855518829110724,-0.6278801255774612,0.6005914712056871,-0.05479690164571977,1.3951483581804056,0.016566421472117798,26.201698758305135,1.0421218565414718,3.8031997635992116,-0.04218195665079602
5101,20.719230800000002,0.06408849013323177,0.5865093997430226,-0.04419135534555049,-0.15650751220062187,2.6739030720408365,0.11083340963939534,0.7446245312475466,0,0.0034330000000000003,1,Shared Control,0.01,Good Visuals,0.3652377444479874,0.38546699187484945,0.0,4.747889930464881,0.9855332919111399,-0.6231590913389666,0.6053125054441817,-0.05920253810079558,1.3118721311847419,0.01667390524421903,26.19680023640079,1.042181956650796,3.808894500323417,-0.042250848031478536
5102,20.7242116,0.0681725605828985,0.584469129519197,-0.042660849056496836,-0.16015540172834952,2.6019740801713898,0.11454770145221871,0.7467855655441216,0,0.0049808000000000005,1,Shared Control,0.01,Good Visuals,0.36589074797193005,0.3867639429279241,0.0,4.7455389694964705,0.9854886550621148,-0.6143595634463338,0.6141120333368145,-0.05994801032829692,1.2424340630390542,0.017140369955322716,26.185047969719406,1.0423248820116624,3.8203930738703002,-0.04239300620066754
5103,20.7296991,0.07052875507309085,0.5846601572508603,-0.04401894637912786,-0.16212540829326128,2.5667246977222606,0.11865168935018884,0.74893228004479,0,0.0054875,1,Shared Control,0.01,Good Visuals,0.3602296177113536,0.38739647024665885,0.0,4.744434092002992,0.9854680476005373,-0.6107810715633671,0.6176905252197812,-0.06349370095220785,1.0440226056035362,0.016499678189743728,26.1796069261297,1.0423930062006674,3.826030066279312,-0.04246233721002229
5104,20.733234600000003,0.07241371066524473,0.5890653621864368,-0.046237978684944114,-0.15986691785835316,2.5395913157509935,0.12130178514043834,0.7501857599931129,0,0.0035355,1,Shared Control,0.01,Good Visuals,0.36856100951578186,0.387971785565491,0.0,4.743299969699895,0.9854466623791014,-0.6066460192453537,0.6218255775377947,-0.053327690923997036,1.1486256438926392,0.017052784451251076,26.173969933720688,1.0424623372100223,3.8310552238292903,-0.04252539724011185
5105,20.736878,0.07492698478811656,0.5983139350287068,-0.04637480035232178,-0.1518718249644061,2.52691726339923,0.12403720468297887,0.7513715372697956,0,0.0036434,1,Shared Control,0.01,Good Visuals,0.3768106461269054,0.38845573882503087,0.0,4.742278391820172,0.985427635925501,-0.6022438633558507,0.6262277334272977,-0.04474248162459248,1.2817831031630051,0.01793903115133688,26.16894477617071,1.0425253972401118,3.835228373843069,-0.04257844311966616
5106,20.741059500000002,0.0774402589109884,0.6119824226871894,-0.04659694577199047,-0.13938911458260617,2.54002852093891,0.1271816828405771,0.7526002353185617,0,0.0041815,1,Shared Control,0.01,Good Visuals,0.3695389034439509,0.3892507356622888,0.0,4.741424326749903,0.985411855953908,-0.5970341902534425,0.6314374065297058,-0.05515427884681694,1.144429748782608,0.01801455733372446,26.16477162615693,1.042578443119666,3.8427219497625775,-0.04266558233330704
5107,20.744752400000003,0.07963937376850125,0.6185491865487277,-0.04754230907207585,-0.13405104876983398,2.5448768340934493,0.12996278126570052,0.7535681640049322,0,0.0036929000000000003,1,Shared Control,0.01,Good Visuals,0.35821932334738893,0.3900646590219585,0.0,4.73995916308928,0.9853832824375229,-0.5936788755627381,0.6347927212204102,-0.07252434775216934,0.9545703245247235,0.018137895421363067,26.157278050237423,1.042665582333307,3.8499315476747724,-0.042754796073792095
5108,20.748361300000003,0.08168140899333462,0.6154760418355434,-0.0482813722723659,-0.13809212216938882,2.530954468893651,0.13268388055838015,0.7544081368249496,0,0.0036089000000000004,1,Shared Control,0.01,Good Visuals,0.3573674315630223,0.3909309314627709,0.0,4.738504234006889,0.9853559516518381,-0.5904063234976641,0.6380652732854842,-0.07608936216705477,0.9376402684872125,0.01854457457731583,26.15006845232523,1.0427547960737922,3.857682741055543,-0.042849747771400756
5109,20.751852300000003,0.08419468311620645,0.6187980325536404,-0.0484891974421737,-0.13561010427130915,2.547601468985062,0.1353187925167406,0.7551212522991866,0,0.003491,1,Shared Control,0.01,Good Visuals,0.364772191898604,0.3916900150323818,0.0,4.736948186858838,0.9853265408367067,-0.586969954925512,0.6415016418576364,-0.06701361752238527,1.003817536339826,0.0188746818347368,26.142317258944455,1.0428497477714007,3.864251680912772,-0.04293295054937879
5110,20.755443800000002,0.08592255907568085,0.6235312818211679,-0.04939623344105974,-0.13158997047801868,2.55681537977111,0.13803197599455977,0.7557530957287357,0,0.0035915,1,Shared Control,0.01,Good Visuals,0.36324262386199313,0.39255651690972604,0.0,4.735606483802388,0.9853016984128247,-0.5835117710396337,0.6449598257435146,-0.07112499609809814,0.9439047645490226,0.018992734475033145,26.135748319087227,1.0429329505493787,3.872086992441457,-0.043027927395413244
5111,20.7591821,0.08859291283123216,0.616656254904497,-0.04943906316332761,-0.13909684082423868,2.5133042297431465,0.1408582672802984,0.7563013421765393,0,0.0037383000000000004,1,Shared Control,0.01,Good Visuals,0.3634957556041239,0.3935211495600434,0.0,4.7340421241511175,0.9852719416895268,-0.5798717096044261,0.6485998871787222,-0.07306594071156612,0.934883253340761,0.019390813348082143,26.127913007558544,1.0430279273954133,3.880750292674293,-0.04313366030737161
5112,20.762929300000003,0.091106186954104,0.6208524096414185,-0.04975208032619441,-0.1354489325351208,2.5116732066369085,0.1436931348022322,0.7567391231221758,0,0.0037472000000000004,1,Shared Control,0.01,Good Visuals,0.3710044388128828,0.3942388715228498,0.0,4.732306452152369,0.9852390636956733,-0.5765438040596627,0.6519277927234857,-0.06135014868537699,0.9634653150642674,0.019455316969204276,26.119249707325707,1.0431336603073715,3.886742598613312,-0.0432123294599024
5113,20.766327200000003,0.09283406291357839,0.632206408066568,-0.05085907188865381,-0.12453271505560781,2.511183659580137,0.14626499505722865,0.7570395522871919,0,0.0033979,1,Shared Control,0.01,Good Visuals,0.3688265657507373,0.39503346867126765,0.0,4.731059333382529,0.9852164891273423,-0.573336799763413,0.6551347970197353,-0.06537266044738622,0.900135931360067,0.01961420400371306,26.113257401386686,1.0432123294599025,3.8939049992818044,-0.04329942486384544
5114,20.7698724,0.09534733703645021,0.6304213157199159,-0.05091765802077844,-0.126618236567276,2.4531874266964775,0.14894926358585803,0.7572553156188226,0,0.0035452,1,Shared Control,0.01,Good Visuals,0.36323274559814706,0.3959282634291798,0.0,4.729627148588054,0.9851893005528249,-0.5704785533825446,0.6579930434006037,-0.07486403394499584,0.8362335812956272,0.020091035581576273,26.106095000718195,1.0432994248638454,3.901945316997989,-0.043397502878650365
5115,20.7741538,0.0986460093227195,0.6313236418103592,-0.05030325426313853,-0.12593167380846348,2.440388355794785,0.15219170192646786,0.7573831589333924,0,0.0042814,1,Shared Control,0.01,Good Visuals,0.36547861556046396,0.3972843390128897,0.0,4.728016883894715,0.9851587901681823,-0.5659192848717227,0.6625523119114256,-0.06936453167024183,0.8160202804306125,0.020159739918047655,26.09805468300201,1.0433975028786504,3.9145689711446976,-0.043546141658660685
5116,20.7787566,0.10100220381291185,0.6369390347596378,-0.05118949811355601,-0.12044412417375461,2.4662237162470166,0.15567779362530879,0.7573589667179684,0,0.004602800000000001,1,Shared Control,0.01,Good Visuals,0.3617663722567496,0.39815813533592076,0.0,4.725533818493791,0.9851107295268795,-0.5636029823985461,0.6648686143846022,-0.07367550073779942,0.675287155819543,0.019984695120128317,26.085431028855304,1.0435461416586607,3.9215493680108198,-0.043641918045311284
5117,20.7823585,0.10304423903774522,0.6385587095693823,-0.052633554587563566,-0.11880025714858611,2.479045869901456,0.15840551153465793,0.757223457278159,0,0.0036019000000000003,1,Shared Control,0.01,Good Visuals,0.3604692182075332,0.3991437710191453,0.0,4.72404652015407,0.9850845658904258,-0.5612622769585097,0.6672093198246386,-0.07852962081115224,0.6570032391266203,0.020381515117675095,26.07845063198918,1.0436419180453114,3.9304632349917163,-0.04374995308941136
5118,20.785858400000002,0.10571459279329654,0.6430835168455522,-0.05269091874136139,-0.11413994043260678,2.5040958212380757,0.16105534432916097,0.7569939089124837,0,0.0034999000000000002,1,Shared Control,0.01,Good Visuals,0.3655739992574659,0.40007089556161196,0.0,4.722267412917533,0.9850507264157985,-0.5587487711534962,0.6697228256296521,-0.07456574259656754,0.7324375105672054,0.021008355460222155,26.069536765008284,1.0437499530894114,3.9385402274101375,-0.04385157475605391
5119,20.790805000000002,0.11026990214100174,0.6584680788067343,-0.050785442188159224,-0.09852583010574945,2.5699872583518046,0.16479876098505614,0.7565052294803702,0,0.004946600000000001,1,Shared Control,0.01,Good Visuals,0.35467864783024133,0.40232288388377757,0.0,4.718618224750655,0.9849819920736863,-0.5545674033554815,0.6739041934276668,-0.09446020544193941,0.5512168878804871,0.02138245008026362,26.05140105374216,1.0439732893075162,3.9586798871530284,-0.044098414092168525
5120,20.7963044,0.11199777810047612,0.6564651237763905,-0.05280098288458002,-0.1000401057039797,2.576646746510395,0.16895708080232574,0.7557365247381523,0,0.005499400000000001,1,Shared Control,0.01,Good Visuals,0.3365760930536561,0.4037982569870576,0.0,4.716581668434377,0.9849438193161447,-0.5538092257445437,0.6746623710386046,-0.11779801646632823,0.2125890564540489,0.020432145560453082,26.04132011284697,1.0440984140921685,3.9721479456476048,-0.04426012901482176
5121,20.7998224,0.11466813185602744,0.6481384967577666,-0.05428894894629831,-0.10759802798038576,2.567590269169084,0.17161470673258036,0.7551205119726176,0,0.0035180000000000003,1,Shared Control,0.01,Good Visuals,0.34742767808729547,0.40512387661475674,0.0,4.713906803555038,0.9848926581987906,-0.5524592130754401,0.6760123837077082,-0.10615330696519748,0.39452136798375115,0.021320944855996872,26.027852054352394,1.0442601290148217,3.9835577519171563,-0.044405429532422616
5122,20.803269200000003,0.11671016708086081,0.6462504387687154,-0.054904539651719556,-0.1088700732039023,2.5831545995020524,0.17421628080340132,0.7544230572183761,0,0.0034468000000000003,1,Shared Control,0.01,Good Visuals,0.361754115633732,0.40630992566461543,0.0,4.7115711117039885,0.984849574686418,-0.5503877214623087,0.6780838753208396,-0.0884275990067933,0.5785158245961401,0.021993749454464983,26.016442248082843,1.0444054295324225,3.9938039720135796,-0.044535431787400985
5123,20.807684400000003,0.11938052083641214,0.6455749497454293,-0.05483575996698918,-0.10884810747294682,2.580908877427767,0.1775449937877932,0.7533940119223015,0,0.0044152,1,Shared Control,0.01,Good Visuals,0.36578814110719865,0.40759796718944624,0.0,4.709477773573893,0.9848108740435375,-0.5479509839929368,0.6805206127902115,-0.08477579332543195,0.6073622805014685,0.022308259424540105,26.00619602798642,1.044535431787401,4.005283236922165,-0.04467661338756645
5124,20.810768300000003,0.12189379495928396,0.6486523186779005,-0.055651198828509246,-0.10474169324440097,2.5764037124367465,0.179867157158375,0.7525849747679844,0,0.0030839,1,Shared Control,0.01,Good Visuals,0.3653113181594072,0.4087105108201484,0.0,4.707170147391587,0.9847673820135657,-0.5460593091240312,0.6824122876591171,-0.08550431229861868,0.5498894999870982,0.022350944291833204,25.994716763077836,1.0446766133875665,4.014784112570404,-0.044798558749581906
5125,20.814374100000002,0.12393583018411733,0.6569337094525993,-0.05593132697425768,-0.09565126531538504,2.578676541949238,0.18257898345165655,0.7515449438166231,0,0.0036058,1,Shared Control,0.01,Good Visuals,0.36499344678862156,0.4099021976379906,0.0,4.705217545877996,0.9847315468817706,-0.5441430010564398,0.6843285957267086,-0.08686208772805544,0.5365855760063418,0.02274522990095366,25.985215887429597,1.0447985587495818,4.025377836468901,-0.044929178957545425
5126,20.817896800000003,0.12644910430698916,0.6590317291530641,-0.05612987914466738,-0.092513214663559,2.549602542767919,0.18522451719026833,0.7504310141409871,0,0.0035227,1,Shared Control,0.01,Good Visuals,0.35723678713134965,0.4111990822098283,0.0,4.703085380594488,0.9846914268296529,-0.5426955340064887,0.6857760627766596,-0.09792673962888651,0.4227291988992752,0.022926373843557245,25.974622163531098,1.0449291789575454,4.0368934693200345,-0.045071329839758645
5127,20.821414500000003,0.12833405989914304,0.6550525695492709,-0.056890457291125296,-0.09537844459171618,2.505798693357682,0.18786221050665827,0.7492222074215193,0,0.0035177000000000003,1,Shared Control,0.01,Good Visuals,0.35494638612573326,0.4125920389755024,0.0,4.700766412185669,0.9846478241375118,-0.5413726242991371,0.6870989724840112,-0.09980663064932378,0.3681191271813611,0.023080554788835812,25.963106530679966,1.0450713298397587,4.049229788128447,-0.04522401114804567
5128,20.825376700000003,0.13084733402201487,0.6395083765067153,-0.0570148764846434,-0.10971383091480402,2.41615093260756,0.19082789316146767,0.7477452902354591,0,0.0039622,1,Shared Control,0.01,Good Visuals,0.36119696310828947,0.41399959295838656,0.0,4.698278963358399,0.9846011308273355,-0.5396418965328916,0.6888297002502567,-0.08984757409831443,0.4345941558471109,0.023472549771994124,25.950770211871554,1.0452240111480458,4.061566819840365,-0.04537829245015584
5129,20.8288569,0.1335176877775662,0.6337141867558569,-0.05731020538390147,-0.11403110347960221,2.361764255097988,0.19342779094034188,0.7463472618327851,0,0.0034802,1,Shared Control,0.01,Good Visuals,0.3757484574633805,0.4148800353924268,0.0,4.695778175509569,0.9845544895000372,-0.5377363312194506,0.6907352655636977,-0.06546936754027113,0.5570036869547845,0.023604135657215055,25.938433180159635,1.0453782924501558,4.068494675068012,-0.04547479731377636
5130,20.832462600000003,0.13555972300239957,0.6468763030401927,-0.0578680679379423,-0.09947095879259238,2.3559223377964673,0.19611613516039939,0.7447994417849307,0,0.0036057000000000003,1,Shared Control,0.01,Good Visuals,0.3812976771637087,0.4156590107464345,0.0,4.694291205493839,0.9845286121000889,-0.5356606787474879,0.6928109180356604,-0.05539618127303571,0.5826720017861189,0.02377686003802029,25.931505324931987,1.0454747973137763,4.075221290477218,-0.04556018042049159
5131,20.8358463,0.13823007675795088,0.6605388123718579,-0.05788605840244851,-0.08426062941307289,2.330908374555699,0.1986337250912591,0.7432549503002274,0,0.0033837000000000003,1,Shared Control,0.01,Good Visuals,0.36949953240299216,0.4166369016041286,0.0,4.6929172217020465,0.9845032256559638,-0.5341960429482132,0.6942755538349351,-0.07167520473553585,0.42917215087018645,0.02405338387289256,25.924778709522784,1.0455601804204915,4.084071289247481,-0.045667366558061626
5132,20.8408282,0.14294246573833558,0.6736102219791555,-0.05569125935292352,-0.06964472832107182,2.2837020620701978,0.20233055899354785,0.7408189058310299,0,0.0049819,1,Shared Control,0.01,Good Visuals,0.3469237840650574,0.4193045664446652,0.0,4.688674944243225,0.984422249118555,-0.532941497685508,0.6955300990976403,-0.09955997019492649,0.1288657813024754,0.0243953547886118,25.903437203324017,1.0458171516834678,4.107781948833089,-0.04595976799359887
5133,20.8462107,0.14467034169780998,0.6743136213645606,-0.057660217295737864,-0.0665052844664693,2.2752307754986862,0.20631045083354116,0.7379700462776166,0,0.0053825,1,Shared Control,0.01,Good Visuals,0.3295473826800315,0.4209743411342079,0.0,4.686381907537875,0.9843799249877833,-0.5336288194640901,0.6948427773190582,-0.11938785870060833,-0.19006741291470597,0.023351599357735,25.89221805116691,1.0459597679935988,4.122912467551439,-0.04614279117883073
5134,20.8498182,0.14734069545336131,0.6658002230870302,-0.058969755380179845,-0.0721698231905864,2.244321437502295,0.2089690366347875,0.7359345199996851,0,0.0036075,1,Shared Control,0.01,Good Visuals,0.3355066464710774,0.42251228805487995,0.0,4.6833676270671765,0.9843225533688961,-0.5338258078442011,0.6946457889389472,-0.11270260313658122,-0.057817023307501714,0.024273471985728507,25.877087532448563,1.0461427911788308,4.136077377385982,-0.04631136478693591
5135,20.8533334,0.14922565104551516,0.6561752745362398,-0.059743385589272335,-0.07975924546344526,2.218129441828117,0.21155236450209916,0.7338536535084152,0,0.0035152,1,Shared Control,0.01,Good Visuals,0.3470525944346903,0.4239246706125133,0.0,4.680667040184663,0.9842729401087937,-0.5334894404226644,0.6949821563604839,-0.09654216595637986,0.09409142116887104,0.02491544627171635,25.86392262261402,1.046311364786936,4.14821259286819,-0.046466175346757475
5136,20.8578107,0.15472343818929732,0.6466597562999534,-0.05682892631280184,-0.08719389720846182,2.156700479343628,0.21483186055533604,0.731063955012833,0,0.0044773,1,Shared Control,0.01,Good Visuals,0.3674224015470938,0.42618031629904063,0.0,4.675806966623119,0.9841832917228689,-0.5316566676972537,0.6968149290858946,-0.06503632201566013,0.2810294276143561,0.02537015853124281,25.84014707795995,1.0466138171122086,4.167103445978148,-0.04671341556478701
5137,20.8641456,0.15660839378145117,0.6724912307953178,-0.058223466773884874,-0.05857272421751525,2.1994258376699567,0.21944989520739644,0.7268499811095583,0,0.0063349,1,Shared Control,0.01,Good Visuals,0.3514457851825518,0.42717878922828045,0.0,4.674263411066513,0.9841561964281532,-0.5317708236149893,0.696700773168159,-0.0832128681622459,-0.03744044530520263,0.02421936979092476,25.83289655402185,1.046713415564787,4.17597408691343,-0.046822857693130264
5138,20.867470700000002,0.1592787475370025,0.6868194682263404,-0.06017114767039394,-0.040030512883217906,2.156374517215285,0.2218628824164797,0.7245128650978444,0,0.0033251,1,Shared Control,0.01,Good Visuals,0.32969065909008183,0.42904381923764245,0.0,4.672478810165342,0.9841226459038726,-0.5327392767578697,0.6957323200252786,-0.11602828196516188,-0.2438937098016445,0.024871830041141157,25.82402591308657,1.0468228576931302,4.19347490686661,-0.04702728271825741
5139,20.8713054,0.16132078276183587,0.676777302208744,-0.06054209965464383,-0.047735562889100414,2.0357254657389454,0.2246358352618387,0.7217103793459643,0,0.0038347000000000003,1,Shared Control,0.01,Good Visuals,0.3203346211556342,0.43103838434006003,0.0,4.669054227285147,0.9840560844049804,-0.5338302769730505,0.6946413198100978,-0.1276293041349457,-0.29251688210333127,0.02581605900441799,25.806525093133388,1.0470272827182574,4.210877269824724,-0.04724590602143896
5140,20.8755495,0.1643052957827462,0.6507049689796618,-0.060330539479092504,-0.07100541036630248,1.88027659458756,0.22769202982081496,0.7184746938444823,0,0.004244100000000001,1,Shared Control,0.01,Good Visuals,0.32943176893793336,0.43326235334681784,0.0,4.665520927484902,0.9839904080410714,-0.534745005899168,0.6937265908839804,-0.10869852136984495,-0.18835147248376805,0.026095968819692582,25.789122730175276,1.047245906021439,4.2305054200894965,-0.04748967417412621
5141,20.8797068,0.16697564953829747,0.6368363398259285,-0.060716380282517496,-0.0816383540185538,1.7710799489345097,0.2306721191541955,0.715168506453239,0,0.0041573,1,Shared Control,0.01,Good Visuals,0.35109778326364915,0.434268418763954,0.0,4.661559610837807,0.9839162504300001,-0.5346779957749827,0.6937936010081657,-0.07020632024916673,0.019578147131006585,0.02613895151339472,25.769494579910504,1.0474896741741262,4.237325301880639,-0.04759994851134611
5142,20.8832802,0.16917476439581036,0.6472893398602035,-0.06149735475838514,-0.0678791665930355,1.7247878769534413,0.23322246120853418,0.7122184254015184,0,0.0035734,1,Shared Control,0.01,Good Visuals,0.3632597720012607,0.4349884486965908,0.0,4.659969871466992,0.98389133570652,-0.5341963321403893,0.694275264642759,-0.047654826964653806,0.13410090611763703,0.02636720645835979,25.762674698119362,1.047599948511346,4.243281081224024,-0.047678870639318686
5143,20.8870447,0.1716880385186822,0.6616227850383849,-0.061534422689851986,-0.050595640363133465,1.6665554474773965,0.23589758859666454,0.7090021716318213,0,0.0037645,1,Shared Control,0.01,Good Visuals,0.35328357572394375,0.43585026091930545,0.0,4.6587266855914935,0.983869003845726,-0.5341365642889158,0.6943350324942326,-0.05887510186453729,0.017430619578735485,0.026750638945293857,25.756718918775977,1.0476788706393187,4.2509799328769935,-0.047773333454607964
5144,20.891032600000003,0.1743583922742335,0.6686104302611502,-0.061539196322431045,-0.04039174137067114,1.5985702431344446,0.2387180240148889,0.7054735357362584,0,0.0039879,1,Shared Control,0.01,Good Visuals,0.336355062576551,0.43737845886248955,0.0,4.657182776187995,0.9838398867063528,-0.5350479010022889,0.6934236957808594,-0.07810533804513317,-0.19936487429410743,0.02681979418489082,25.749020067123006,1.047773333454608,4.265202766856998,-0.04794083848206944
5145,20.894849400000002,0.17687166639710533,0.6684161937003352,-0.061846357617783565,-0.037057342035923146,1.541271298422507,0.24140404296665985,0.7019790058979312,0,0.0038168000000000004,1,Shared Control,0.01,Good Visuals,0.32616419050872486,0.43867393417768696,0.0,4.654389127096228,0.9837858657961933,-0.5361974049113238,0.6922741918718245,-0.08752171965490384,-0.332736245993841,0.026915918847141077,25.734797233143002,1.0479408384820694,4.2759531996812346,-0.0480828348963531
5146,20.8983817,0.1789137016219387,0.66440034751411,-0.062490341344721145,-0.03757865838382113,1.4903170078722594,0.24387777974634486,0.6986425603925632,0,0.0035323000000000004,1,Shared Control,0.01,Good Visuals,0.32417348726413486,0.4399972646396524,0.0,4.652149341172348,0.9837455525902115,-0.5374806286869331,0.6909909680962152,-0.08669411775387552,-0.362063025678383,0.027130385010753277,25.724046800318767,1.0480828348963531,4.2874635625123645,-0.04822788449961999
5147,20.9020028,0.18142697574481054,0.6598700686087668,-0.06245080400153433,-0.03877249178379638,1.4405312070417369,0.2464012876283162,0.6951198769741244,0,0.0036211000000000004,1,Shared Control,0.01,Good Visuals,0.32753439721213784,0.44117656484768697,0.0,4.649809610908579,0.9837021604371825,-0.5385561295901897,0.6899154671929586,-0.07928316267423804,-0.3146119360118682,0.02749557925807548,25.712536437487636,1.04822788449962,4.29741082404362,-0.04835714701735416
5148,20.9054344,0.1833119313369644,0.6526510277832371,-0.06308935629135179,-0.042468849190887226,1.3800597792086937,0.24878079536977973,0.6916857242882843,0,0.0034316000000000004,1,Shared Control,0.01,Good Visuals,0.3283951807906518,0.4423681983694029,0.0,4.647755144001153,0.9836647966342914,-0.5397558898964828,0.6887157068866655,-0.07467801419830566,-0.32691907307913226,0.0275518311813731,25.70258917595638,1.048357147017354,4.3077277619564205,-0.04848776138355541
5149,20.909181800000002,0.18582520545983625,0.6358108294838956,-0.06295558990994349,-0.055874894804388786,1.2805678850944424,0.2513656265855341,0.6878288115214168,0,0.0037474,1,Shared Control,0.01,Good Visuals,0.33486473198236355,0.4434412702995439,0.0,4.6456532108792,0.9836259317360274,-0.5407185671274393,0.6877530296557091,-0.06249366122795379,-0.2461712348377283,0.027908724878890644,25.69227223804358,1.0484877613835555,4.3167888826117276,-0.04860538027182056
5150,20.912973100000002,0.18849555921538758,0.6313510358761423,-0.0628700673701465,-0.056477775645274564,1.2282922748784049,0.25396581570109966,0.6838130873832091,0,0.0037913,1,Shared Control,0.01,Good Visuals,0.3473101951857258,0.4440296815557943,0.0,4.643783049267383,0.9835918993262203,-0.5411871209404349,0.6872844758427135,-0.039337319548680375,-0.1370721741788632,0.027917106762122487,25.68321111738827,1.0486053802718205,4.321117375263324,-0.04866987574119118
5151,20.916320000000002,0.19053759444022095,0.6464969017436717,-0.06342822126087871,-0.037316185639537425,1.2282249222449668,0.25624840294031315,0.680172878175725,0,0.0033469000000000003,1,Shared Control,0.01,Good Visuals,0.34744461940629817,0.44458207731601135,0.0,4.642820520960417,0.983575925775078,-0.5417997543817931,0.6866718424013553,-0.035420337585701143,-0.17165408836038587,0.027916175993757484,25.678882624736676,1.0486698757411912,4.325882807098597,-0.048730423569695626
5152,20.9198451,0.19305086856309278,0.6578243532019896,-0.06319753437722037,-0.022348524973735406,1.19637098892654,0.2586391813708195,0.6762421134232413,0,0.0035251,1,Shared Control,0.01,Good Visuals,0.33112679116356625,0.4454451962547572,0.0,4.641847949369899,0.983557985430558,-0.5430195023448903,0.685452094438258,-0.05721437177014118,-0.35705862331230165,0.028199050368621057,25.674117192901402,1.0487304235696957,4.333799164450074,-0.04882502961348856
5153,20.9241743,0.1955641426859646,0.6651983470910858,-0.0630750386848549,-0.011043766332155425,1.1723503844332193,0.2615560788920509,0.6712785903961443,0,0.0043292,1,Shared Control,0.01,Good Visuals,0.31523478796133975,0.446784107281756,0.0,4.640282112441256,0.9835279807577769,-0.5452671359452519,0.6832044608378964,-0.07593069978607969,-0.5613610730441785,0.02815103810347769,25.666200835549926,1.0488250296134884,4.346024640804691,-0.04897178699485148
5154,20.927228000000003,0.197606177910798,0.6613230734256506,-0.06394990098125292,-0.009955516970493794,1.1243018627891432,0.26360049754104725,0.6676869766878125,0,0.0030537000000000003,1,Shared Control,0.01,Good Visuals,0.30339445196103954,0.4482023089882608,0.0,4.637858593805007,0.9834816687743294,-0.5478041787492465,0.6806674180339018,-0.08956710317312178,-0.7045579727275295,0.02818092485057512,25.653975359195307,1.0489717869948514,4.358283170791314,-0.049127235388728416
5155,20.9309127,0.20011945203366982,0.6496260866873795,-0.06348104550737743,-0.018060890000432983,1.064755252037963,0.266052588960353,0.6632533063983131,0,0.0036847000000000004,1,Shared Control,0.01,Good Visuals,0.30622139931206904,0.44946629065105165,0.0,4.635359644897136,0.9834355199653606,-0.550019494024256,0.6784521027588923,-0.08277646859999682,-0.6467318488379448,0.028662493279368203,25.641716829208686,1.0491272353887284,4.3688957572825995,-0.049265779799209326
5156,20.9343486,0.2020044076258237,0.6424494063221843,-0.0640481813345293,-0.020803900076128867,1.0280062844207725,0.2683242162456236,0.659020321933858,0,0.0034359000000000004,1,Shared Control,0.01,Good Visuals,0.3118790559658344,0.45057800258660313,0.0,4.633163362309019,0.9833957086032841,-0.5521950446175057,0.6762765521656426,-0.07053939741053723,-0.6107494436567378,0.028532590050851542,25.6311042427174,1.0492657797992093,4.378223523308189,-0.049387633999526996
5157,20.9380059,0.20451768174869553,0.6288842665434333,-0.06380653449692805,-0.030136055390424632,0.9492746092718981,0.2707260529886743,0.6544096526593367,0,0.0036573,1,Shared Control,0.01,Good Visuals,0.3170797510821827,0.45167981424091513,0.0,4.63123240445406,0.9833607239267055,-0.5543820818090924,0.6740895149740559,-0.06095545214239417,-0.5400091831078324,0.02885870161501677,25.62177647669181,1.049387633999527,4.387683038893342,-0.04950840303487092
5158,20.9423341,0.20765927440228532,0.6213449108279465,-0.06306677858638898,-0.03306474183139019,0.8827062019980645,0.2735464120223944,0.6488129962200617,0,0.0043282,1,Shared Control,0.01,Good Visuals,0.32501297907872445,0.45254917195547584,0.0,4.629297612957456,0.9833251517855767,-0.5564597218336116,0.6720118749495367,-0.04461209456626624,-0.47383858063701334,0.028820123648929007,25.612316961106657,1.049508403034871,4.394770355996301,-0.049603692907822794
5159,20.9461738,0.20954422999443917,0.6246892578076175,-0.06400218202795521,-0.024123738412444196,0.8311620687298904,0.27602792069952686,0.6437203903327002,0,0.0038397,1,Shared Control,0.01,Good Visuals,0.32437346782233234,0.45317672204682885,0.0,4.627808138021971,0.9832986692352071,-0.5583519702609777,0.6701196265221706,-0.039986491837870376,-0.5295965371861682,0.02854081842716967,25.6052296440037,1.0496036929078227,4.39979898590598,-0.049672478365723964
5160,20.9498381,0.212057504117311,0.6265065768667164,-0.06397041658221586,-0.01721381346598383,0.7584471800595953,0.278377629008531,0.6387481762778063,0,0.0036643,1,Shared Control,0.01,Good Visuals,0.31984194567437835,0.4538313276116004,0.0,4.6267415996881915,0.9832799215973053,-0.560280127076621,0.6681914697065273,-0.04285010207014715,-0.5628340287358502,0.029004299055273203,25.60020101409402,1.0496724783657239,4.405483439326331,-0.0497442293608045
5161,20.9534483,0.2139424597094649,0.6282532211092189,-0.06443516929906612,-0.01049495516858745,0.6980107673768651,0.28067463289880934,0.633741841618418,0,0.0036102,1,Shared Control,0.01,Good Visuals,0.3128262861320423,0.45458363732898405,0.0,4.6255859061461635,0.9832585215642333,-0.5626538578340156,0.6658177389491328,-0.047085756264968824,-0.6623687131720275,0.02903177908537416,25.594516560673668,1.0497442293608046,4.412077615314463,-0.0498266896601603
5162,20.957713700000003,0.21645573383233674,0.6223051551867411,-0.0642188990664726,-0.011436686431676835,0.6116597258519282,0.28336493953872066,0.6276889381980022,0,0.0042654,1,Shared Control,0.01,Good Visuals,0.30828343627381294,0.4554656714428064,0.0,4.624251727989802,0.9832336711810699,-0.5654700589934936,0.6630015377896548,-0.0491150186283831,-0.7043144077724022,0.02929117363187836,25.587922384685537,1.0498266896601602,4.4198248142817125,-0.04992336898702155
5163,20.960813100000003,0.21896900795520857,0.6221037647484451,-0.06439593158351209,-0.005585173449557113,0.5549231119694562,0.2853034573567432,0.6231966111787518,0,0.0030994,1,Shared Control,0.01,Good Visuals,0.30810840539333423,0.45612146458520425,0.0,4.622685976901415,0.9832044704451456,-0.567928081929718,0.6605435148534303,-0.04310974203691598,-0.7232882933805382,0.02924950398262876,25.58017518571829,1.0499233689870215,4.4250593866588686,-0.04999525015190358
5164,20.9642507,0.22069688391468295,0.6288892475989093,-0.06460657344206022,0.005692636420157493,0.5190579143265395,0.28743706244094114,0.6181212028245678,0,0.0034376000000000003,1,Shared Control,0.01,Good Visuals,0.30310179743873733,0.45685126931907843,0.0,4.621573623128954,0.9831849709155511,-0.5707621430440653,0.6577094537390831,-0.04540768622934984,-0.7915487415783766,0.029372366627200146,25.57494061334113,1.0499952501519036,4.431456634234523,-0.050075243691048384
5165,20.9678933,0.2232101580375548,0.6262588757908103,-0.06422690440338633,0.00813767296624246,0.4475388454348118,0.28967867434487854,0.6126361983023803,0,0.0036426,1,Shared Control,0.01,Good Visuals,0.29290364693164755,0.4577235644103824,0.0,4.620279460536511,0.9831608669980946,-0.5738464500583269,0.6546251467248214,-0.05628290665548156,-0.8962361289770624,0.029515595083361476,25.56854336576548,1.0500752436910483,4.439132427914247,-0.050170855528425255
5166,20.971298200000003,0.2249380339970292,0.6196597893716942,-0.06474064034784935,0.007023591069313939,0.3829342535423324,0.29175576824825966,0.6074093229993601,0,0.0034049,1,Shared Control,0.01,Good Visuals,0.28864630909199257,0.45863251747264033,0.0,4.618729767740156,0.9831319345121518,-0.5773157767147699,0.6511558200683785,-0.05641064192138069,-0.963969618350363,0.029398167614562876,25.560867572085755,1.0501708555284253,4.446943107892274,-0.05027048542802941
5167,20.9751887,0.22807962665061898,0.6121027847507484,-0.06367614159764068,0.004693461751388295,0.309953341767123,0.29410708720031153,0.6013185697486163,0,0.0038905000000000003,1,Shared Control,0.01,Good Visuals,0.29201126896515517,0.4595685084137731,0.0,4.617133501385108,0.9831025778525193,-0.581282056787845,0.6471895399953034,-0.04730363782360261,-0.9045727354380184,0.02969216286552494,25.553056892107726,1.0502704854280294,4.454981526683292,-0.05037307893628363
5168,20.9792123,0.22980750261009336,0.6052907578602316,-0.06429958459021817,0.00397218811161526,0.21620828609613396,0.2965136573211128,0.5948861134011737,0,0.0040236000000000004,1,Shared Control,0.01,Good Visuals,0.28928259992897165,0.46027941252043814,0.0,4.6154902781661775,0.9830723697081483,-0.5847894203629257,0.6436821764202226,-0.04454182310611049,-0.9755412830864723,0.029263549415571938,25.54501847331671,1.0503730789362837,4.460687445046403,-0.050451000786944734
5169,20.982971000000003,0.2320066174676062,0.5958963431524652,-0.06450703985350659,0.0010102297512915026,0.10244920770956384,0.2987381690607276,0.5887542312821248,0,0.0037587000000000002,1,Shared Control,0.01,Good Visuals,0.2927915275464245,0.46079163838702897,0.0,4.614281621947836,0.9830511087028101,-0.5878996391554056,0.6405719576277428,-0.033564109825663234,-0.9135074433811661,0.029595775020493837,25.539312554953597,1.0504510007869448,4.464773711120404,-0.05050714561309926
5170,20.986276500000002,0.23404865269243957,0.5893460888436161,-0.06468951636828801,0.0005918575614912713,0.00807248087059051,0.3006752463495861,0.5832632334309661,0,0.0033055000000000003,1,Shared Control,0.01,Good Visuals,0.29660454010169685,0.4611221859102151,0.0,4.613413247394294,0.9830358959360836,-0.5910254993599349,0.6374460974232135,-0.020574820929155132,-0.8749293824080651,0.02972430458159467,25.535226288879596,1.0505071456130992,4.467328072629816,-0.050543376765088154
5171,20.9907994,0.23609068791727295,0.5826848433463843,-0.06458455843231314,-0.0005783900845818257,-0.08634719048028434,0.3032960231879756,0.5756000926254773,0,0.004522900000000001,1,Shared Control,0.01,Good Visuals,0.2978219369860159,0.4613431156748689,0.0,4.612861022350217,0.983026426967156,-0.5944837227890168,0.6339878739941315,-0.012228435709880652,-0.8631532332664285,0.02982977119321961,25.532671927370185,1.0505433767650882,4.469060822833016,-0.05056759276829667
5172,20.9938214,0.23876104167282428,0.5827758588118506,-0.06453498151515133,0.007175766186373278,-0.1459445187971243,0.30502762337309136,0.5703831085477994,0,0.0030220000000000004,1,Shared Control,0.01,Good Visuals,0.29846416178238816,0.4614130247404904,0.0,4.612489424678391,0.9830199911383516,-0.5974226475656276,0.6310489492175207,-0.0045468563006295665,-0.860567707127398,0.029795641411648973,25.530939177166985,1.0505675927682967,4.46942737344893,-0.05057525546671147
5173,20.997288700000002,0.24048891763229863,0.5979097630912162,-0.06453870574079273,0.02752665454341685,-0.14299823243328158,0.3069947990199321,0.5643015167373454,0,0.0034673000000000004,1,Shared Control,0.01,Good Visuals,0.2906065748245059,0.4615715230975283,0.0,4.612389750885621,0.983018719724503,-0.6009241315635634,0.6275474652195849,-0.009815780184582977,-0.9754795926830622,0.02977728102247761,25.53057262655107,1.0505752554667114,4.470943795805983,-0.05059262839393379
5174,21.0008491,0.24268803248981152,0.6040057657412069,-0.06430676653012057,0.03970424900386149,-0.17740982678129114,0.3089926628035198,0.5579496785793416,0,0.0035604,1,Shared Control,0.01,Good Visuals,0.2705996635297588,0.462120013199855,0.0,4.612096230621532,0.9830129521865537,-0.6050001896912055,0.6234714070919428,-0.03576961663402626,-1.195009565698832,0.029789228707520897,25.529056204194017,1.0505926283939337,4.476238848547482,-0.05065274812519135
5175,21.004364600000002,0.2444159084492859,0.5952452511768558,-0.06457675435423388,0.03729557259751415,-0.24040704960107154,0.3109429543460555,0.5515712636397546,0,0.0035155000000000004,1,Shared Control,0.01,Good Visuals,0.25749438615494913,0.4629247079096216,0.0,4.6110758294670156,0.9829927940325099,-0.6098699723594012,0.6186016244237471,-0.04973678563890488,-1.3472162747104153,0.029717443797739315,25.52376115145252,1.0506527481251913,4.483461148203476,-0.050740950317884205
5176,21.0082376,0.2472433418375167,0.5823493971974247,-0.06369961250853881,0.030778133557670118,-0.303684327005734,0.3130653852353299,0.544421067905428,0,0.003873,1,Shared Control,0.01,Good Visuals,0.26101485331354823,0.46371353150307837,0.0,4.609632648788254,0.9829655199596194,-0.615514047942046,0.6129575488411023,-0.039884202865684136,-1.2828610743351199,0.029894175147185103,25.516538851796525,1.0507409503178842,4.490128308302038,-0.05082741288529804
5177,21.0122129,0.24897121779699108,0.5713151830871446,-0.06409416743833882,0.026894115181716582,-0.37574097977484733,0.3152148123077165,0.5369472667991676,0,0.0039753,1,Shared Control,0.01,Good Visuals,0.26329121640346453,0.464200161244664,0.0,4.60825866193381,0.9829405231525955,-0.6200855737044791,0.6083860230786692,-0.030558663258229715,-1.2736893353485867,0.029538372271712198,25.509871691697963,1.0508274128852981,4.49379061755316,-0.05088075213273743
5178,21.0159136,0.25117033265450395,0.5642939866886079,-0.06404447965321253,0.027346719889440263,-0.44506913489490557,0.31718882803284854,0.5298666039515335,0,0.0037007000000000003,1,Shared Control,0.01,Good Visuals,0.2688760724507038,0.46446358667885757,0.0,4.607455502554535,0.9829270015431998,-0.6241544117039218,0.6043171850792265,-0.017256310018625216,-1.1901014944697743,0.029752522859719372,25.50620938244684,1.0508807521327375,4.495717039710024,-0.05090962606545371
5179,21.019356100000003,0.2528982086139783,0.560824061795628,-0.06429061941887021,0.030957457844094538,-0.5025271630375345,0.3190014020873965,0.5231730072589391,0,0.0034425000000000002,1,Shared Control,0.01,Good Visuals,0.26817496463310264,0.4646583327808577,0.0,4.607026271700093,0.9829199185599176,-0.6284880163962778,0.5999835803868705,-0.01214743282513964,-1.2059900629921425,0.029746328726712207,25.504282960289977,1.0509096260654538,4.497293659194239,-0.050930972090233444
5180,21.0241916,0.25713935869632454,0.5557564609638921,-0.061862043391071986,0.03258345370495297,-0.6037330121801003,0.3215081330393842,0.5135961113341824,0,0.0048355,1,Shared Control,0.01,Good Visuals,0.263964205627891,0.46493099278644956,0.0,4.606404776422297,0.9829088424485003,-0.6370912468914104,0.5913803498917379,-0.00693486923497816,-1.2460105587409815,0.029777279343944224,25.501316565400202,1.0509493284529734,4.499481519809916,-0.05096085821979409
5181,21.029743,0.2585530753904399,0.5595937282259226,-0.06295505764894427,0.0459976168917402,-0.6311922177316305,0.3243282159187633,0.5023485426869106,0,0.005551400000000001,1,Shared Control,0.01,Good Visuals,0.25292436497891047,0.4651984830796655,0.0,4.606230541639706,0.9829058928893641,-0.6419632751243028,0.5865083216588455,-0.017989604292688095,-1.4119774620757841,0.02876158124960952,25.500518480190085,1.050960858219794,4.502032550031656,-0.05099017769971529
5182,21.0333258,0.26028095134991436,0.54180169464197,-0.06404726456884896,0.039453151955059385,-0.7427567929943613,0.32611480214802663,0.49494542051889323,0,0.0035828,1,Shared Control,0.01,Good Visuals,0.244743496136892,0.4656021340554158,0.0,4.605736053929063,0.9828961956972991,-0.6471863974196964,0.5812851993634519,-0.025859523985134247,-1.4656870286770447,0.029286597320481767,25.497967449968343,1.0509901776997153,4.50566641844764,-0.05103442168530595
5183,21.036911800000002,0.2624800662074272,0.5246656894289675,-0.06363473594059943,0.029720268910074288,-0.8235609838181159,0.32787622107365166,0.4874220655048876,0,0.003586,1,Shared Control,0.01,Good Visuals,0.2561605550431085,0.465628491067378,0.0,4.605011135440626,0.9828824712186283,-0.6516567468830393,0.576814849900109,-0.0017275981649110337,-1.3062794294146824,0.029820543063667895,25.49433358155236,1.051034421685306,4.505258664381066,-0.05103731066446747
5184,21.0410395,0.26436502179958105,0.5229110455683693,-0.06351119927407062,0.03548898006348172,-0.8353946712601138,0.3298700411985249,0.47862103830613945,0,0.004127700000000001,1,Shared Control,0.01,Good Visuals,0.2638281175115672,0.4653013089659241,0.0,4.605027406083668,0.9828842922712816,-0.6573706474668597,0.5711009493162886,0.01595513290746521,-1.235090803411003,0.029630146075492362,25.494741335618933,1.0510373106644675,4.501955867874772,-0.05100144839470498
5185,21.044917400000003,0.26656413665709394,0.5232796151735302,-0.06330590454143098,0.04465857686739072,-0.8276975518778024,0.3317098291760856,0.4702144934148309,0,0.0038779,1,Shared Control,0.01,Good Visuals,0.2576283598447495,0.46514376765770743,0.0,4.605650223069332,0.9828969217170687,-0.6617410159694787,0.5667305808136697,0.01053518738631292,-1.2924730888445555,0.029551844156220707,25.49804413212523,1.051001448394705,4.500937719134868,-0.05098418036913484
5186,21.048350600000003,0.2679778533512093,0.5241942143094285,-0.06373197582487627,0.05397972089459757,-0.7970999537725469,0.3333112315476669,0.4626599181131914,0,0.0034332000000000004,1,Shared Control,0.01,Good Visuals,0.24768532526455656,0.46515290215087657,0.0,4.605893700696857,0.9829005928710783,-0.6668204248844855,0.5616511718986629,-0.0005812525844292277,-1.4237607677449273,0.029446346953380376,25.499062280865132,1.0509841803691349,4.5012568661345504,-0.050985181596453565
5187,21.052016400000003,0.2700198885760427,0.5206507767967884,-0.0632913429716242,0.05799085868359699,-0.7778083926365574,0.3349922885938144,0.4544769829565536,0,0.0036658000000000003,1,Shared Control,0.01,Good Visuals,0.24048354268671387,0.46530363492006604,0.0,4.605853936362042,0.9828992843816837,-0.6719032563274885,0.5565683404556598,-0.009926155112803405,-1.4829126627970006,0.029645113514750705,25.49874313386545,1.0509851815964535,4.502748629670132,-0.05100170334139835
5188,21.0554987,0.27143360527015814,0.5116531409961788,-0.06355868332365627,0.05717615803962517,-0.7689729388623888,0.33656121628018265,0.44659186837501197,0,0.0034823000000000002,1,Shared Control,0.01,Good Visuals,0.23449386347216844,0.46556871207223033,0.0,4.60556994297553,0.9828935915484547,-0.6776590457092853,0.5508125510738631,-0.01633353836365868,-1.5597922500194634,0.029449691943669313,25.49725137032987,1.0510017033413983,4.50517275907998,-0.051030758318111755
5189,21.059265800000002,0.27347564049499146,0.49713281572931944,-0.0630855757851912,0.050540947354307475,-0.7775929598881193,0.3382273143146584,0.4379388539899095,0,0.0037671000000000002,1,Shared Control,0.01,Good Visuals,0.23649591268010337,0.4657693998263458,0.0,4.605090166868512,0.9828844196531858,-0.6835368421378187,0.5449347546453296,-0.011669088579022916,-1.5095270503193372,0.029590934336001396,25.49482724092002,1.0510307583181118,4.506761300151702,-0.05105275560446738
5190,21.063001800000002,0.27551767571982483,0.4940466785707559,-0.06270963859483358,0.0561078245808464,-0.7475381425215066,0.3398472262477973,0.42923063869846745,0,0.003736,1,Shared Control,0.01,Good Visuals,0.2408177737383065,0.46580139177022467,0.0,4.604751267093667,0.9828785152293452,-0.6885111251701038,0.5399604716130445,-0.0021413401778863014,-1.4607473738833894,0.029383330771167955,25.4932386998483,1.0510527556044673,4.50677003451095,-0.05105626222575415
5191,21.066333500000002,0.27693139241394027,0.5023197274180714,-0.06291583383385702,0.07308908871960396,-0.6953394428622252,0.3412642075025878,0.4213581252532124,0,0.0033317000000000004,1,Shared Control,0.01,Good Visuals,0.23361323156046054,0.4659653418412486,0.0,4.604721352687606,0.9828786039820571,-0.6940999783131159,0.5343716184700325,-0.010481671508081429,-1.5574343438796368,0.02921023693488128,25.49322996548905,1.0510562622257542,4.508404818174786,-0.05107423271267416
5192,21.0699031,0.27865926837341465,0.49783732414174925,-0.06260493912917314,0.07647919888853683,-0.7018556469114552,0.3427530680557852,0.41281157135347174,0,0.0035696,1,Shared Control,0.01,Good Visuals,0.2178531285462278,0.46644969662460206,0.0,4.604411259716315,0.9828723607215528,-0.6999850300758743,0.528486566707274,-0.03241750670511155,-1.7187149215147024,0.029316598019620378,25.491595181825215,1.051074232712674,4.513027789940337,-0.051127322603056864
5193,21.074157500000002,0.2805442239655685,0.4882133013927714,-0.06220884409021671,0.07540173003929967,-0.7057724313297409,0.3444874016600162,0.4024738117038852,0,0.0042544,1,Shared Control,0.01,Good Visuals,0.21303486360184287,0.46706754599199946,0.0,4.603515542855924,0.9828547870697079,-0.7070262458471055,0.5214453509360428,-0.03571670325163907,-1.766530964457509,0.02920205486400449,25.486972210059662,1.0511273226030569,4.518457507594476,-0.05119504476936035
5194,21.0771927,0.2818008610270044,0.4740407566526237,-0.06268654063301177,0.0715669449487385,-0.723321985823637,0.3456976655027241,0.39499754612196514,0,0.0030352,1,Shared Control,0.01,Good Visuals,0.2122037610155616,0.4675815240120179,0.0,4.602419073472007,0.9828343398125361,-0.7133278470791033,0.515143749704045,-0.03330306296393099,-1.7612077227495464,0.029055732148216416,25.481542492405524,1.0511950447693603,4.522644730629443,-0.051251381648193206
5195,21.080983300000003,0.28368581661915826,0.456732796456226,-0.06201184888356587,0.06173525033426086,-0.7532610948481296,0.34717706396228626,0.3855421334391007,0,0.0037906000000000003,1,Shared Control,0.01,Good Visuals,0.2181172583422965,0.4678955577174031,0.0,4.601539479768413,0.9828187200249322,-0.7190147269980426,0.5094568697851057,-0.021108212271827985,-1.6622957291336835,0.029311068204224928,25.477355269370555,1.0512513816481932,4.525006015421461,-0.05128580272870767
5196,21.084319400000002,0.2850995333132737,0.45102248487076474,-0.06207753064901256,0.06548035143166403,-0.7407796157909919,0.34844923653344617,0.3771113502616231,0,0.0033361000000000003,1,Shared Control,0.01,Good Visuals,0.22464382873855526,0.4680046007170704,0.0,4.601021509813905,0.9828100074033194,-0.7247147576540282,0.5037568391291202,-0.007072944377252895,-1.5927212071044852,0.029015068618463372,25.47499398457854,1.0512858027287078,4.525626775474562,-0.051297754878450584
5197,21.0879361,0.28667032964006856,0.44767994910845343,-0.061778906893377616,0.07056859884683031,-0.7393214134162402,0.3497964341926692,0.367855807492178,0,0.0036167,1,Shared Control,0.01,Good Visuals,0.2212555068919719,0.46814412800619987,0.0,4.6008613011211095,0.9828078214789469,-0.7303889496625473,0.4980826471206011,-0.009241556990181072,-1.619948042515521,0.02905256994489282,25.474373224525436,1.0512977548784506,4.526891328368309,-0.05131304839621868
5198,21.0915834,0.28855528523222246,0.44089414355674084,-0.061241148960446745,0.07303833606456284,-0.7537950527031969,0.3511209076327077,0.3583998506057031,0,0.0036473,1,Shared Control,0.01,Good Visuals,0.2148656182108286,0.468432054190688,0.0,4.600609919707933,0.9828030427824266,-0.7380010460014125,0.4904705507817359,-0.014917387585468237,-1.690637721013918,0.028921432496776475,25.473108671631692,1.0513130483962188,4.529574899830996,-0.05134460784416499
5199,21.0957283,0.29012608155901737,0.4367470388593053,-0.060994826073690334,0.0783471882536022,-0.7514844581059248,0.3525839142684209,0.34750463822303823,0,0.0041449,1,Shared Control,0.01,Good Visuals,0.20993286572135778,0.46868134613533186,0.0,4.600083871557428,0.9827928695389135,-0.7439493478479441,0.48452224893520424,-0.0171050589648128,-1.733895483743848,0.028687317208539988,25.470425100169003,1.051344607844165,4.531609206729155,-0.05137193261201966
5200,21.0993266,0.29138271862045334,0.43096220355791154,-0.061201195647967555,0.08345756533487331,-0.7591571730318145,0.35381712703053386,0.33791724645773646,0,0.0035983,1,Shared Control,0.01,Good Visuals,0.20355681177573975,0.4690201943397967,0.0,4.599656941458159,0.9827852802822561,-0.7503896727771298,0.47808192400601857,-0.02246270574000563,-1.8050743936729432,0.028587137191507624,25.468390793270846,1.0513719326120197,4.5346439278567425,-0.051409073597614686
5201,21.1029871,0.2929535149472482,0.42152293409693875,-0.06086361208328567,0.08360568763920229,-0.7796535478280104,0.3550360348761316,0.32804090163814803,0,0.0036605,1,Shared Control,0.01,Good Visuals,0.1994474509745312,0.46937094057896334,0.0,4.599050051310095,0.9827738286084485,-0.7566908975905674,0.4717806991925809,-0.024075894397171813,-1.8333502512184077,0.02870459667663766,25.46535607214326,1.0514090735976147,4.537629976566278,-0.05144751872096121
5202,21.1077066,0.2959380279681585,0.4161970559799328,-0.05909800690797312,0.08815615434178475,-0.7678394139561394,0.3565538235932986,0.3151235161797997,0,0.004719500000000001,1,Shared Control,0.01,Good Visuals,0.1927764476023317,0.4700438982521624,0.0,4.597869862013431,0.9827523702454646,-0.7697598471010216,0.4587117496821266,-0.024381709509880674,-1.8931816763019598,0.028496023308310546,25.459629002104478,1.0514833815754983,4.543342613477939,-0.05152128128165067
5203,21.113265700000003,0.2979800631929919,0.4068562812073572,-0.05857376040030671,0.09173276502755745,-0.8066789678003,0.358262728764249,0.29964208262915804,0,0.0055591,1,Shared Control,0.01,Good Visuals,0.17298095298028,0.47104126367074217,0.0,4.596502189221213,0.9827270125793228,-0.7819224838898081,0.44654911289334015,-0.047235785764485325,-2.096277261875645,0.028000740799889574,25.452886185597375,1.0515682369501649,4.552164271432717,-0.05163060201629336
5204,21.1191853,0.3001791780505047,0.36655722508189986,-0.058083550713744325,0.06691514245274183,-0.9519845850362206,0.3599869196983497,0.2828396607479358,0,0.0059196000000000006,1,Shared Control,0.01,Good Visuals,0.18859841506676606,0.4716211266588022,0.0,4.5947500641925565,0.9826951005415279,-0.7935130565005795,0.43495854028256886,-0.011852157012251464,-1.8632218483877483,0.027903504410149896,25.44437078316408,1.0516784186682668,4.556388891091112,-0.05169416051417781
5205,21.125591800000002,0.3017499743772996,0.3613057844808587,-0.058236945321050115,0.07846612373292289,-0.9774235348642156,0.36173970511933806,0.2642860269752441,0,0.006406500000000001,1,Shared Control,0.01,Good Visuals,0.20111047168494112,0.4714550255943808,0.0,4.594544839436249,0.9826924682924622,-0.8001985625296738,0.42827303425347457,0.010373246803771012,-1.6843459712522162,0.02739342962795977,25.44361110890889,1.0516941605141779,4.554512350900092,-0.05167595425792588
5206,21.129126900000003,0.30394908923481245,0.36825445626373304,-0.05779061588452561,0.10396842928848893,-1.0130072509723898,0.3626556303549264,0.25388360953520134,0,0.0035351000000000002,1,Shared Control,0.01,Good Visuals,0.1720071702142171,0.47161190679276227,0.0,4.594918739330008,0.9826997938029107,-0.8118609766621556,0.41661062012099276,-0.016016437109334897,-2.0670325883162173,0.02776192771608456,25.445539266499367,1.051671970337921,4.5564545670551455,-0.05169314992918056
5207,21.135470100000003,0.3059911244596459,0.3569800605947113,-0.05666450589528049,0.10309645105950999,-1.1045021544239135,0.3642061331339531,0.2349243473583597,0,0.0063432,1,Shared Control,0.01,Good Visuals,0.15566020823421153,0.4722865928704759,0.0,4.593978550331464,0.9826813850994812,-0.8249986905821389,0.4034729062010095,-0.030277289760370862,-2.2061988332624107,0.027260479878316347,25.44069329887428,1.0517277986518843,4.562403580317393,-0.05176710193944163
5208,21.141714,0.30740484115376127,0.3486092220797808,-0.05680129198019185,0.11368487472142108,-1.1381775719508371,0.3656137533866462,0.21589320939114928,0,0.0062439,1,Shared Control,0.01,Good Visuals,0.1589700151905723,0.4726686161916568,0.0,4.593347725306059,0.9826697527214343,-0.8346482198348395,0.3938233769483089,-0.021482159386037116,-2.1229219106570607,0.02676188642597102,25.437596419682606,1.0517671019394417,4.565678246747555,-0.05180897532841636
5209,21.1457514,0.3083473189498382,0.3364889029576784,-0.05726643443680801,0.12059569356652913,-1.1789025084563487,0.36646021708503784,0.203392576015356,0,0.0040374,1,Shared Control,0.01,Good Visuals,0.14915675910627946,0.47302175794689294,0.0,4.592678101850945,0.9826574643437574,-0.8422974553286494,0.38617414145449896,-0.02627311257435482,-2.2267868457424598,0.026848188078175534,25.434321753252444,1.0518089753284163,4.568622922334636,-0.05184768302310503
5210,21.1493262,0.3097610356439536,0.325220469047953,-0.05669918144108427,0.12182789303259697,-1.2127751842090273,0.36716732878002717,0.19219652529804643,0,0.0035748000000000004,1,Shared Control,0.01,Good Visuals,0.14446838758696628,0.47335772356239214,0.0,4.5920672502696975,0.9826464529982738,-0.8504975219231724,0.37797407485997603,-0.02373310090715124,-2.2814085063914957,0.027088269488649414,25.431377077665363,1.051847683023105,4.571448534522325,-0.051884508049536524
5211,21.1531203,0.31054643380735103,0.3199342690673418,-0.05662089497267614,0.12773774376929536,-1.2318807479746179,0.36787379299634254,0.1801824327998544,0,0.0037941000000000003,1,Shared Control,0.01,Good Visuals,0.1406209110194463,0.47364524921228995,0.0,4.591483734956708,0.9826358756825944,-0.8583985994739822,0.3700729973091662,-0.021641479379074166,-2.318459330030172,0.026838995454802683,25.428551465477675,1.0518845080495365,4.573808737896864,-0.05191602359508271
5212,21.157610100000003,0.31243138939950493,0.2900643206854569,-0.05544240359683761,0.10988188788560249,-1.3716473788334966,0.36865053929892727,0.16579090881406824,0,0.0044898,1,Shared Control,0.01,Good Visuals,0.13288115289027458,0.4742395505762926,0.0,4.590302235923324,0.9826141282570163,-0.8747734932658862,0.3536981035172623,-0.01826069249950718,-2.3408190187318563,0.026653679260428748,25.422758904772557,1.0519582239958918,4.57870889007806,-0.051981164676276836
5213,21.163335500000002,0.3141592653589793,0.2774851798160646,-0.05449127393994796,0.11169427100199633,-1.4494146355809387,0.36954658370066573,0.1471646335977874,0,0.0057254,1,Shared Control,0.01,Good Visuals,0.1417988561390474,0.4740670659151424,0.0,4.59014349061075,0.9826130485328409,-0.8876274819351366,0.3408441148480119,0.00858285247523468,-2.1744208887602534,0.02621019314447347,25.422376401474057,1.0519728542539895,4.576811296432048,-0.05196225871711657
5214,21.169163700000002,0.3158871413184537,0.2815760413229235,-0.05365944238221204,0.13441140772513613,-1.4890158663811293,0.3703482707810931,0.12788862653194766,0,0.0058282,1,Shared Control,0.01,Good Visuals,0.12024288194942864,0.47408191874970446,0.0,4.590496155530524,0.9826194918290443,-0.9013989981985777,0.32707259858457083,-0.010732065497461155,-2.4105447034699656,0.025804778006527734,25.424095165581903,1.051950727378091,4.577296116539507,-0.05196388672903237
5215,21.175670500000003,0.31667253948185115,0.2760737682207367,-0.05367573129924197,0.14818514168878905,-1.5301462234323862,0.37110939601190845,0.10599312076544734,0,0.0065068,1,Shared Control,0.01,Good Visuals,0.11423570934939703,0.47433526405315424,0.0,4.590249976885291,0.9826141027799851,-0.9109908824137853,0.31748071436936326,-0.01736538158845393,-2.4188944911503465,0.0254389714035983,25.422703883460493,1.0519638867290324,4.579628812436114,-0.05199165578355888
5216,21.179137500000003,0.3176150172779281,0.2613550825771568,-0.05349437873398033,0.15536196181170944,-1.5901978008832742,0.37145640302344013,0.09416531963559846,0,0.003467,1,Shared Control,0.01,Good Visuals,0.10075283512554414,0.4746843467166235,0.0,4.589790043469185,0.9826052754563037,-0.9202563350872591,0.3082152616958894,-0.026409908481672448,-2.569953311367662,0.025460292179072096,25.420371187563887,1.051991655783559,4.582728205719055,-0.05202991856318867
5217,21.183176900000003,0.318243335808646,0.24582009311103703,-0.05321306721479413,0.15165477347543857,-1.6425891072861458,0.3718087078802994,0.080243643682744,0,0.0040394,1,Shared Control,0.01,Good Visuals,0.09283700334447384,0.47499534501035684,0.0,4.589167647891701,0.9825935969487022,-0.9293865192821653,0.2990850775009832,-0.025018965827382358,-2.6781016645858924,0.02539294422235109,25.417271794280946,1.0520299185631887,4.5852871182228805,-0.05206400693371987
5218,21.1863138,0.3190287339720435,0.23038174632693176,-0.052779973908255895,0.15013810264418775,-1.7011730515750776,0.37204332715209915,0.06932784512384421,0,0.0031369,1,Shared Control,0.01,Good Visuals,0.09516168283793575,0.47516924863993426,0.0,4.58863314250318,0.9825840465367984,-0.9387071304316851,0.2897644663514634,-0.013382669578946257,-2.604468424153962,0.025275959220750446,25.41471288177712,1.05206400693372,4.586540540068112,-0.0520830684253139
5219,21.1908785,0.32059953029883836,0.20998915836129878,-0.05144379685326078,0.14066131323745457,-1.792596526147579,0.37232323607911855,0.05328067523704221,0,0.0045647000000000005,1,Shared Control,0.01,Good Visuals,0.09440194585976486,0.47518572672969656,0.0,4.588258875597756,0.982578159643911,-0.9576093782365689,0.27086221854657966,0.0038023958582873198,-2.5267331368571924,0.024820976581480948,25.41309294838615,1.0520899293106192,4.58635173133743,-0.05208487458065553
5220,21.197147700000002,0.3216990877275948,0.19124800141528575,-0.050624148351523734,0.13796732617824353,-1.905321916037482,0.3725873847271897,0.03092761799721524,0,0.006269200000000001,1,Shared Control,0.01,Good Visuals,0.08995746080965797,0.47495152075625285,0.0,4.5885862655425536,0.9825848021420329,-0.9723260295348589,0.25614556724828963,0.010301050589918844,-2.489399685047129,0.024422614296073356,25.414830629361226,1.0520710833494067,4.584290996950059,-0.05205920337870927
5221,21.203368500000003,0.3221703266256333,0.18651550478790896,-0.050417058101556445,0.1555878867906937,-1.9278685121736236,0.3727098617115334,0.008389819178816621,0,0.0062208,1,Shared Control,0.01,Good Visuals,0.09673758549328601,0.4746463423822855,0.0,4.5887712155434555,0.982588073776597,-0.9806908469318376,0.2477807498513109,0.02452917126065552,-2.3321764845062907,0.024044016246546347,25.41570900304994,1.0520592033787093,4.581376097310512,-0.05202575292673082
5222,21.2076859,0.3229557247890307,0.1816521111188316,-0.049754136922502745,0.17326229194001497,-1.9501741467177223,0.3727119296602487,-0.007460217185998846,0,0.0043174,1,Shared Control,0.01,Good Visuals,0.07850027409255356,0.4745035871356293,0.0,4.5893355941007385,0.9825991493054251,-0.9920813858057883,0.23639021097736027,0.009412951813248903,-2.581600760153812,0.02393027222157894,25.41862390268949,1.0520257529267307,4.580466058144629,-0.05201010559412049
5223,21.211259000000002,0.32358404331974866,0.17535266134625352,-0.04912788634050003,0.18281287853225237,-1.9783304034497358,0.372661643492707,-0.02070620861624123,0,0.0035731,1,Shared Control,0.01,Good Visuals,0.05810139230727965,0.47460128975284943,0.0,4.589554824460738,0.9826024170407163,-1.002227606497432,0.22624399028571657,-0.008094278761010917,-2.835407079041943,0.02360851644456481,25.41953394185537,1.0520101055941204,4.581663662396025,-0.05202081473010219
5224,21.2148772,0.3237411229524282,0.16423976530487866,-0.04892052054027879,0.1849459739211199,-2.0237812887910795,0.3725622806907189,-0.034237434885303314,0,0.0036182000000000002,1,Shared Control,0.01,Good Visuals,0.045833444288441855,0.4747874977283335,0.0,4.5893480308702355,0.9825977556469446,-1.0123407046225255,0.21613089216062323,-0.016438165147431016,-2.9639795208362685,0.023316158220032707,25.418336337603975,1.0520208147301022,4.5833533035617995,-0.052041224895019715
5225,21.2183227,0.3243694414831461,0.14523109226009429,-0.04819283920757278,0.1794685271453976,-2.0959317215722453,0.37242195863049804,-0.04723277126629212,0,0.0034455,1,Shared Control,0.01,Good Visuals,0.04277055918633774,0.4749312037260222,0.0,4.5890124454405665,0.9825913728078202,-1.0228826451342212,0.2055889516489274,-0.012151033583176804,-2.9446761205854237,0.02322685153488651,25.4166466964382,1.0520412248950197,4.584490057526219,-0.05205697643898468
5226,21.222077300000002,0.3245265211158256,0.127998424720201,-0.047895437514672456,0.17523119598649312,-2.156746946495021,0.3722178450068698,-0.061515547314169056,0,0.0037546000000000003,1,Shared Control,0.01,Good Visuals,0.04480238434530959,0.47490911535171587,0.0,4.58876997137766,0.9825871524702854,-1.032975548969629,0.19549604781351956,0.0019288441824088607,-2.87399733339252,0.022888283135827178,25.415509942473783,1.0520569764389847,4.584036043163115,-0.05205455534310422
5227,21.225741900000003,0.32515483964654357,0.11506673291651848,-0.047063005360326204,0.17658228023068753,-2.212384455829963,0.3719666856956577,-0.0755776931492657,0,0.0036646,1,Shared Control,0.01,Good Visuals,0.047604009254282986,0.4747098735231599,0.0,4.588834818209796,0.982588979531415,-1.0438381563603951,0.18463344042275348,0.015708476887451406,-2.7795822391929557,0.022745979859476483,25.415963956836883,1.0520545553431042,4.582079856362464,-0.05203271654394041
5228,21.2292761,0.3253119192792231,0.10635291376835636,-0.04665476641643462,0.18193060691762206,-2.264881859961617,0.3716754464205647,-0.0892528020172133,0,0.0035342000000000004,1,Shared Control,0.01,Good Visuals,0.04247282672286856,0.4744935890566374,0.0,4.58920853099897,0.9825964346168709,-1.0538598617615862,0.17461173502156235,0.018978538073733855,-2.8034310734002257,0.02234127332222025,25.417920143637538,1.0520327165439405,4.580244219661929,-0.05200900970958304
5229,21.2329906,0.3256260785445821,0.096965513850688,-0.04604936787598263,0.1862183158679013,-2.325214789807077,0.3713170392321576,-0.10374487655359348,0,0.0037145000000000004,1,Shared Control,0.01,Good Visuals,0.0353604358512406,0.47429202105936225,0.0,4.589585788914636,0.9826033129197684,-1.063698654028152,0.1647729427549966,0.01849098115522437,-2.84720229961968,0.022137387563533138,25.419755780338072,1.052009009709583,4.578560760539875,-0.051986915940206165
5230,21.236332800000003,0.32594023780994097,0.08811061037666164,-0.04537680142221662,0.19185548693025511,-2.3775258250083815,0.3709483663492903,-0.11688837599229619,0,0.0033422,1,Shared Control,0.01,Good Visuals,0.028383684568446393,0.4740844514352029,0.0,4.58993468799511,0.9826096082598847,-1.0740075251031818,0.15446407167996673,0.018758934510782446,-2.8965639435318566,0.021840847758405873,25.421439239460124,1.0519869159402062,4.576789404455758,-0.05196416433544838
5231,21.240848600000003,0.32625439707529996,0.07096406894232571,-0.04469396927399033,0.1878524449346219,-2.4650691460831924,0.37038014035286454,-0.1348025779062168,0,0.0045158,1,Shared Control,0.01,Good Visuals,0.011086997089739259,0.4737463270510821,0.0,4.590653668769006,0.9826227202373496,-1.0961835403191615,0.13228805646398706,0.012950314080018304,-3.0048778661553843,0.021254010785853032,25.424938153589345,1.051941744078491,4.574046211080174,-0.051927102687446464
5232,21.247207300000003,0.3264114767079795,0.05932207247458198,-0.04396866364488505,0.1941246503807988,-2.5085396393433954,0.3694420024337001,-0.16032793056501193,0,0.0063587,1,Shared Control,0.01,Good Visuals,0.020595642046664142,0.4734247950769358,0.0,4.590875018253448,0.9826264706010481,-1.1060121776601506,0.122459419122998,0.029801116393791734,-2.7475783688329005,0.02117360378488684,25.425953788919827,1.0519271026874464,4.570999166074564,-0.05189185972536859
5233,21.250888300000003,0.3264114767079795,0.047531199066751795,-0.043030525725720636,0.20785912963176373,-2.550001178504476,0.3688243821183129,-0.17526343569768732,0,0.0036810000000000002,1,Shared Control,0.01,Good Visuals,0.011126415295661246,0.4731405312100675,0.0,4.591467293656949,0.982638039020003,-1.11590367033807,0.11256792644507865,0.02770211309111299,-2.853781679097358,0.020815855575886423,25.429000833925436,1.0518918597253686,4.568680510982745,-0.051860701702261404
5234,21.2544337,0.3264114767079795,0.03280103870151564,-0.042412905410333435,0.20806447439920295,-2.6027669804691103,0.3681773400936677,-0.18975805358053827,0,0.0035454,1,Shared Control,0.01,Good Visuals,-0.006657894685783955,0.47296269595510704,0.0,4.591953885608934,0.9826466840963308,-1.127073497427813,0.10139809935533582,0.01719325537234736,-3.1125862703401967,0.020359485800115935,25.431319489017255,1.0518607017022614,4.567339490643384,-0.05184120926713634
5235,21.258181800000003,0.3264114767079795,0.01786999276470588,-0.04176586338568822,0.20762804634524415,-2.6531792776354384,0.367437211391946,-0.20519710250685316,0,0.0037481000000000003,1,Shared Control,0.01,Good Visuals,-0.00968433665795329,0.47267198951952955,0.0,4.592247489330573,0.9826516306262579,-1.1405062407845477,0.08796535599860113,0.023590253361656637,-3.0966005110156294,0.020059722086160248,25.432660509356616,1.0518412092671363,4.5646723239722435,-0.05180934507723096
5236,21.2622727,0.3264114767079795,0.006884732115387331,-0.04102573468396653,0.2120818346222405,-2.689279564024146,0.36656307478655825,-0.22218283909596534,0,0.004090900000000001,1,Shared Control,0.01,Good Visuals,-0.012206947699581416,0.4723641557925527,0.0,4.592774336886878,0.9826617203536913,-1.1514989221501917,0.07697267463295714,0.030445573649838315,-3.0421146715494647,0.019741553740514124,25.435327676027757,1.051809345077231,4.562051840456154,-0.051775603573310736
5237,21.266008600000003,0.32625439707529996,-0.00262160051881235,-0.04030867771125829,0.21956123857715298,-2.7249645934714204,0.36570385546090006,-0.23781625917292618,0,0.0037359000000000003,1,Shared Control,0.01,Good Visuals,-0.01996278007325092,0.4720895765411403,0.0,4.593312112507811,0.9826715451271898,-1.1620371161039864,0.06643448067916237,0.029410068017843592,-3.0970094201060228,0.0193790865297611,25.437948159543847,1.0517756035733108,4.559778108509,-0.05174550707615647
5238,21.269362,0.3260973174426205,-0.015003627618958687,-0.03960653801827957,0.2228126315539675,-2.7722651424943945,0.3648826950628851,-0.25194708449502756,0,0.0033534000000000003,1,Shared Control,0.01,Good Visuals,-0.03058902690762741,0.47184870911200805,0.0,4.593785516645603,0.9826800402973882,-1.1735884493855187,0.05488314739763005,0.024843167112739088,-3.2021215505716927,0.01902930659164123,25.440221891491,1.0517455070761565,4.5577847362240025,-0.05171910571531751
5239,21.274263700000002,0.3256260785445821,-0.04101218534914311,-0.039256616518303034,0.21093489914588445,-2.8594861659282143,0.36359677821535824,-0.27276742720705305,0,0.0049017,1,Shared Control,0.01,Good Visuals,-0.041053707620531316,0.4713282372273403,0.0,4.594626372958261,0.9826952709506093,-1.1960892073512124,0.032382389431936366,0.03065870132083835,-3.223726222402976,0.01836546490381677,25.444290782947096,1.051692413569645,4.553304605377162,-0.0516620570471636
5240,21.2797546,0.3253119192792231,-0.05664692072341629,-0.03828485893613515,0.21612050648363676,-2.912840953265324,0.36203448617885226,-0.2963205158137636,0,0.0054909,1,Shared Control,0.01,Good Visuals,-0.026897972267856368,0.4708466614368992,0.0,4.5951148643806,0.9827043092240434,-1.205967817158694,0.022503779624454767,0.053349948163205235,-2.8749482865695413,0.01850275186308146,25.446695394622836,1.0516620570471635,4.5488855642116235,-0.051609271760831806
5241,21.283471700000003,0.3248406803811846,-0.0751116278826321,-0.03719380579766768,0.22120888793113153,-2.9741929956708906,0.3609031804333288,-0.312401097280989,0,0.0037171,1,Shared Control,0.01,Good Visuals,-0.036429423489070134,0.4703562386123675,0.0,4.595987756064297,0.9827210284567631,-1.216713429123658,0.011758167659490679,0.05358065139792376,-3.00165143299089,0.01802629801366187,25.451114435788377,1.0516092717608319,4.54473801850337,-0.051555516755429985
5242,21.2869464,0.3245265211158256,-0.09257919185232837,-0.036376659317503224,0.21982190542866065,-3.02964975468945,0.35979142137570846,-0.32753119641763107,0,0.0034747000000000003,1,Shared Control,0.01,Good Visuals,-0.0464160185423555,0.46988862085854455,0.0,4.596841899678474,0.9827365684748526,-1.2274705629464269,0.0010010338367219453,0.055064023553013174,-3.139943904599881,0.017494338594669836,25.45526198149663,1.05155551675543,4.540802717101725,-0.05150426140264997
5243,21.291149100000002,0.3240552822177872,-0.10302089115921993,-0.03573613915792129,0.22451030525841115,-3.059903584795401,0.3583762357039827,-0.34595651759350066,0,0.0042027,1,Shared Control,0.01,Good Visuals,-0.04878295543885788,0.4691856050013515,0.0,4.59765443262513,0.9827513048474582,-1.24177863213227,-0.013307035349121045,0.06345073413037353,-3.1327879632691777,0.017092978278142715,25.459197282898273,1.05150426140265,4.534441685057218,-0.05142720417914683
5244,21.2949282,0.3237411229524282,-0.10584444107359858,-0.03463511275155451,0.24011207651990207,-3.0666622357269877,0.3570373407648812,-0.3626403360041007,0,0.0037791,1,Shared Control,0.01,Good Visuals,-0.056295548846551385,0.46868054275425225,0.0,4.598919903656029,0.9827753351712613,-1.2524835622718424,-0.024011965488693665,0.06217017382266478,-3.1343122736934537,0.016766882071221786,25.465558314942783,1.0514272041791468,4.530510004214102,-0.05137184455381332
5245,21.298339100000003,0.32326988405438967,-0.10666994632652069,-0.03376745671049153,0.25597038967758,-3.067750331414263,0.35577459626847036,-0.37779143284407823,0,0.0034109,1,Shared Control,0.01,Good Visuals,-0.07666630827864618,0.4683268784160065,0.0,4.599766107546249,0.9827899098808134,-1.2646412389209447,-0.036169642137795874,0.04300076003314606,-3.3846538555407046,0.01623280344275329,25.4694899957859,1.0513718445538134,4.5277182702286405,-0.05133307957905713
5246,21.301962300000003,0.3229557247890307,-0.10831811491586774,-0.03281887147943968,0.2694733179282105,-3.0637900182895605,0.3543764831973253,-0.39398075290661294,0,0.0036232,1,Shared Control,0.01,Good Visuals,-0.09622522955452564,0.468147948850701,0.0,4.600362478293304,0.9828002790078133,-1.2769328683123038,-0.04846127152915487,0.023567424788895015,-3.587644666343365,0.01581420759327213,25.47228172977136,1.0513330795790572,4.526463018378594,-0.05131346719711155
5247,21.3055713,0.3221703266256333,-0.11533189515124617,-0.03220615657169201,0.27864885775536674,-3.0680298526109455,0.3529253625952147,-0.41020283276260494,0,0.0036090000000000002,1,Shared Control,0.01,Good Visuals,-0.11385158881723911,0.468099730524646,0.0,4.600648701601406,0.9828048628833144,-1.2908208786527802,-0.06234928186963129,0.006099624788518861,-3.7590024198766887,0.015364087366694458,25.473536981621407,1.0513134671971116,4.526242192633608,-0.05130818201002829
5248,21.3093988,0.3216990877275948,-0.13018352969303035,-0.031226274867619863,0.28001930306957457,-3.0890737083695177,0.3513222224710252,-0.42751046905819445,0,0.0038275,1,Shared Control,0.01,Good Visuals,-0.12568633527747877,0.46811919493502235,0.0,4.600714249597687,0.982805603251614,-1.3056325017445025,-0.07716090496135364,-0.0024055736095367703,-3.8258099164980868,0.015075693212443588,25.473757807366393,1.0513081820100283,4.526500881962123,-0.05131031549450859
5249,21.3130358,0.3209136895641973,-0.14736517961998383,-0.03040853290682788,0.2801452894382106,-3.1125868038718147,0.3497373112189669,-0.4440538579832163,0,0.003637,1,Shared Control,0.01,Good Visuals,-0.1315424370570096,0.4681239849805268,0.0,4.600671064949923,0.9828045898616606,-1.3187467675133255,-0.09027517073017668,-0.0006882863738506724,-3.8160582461802495,0.014617618651849932,25.47349911803788,1.0513103154945085,4.526509010331973,-0.05131084052904836
5250,21.3163348,0.3202853710334794,-0.16560768304455012,-0.02945194018548747,0.2784461749386662,-3.144984212117532,0.34824751309397334,-0.4591404805871486,0,0.0032990000000000003,1,Shared Control,0.01,Good Visuals,-0.13542857110206957,0.4680936836307681,0.0,4.600665915477184,0.9828045745059933,-1.332327973069434,-0.103856376286285,0.004303042457111589,-3.803300444176067,0.01423496360175575,25.473490989668026,1.0513108405290483,4.526197007715492,-0.05130751921295439
5251,21.3199188,0.3198141321354409,-0.17690440464477702,-0.028433380958532428,0.2822360759423716,-3.1537464535632957,0.3465724557825483,-0.4756160732479313,0,0.0035840000000000004,1,Shared Control,0.01,Good Visuals,-0.1381582535052106,0.46802004013577,0.0,4.600724195218254,0.9828057698152356,-1.3452241105537819,-0.11675251377063296,0.011265547110404096,-3.7714620940363695,0.013786267171497876,25.473802992284508,1.0513075192129544,4.525505002967998,-0.051299447185566165
5252,21.324192200000002,0.3190287339720435,-0.1775528287988338,-0.027543721810504795,0.2980632444490975,-3.128735823818574,0.3444977822462585,-0.49537542199588,0,0.0042734,1,Shared Control,0.01,Good Visuals,-0.1465659997787751,0.46796092893435215,0.0,4.600859299027939,0.9828083955549348,-1.3604820466680119,-0.13201044988486305,0.00802903824722029,-3.8177290982910703,0.013307392097407986,25.474494997032004,1.0512994471855661,4.525032213947835,-0.05129296803575384
5253,21.3272607,0.318243335808646,-0.18053662187131084,-0.02625444643761249,0.3148388001245692,-3.1173492416466777,0.34295585469493767,-0.5096391115178406,0,0.0030685,1,Shared Control,0.01,Good Visuals,-0.16621203244037036,0.46804279838866414,0.0,4.600959588992648,0.9828101548125832,-1.374708981346612,-0.1462373845634631,-0.012938113537720983,-3.978449294910531,0.0128893856447532,25.474967786052165,1.051292968035754,4.5259560637340455,-0.05130194170651027
5254,21.3310625,0.3174579376452486,-0.19110042854248735,-0.025497917049689067,0.31853868297535326,-3.1226132425534296,0.3409845817291792,-0.5273974827131969,0,0.0038018,1,Shared Control,0.01,Good Visuals,-0.1886343422565699,0.4682476487208766,0.0,4.600794148820177,0.9828065844642488,-1.389456526221325,-0.1609849294381761,-0.035074776885397015,-4.219491538071301,0.012288204580805444,25.474043936265954,1.0513019417065104,4.527877945400259,-0.05132439525101069
5255,21.3344431,0.31667253948185115,-0.20398722158602656,-0.02431204224732808,0.3234102611271703,-3.1236907118377095,0.3391748582767495,-0.5432669410803026,0,0.0033806,1,Shared Control,0.01,Good Visuals,-0.19575849973420734,0.4684620398059507,0.0,4.600418636914069,0.9827992933477054,-1.404369615024762,-0.17589801824161305,-0.03737516660070466,-4.210358216667689,0.011939339705796857,25.47212205459974,1.0513243952510107,4.529699679959305,-0.0513478945527556
5256,21.3379514,0.3158871413184537,-0.21470286520199072,-0.02328771695829579,0.3285640758783119,-3.11430672760105,0.3372399140357806,-0.5598125309104566,0,0.0035083000000000002,1,Shared Control,0.01,Good Visuals,-0.20600869425751206,0.46868627365805615,0.0,4.600044347955622,0.9827924620474855,-1.4191038703750802,-0.19063227359193122,-0.04222664280256571,-4.272656328930884,0.011389268903031761,25.470300320040696,1.0513478945527557,4.531622111325722,-0.0513724727153701
5257,21.341644300000002,0.31447342462433825,-0.2279809427092091,-0.022766489411442326,0.3318315882012475,-3.1142401885557285,0.3351402973496996,-0.5773114206802412,0,0.0036929000000000003,1,Shared Control,0.01,Good Visuals,-0.21579255075681353,0.46900590922759117,0.0,4.5996511965376445,0.9827852453603663,-1.4386089959109112,-0.21013739912776208,-0.048097466368686025,-4.3162481823037995,0.010914633283187175,25.46837788867428,1.0513724727153702,4.53449372601423,-0.051407507813468103
5258,21.345764300000003,0.31368802646094085,-0.2450463292891959,-0.02145227088875873,0.3322650913910453,-3.1167564921545687,0.3327213908669815,-0.596932037146262,0,0.00412,1,Shared Control,0.01,Good Visuals,-0.2214107349451324,0.4692399683683212,0.0,4.599077832866273,0.9827744052254019,-1.4530294378313897,-0.2245578410482405,-0.04781547293137914,-4.227133118508068,0.010677618066333834,25.46550627398577,1.0514075078134681,4.536328421549538,-0.05143316292115259
5259,21.3493506,0.3125884690321844,-0.25870832339134264,-0.02013292183479709,0.33822371375491933,-3.0989063005388324,0.33054986363518846,-0.6140931352922103,0,0.0035863,1,Shared Control,0.01,Good Visuals,-0.22788714145112338,0.4694698155766776,0.0,4.59868443185361,0.9827675975471581,-1.468363705960315,-0.23989210917716564,-0.04716262846511752,-4.25337516058059,0.010066262913269805,25.463671578450462,1.0514331629211526,4.538288971972905,-0.051458356360994204
5260,21.353072500000003,0.3116459912361075,-0.2697910517364273,-0.01890387239908098,0.344302083555783,-3.0789786684145,0.3282310048004066,-0.6319819590251559,0,0.0037219,1,Shared Control,0.01,Good Visuals,-0.23981595812062173,0.46970583540872746,0.0,4.59828244117036,0.9827602428961563,-1.4832467100846392,-0.25477511330148983,-0.05453758327548762,-4.347560577315509,0.009451799100801855,25.461711028027096,1.0514583563609943,4.540303762767424,-0.05148422637909316
5261,21.3574586,0.3097610356439536,-0.2798081156716114,-0.018469969156453048,0.35217384335354446,-3.0046985367240806,0.32541265552417975,-0.6531635880180613,0,0.0043861,1,Shared Control,0.01,Good Visuals,-0.2666661860117904,0.47025300966283085,0.0,4.597342802130987,0.9827428367135133,-1.5143930413654465,-0.28592144458229724,-0.0763953246758181,-4.520340669677661,0.008311784588659667,25.457081907064108,1.0515166941203349,4.544966471404648,-0.051544201880871963
5262,21.363194,0.3086614782151972,-0.28345763025732845,-0.016751177308982568,0.36970595776073284,-2.9714882143980805,0.32158670177830456,-0.6810199493919517,0,0.005735400000000001,1,Shared Control,0.01,Good Visuals,-0.26118878955502844,0.47050660043729803,0.0,4.596913005151791,0.9827351960027291,-1.5273465181770076,-0.29887492139385824,-0.07217404461882994,-4.2392580218487375,0.008685558584201702,25.45503352859535,1.051544201880872,4.547132282175008,-0.051571997841356375
5263,21.366613400000002,0.30740484115376127,-0.29622477026575744,-0.014181860624543297,0.3847951791261942,-2.975700846387736,0.31922950382822574,-0.697710358022839,0,0.0034194000000000004,1,Shared Control,0.01,Good Visuals,-0.2863237816891468,0.4709063592389916,0.0,4.596469241115541,0.9827270708401514,-1.5453357380323487,-0.31686414124919937,-0.09813296642099967,-4.5543481747237005,0.007881539488971794,25.452867717824994,1.0515719978413565,4.550765990547182,-0.05161581520765653
5264,21.3703538,0.3056769651942869,-0.3213446966103002,-0.013552538633938849,0.3763656614125388,-3.0218713810625712,0.31658553744422097,-0.7160359347643936,0,0.0037404,1,Shared Control,0.01,Good Visuals,-0.3129670964055448,0.4712776769189902,0.0,4.595748040720074,0.9827133371141901,-1.562822430280861,-0.33435083349771166,-0.1200644919327712,-4.888374216849015,0.006678328353938496,25.449234009452816,1.0516158152076565,4.553849569433274,-0.051656515156548954
5265,21.374737600000003,0.30394908923481245,-0.354976898351964,-0.012636448209408513,0.36105903641242965,-3.1038924751526693,0.3133993431120428,-0.737601742138038,0,0.0043838,1,Shared Control,0.01,Good Visuals,-0.30757985251225595,0.47169890791983576,0.0,4.595106939287017,0.982701810377491,-1.5862871650964698,-0.3578155683133204,-0.10153737658950271,-4.69933806288727,0.006387008923757566,25.446150430566725,1.051656515156549,4.557513709805856,-0.05170268608007294
5266,21.3787841,0.30284953180605606,-0.37387601677709065,-0.010549811305986756,0.3637257253609473,-3.1515465575151094,0.31037422320648794,-0.7575895118940923,0,0.004046500000000001,1,Shared Control,0.01,Good Visuals,-0.2967519611037016,0.4718941247922435,0.0,4.594363285729873,0.9826880344679849,-1.6014017882614782,-0.37293019147832884,-0.07241803979126438,-4.387026721913454,0.005960598820363559,25.442486290194143,1.051702686080073,4.558790148407667,-0.05172408370576629
5267,21.382408100000003,0.30127873547926115,-0.3768996042870191,-0.009095487727226792,0.3806899076070732,-3.1746651686623135,0.3075961848047603,-0.7755541191009591,0,0.003624,1,Shared Control,0.01,Good Visuals,-0.30896077388173226,0.4720688265182395,0.0,4.594060268666681,0.9826834285361575,-1.6175778503228295,-0.3891062535396802,-0.07509614516848256,-4.534539304614519,0.004978393972961936,25.441209851592333,1.0517240837057662,4.560274256937404,-0.05174323267631755
5268,21.3860086,0.2998650187851457,-0.3851269200395052,-0.007731166019614599,0.39042719906145384,-3.2326388307626925,0.3047715844926061,-0.793459734956037,0,0.0036005000000000004,1,Shared Control,0.01,Good Visuals,-0.33231310024107397,0.47225288701952334,0.0,4.593755363091274,0.9826778653509074,-1.6339655471770995,-0.40549395039395014,-0.09629185911654274,-4.767191312040357,0.004293696218003001,25.439725743062596,1.0517432326763176,4.561851254260821,-0.05176340745764063
5269,21.390893600000002,0.29672342613155595,-0.41341842080576957,-0.008048158361050162,0.3800413141502675,-3.349146068205965,0.3008360224436521,-0.8178411087892591,0,0.0048850000000000005,1,Shared Control,0.01,Good Visuals,-0.35854917366722255,0.4725765457751995,0.0,4.593110317816453,0.9826660689348424,-1.6682589577359073,-0.4397873609527579,-0.10807442244247116,-4.922787301500766,0.0030601505646403776,25.43658011066292,1.0517836739083033,4.564521008333076,-0.051798883535199486
5270,21.396268900000003,0.29483847053940204,-0.43682589860632837,-0.005997551904250054,0.3810152101829307,-3.4363083894221242,0.29636752790351584,-0.8447805393916487,0,0.0053753,1,Shared Control,0.01,Good Visuals,-0.33648795763457845,0.4727103512803437,0.0,4.592875811446591,0.9826619780345124,-1.68394945034053,-0.45547785355738046,-0.07584056121131487,-4.37768333369304,0.003803370878116876,25.435478991666926,1.0517988835351995,4.5656549526394095,-0.05181354989102966
5271,21.399918300000003,0.2935818334779661,-0.4565892561371151,-0.002785694425549712,0.38819128325453356,-3.499761569816352,0.29325111318931074,-0.8631329010866923,0,0.0036494,1,Shared Control,0.01,Good Visuals,-0.34686292901620863,0.4728021696490201,0.0,4.592642560765192,0.98265772899803,-1.6994714457315947,-0.47099984894844527,-0.07283840789281425,-4.514045073886109,0.0028351048674801374,25.43434504736059,1.0518135498910297,4.56636462592925,-0.05182361405741282
5272,21.4033713,0.29138271862045334,-0.4677832815370663,-0.001868394568857401,0.395349619549626,-3.5343504912055552,0.29024067091622324,-0.8805417803250479,0,0.0034530000000000003,1,Shared Control,0.01,Good Visuals,-0.3686648733113459,0.4728535780040635,0.0,4.59248925984401,0.9826551019997314,-1.716835545343729,-0.48836394856057963,-0.08477650495676277,-4.852475858521787,0.0013170823683790844,25.43363537407075,1.0518236140574129,4.566740463156192,-0.051829248902009815
5273,21.4076625,0.28934068339561997,-0.4851055057311625,-0.0008999875206032737,0.3954362745938854,-3.607895133552387,0.286415570442973,-0.9022333745163937,0,0.0042912,1,Shared Control,0.01,Good Visuals,-0.37991134950234556,0.47289818621565893,0.0,4.592405550912739,0.9826537218733717,-1.7383389600620525,-0.5098673632789031,-0.0897819357978955,-4.89526139238362,0.0008834770570075817,25.433259536843806,1.0518292489020098,4.5671132053127765,-0.05183413838621677
5274,21.4113149,0.2871415685381071,-0.5067149221872868,0.0007259980951340728,0.395518452329107,-3.701119157831827,0.28308646415621214,-0.9207427415716013,0,0.0036524,1,Shared Control,0.01,Good Visuals,-0.38444333750903026,0.47291461492510173,0.0,4.59232831308457,0.9826523276863988,-1.755636150833554,-0.5271645540504047,-0.08371168931916144,-4.801707456764182,0.0004256024661100161,25.432886794687224,1.0518341383862169,4.56720658459382,-0.05183593912900578
5275,21.414944300000002,0.28557077221131216,-0.5236696327550283,0.0024843080551000263,0.397073108816573,-3.775007773662609,0.2797112819635921,-0.9391756554458176,0,0.0036294,1,Shared Control,0.01,Good Visuals,-0.39199100207212784,0.472902865740646,0.0,4.592304200527587,0.982651999373397,-1.7722084567536471,-0.5437368599704977,-0.0783195558901928,-4.854646254824092,-0.0003433351095966874,25.43279341540618,1.0518359391290057,4.56706475399032,-0.0518346513066568
5276,21.4183631,0.28321457772111985,-0.5371188326831016,0.00350329575752778,0.40205682276271604,-3.8360561951881325,0.2764706978070618,-0.9565733510037016,0,0.0034188,1,Shared Control,0.01,Good Visuals,-0.401593662758182,0.472860974846364,0.0,4.592328853187461,0.9826525507089555,-1.7898171513342325,-0.561345554551083,-0.07806024245276226,-4.928955795825136,-0.001174836398639373,25.43293524600968,1.0518346513066568,4.566663698199269,-0.0518300596662686
5277,21.4220986,0.28132962212896595,-0.553746536564795,0.004858924321904157,0.40282681443890656,-3.9075599258585134,0.27286185800393986,-0.9756183177399065,0,0.0037355,1,Shared Control,0.01,Good Visuals,-0.4111713332652426,0.47280183035999723,0.0,4.592406422175577,0.9826540751498691,-1.8073305333554721,-0.5788589365723227,-0.07928921068518094,-4.956383761494161,-0.0016565718470797175,25.43333630180073,1.0518300596662686,4.566137895115001,-0.05182357686810934
5278,21.425872400000003,0.2789734276387736,-0.568632683741354,0.0061115696348337245,0.4069856339985525,-3.961554227856996,0.26914370963849105,-0.9948936402301342,0,0.0037738000000000003,1,Shared Control,0.01,Good Visuals,-0.4181548771032284,0.47271500162394714,0.0,4.59251194824018,0.9826560569227514,-1.8265884294523131,-0.5981168326691637,-0.07649882340279496,-4.965038826627741,-0.002297308312976994,25.433862104884998,1.0518235768681092,4.565358058901036,-0.05181405961291253
5279,21.429348100000002,0.27646015351590175,-0.5861349681909518,0.0073164438774107055,0.40875867203918237,-4.0210547005851005,0.26565486391057735,-1.0126751202823103,0,0.0034757000000000004,1,Shared Control,0.01,Good Visuals,-0.4279965041629893,0.4726113449475507,0.0,4.592667650640269,0.9826589997225197,-1.8446404049712368,-0.6161688081880873,-0.07804754527819925,-4.988387177772635,-0.00288903064985529,25.434641941098963,1.0518140596129126,4.564455153905544,-0.05180269785542307
5280,21.4329965,0.2745751979237479,-0.6071557846624797,0.00892033401317055,0.40551933561983067,-4.084465296864847,0.2619261298765241,-1.0313672521119714,0,0.0036484000000000004,1,Shared Control,0.01,Good Visuals,-0.43527511025578425,0.47249791566430055,0.0,4.592850759290081,0.9826623944986596,-1.8616932171130924,-0.6332216203299428,-0.07577777060727496,-4.9990654731049196,-0.0034578343811363463,25.435544846094455,1.0518026978554231,4.5634791017506355,-0.0517902649272867
5281,21.436385400000002,0.2719048441681966,-0.6235566350174018,0.009978714291672519,0.40781061709456967,-4.121365009956193,0.25840147681342074,-1.0487524926680605,0,0.0033889000000000002,1,Shared Control,0.01,Good Visuals,-0.4394616270126691,0.4723643635660579,0.0,4.593049949923042,0.982666058847953,-1.8796469914319722,-0.6511753946488226,-0.0693439245998057,-4.998545107990355,-0.0042148392282524505,25.436520898249363,1.0517902649272868,4.562314324812191,-0.051775626347262786
5282,21.440860500000003,0.26923449041264524,-0.6448366299680619,0.010833013599224506,0.4039158626999986,-4.183209896631833,0.2536567813773829,-1.0717396794336458,0,0.0044751,1,Shared Control,0.01,Good Visuals,-0.44657852693144656,0.4722007170701339,0.0,4.593286015916817,0.9826704389742436,-1.8995798395785761,-0.6711082427954265,-0.0685460304292991,-4.999961909046289,-0.004713589025593415,25.437685675187808,1.0517756263472628,4.5608794180498275,-0.05175768913506068
5283,21.444108800000002,0.2660928977590555,-0.6730678740715722,0.01243611638167258,0.3986718053620736,-4.266353896265251,0.2501483233503998,-1.0884437601126968,0,0.0032483000000000004,1,Shared Control,0.01,Good Visuals,-0.4466806307085045,0.4720503145889272,0.0,4.593576034737208,0.9826758384825522,-1.9191238438354024,-0.6906522470522526,-0.05761534637825473,-4.880510489905397,-0.005115356789584324,25.43912058195017,1.0517576891350606,4.559629524075218,-0.05174120359281979
5284,21.4479471,0.2642079421669016,-0.6914627774804631,0.014059618816501751,0.3969809826322337,-4.298859980972914,0.2459326417725183,-1.1081990666446433,0,0.0038383000000000002,1,Shared Control,0.01,Good Visuals,-0.44889648970581225,0.4719337661173346,0.0,4.593835785140149,0.9826805105711313,-1.9356816207385532,-0.7072100239554034,-0.04555478265345268,-4.860641979495324,-0.005870472650233052,25.44037047592478,1.0517412035928198,4.5586939256132375,-0.05172842877197817
5285,21.4514663,0.2609092698806323,-0.7018996894635529,0.014976628108113982,0.40629937718109044,-4.306625401003811,0.24200077532525788,-1.1263257842228889,0,0.0035192,1,Shared Control,0.01,Good Visuals,-0.4546972210947683,0.4718003802496059,0.0,4.594033817078242,0.9826839920891821,-1.9532486937118707,-0.7247770969287209,-0.043612146018444736,-4.88245496757017,-0.006635208858245814,25.441306074386763,1.0517284287719781,4.557529402357799,-0.05171380841239941
5286,21.455064,0.2588672346557989,-0.7179914655043159,0.01686645933054104,0.40833431871857295,-4.335671734198021,0.23791524168118322,-1.1448677939525242,0,0.0035977,1,Shared Control,0.01,Good Visuals,-0.46807234244412155,0.4716378206921029,0.0,4.594269713664005,0.9826883720184709,-1.9702605395990904,-0.7417889428159408,-0.05267841335773422,-4.959577238920083,-0.007065978836265112,25.4424705976422,1.0517138084123994,4.556104944755642,-0.05169599033898483
5287,21.458894200000003,0.25572564200220915,-0.7260980728696185,0.017810400321025932,0.4187697210829058,-4.309344153359625,0.2334923494022545,-1.1646172445427763,0,0.0038302,1,Shared Control,0.01,Good Visuals,-0.47876149656358524,0.4714084154141568,0.0,4.594557723219681,0.9826937320437027,-1.9904417164591937,-0.761970119676044,-0.05674735819456961,-5.050470947747261,-0.007954860121448361,25.443895055244358,1.0516959903389849,4.554052245787018,-0.051670845338918865
5288,21.4624081,0.25242696971593986,-0.7423728574600662,0.01893462031368537,0.42224438708271006,-4.308464544763401,0.22936815889098044,-1.1827413470590569,0,0.0035139000000000004,1,Shared Control,0.01,Good Visuals,-0.49336384876615214,0.47114550196812216,0.0,4.594968361764608,0.9827014754469416,-2.008560952251075,-0.7800893554679255,-0.0697731070181387,-5.0991264118538355,-0.008395972593226624,25.44594775421298,1.051670845338919,4.551775434687247,-0.05164202752497373
5289,21.465931100000002,0.24991369559306803,-0.776343584740337,0.020545536702087586,0.4063977623187198,-4.357784019434526,0.22516934848480458,-1.2009150953627312,0,0.003523,1,Shared Control,0.01,Good Visuals,-0.5019565455082562,0.47086423825158585,0.0,4.59543151307246,0.9827100307893603,-2.026196538228536,-0.7977249414453864,-0.07271482073447097,-5.127070958938554,-0.008920961192267096,25.448224565312753,1.0516420275249738,4.549361848544638,-0.051611198346873825
5290,21.4693828,0.24645794367411925,-0.8074020665865462,0.02128859518931467,0.393513028776185,-4.3785503970551485,0.2209934189200252,-1.2187211676414393,0,0.0034517000000000003,1,Shared Control,0.01,Good Visuals,-0.4938005811280289,0.47064082221908465,0.0,4.595924812253634,0.9827190901327473,-2.0440251406257497,-0.8155535438426,-0.050733498665837325,-4.995405546991759,-0.009674158488698471,25.45063815145536,1.0516111983468739,4.547562448531342,-0.051586709825065274
5291,21.4742637,0.24048891763229863,-0.859316049159806,0.019495498712273435,0.35940511848163337,-4.4356351587752805,0.21498352304520435,-1.2438953746674883,0,0.0048809000000000005,1,Shared Control,0.01,Good Visuals,-0.47278055005943953,0.47046981808368943,0.0,4.5965617269572645,0.9827302150839551,-2.0787949293396095,-0.8503233325564596,-0.0039127526750580895,-4.577227868025725,-0.010354857064248105,25.45363128337626,1.0515699269367556,4.5464289687117665,-0.05156796614560728
5292,21.480201700000002,0.2349911304885165,-0.8600028043640733,0.020007607443312148,0.38389257030341506,-4.4082713668247315,0.20750637974070701,-1.274505286904073,0,0.005938000000000001,1,Shared Control,0.01,Good Visuals,-0.4853450233784431,0.47054482669800723,0.0,4.596330484029481,0.9827249602666589,-2.1041703590289362,-0.8756987622457862,-0.012534524348411367,-4.536407906452367,-0.010672156892933292,25.452283020169965,1.0515817923624944,4.546971496041098,-0.051576187803054986
5293,21.4862496,0.22839378591597795,-0.9098236109016042,0.020887406175270934,0.3646816760024687,-4.552546578037821,0.19970409800329478,-1.3056506480939032,0,0.0060479,1,Shared Control,0.01,Good Visuals,-0.5002260486578505,0.47049249633576473,0.0,4.596384849655412,0.9827263180778887,-2.1336546990314047,-0.9051831022482547,-0.014766240951755112,-4.634118670228849,-0.011529159511414346,25.452626332621872,1.0515793167714385,4.546492353176787,-0.05157045189770085
5294,21.4926804,0.22556635252774715,-0.9326154379122331,0.02586225452445237,0.3730352101816701,-4.597961277443413,0.19120136266401475,-1.3387182191123308,0,0.0064308,1,Shared Control,0.01,Good Visuals,-0.45439342495820223,0.4706941501260958,0.0,4.596545182222734,0.9827297128351059,-2.1459804190921514,-0.9175088223090014,0.047531409956852275,-3.7477864451309832,-0.00982736787338229,25.453507646823212,1.051570451897701,4.5486868390879875,-0.05159255507081253
5295,21.496211300000002,0.2216393617107599,-0.9460638453346422,0.030437999046745157,0.39265437377768864,-4.615077622927754,0.186442471183902,-1.35684670066078,0,0.0035309,1,Shared Control,0.01,Good Visuals,-0.4854563222285743,0.4708342038050661,0.0,4.5961457076032675,0.9827212608926066,-2.1616309413576116,-0.9331593445744616,0.02453111986243892,-4.353898143175921,-0.012173211913731885,25.45131316091201,1.0515925550708125,4.549730057095664,-0.05160790628591305
5296,21.499957000000002,0.21865484868984958,-0.9605448041695985,0.032212377505947576,0.3963018964911815,-4.640674808046626,0.1813241519294712,-1.3760526848245667,0,0.0037457000000000002,1,Shared Control,0.01,Good Visuals,-0.5257587708366231,0.4707597023164716,0.0,4.595915719999842,0.9827174184256411,-2.178759065830318,-0.950287469047168,-0.011800571414327818,-5.004272788356086,-0.014331251046593616,25.450269942904335,1.0516079062859132,4.548758529762528,-0.051599740214267296
5297,21.5035105,0.21457077824018286,-0.976070874707058,0.03324662631071165,0.39998181011750866,-4.659082390778299,0.17640201533682798,-1.394246088941481,0,0.0035535000000000002,1,Shared Control,0.01,Good Visuals,-0.5375049200463401,0.47063707744358846,0.0,4.596079170941942,0.9827212188307097,-2.1969196180752393,-0.9684480212920893,-0.017692439715866395,-5.101708639750903,-0.015164289245605686,25.45124147023747,1.0515997402142674,4.547669796087575,-0.051586299362058746
5298,21.5077612,0.21048670779051612,-0.9946118603733645,0.03408469245368814,0.3996342285681165,-4.694834179133697,0.1704293061269231,-1.4159703438933935,0,0.0042507000000000005,1,Shared Control,0.01,Good Visuals,-0.5458836500052364,0.47046147618967055,0.0,4.596297840490239,0.9827253223696542,-2.2197133965174594,-0.9912417997343096,-0.01968252529365591,-5.120931554496699,-0.015647095041732447,25.452330203912425,1.0515862993620588,4.54609613466743,-0.0515670517946929
5299,21.5113008,0.2062455577081699,-1.015630474094577,0.035816251581246794,0.40033986979881653,-4.758931116760928,0.16538537468617506,-1.4340248194740306,0,0.0035396000000000004,1,Shared Control,0.01,Good Visuals,-0.5494071697208716,0.47035317251516257,0.0,4.5966124196511124,0.9827312602211699,-2.2375098705087524,-1.0090382737256027,-0.014837381810597034,-5.0109739522154415,-0.01603553472723305,25.45390386533257,1.051567051794693,4.545294575706076,-0.05155518068201829
5300,21.515101,0.20294688542190062,-1.037998856094807,0.037561510735725556,0.3960259633792236,-4.833533070702761,0.15989902399025577,-1.453369124687827,0,0.0038002,1,Shared Control,0.01,Good Visuals,-0.5580674642841462,0.4702552214277729,0.0,4.596789763221802,0.9827342099506704,-2.2550025529797155,-1.0265309561965659,-0.0132012622454013,-5.088632322248987,-0.01684628755884064,25.454705424293923,1.0515551806820183,4.544468749201661,-0.0515444443113431
5301,21.518377400000002,0.1987057353395544,-1.0571888220198828,0.03880671134929864,0.39618030266794424,-4.88805974515227,0.1551099322462441,-1.4700116846102167,0,0.0032764,1,Shared Control,0.01,Good Visuals,-0.5618582537607294,0.47020693895398313,0.0,4.596960110890208,0.982737303087241,-2.273224421955159,-1.0447528251720095,-0.0059489083561889465,-5.096598600241534,-0.01766349654819029,25.455531250798337,1.051544444311343,4.544139649910971,-0.05153915209305807
5302,21.5221869,0.1955641426859646,-1.064837472926624,0.0404542104397205,0.4051742116835928,-4.895977608479164,0.1494731339054049,-1.4893177040488697,0,0.0038095000000000004,1,Shared Control,0.01,Good Visuals,-0.5677375001046491,0.47018682790300387,0.0,4.597036386122243,0.9827384990729945,-2.291173671176605,-1.0627020743934552,-0.0024369358478748093,-5.100087861978107,-0.01824718495442451,25.45586035008903,1.0515391520930581,4.544007565424501,-0.05153694773061825
5303,21.525895100000003,0.1910088333382594,-1.0602861278906566,0.04153569943285451,0.4290315761582131,-4.855356587236056,0.14391567820596957,-1.5080611766890086,0,0.0037082,1,Shared Control,0.01,Good Visuals,-0.5841512326582861,0.4700353638171309,0.0,4.59706766419713,0.9827389761818472,-2.3114278435498887,-1.0829562467667389,-0.016063899648157267,-5.217861342526111,-0.019021036881972764,25.4559924345755,1.0515369477306182,4.542501987304435,-0.05152034582641027
5304,21.529348600000002,0.1866106036232337,-1.073430934736738,0.042694925417264135,0.43463024195227073,-4.8710616737158885,0.13867751379020934,-1.525470644823314,0,0.0034535000000000004,1,Shared Control,0.01,Good Visuals,-0.6125828161586573,0.46961645007123476,0.0,4.5973536340726335,0.9827447229007498,-2.330892602400927,-1.102421005617777,-0.04755201319409761,-5.417562094975689,-0.019523247594320767,25.457498012695567,1.0515203458264102,4.53852539688807,-0.051474428896065426
5305,21.533041400000002,0.18315485170428494,-1.101594893047894,0.0444773379140756,0.4238757517754199,-4.902650404970887,0.13300996388037498,-1.5440335829275564,0,0.0036928000000000004,1,Shared Control,0.01,Good Visuals,-0.6234537907464434,0.46916122721273806,0.0,4.598126066403877,0.9827598267519041,-2.3495474998818886,-1.121075903098739,-0.05295428811503453,-5.446685395901271,-0.020050239310511715,25.46147460311193,1.0514744288960653,4.534637193505608,-0.0514245321416864
5306,21.5363612,0.1785995423565797,-1.121023121383171,0.045589578476204734,0.4230104615443855,-4.879562652310208,0.1278564494660093,-1.5606722029213222,0,0.0033198000000000004,1,Shared Control,0.01,Good Visuals,-0.6211220844482984,0.46878470170728065,0.0,4.598922736536692,0.9827744146953286,-2.3686693633529288,-1.1401977665697791,-0.04015300349223755,-5.372819182646845,-0.02086704243892335,25.46536280649439,1.0514245321416864,4.531568342999153,-0.05138326136559821
5307,21.540791700000003,0.17373007374351554,-1.1491006318469497,0.04587362427750624,0.4115715710743726,-4.9086517397899385,0.12089283817020816,-1.5828004806346736,0,0.0044305,1,Shared Control,0.01,Good Visuals,-0.6254210293267377,0.46836013729578563,0.0,4.599567175733322,0.9827858608845462,-2.3900941274486183,-1.1616225306654688,-0.03912584878842279,-5.335117310545755,-0.0213716969469283,25.46843165700085,1.0513832613655982,4.527869046063023,-0.05133672506856691
5308,21.543953400000003,0.17027432182456675,-1.1684858858190534,0.0493814836543586,0.41431459481562016,-4.900326889153667,0.11586361132748094,-1.598534893498511,0,0.0031617000000000004,1,Shared Control,0.01,Good Visuals,-0.6155256802431278,0.46819149971389357,0.0,4.600317419241491,0.9827997748719217,-2.407485097706495,-1.1790135009233458,-0.017925089315218422,-5.067003746249309,-0.02148537696486811,25.472130953936976,1.051336725068567,4.526862303753589,-0.05131824078587836
5309,21.547394500000003,0.16524777357882312,-1.17402450605013,0.04938416225134218,0.4245103874483811,-4.852313691821133,0.11033350874613977,-1.6156032071900661,0,0.0034411000000000003,1,Shared Control,0.01,Good Visuals,-0.6343727342928662,0.4678551732871141,0.0,4.600569786502966,0.9828033520304615,-2.4265196857478144,-1.1980480889646647,-0.032069780887325774,-5.343642245113566,-0.023119990890231274,25.47313769624641,1.0513182407858783,4.52368921253913,-0.05128137621109931
5310,21.550961,0.16163494202719483,-1.1878714489996924,0.05130143328105506,0.4277317581903737,-4.846642714309491,0.10454000951798241,-1.633228483014757,0,0.0035665000000000002,1,Shared Control,0.01,Good Visuals,-0.644441162551542,0.46742962895342594,0.0,4.601188055038365,0.9828153972871201,-2.444932532222443,-1.2164609354392935,-0.04184298474588422,-5.292112342893322,-0.023104635787740656,25.476310787460868,1.0512813762110993,4.519953708646574,-0.05123473250527675
5311,21.5544304,0.15660839378145117,-1.2025802436249065,0.052068384263468756,0.43064823938985053,-4.8220714727191805,0.09884404027111339,-1.6503075222178238,0,0.0034694,1,Shared Control,0.01,Good Visuals,-0.6564736345352508,0.4668853261954624,0.0,4.601942792695725,0.9828294610881664,-2.4642649889531305,-1.2357933921699809,-0.04994002981036397,-5.372663960950305,-0.023979809923342504,25.480046291353425,1.0512347325052767,4.515141031617845,-0.05117507174678229
5312,21.558243100000002,0.15142476590302803,-1.2230751145948369,0.05258072563191464,0.427232407622987,-4.823892975391211,0.09251625600505597,-1.6689976792922996,0,0.0038127,1,Shared Control,0.01,Good Visuals,-0.6629277569850544,0.46618695921254727,0.0,4.602911600329186,0.9828475965628474,-2.4874439911102955,-1.2589723943271458,-0.052348033944903755,-5.32973146865139,-0.024309964571320293,25.484858968382156,1.0511750717467823,4.508965005903088,-0.05109852408410997
5313,21.562317800000002,0.14624113802460487,-1.2537514905406746,0.05372488201954889,0.415246188751625,-4.877780475079979,0.08567505623005284,-1.6888768012926227,0,0.0040747000000000005,1,Shared Control,0.01,Good Visuals,-0.6620040874797498,0.46569544000933893,0.0,4.604154772370912,0.982870871063226,-2.505946082580388,-1.2774744857972384,-0.04399876856358748,-5.14304140933775,-0.02451244859553153,25.491034994096914,1.05109852408411,4.505140008026231,-0.05104464890517882
5314,21.5661494,0.14215706757493812,-1.283984409374329,0.056482011344885286,0.40489239191829385,-4.92841195620269,0.07916829378213597,-1.707476034369223,0,0.0038316,1,Shared Control,0.01,Good Visuals,-0.6555411891423112,0.4654294687424488,0.0,4.604978305640175,0.9828850547580454,-2.5229531490869306,-1.2944815523037807,-0.02445914525687908,-5.004433411765027,-0.025019432571543643,25.49485999197377,1.0510446489051788,4.503209803103095,-0.05101549592498859
5315,21.569383000000002,0.1368163600638355,-1.3099199005950024,0.05764806628169952,0.3975561337742206,-4.964825319801522,0.07362172184981068,-1.7230988168324148,0,0.0032336,1,Shared Control,0.01,Good Visuals,-0.6580883807699321,0.4652439494169196,0.0,4.60541018433975,0.9828921422917536,-2.541099355124226,-1.3126277583410761,-0.015288817423518388,-5.065942500640806,-0.026288392533754923,25.496790196896903,1.0510154959249887,4.501730378163311,-0.05099516124265506
5316,21.5742049,0.12739158210306611,-1.3307098493098335,0.05376986025325543,0.39238896752258134,-4.9522199893028525,0.0652571955228987,-1.7462648805677954,0,0.0048219000000000005,1,Shared Control,0.01,Good Visuals,-0.6652513671972424,0.4651188069549564,0.0,4.605761893167809,0.9828977602345924,-2.5759363649556875,-1.3474647681725378,-0.007409332665914427,-5.01310604458209,-0.02757185882067596,25.498328847992973,1.0509913597537546,4.5007884583208275,-0.05098144443874151
5317,21.579944700000002,0.12315043202071987,-1.3489472079163116,0.057893236497821174,0.39731767265148377,-4.995043277352648,0.05515534174478102,-1.773627923719195,0,0.005739800000000001,1,Shared Control,0.01,Good Visuals,-0.6333398281178575,0.465452915176196,0.0,4.605931088901163,0.9829011237664885,-2.590321175115379,-1.3618495783322295,0.029852816707260636,-4.181752422945934,-0.025009373251128897,25.499211541679173,1.0509814444387415,4.504334521105453,-0.051018065877098666
5318,21.5833939,0.11765264487693775,-1.370737285705383,0.06249730313215673,0.402890638013812,-5.0279131571466715,0.04900956130260643,-1.7899548040865894,0,0.0034492000000000004,1,Shared Control,0.01,Good Visuals,-0.657133020313518,0.46561599094506423,0.0,4.605277988267659,0.9828874965324798,-2.6067395259210424,-1.378267929137893,0.013044080988476127,-4.583187004344526,-0.026946575696895816,25.495665478894548,1.0510180658770987,4.50538039919323,-0.051035940532187955
5319,21.587016600000002,0.11341149479459152,-1.3838805312566929,0.06440193349198509,0.4060742728298965,-5.014564696061276,0.04249417701173265,-1.8070052572454562,0,0.0036227000000000004,1,Shared Control,0.01,Good Visuals,-0.6837964062535669,0.4655389474094314,0.0,4.605026754489734,0.982883730430476,-2.623935623877068,-1.3954640270939187,-0.006014960507482745,-5.036197966327617,-0.029099743729273223,25.49461960080677,1.0510359405321879,4.5043651277099235,-0.05102749582801239
5320,21.591208400000003,0.1060287520586555,-1.395412915847598,0.06353457504692285,0.41159234139785816,-4.976143926877538,0.03487844377342386,-1.82660516897738,0,0.0041918,1,Shared Control,0.01,Good Visuals,-0.6957089904219419,0.46528176828864914,0.0,4.605196835871451,0.9828877049983444,-2.647470954566387,-1.4189993577832374,-0.014518005642926051,-5.123393057735307,-0.029981608328990945,25.495634872290076,1.0510274958280124,4.5019153781249335,-0.05099930655064731
5321,21.594884800000003,0.1016305223436298,-1.4105892510533993,0.06675207857020594,0.4160159179239806,-4.9013632786517025,0.028131695900684855,-1.8436775122774163,0,0.0036764000000000002,1,Shared Control,0.01,Good Visuals,-0.6971722950137995,0.46512071020748796,0.0,4.605671963089389,0.9828970156719575,-2.6642570592089068,-1.4357854624257569,-0.012363957966683787,-4.88394083285412,-0.029561479425300147,25.498084621875066,1.0509993065506473,4.500724103973622,-0.05098165305331857
5322,21.598379,0.09581857593448868,-1.427347003908423,0.06768688003380383,0.4163305083689932,-4.802748923928733,0.021661322430756646,-1.8597986552338361,0,0.0034942000000000003,1,Shared Control,0.01,Good Visuals,-0.7163584112038704,0.46467599681968236,0.0,4.605935705480496,0.9829014022897051,-2.6825536083324137,-1.4540820115492639,-0.03145811273996167,-5.135873438177412,-0.031047774192400228,25.49927589602638,1.0509816530533185,4.496459312483397,-0.05093290823687047
5323,21.602038800000003,0.091106186954104,-1.4454805441247847,0.06944486452334735,0.4143181111090515,-4.711197193932705,0.014824104164410745,-1.8765708312461915,0,0.0036598000000000004,1,Shared Control,0.01,Good Visuals,-0.7210358147041387,0.46417204027276765,0.0,4.606760137998241,0.9829176235536702,-2.7005430834155124,-1.4720714866323623,-0.03544367769091986,-5.089248354390207,-0.031452468451322046,25.503540687516605,1.0509329082368706,4.492114187574784,-0.050877669806792196
5324,21.6057282,0.08513716091228338,-1.4650045684107367,0.07031305674787264,0.41156626283545483,-4.63018594776492,0.00786967811877437,-1.8933583731314096,0,0.0036894000000000002,1,Shared Control,0.01,Good Visuals,-0.7272247128039864,0.463567038321944,0.0,4.607646321557265,0.9829339517449961,-2.7188417230767974,-1.4903701262936475,-0.04078584554629123,-5.097114111778584,-0.03223436445226808,25.507885812425215,1.050877669806792,4.48680031685718,-0.05081135583952182
5325,21.6094836,0.07885397560510381,-1.5005241083966596,0.07098429748632944,0.39283426473475,-4.619202359214861,0.0007274727849977507,-1.9103187546701517,0,0.0037554000000000003,1,Shared Control,0.01,Good Visuals,-0.7286038690821492,0.4629188881388801,0.0,4.6087198307501716,0.9829539654208895,-2.7384139757069077,-1.5099423789237576,-0.03959130439508783,-5.010817365619591,-0.0325948154719741,25.51319968314282,1.0508113558395218,4.481220816584692,-0.05074031241566596
5326,21.6130828,0.0741415866247191,-1.5332335458725397,0.07341411383972135,0.377085208797612,-4.591283862317412,-0.006177212708368678,-1.9264497698644305,0,0.0035992000000000003,1,Shared Control,0.01,Good Visuals,-0.7133738196474856,0.462730757838848,0.0,4.60985876127678,0.9829749302235297,-2.754447404779602,-1.5259758079964523,-0.012945345090665068,-4.728509222807176,-0.032859972067691125,25.518779183415308,1.050740312415666,4.480366630521431,-0.05071969154569701
5327,21.616390600000003,0.06801548095021902,-1.5438365971331223,0.07419269365858769,0.38261317273130824,-4.495270459024022,-0.012573890291542135,-1.9411651314885372,0,0.0033078,1,Shared Control,0.01,Good Visuals,-0.7091138146152174,0.4627261296617869,0.0,4.610113919827588,0.9829777934616729,-2.771345524223506,-1.5428739274403562,-0.00028711119036194913,-4.694313260522806,-0.03397096853312172,25.51963336947857,1.050719691545697,4.480555813915275,-0.05071918425347798
5328,21.619948800000003,0.06330309196983433,-1.5474179903884304,0.07587698226137646,0.3937471411001068,-4.402154060042004,-0.019508929714399062,-1.9568743866930454,0,0.0035582,1,Shared Control,0.01,Good Visuals,-0.7181356390087242,0.46256767898221357,0.0,4.610099479124362,0.9829769788991389,-2.787492424448282,-1.559020827665132,-0.010218003254052838,-4.694685184850812,-0.03433089798582088,25.519444186084726,1.050719184253478,4.478934889510328,-0.05070181655215918
5329,21.624278800000003,0.05686282702997525,-1.5408411965478375,0.07637175674437431,0.4160331901452079,-4.261629276405028,-0.028023280022284373,-1.9758190601210441,0,0.0043300000000000005,1,Shared Control,0.01,Good Visuals,-0.7368703043406084,0.4619780596058655,0.0,4.61040324229544,0.9829831861782624,-2.806638016127816,-1.5781664193446658,-0.032577478776507816,-4.840245652770525,-0.035098239572819497,25.521065110489673,1.050701816552159,4.473234015309679,-0.05063718866133687
5330,21.627297300000002,0.050422562090116176,-1.5557332065911365,0.07844584211240055,0.4200858535299077,-4.193861661367048,-0.034007073212329486,-1.988911280465981,0,0.0030185000000000003,1,Shared Control,0.01,Good Visuals,-0.7611510932118092,0.46092003913059393,0.0,4.611500994479955,0.9830048917304067,-2.824359329827553,-1.5958877330444032,-0.06513411310795833,-4.947185645218532,-0.03528207598945722,25.52676598469032,1.0506371886613368,4.463513720125095,-0.050521219555662036
5331,21.6309347,0.04523893421169302,-1.5952869577708073,0.0792460074240225,0.39362432269517367,-4.18445652791703,-0.04127004245955487,-2.0045601648743685,0,0.0036374000000000003,1,Shared Control,0.01,Good Visuals,-0.7748655794057085,0.45967409181819174,0.0,4.613420663103248,0.9830416973096772,-2.8419279137212206,-1.6134563169380705,-0.0773481172724588,-5.064160006245624,-0.03615726061608005,25.536486279874904,1.0505212195556621,4.452640177663412,-0.050384651881487164
5332,21.6344956,0.038641589639154456,-1.6291693499100113,0.07991163209870933,0.3753908149643572,-4.1352668852547385,-0.0484351520205667,-2.019741890999428,0,0.0035609,1,Shared Control,0.01,Good Visuals,-0.7527350816082217,0.45894716740003516,0.0,4.615624923316335,0.9830826307150271,-2.858715045553735,-1.630243448770585,-0.04278878532137463,-4.720392495715954,-0.036427336492855227,25.54735982233659,1.0503846518814872,4.447288471138589,-0.05030497405233629
5333,21.638081000000003,0.03377212102609027,-1.6501951050388866,0.08220727304665698,0.36954678596054125,-4.06317052086749,-0.055703928143222906,-2.03488711707068,0,0.0035854000000000003,1,Shared Control,0.01,Good Visuals,-0.7379846720286045,0.4586265192073684,0.0,4.616813271324975,0.9831023395100512,-2.8740798640964473,-1.6456082673132975,-0.019132390703933688,-4.469895427565124,-0.036675217194016375,25.552711528861412,1.0503049740523362,4.445124285036582,-0.05026982796111318
5334,21.6417147,0.025446900494077326,-1.6531348949114772,0.08115082863730023,0.3817522221592029,-3.9218714088289284,-0.0631257624406232,-2.0500890368708546,0,0.0036337,1,Shared Control,0.01,Good Visuals,-0.7428823489254364,0.458134335905947,0.0,4.6173181218504595,0.9831102072634196,-2.8946571363368916,-1.6661855395537415,-0.021464130394400278,-4.516620698532467,-0.03770243549091801,25.55487571496342,1.0502698279611131,4.440591012576893,-0.05021587999070242
5335,21.645947000000003,0.020106192982974676,-1.6553856788677186,0.08323195542359788,0.39470335800313605,-3.75304378122141,-0.07183949230464712,-2.0676042232547305,0,0.0042323000000000005,1,Shared Control,0.01,Good Visuals,-0.7500828244637661,0.4575774345059081,0.0,4.618212387591091,0.9831273810665274,-2.909571061034384,-1.681099464251234,-0.032926060661066056,-4.3468157089747965,-0.03717798098596685,25.559408987423108,1.0502158799907024,4.435756661203681,-0.05015483830122568
5336,21.6494208,0.01335176877775662,-1.6711591664535397,0.08519126108240374,0.3964450568011908,-3.612045682489352,-0.07904667481616652,-2.0818235769307334,0,0.0034738000000000004,1,Shared Control,0.01,Good Visuals,-0.7725155084465883,0.456446735688431,0.0,4.619195206391591,0.983145572661237,-2.9257919526788045,-1.6973203558956544,-0.06350941320947452,-4.565407161390507,-0.03808506463164002,25.56424333879632,1.0501548383012256,4.425176769450806,-0.05003090295808712
5337,21.653032900000003,0.008168140899333461,-1.690484679626496,0.08721481571549998,0.3913388973042373,-3.471602596051265,-0.08659290413820399,-2.096456063314693,0,0.0036121,1,Shared Control,0.01,Good Visuals,-0.7834706010775924,0.4551060414891846,0.0,4.621266022342478,0.9831857256135224,-2.941714711877824,-1.7132431150946739,-0.07655719564076927,-4.656458312332015,-0.03888527303024406,25.574823230549192,1.0500309029580872,4.413453681193465,-0.0498839501240882
5338,21.657514000000003,-0.0040840704496667305,-1.7001217459195508,0.08250883368853726,0.39633431739514213,-3.0749398094597526,-0.09602760251921567,-2.1143877179453594,0,0.0044811,1,Shared Control,0.01,Good Visuals,-0.7981018049699078,0.451801333783161,0.0,4.626750556685582,0.98328841581848,-2.974264114694889,-1.745792517911739,-0.09960469571526047,-4.618336786455735,-0.03968562391592688,25.602049625529865,1.0496932975927482,4.3848685903933005,-0.049521722732330124
5339,21.6633397,-0.014922565104551517,-1.726808900799022,0.08110503741466416,0.38757881714633746,-2.7547663349950744,-0.10841241273023239,-2.1373252309023414,0,0.0058257000000000005,1,Shared Control,0.01,Good Visuals,-0.8002516343209505,0.448842984622969,0.0,4.631533221293326,0.9833741775762308,-2.998891321358849,-1.770419724575699,-0.11620223192198516,-4.344675280088877,-0.03902255992559043,25.624965753878335,1.0493891935650195,4.359122413696715,-0.04919745953100287
5340,21.6692162,-0.025761059759436305,-1.774952020895968,0.08265135297079608,0.36237321000637346,-2.57254775900394,-0.12103931359634164,-2.1600222378953844,0,0.005876500000000001,1,Shared Control,0.01,Good Visuals,-0.7849183040820853,0.44620554401041357,0.0,4.636440074205599,0.9834637556144853,-3.0219650930682174,-1.7934934962850675,-0.09610099688763687,-4.0884731436918,-0.03954203446485997,25.648815752398065,1.0490812881291163,4.336709918670812,-0.04890837095827935
5341,21.675622500000003,-0.03314380249537231,-1.7948051828795095,0.08789551110096933,0.36521705501587487,-2.5070745594850052,-0.13495495256864037,-2.1842470910928733,0,0.0064063,1,Shared Control,0.01,Good Visuals,-0.7398454022794781,0.4452715772792513,0.0,4.639302244680389,0.9835186075425509,-3.034421915136772,-1.8059503183536223,-0.04687360868886146,-3.1780039463619065,-0.03687949191553078,25.663290081329187,1.0489083709582794,4.329765633460768,-0.048805999322687775
5342,21.6792327,-0.040369465598628834,-1.8331489074662433,0.09458548697001154,0.35109818362663003,-2.534990815674599,-0.14286477718405663,-2.1976547840554654,0,0.0036102,1,Shared Control,0.01,Good Visuals,-0.7671158852226806,0.4438750554293681,0.0,4.640837067261485,0.983544263133591,-3.047606828697263,-1.8191352319141132,-0.07216667838523083,-3.673701187096915,-0.03913737286369456,25.670234366539233,1.0488059993226877,4.31692868577114,-0.04865292724726812
5343,21.683239200000003,-0.04586725274241098,-1.8612667124930562,0.09699752444164565,0.33638807156240924,-2.515686377328006,-0.1516991419564838,-2.2123242004877084,0,0.0040065000000000005,1,Shared Control,0.01,Good Visuals,-0.784533420275072,0.4423212104410554,0.0,4.643373353982279,0.983592927875487,-3.0617869807861777,-1.8333153840030283,-0.07755810874892632,-4.138981929047013,-0.04198413827162765,25.68307131422886,1.0486529272472682,4.30337309813241,-0.048482611059761746
5344,21.686437100000003,-0.05340707511102648,-1.8652911112211592,0.09829206684545731,0.3470330892665492,-2.4309220547391903,-0.15879243624775127,-2.223871993762265,0,0.0031979,1,Shared Control,0.01,Good Visuals,-0.7815486464627264,0.4408791504790269,0.0,4.646124029027832,0.9836440271538984,-3.0764729103354567,-1.8480013135523075,-0.06671792263896313,-4.1096766613345785,-0.04290406242081456,25.69662690186759,1.0484826110597618,4.291132855203077,-0.04832454757419169
5345,21.6908047,-0.061103977112321475,-1.8867098167756609,0.0976884591354298,0.337162176986604,-2.45590136688779,-0.16853944867915086,-2.239409046472556,0,0.0043676,1,Shared Control,0.01,Good Visuals,-0.7982977747074438,0.4388041266481861,0.0,4.648643574701015,0.9836900292237675,-3.0933181550386637,-1.8648465582555143,-0.08543699331542155,-4.222818355821328,-0.04333492292965295,25.708867144796923,1.0483245475741918,4.272237029354239,-0.04809710522922686
5346,21.6938837,-0.06660176425610362,-1.8970019997686265,0.10193768442304724,0.3424070467039293,-2.4268623463113173,-0.17545123250954786,-2.2501970141048693,0,0.003079,1,Shared Control,0.01,Good Visuals,-0.7861725392407132,0.4374836772299308,0.0,4.652395342259828,0.9837616126783952,-3.1067299627414613,-1.8782583659583119,-0.0630998590516842,-3.9018438026351205,-0.042866098994529284,25.727762970645763,1.048097105229227,4.262086012361086,-0.04795237141574882
5347,21.6974155,-0.0741415866247191,-1.8783659967497977,0.10130964588482876,0.3718310173550716,-2.3053717621422942,-0.18342008320923717,-2.2624009502106524,0,0.0035318000000000003,1,Shared Control,0.01,Good Visuals,-0.8113388622312083,0.43552355351852706,0.0,4.654598996439216,0.9837993168044507,-3.1219096689087844,-1.893438072125635,-0.08711024873888475,-4.268878811924726,-0.044596073029698945,25.737913987638912,1.0479523714157488,4.244055755935359,-0.047737523216553834
5348,21.701134900000003,-0.07995353303386023,-1.8716496183897098,0.10346655017537694,0.39075133182094257,-2.2528980558287732,-0.19185845127000675,-2.2750535775331895,0,0.0037194000000000003,1,Shared Control,0.01,Good Visuals,-0.8377491994530057,0.43289960825108204,0.0,4.658161262970814,0.9838677096635607,-3.136903139427389,-1.9084315426442398,-0.12340493709285073,-4.354010488617922,-0.04412273698146424,25.75594424406464,1.0477375232165538,4.220434442644802,-0.04744991386199273
5349,21.704474,-0.08765043503515522,-1.8775626357667146,0.10420801623485153,0.3974909417664749,-2.2097127260905074,-0.1994737988218255,-2.286235834252853,0,0.0033391000000000002,1,Shared Control,0.01,Good Visuals,-0.8669346396800468,0.4293572645203945,0.0,4.662879785343109,0.9839571182428573,-3.15366723714322,-1.9251956403600712,-0.15668690071033214,-4.616301174674769,-0.0447906290380116,25.7795655573552,1.0474499138619928,4.188430279441159,-0.04706163930205549
5350,21.708445100000002,-0.0956614963018092,-1.8971908184770907,0.1038123025200163,0.38904501577576234,-2.20683769436292,-0.2085787172550895,-2.2993140948502795,0,0.0039711,1,Shared Control,0.01,Good Visuals,-0.8777367404230167,0.42484030724324534,0.0,4.669261899641148,0.9840783260169115,-3.173706443810024,-1.945234847026875,-0.1660892052643235,-4.5984686462903,-0.04474246879169271,25.81156972055884,1.0470616393020555,4.147870606743984,-0.04656653782902593
5351,21.712403300000002,-0.10335839830310418,-1.929613269141233,0.10522031895198532,0.3697008257090464,-2.269479932980154,-0.2177052634706466,-2.3121083355986247,0,0.0039582,1,Shared Control,0.01,Good Visuals,-0.8684797532039465,0.42152245737547706,0.0,4.6773767285084284,0.9842318748138063,-3.188962772728724,-1.960491175945575,-0.14843151045621072,-4.2678627349707945,-0.044103650498232456,25.852129393256014,1.0465665378290259,4.120919847415345,-0.04620286993136103
5352,21.7159297,-0.10932742434492479,-1.9539170339446297,0.1083778391257218,0.35819130165399504,-2.3089939156283545,-0.2258784746985921,-2.3233010812315023,0,0.0035264000000000003,1,Shared Control,0.01,Good Visuals,-0.8566617128916644,0.41883565349606894,0.0,4.68305992854568,0.9843328124596116,-3.202976267386591,-1.974504670603442,-0.12174564767782826,-4.074874864166009,-0.04435272741047233,25.879080152584656,1.046202869931361,4.098288235706847,-0.04590837067515464
5353,21.719473800000003,-0.11718140597889928,-1.9639676338247005,0.10869706871969281,0.35933344740680173,-2.3103848443157964,-0.2341321281801265,-2.3343522550764093,0,0.0035441,1,Shared Control,0.01,Good Visuals,-0.8606572924888544,0.41607367041173604,0.0,4.687741974322061,0.9844179501418993,-3.2178308400201407,-1.9893592432369918,-0.11580762421582572,-4.144691024985983,-0.04539250307471352,25.901711764293154,1.0459083706751546,4.07400931760857,-0.045605631063147724
5354,21.724210300000003,-0.13131857292005333,-1.9709151494125194,0.10281355526007316,0.36343710566388987,-2.3091494525222602,-0.24522316512172276,-2.3488081048033496,0,0.0047365,1,Shared Control,0.01,Good Visuals,-0.8849972695081829,0.41025603650004244,0.0,4.6973916500895525,0.9845975748541511,-3.2466953096416327,-2.0182237128584837,-0.13460715871312942,-4.230024630812244,-0.04587938946492381,25.949254168372224,1.0453121331188,4.022576575992992,-0.044967963061770456
5355,21.729818700000003,-0.13728759896187395,-1.9923190950218965,0.10793556615984881,0.35648900978145304,-2.37730491785608,-0.2584431408093432,-2.3654546021247196,0,0.0056084,1,Shared Control,0.01,Good Visuals,-0.8414137195065112,0.40846704465861045,0.0,4.703033847663744,0.9847043230932769,-3.257620870751448,-2.029149273968299,-0.08268204651131932,-3.1803804936440496,-0.04217988167947571,25.977423424007007,1.0449679630617705,4.008913999941385,-0.04477187254295779
5356,21.7333731,-0.1454557398612074,-2.0122869883649885,0.11298740094813581,0.35316761375973105,-2.4160240789470078,-0.2668692481267355,-2.3757367893198755,0,0.0035544,1,Shared Control,0.01,Good Visuals,-0.8590008490925944,0.4063261881805903,0.0,4.706015463536208,0.984755198747994,-3.2702144995717295,-2.0417429027885805,-0.09050565214486934,-3.532475616471249,-0.044088121722867364,25.991086000058615,1.0447718725429578,3.989455620836531,-0.04453721431380544
5357,21.737000700000003,-0.1515818455357075,-2.024334985529115,0.11528740259102802,0.3514018037907607,-2.4231399266959963,-0.27550617802850413,-2.386013865855863,0,0.0036276000000000004,1,Shared Control,0.01,Good Visuals,-0.8799677067466168,0.40386663008703905,0.0,4.709887778256388,0.984829056722799,-3.283595803732239,-2.05512420694909,-0.10311168232927058,-3.900572541394915,-0.045909739939688034,26.01054437916347,1.0445372143138054,3.9674412650829396,-0.04426762335679565
5358,21.7412843,-0.16179202165987433,-2.0164051412273105,0.1137141563686298,0.36960872462855265,-2.3375614339700004,-0.2857523990466724,-2.3978642801417966,0,0.0042836,1,Shared Control,0.01,Good Visuals,-0.8895998519768695,0.4000414891876938,0.0,4.714303647445249,0.9849125010285369,-3.3034617941846647,-2.0749901974015157,-0.107839021935302,-3.9759812773792564,-0.04656073477592626,26.03255873491706,1.0442676233567956,3.9318672962854553,-0.043848351537823134
5359,21.745326100000003,-0.17027432182456675,-2.02524935510778,0.11547807722210562,0.3726149250340165,-2.295683984387373,-0.2954661992878468,-2.4087595591344124,0,0.0040418,1,Shared Control,0.01,Good Visuals,-0.9009612349846574,0.39700589699133865,0.0,4.721302660231093,0.9850478675291134,-3.316995749111246,-2.088524152328097,-0.1226216968001973,-3.785615766434793,-0.04549038045542894,26.068132703714546,1.0438483515378232,3.906383677431174,-0.04351562176516498
5360,21.748965600000002,-0.17624334786638737,-2.0574006008463526,0.11922285142145941,0.35135895828805985,-2.2962583113257864,-0.3042503650778208,-2.418330084446513,0,0.0036395000000000004,1,Shared Control,0.01,Good Visuals,-0.9128967812138162,0.3938096355905553,0.0,4.726589520761194,0.9851438760931241,-3.33027386343857,-2.101802266655421,-0.1324088842669595,-3.859131667196843,-0.04584547763039711,26.093616322568828,1.0435156217651649,3.877839022598173,-0.043165281119766155
5361,21.7524701,-0.18488272766375932,-2.0724694826402263,0.11936763741406145,0.34586060180628664,-2.2041275122318553,-0.3127412326074255,-2.42732835497773,0,0.0035045000000000002,1,Shared Control,0.01,Good Visuals,-0.9103783298771546,0.3906643498744813,0.0,4.732324093301597,0.9852521174071053,-3.344174276814998,-2.115702680031849,-0.11980314907402616,-3.883990437404737,-0.046951107672351854,26.122160977401826,1.0431652811197663,3.8501192648728764,-0.042820527894181094
5362,21.7574991,-0.19949113350295186,-2.0618285976867203,0.11325009910447362,0.3654997572910097,-1.9480080480288584,-0.3249799765736857,-2.439864829444446,0,0.0050290000000000005,1,Shared Control,0.01,Good Visuals,-0.9223068044839468,0.3838631519846573,0.0,4.743293800078808,0.9854574182847807,-3.372075673360356,-2.143604076577207,-0.13252567260580153,-3.8313477888054788,-0.04719016361134417,26.17635843974768,1.042490665860968,3.788902337226665,-0.04207505192728362
5363,21.7632587,-0.20608847807549044,-2.0602962984648965,0.11889149849819527,0.37956853097954957,-1.8458080603019094,-0.3390726671553272,-2.4536717224343936,0,0.0057596,1,Shared Control,0.01,Good Visuals,-0.8981916416428022,0.3814237659942288,0.0,4.750184820349156,0.9855895463341662,-3.381085126373376,-2.152613529590227,-0.11602598916676408,-2.963245958761993,-0.04347254000481806,26.211097662773334,1.0420750519272837,3.769150855957608,-0.04180767202460916
5364,21.766541800000002,-0.21472785787286236,-2.110656841877559,0.12434480928246483,0.3430148805568347,-1.9115001597742614,-0.34714085262884725,-2.4612759398806032,0,0.0032831,1,Shared Control,0.01,Good Visuals,-0.9393806143710972,0.37725761591232526,0.0,4.754365679972927,0.9856637833100081,-3.3937990360956802,-2.1653274393125312,-0.16348755878967172,-3.585018532118319,-0.045348043101878836,26.23084914404239,1.0418076720246092,3.729564631967787,-0.041351022356292066
5365,21.7699983,-0.2211681228127214,-2.163528475056518,0.12597272981612584,0.2977474648240852,-1.9361496532302114,-0.3556617874053668,-2.4690711247985218,0,0.0034565000000000004,1,Shared Control,0.01,Good Visuals,-0.9302887134582166,0.3736962874968303,0.0,4.762076842633453,0.9858148897901505,-3.4062915040377524,-2.1778199072546034,-0.1350599862902812,-3.6392542144877194,-0.04691002630097545,26.270435368032214,1.041351022356292,3.6987897890224115,-0.04096066689435898
5366,21.774327800000002,-0.2318495378349267,-2.176708438179067,0.1238122495704401,0.29236268661945486,-1.809487801838465,-0.36637222615286674,-2.4785279052402434,0,0.0043295,1,Shared Control,0.01,Good Visuals,-0.8942433182891361,0.37076556313864734,0.0,4.768371305044761,0.9859313777506216,-3.4209570054799117,-2.1924854086967627,-0.08033528712295412,-3.2094324197744086,-0.04707554145812749,26.301210210977587,1.040960666894359,3.673362847147694,-0.04063943163403884
5367,21.7779218,-0.23860396204014478,-2.1698374155887503,0.12776826411272196,0.30869048965149304,-1.6228546846494665,-0.3752937637001546,-2.4861166109441535,0,0.0035940000000000004,1,Shared Control,0.01,Good Visuals,-0.8793031304450668,0.3690265746815564,0.0,4.773561822988892,0.9860276836642602,-3.430453912011683,-2.201982315228534,-0.0645209333874671,-2.774196398729739,-0.04590531843544697,26.326637152852307,1.0406394316340388,3.6593229499576756,-0.04044882196167317
5368,21.781395600000003,-0.2472433418375167,-2.167959778605171,0.1280504218626379,0.3181568323389823,-1.455287549360756,-0.3839424458403244,-2.493224323806512,0,0.0034738000000000004,1,Shared Control,0.01,Good Visuals,-0.9146839252841917,0.3658036095988446,0.0,4.776540222364567,0.9860805007362939,-3.4420283239048604,-2.2135567271217114,-0.11173767430464276,-3.2285667763395143,-0.04714988485852622,26.340677050042324,1.0404488219616732,3.6283635902655975,-0.04009555433878776
5369,21.7850214,-0.2539977660427348,-2.1745590557224506,0.1299446797975896,0.31866526808406137,-1.3088680423149628,-0.39299546748148906,-2.5004032274876513,0,0.0036258,1,Shared Control,0.01,Good Visuals,-0.9261722521199882,0.3622483968944167,0.0,4.782540657301914,0.9861988537871678,-3.452973315082357,-2.224501718299208,-0.13049245991867642,-3.221957956284024,-0.046841306528007755,26.371636409734403,1.0400955543387878,3.5961592734325514,-0.03970586921694694
5370,21.788518500000002,-0.2627942254727862,-2.182945940972564,0.13020124200870287,0.3174572865150873,-1.155386833296259,-0.4017513933652961,-2.507093745838673,0,0.0034971000000000004,1,Shared Control,0.01,Good Visuals,-0.936607709456278,0.35790311998637464,0.0,4.788971325425723,0.9863213707089115,-3.4650572643776703,-2.2365856675945213,-0.14550573429799,-3.2909254868904743,-0.04707225194163513,26.40384072656745,1.039705869216947,3.5560702010862815,-0.03922958554502105
5371,21.792418400000003,-0.2717477645355171,-2.208175423160636,0.130003628829779,0.29891832267803675,-1.0739503588164485,-0.41154291983453173,-2.514282639359482,0,0.0038999000000000004,1,Shared Control,0.01,Good Visuals,-0.9377261158002066,0.35309439874482956,0.0,4.796902835838704,0.9864741559934399,-3.477520653962974,-2.249049057179825,-0.14983763201311678,-3.1666724897870626,-0.04659943074101579,26.443929798913718,1.039229585545021,3.5121946997406432,-0.03870250396687071
5372,21.7961065,-0.2785021887407351,-2.2249192095696717,0.1330407310937966,0.2893634297898102,-0.9608069226245992,-0.42082797192585464,-2.5208153460632023,0,0.0036881,1,Shared Control,0.01,Good Visuals,-0.9196750359094433,0.34956794621967646,0.0,4.805634219304807,0.9866412534668161,-3.4871265736373602,-2.2586549768542112,-0.1257364148765535,-2.8174809862104375,-0.04590355315629681,26.487805300259357,1.0387025039668707,3.4819891176750017,-0.03831597123418255
5373,21.7996859,-0.28745572780346607,-2.2033893711740262,0.13337224412238857,0.3174259748891761,-0.7232981543249802,-0.42986195380655556,-2.5269069790128267,0,0.0035794000000000004,1,Shared Control,0.01,Good Visuals,-0.9257027104613402,0.3451136427779753,0.0,4.811847424717761,0.9867556911821683,-3.498761800017337,-2.270290203234188,-0.13185096393224557,-2.912082688018197,-0.046506775132022726,26.518010882324997,1.0383159712341825,3.440371812903815,-0.03782773721734484
5374,21.8033937,-0.29640926686619695,-2.2043105280607853,0.1334526869403586,0.32259645095204137,-0.6118877274693223,-0.43924251843981277,-2.5329575109572526,0,0.0037078000000000002,1,Shared Control,0.01,Good Visuals,-0.9561308304863076,0.3397531976167472,0.0,4.820032203519847,0.986914567624965,-3.5098413982063783,-2.2813698014232293,-0.1790392580233096,-3.088734127579766,-0.04602858101455092,26.559628187096184,1.0378277372173448,3.3906749428139324,-0.03724018145080166
5375,21.8077678,-0.30787608005179967,-2.2522178174282037,0.1313664383880131,0.28073969352904893,-0.6643719589958341,-0.45033692666674247,-2.53975369719202,0,0.0043741000000000006,1,Shared Control,0.01,Good Visuals,-0.96299225973309,0.3318768883328503,0.0,4.829846138161305,0.9871042106854718,-3.5249645062939656,-2.2964929095108166,-0.18880522479402828,-3.0186447010094604,-0.04534097711853356,26.60932505718607,1.0372401814508017,3.315970883928311,-0.036376863050997146
5376,21.811936000000003,-0.31478758388969724,-2.2771346897495337,0.13554934277704522,0.2626190074424861,-0.6226525629257897,-0.460936021594942,-2.545883875226084,0,0.0041682,1,Shared Control,0.01,Good Visuals,-0.9135952754789415,0.32848811834894037,0.0,4.844431775674849,0.9873898614416486,-3.5325677360022936,-2.3040961392191446,-0.11754935302784489,-2.2126854398253766,-0.04359748480358288,26.684029116071688,1.036376863050997,3.2905810008189222,-0.036005421634165535
5377,21.8154624,-0.3237411229524282,-2.2687097075999194,0.13719489864251383,0.27717416762616454,-0.5255972070211451,-0.46992257499775575,-2.550804982292598,0,0.0035264000000000003,1,Shared Control,0.01,Good Visuals,-0.9167542999413978,0.32493055417629035,0.0,4.850056411060604,0.9874850397008388,-3.54092829195593,-2.312456695172781,-0.11472420468027278,-2.352700347151229,-0.044526348552267114,26.70941899918108,1.0360054216341656,3.257442899901695,-0.03561547876904553
5378,21.818962900000002,-0.33065262679032575,-2.2651611913618237,0.13926994820743,0.2856437909307745,-0.49147476580430527,-0.4788598653577089,-2.555448416804896,0,0.0035005,1,Shared Control,0.01,Good Visuals,-0.9400395648487905,0.32062839927990633,0.0,4.856588235245942,0.9876116396784944,-3.5496659527046517,-2.3211943559215027,-0.14368228030857708,-2.5578632168388253,-0.04457881444607201,26.742557100098306,1.0356154787690455,3.2171227940818583,-0.03514392167967997
5379,21.8227604,-0.33992032511841563,-2.2641327810432106,0.13893954023929328,0.2913156357616855,-0.44078313815512254,-0.4885733167394105,-2.56021250733495,0,0.0037975,1,Shared Control,0.01,Good Visuals,-0.9596294782235887,0.3152286921042156,0.0,4.864511885837071,0.9877657725702526,-3.559816503047765,-2.331344906264616,-0.16456557716277995,-2.7392460986380165,-0.04465390056154374,26.78287720591814,1.03514392167968,3.1662365673213966,-0.03455206242297696
5380,21.826354100000003,-0.349345103079185,-2.291033663136803,0.13922821366022553,0.2691788441981471,-0.4832770111423568,-0.49778165749247183,-2.564457884794579,0,0.0035937,1,Shared Control,0.01,Good Visuals,-0.9650670782907093,0.30943835945725423,0.0,4.87448541957904,0.9879604108400969,-3.570013256855046,-2.341541660071897,-0.16993537343799306,-2.6359098871060667,-0.04379772955119346,26.8337634326786,1.034552062422977,3.1124576411692844,-0.03391738689984448
5381,21.8299641,-0.35609952728440303,-2.3144933014761424,0.1416821302080688,0.24996458331843652,-0.48281014581530507,-0.5070466595404131,-2.568463969078381,0,0.0036100000000000004,1,Shared Control,0.01,Good Visuals,-0.9461379932577383,0.3052361643566968,0.0,4.885106322912347,0.9881659428724535,-3.5779281160403595,-2.3494565192572106,-0.1375560983445587,-2.312663389818125,-0.04308255002518426,26.887542358830714,1.0339173868998446,3.075391348992012,-0.03345678635470125
5382,21.833528100000002,-0.3656813848778519,-2.3099420974464135,0.14136527466256116,0.2585218716319675,-0.39043614985907665,-0.5162073337819871,-2.5721638772617883,0,0.0035640000000000003,1,Shared Control,0.01,Good Visuals,-0.9402395385986967,0.30117764920960594,0.0,4.892626643282523,0.9883071040946734,-3.5860535215632154,-2.3575819247800665,-0.12313785888144557,-2.258562798214321,-0.043246509982597006,26.924608651007986,1.0334567863547013,3.037807558151656,-0.03301193449882856
5383,21.837022200000003,-0.37259288871574947,-2.3134718678491923,0.14361444506623766,0.25869200941259596,-0.36124921474414196,-0.5252007086544962,-2.5755443009920542,0,0.0034941000000000004,1,Shared Control,0.01,Good Visuals,-0.9482348433594926,0.2969857310557621,0.0,4.900062627708175,0.9884507740743778,-3.5935935470732203,-2.3651219502900713,-0.13452736580375094,-2.2032041346477094,-0.04257606110274044,26.962192441848345,1.0330119344988287,2.9986978878685875,-0.032552460404777064
5384,21.841207800000003,-0.3843738611667112,-2.3167056061852462,0.140826847487785,0.258838694806808,-0.2742330273012105,-0.5359888287052094,-2.579270819955867,0,0.0041856,1,Shared Control,0.01,Good Visuals,-0.9605699655545088,0.2908271557525234,0.0,4.907771961342811,0.9886003800246022,-3.604220591599525,-2.375748994816376,-0.14577642108897013,-2.325240033762551,-0.04265144095816418,27.001302112131413,1.032552460404777,2.9392071557217285,-0.031877421984594936
5385,21.8449348,-0.39144244463728817,-2.3165100371775966,0.1445463840679212,0.2627607827782703,-0.10596055105291585,-0.5456074878490619,-2.582291862144219,0,0.0037270000000000003,1,Shared Control,0.01,Good Visuals,-0.9487158942146792,0.2867019510519644,0.0,4.919295038476839,0.9888285145106207,-3.6107382790151483,-2.3822666822319993,-0.13313130971466222,-1.9078764169612725,-0.04095627150846691,27.06079284427827,1.031877421984595,2.902940979400119,-0.03142526031945644
5386,21.8483796,-0.4007101429653781,-2.3184418540478617,0.14489734488368378,0.26385000809635706,0.07999817215044056,-0.5545074152072093,-2.58483448187776,0,0.0034448,1,Shared Control,0.01,Good Visuals,-0.9719941455366403,0.2812180130594932,0.0,4.926670952293505,0.988966736750193,-3.6187149295249355,-2.3902433327417865,-0.16444323645956938,-2.220485624749381,-0.04144173032977959,27.097059020599882,1.0314252603194565,2.8500208032729306,-0.030824168564214324
5387,21.8520539,-0.4079358060686346,-2.3230976565653987,0.14657160913857464,0.26173682531236153,0.25317233764265856,-0.5640094519022433,-2.587281478112367,0,0.0036743,1,Shared Control,0.01,Good Visuals,-0.9763404070483523,0.2756095016779711,0.0,4.936929432883,0.9891697264992371,-3.6261181881843383,-2.3976465914011893,-0.175440301143993,-2.153737900565142,-0.040747743425785674,27.14997919672707,1.0308241685642143,2.7972899190475635,-0.03020942238086163
5388,21.855628000000003,-0.41720350439672454,-2.3280170356034624,0.14680594750551873,0.25926444250890457,0.4216930775837451,-0.573260515525877,-2.589398676740311,0,0.0035741,1,Shared Control,0.01,Good Visuals,-0.9840871427250955,0.26914518218516165,0.0,4.9472891837617174,0.9893716937929288,-3.634083245433217,-2.405611648650068,-0.18916584031556039,-2.1939888852132903,-0.040396528154820914,27.202710080952436,1.0302094223808616,2.735517226465938,-0.029500871489930112
5389,21.8595815,-0.4269424416228529,-2.355794298254514,0.1463180739030241,0.23360437848579707,0.4871229717633104,-0.5835018388895487,-2.59143777528715,0,0.0039535,1,Shared Control,0.01,Good Visuals,-0.9846290225423793,0.2619600611074501,0.0,4.959327051902681,0.9896085757662019,-3.6422258899129494,-2.4137542931298004,-0.19432587962069026,-2.078583876993102,-0.03951211348723811,27.264482773534063,1.02950087148993,2.666914308751933,-0.028713313890599463
5390,21.863105,-0.4341681047261094,-2.380677671480662,0.14933373416343926,0.2107601038064879,0.566686652166088,-0.5926355727475471,-2.5929864963635967,0,0.0035235,1,Shared Control,0.01,Good Visuals,-0.9588348448606492,0.25670474200363225,0.0,4.972704089042349,0.9898716880271988,-3.6479304390877583,-2.4194588423046093,-0.1602341254494758,-1.6556520606033516,-0.03832949158076059,27.333085691248066,1.0287133138905995,2.618930765043198,-0.0281372809396784
5391,21.866426,-0.4437499623195582,-2.3809069733105432,0.14888561042798887,0.21207952305305344,0.708347515586217,-0.6012489817071507,-2.594214092225939,0,0.003321,1,Shared Control,0.01,Good Visuals,-0.9526867065008215,0.2515023109672736,0.0,4.982280518476109,0.9900552725985353,-3.653742489474268,-2.425270892691119,-0.14923416533028414,-1.6337916417917313,-0.038334677700864676,27.3810692349568,1.0281372809396785,2.569363540989815,-0.02756704502390691
5392,21.8699796,-0.4506614661574558,-2.37864065841436,0.1505875155496949,0.21557343381157912,0.8139624347077501,-0.6104697475396664,-2.5952778646410155,0,0.0035536,1,Shared Control,0.01,Good Visuals,-0.9532416881665309,0.24630712413821496,0.0,4.9919593196191485,0.9902454259141749,-3.658945375092728,-2.430473778309579,-0.15427886610170977,-1.508957545957136,-0.03744507509241241,27.430636459010184,1.027567045023907,2.5197774870619436,-0.026997603142146612
5393,21.874312900000003,-0.462913677506456,-2.368729953895886,0.14755607003321042,0.2265479107451296,0.9873714531215727,-0.6217180564577403,-2.5962251478629748,0,0.0043333,1,Shared Control,0.01,Good Visuals,-0.9666953149431861,0.2385433648230499,0.0,5.001634349653131,0.9904356987119566,-3.6663970267003556,-2.4379254299172066,-0.1721804746845159,-1.6293461336484292,-0.03709077788616408,27.480222512938056,1.0269976031421466,2.443116311662712,-0.026146621289245147
5394,21.8779539,-0.469982260977033,-2.362324193618466,0.15173579548070726,0.23390095424450896,1.219317145851182,-0.6311719020239979,-2.5967235391577805,0,0.003641,1,Shared Control,0.01,Good Visuals,-0.9646391505393623,0.23272321922901473,0.0,5.016338805619819,0.9907304361748056,-3.670900280085248,-2.442428683302099,-0.17776535856181783,-1.3239022151675748,-0.03519852144578762,27.556883688337287,1.0261466212892452,2.3889971279428663,-0.025508677983597593
5395,21.881411800000002,-0.47956411857048187,-2.36251590902291,0.151607783453516,0.23420763013487056,1.4700108114213803,-0.6401515661290067,-2.596945109464662,0,0.0034579000000000003,1,Shared Control,0.01,Good Visuals,-0.9945640074805404,0.2248752073762235,0.0,5.027045118713776,0.9909378874649909,-3.6771381897672475,-2.4486665929840985,-0.22074486462671372,-1.729198226423355,-0.03531244279654558,27.611002872057135,1.0255086779835976,2.3114844860132844,-0.024648461251345764
5396,21.8850601,-0.4869468613064179,-2.369335846091831,0.1532047048225888,0.22760926337283127,1.6951826192871498,-0.6496260251972897,-2.5969128568480984,0,0.0036483,1,Shared Control,0.01,Good Visuals,-0.9965486626135154,0.21703569486699306,0.0,5.0419155016684405,0.991235976863574,-3.682672492273677,-2.454200895490528,-0.23290283540616832,-1.6188798064790948,-0.034092831743958996,27.688515513986715,1.0246484612513458,2.2356557615769463,-0.023789176127975434
5397,21.888592900000003,-0.49652871889986677,-2.3802693558528456,0.15309730629742296,0.21664350099525276,1.8982185481030471,-0.6587999592535465,-2.5966212385479372,0,0.0035328000000000004,1,Shared Control,0.01,Good Visuals,-1.0003788442528312,0.2081282111961622,0.0,5.056620411788947,0.9915273364562304,-3.6885965751484755,-2.4601249783653265,-0.24442681985296516,-1.6213040517798127,-0.03325088956806312,27.764344238423053,1.0237891761279754,2.148168074302984,-0.022812831209079395
5398,21.892482500000003,-0.5064247357586746,-2.412791437740351,0.15237522349487187,0.18382980080758626,1.9965903470301285,-0.6688986771578869,-2.596003833170895,0,0.0038896000000000004,1,Shared Control,0.01,Good Visuals,-0.9916135436387039,0.19874261718056566,0.0,5.073457656513716,0.9918637846289534,-3.694076854708744,-2.465605257925595,-0.23984595230816774,-1.402179807662618,-0.03186386849863358,27.851831925697017,1.0228128312090794,2.0561231335044114,-0.02178408084965336
5399,21.896031100000002,-0.5134933192292517,-2.432258903485015,0.1554053579286352,0.16374492968588017,2.134221192764031,-0.6781094527264034,-2.5951696708064764,0,0.0035486000000000003,1,Shared Control,0.01,Good Visuals,-0.9581702446066821,0.19186412141172737,0.0,5.091188903584084,0.9922177838802211,-3.6971965141834193,-2.4687249174002703,-0.19811347994490097,-0.9066932527320262,-0.030283450710844453,27.94387686649559,1.0217840808496534,1.9904448129396861,-0.02103013230012694
5400,21.8994989,-0.5233893360880595,-2.418549515002881,0.15472011663834395,0.17662015580359558,2.3483317536520314,-0.6871072071774263,-2.594104893725479,0,0.0034678,1,Shared Control,0.01,Good Visuals,-0.9557036898527924,0.18463447245723277,0.0,5.104017960748465,0.9924701308324428,-3.7005470007808072,-2.4720754039976582,-0.1952146940589672,-0.9364394190412622,-0.02981671246165261,28.009555187060315,1.021030132300127,1.918845215609628,-0.02023769402204874
5401,21.903077800000002,-0.5304579195586365,-2.411704411461172,0.15664928761878982,0.18240048226430705,2.483210589841346,-0.6963888983878056,-2.59274743983588,0,0.0035789000000000003,1,Shared Control,0.01,Good Visuals,-0.967157241773688,0.1769621536094102,0.0,5.117746565605758,0.9927456774110235,-3.7037062278411503,-2.4752346310580013,-0.21894019759912056,-0.9253740657126688,-0.028566667114042158,28.08115478439037,1.0202376940220488,1.8426105115635958,-0.01939673491395046
5402,21.9074746,-0.5477366791533804,-2.3794686816694965,0.14865221923442518,0.2132787581663833,2.8818114913944473,-0.7077843794468296,-2.5907205465327485,0,0.0043968,1,Shared Control,0.01,Good Visuals,-1.0034875929128246,0.1584212713131982,0.0,5.1516317889196435,0.9934302815424942,-3.7115813208950796,-2.4831097241119306,-0.2758416408876758,-1.153599779487509,-0.026042563796573343,28.258946480672865,1.018294058050657,1.6573534138807609,-0.01736447789381857
5403,21.9132515,-0.5549623422566369,-2.3935968033641544,0.15282203719019272,0.19712374316859416,2.98026907323931,-0.7227416125865705,-2.5874562394242484,0,0.005776900000000001,1,Shared Control,0.01,Good Visuals,-0.9801388151432302,0.15069394265025524,0.0,5.167716530633321,0.9937524313828705,-3.713110553683624,-2.484638956900475,-0.2621859856152018,-0.5057321213520769,-0.02354967355464589,28.34264658611924,1.0173644778938187,1.5801958213515457,-0.01651748918684962
5404,21.9166193,-0.5648583591154448,-2.428749758413366,0.15788325347112575,0.15870648101088225,3.012878377927823,-0.7314519785773042,-2.5852387234652148,0,0.0033678000000000002,1,Shared Control,0.01,Good Visuals,-0.9879446006000601,0.14100519973576872,0.0,5.182458299973232,0.9940495365763072,-3.71561624243874,-2.487144645655591,-0.26895264019875526,-0.70050007132118,-0.023029355308034075,28.419804178648455,1.0165174891868496,1.48138960177256,-0.015455510825213556
5405,21.920005900000003,-0.5722411018513808,-2.463581171761235,0.15921087672592338,0.12165755170397974,3.035540086487238,-0.740203043286913,-2.5827756755719244,0,0.0033866,1,Shared Control,0.01,Good Visuals,-0.9789950993617169,0.13179383017556767,0.0,5.201137896866935,0.9944302554447988,-3.7181867743660164,-2.4897151775828674,-0.24818927986661773,-0.7289187373533395,-0.022262359690629088,28.51861039822744,1.0154555108252135,1.3883253830711264,-0.014445857122942206
5406,21.9245586,-0.584493313200381,-2.466474228932954,0.155709730086532,0.11630144663897024,3.1717487247787184,-0.7519534316012415,-2.579096836901514,0,0.004552700000000001,1,Shared Control,0.01,Good Visuals,-0.951916112704458,0.1217491381526297,0.0,5.218817745205437,0.9947887518891658,-3.720091411303794,-2.491619814520645,-0.20892280106217162,-0.42446000574473075,-0.020983011249319585,28.611674616928873,1.0144458571229422,1.2855959779497328,-0.013344863354007648
5407,21.9279525,-0.591876055936317,-2.4574977968307827,0.16007737566492453,0.12159904007073141,3.3540316034540547,-0.7607015760368051,-2.5760806214661938,0,0.0033939,1,Shared Control,0.01,Good Visuals,-0.931382617177083,0.11492496342454482,0.0,5.238216055268986,0.9951846036404179,-3.7199516793286014,-2.4914800825454524,-0.19015416245418465,0.04089437068477331,-0.018957525440013865,28.714404022050267,1.0133448633540076,1.2172113243414364,-0.012596868907131164
5408,21.9314675,-0.6016149931624454,-2.44986082976554,0.15908658287435973,0.12621979170065378,3.541571725317234,-0.7697506503270686,-2.5727108949761344,0,0.0035150000000000003,1,Shared Control,0.01,Good Visuals,-0.9616542642737301,0.10602194163847029,0.0,5.251265158335653,0.9954479799864785,-3.7213860542106456,-2.4929144574274966,-0.2308652709455937,-0.4005962358387425,-0.01839688654338857,28.782788675658562,1.0125968689071312,1.1247393083991812,-0.011621013053236139
5409,21.935046900000003,-0.6089977358983815,-2.4440439045372164,0.1607529144286871,0.12866699043891794,3.7170881019423594,-0.7789528884924748,-2.569022954936346,0,0.0035794000000000004,1,Shared Control,0.01,Good Visuals,-0.963852912559084,0.09717738796830626,0.0,5.268594448738582,0.9958044096327805,-3.7223844425746297,-2.4939128457914808,-0.24189197845890428,-0.2920288884942863,-0.016866668404969032,28.87526069160082,1.0116210130532362,1.0334199383178104,-0.010651565860866208
5410,21.938534,-0.6190508323898687,-2.441279695139614,0.1599020561026061,0.12774325979673185,3.8788411856970058,-0.7879047024703374,-2.5651819129687947,0,0.0034871000000000004,1,Shared Control,0.01,Good Visuals,-0.9778738893365762,0.08667594585150973,0.0,5.285760797299523,0.9961563238601148,-3.72398406914168,-2.495512472358531,-0.26436311330726864,-0.4347047576091736,-0.015621548332472465,28.96658006168219,1.0106515658608661,0.9238093528907865,-0.009500507938033234
5411,21.942473300000003,-0.6289468492486765,-2.4668710083518195,0.1589578532216609,0.09831090461697523,3.9200863236329666,-0.7980007005240788,-2.5605490084597147,0,0.003939300000000001,1,Shared Control,0.01,Good Visuals,-0.9757872933862399,0.07545207003690603,0.0,5.30625492397229,0.9965787708961376,-3.7250739687302543,-2.4966023719471053,-0.2679458367682304,-0.27952593895361133,-0.013859661956294558,29.076190647109215,1.0095005079380333,0.8064288511873235,-0.008270264411705633
5412,21.9460243,-0.6361725123519331,-2.4819365398021738,0.16182818817214573,0.0786124686575409,4.004493278909354,-0.8070853970533696,-2.5561065655353317,0,0.0035510000000000003,1,Shared Control,0.01,Good Visuals,-0.9449754472340094,0.06713484474163821,0.0,5.3281822776670165,0.9970311145467389,-3.7245059196307992,-2.4960343228476503,-0.2276334197900427,0.16715192427472125,-0.011993699074196987,29.193571148812676,1.0082702644117056,0.7199204673111306,-0.007358617424022643
5413,21.9494699,-0.6460685292107409,-2.4632032926403733,0.1610168678426287,0.09290327289495837,4.173142542586087,-0.8158849452188296,-2.5515555477461804,0,0.0034456,1,Shared Control,0.01,Good Visuals,-0.9432780126164443,0.058373033265514726,0.0,5.344388657939218,0.9973644200887727,-3.7240769499186714,-2.4956053531355225,-0.22330116079166143,0.11996132781335866,-0.010864310287757617,29.28007953268887,1.0073586174240226,0.627343764840068,-0.006398239562982988
5414,21.953075400000003,-0.653451271946677,-2.452114863035964,0.16243367327215263,0.0994406847102165,4.258777050016436,-0.8250756157080624,-2.5465406980861456,0,0.0036055,1,Shared Control,0.01,Good Visuals,-0.9559989433290716,0.04908984694565349,0.0,5.361595937694788,0.9977211342004852,-3.723736688081193,-2.495265091298044,-0.24722442843445874,0.09872391269025371,-0.009399042982886753,29.372656235159933,1.006398239562983,0.528809661004897,-0.0053807140608883725
5415,21.957470800000003,-0.6708871111741004,-2.41925261418767,0.15418850453396205,0.1272880838984758,4.526038554879621,-0.8362546199521168,-2.540079175898599,0,0.004395400000000001,1,Shared Control,0.01,Good Visuals,-0.9874405332105273,0.027782284429385795,0.0,5.40311121945662,0.9985853004891058,-3.7243113443264106,-2.4958397475432617,-0.2934651036087933,-0.09388451306567624,-0.00603099382916864,29.59697631209511,1.0040914103747856,0.300993400733214,-0.0030452025780054346
5416,21.9632176,-0.6782698539100362,-2.4285897420143474,0.15798476604208056,0.11148943388425181,4.578488961711196,-0.8508263339697186,-2.5310573130671115,0,0.005746800000000001,1,Shared Control,0.01,Good Visuals,-0.9631631673279839,0.019057506260260905,0.0,5.421968026786237,0.9989782370223861,-3.722742880780488,-2.494271283997339,-0.27634673319309233,0.5155857946558662,-0.004283708888704175,29.699006599266784,1.0030452025780054,0.20702156777168626,-0.002088883919592937
5417,21.966493900000003,-0.6880087911361646,-2.456262377867786,0.16281754283355399,0.07479493519932534,4.569368110376921,-0.8591099944897642,-2.525624512168978,0,0.0032763000000000002,1,Shared Control,0.01,Good Visuals,-0.9707376929924655,0.00841927317686951,0.0,5.439270224901825,0.9993400736734173,-3.721556802143926,-2.493085205360777,-0.2811135651625696,0.33411606990675047,-0.0030107956678728045,29.792978432228313,1.002088883919593,0.09166028797334859,-0.0009228324059635958
5418,21.969983300000003,-0.6953915338721006,-2.484266695571943,0.1637184606176636,0.04135781659703497,4.550589062773381,-0.8679124813663857,-2.5196085402914994,0,0.0034894,1,Shared Control,0.01,Good Visuals,-0.9638340493024918,-0.0014697029421867416,0.0,5.460438980260262,0.9997841637896528,-3.720560261894483,-2.492088665111334,-0.2616568004980538,0.29117319194834934,-0.0013708053711023436,29.908339712026653,1.0009228324059636,-0.016048286443101085,0.0001610934190751924
5419,21.9742859,-0.705444630363588,-2.4710798216725705,0.1624678510027977,0.048528718618928934,4.671728674152372,-0.8787368205204004,-2.5118658921325943,0,0.0043026,1,Shared Control,0.01,Good Visuals,-0.9385694383583503,-0.011445638529648588,0.0,5.480160280668754,1.0001986727743313,-3.7182669070134886,-2.4897953102303396,-0.22375769376856958,0.5731667702175383,0.0002406175032600644,30.0160482864431,0.9998389065809248,-0.12531686467279285,0.0012545508288201903
5420,21.977370800000003,-0.7153406472223959,-2.4699706318339576,0.1633961732980045,0.04189526029863666,4.691881781596943,-0.8864768213009695,-2.5060950061326737,0,0.0030849000000000002,1,Shared Control,0.01,Good Visuals,-0.942149981143557,-0.020705643329651413,0.0,5.500111037997386,1.0006190541452693,-3.715937152815323,-2.487465556032174,-0.2341600036393371,0.6512787090925478,0.0018595482952668274,30.125316864672794,0.9987454491711798,-0.2273379511868106,0.002269535415886226
5421,21.9810394,-0.7225663103256524,-2.487662839278304,0.16391051097531706,0.018432166854369658,4.65687245908043,-0.8956577363149034,-2.498994891033605,0,0.0036686,1,Shared Control,0.01,Good Visuals,-0.9436694911867965,-0.029624896147899156,0.0,5.518684060425567,1.001011421665048,-3.7136450402566035,-2.4851734434734545,-0.23348507522946169,0.6673011030072118,0.0033832228857383928,30.22733795118681,0.9977304645841137,-0.32610324985457395,0.003247170345261641
5422,21.9845186,-0.7324623271844602,-2.48124004128821,0.16319540913044317,0.017754849745394985,4.727395545362476,-0.9043401802067337,-2.492024438309473,0,0.0034792,1,Shared Control,0.01,Good Visuals,-0.9259678106397154,-0.03781699892326298,0.0,5.536618711681598,1.0013911374780882,-3.7105312747049446,-2.4820596779217956,-0.20555281042602644,0.872692138917893,0.004855831865192853,30.326103249854572,0.9967528296547383,-0.41732648230879915,0.004145102714870417
5423,21.988084100000002,-0.7398450699203962,-2.468052595654935,0.16449511028633745,0.02397184265453811,4.7792425523374735,-0.9132124058261519,-2.484643236380417,0,0.0035655,1,Shared Control,0.01,Good Visuals,-0.92403226664665,-0.0458046887360639,0.0,5.553137171652709,1.0017417334622594,-3.707117206637259,-2.47864560985411,-0.2060089604280123,0.9794778711514844,0.00617156061136743,30.4173264823088,0.9958548972851295,-0.5066213698022295,0.0050206294798516675
5424,21.991682200000003,-0.752254360902076,-2.454602922293856,0.16095804492407595,0.03004031408656127,4.8558336605881305,-0.9221386365158598,-2.476951970297499,0,0.0035981000000000003,1,Shared Control,0.01,Good Visuals,-0.940140252410211,-0.05725772994436874,0.0,5.569274561860424,1.0020847995821178,-3.7035075606114933,-2.4750359638283443,-0.22600590013622693,0.7981351491986004,0.00753464732527019,30.50662136980223,0.9949793705201483,-0.6344895900597112,0.006275991712650731
5425,21.9958899,-0.7596371036380118,-2.445722100571566,0.16250153287784797,0.03122986972593278,4.984489951164625,-0.9325414543504368,-2.4676506354275474,0,0.0042077,1,Shared Control,0.01,Good Visuals,-0.9302590006803727,-0.06549965098041449,0.0,5.592397117321891,1.0025758768839304,-3.699701822977684,-2.471230226194535,-0.22009473882969507,1.1151691135492783,0.009216092268636313,30.63448959005971,0.9937240082873493,-0.7283099143783639,0.007179384637392975
5426,21.9994765,-0.7692189612314607,-2.439804502398615,0.16332249311897606,0.027846133028932574,5.137838365719987,-0.9413773180351029,-2.459462841880849,0,0.0035866,1,Shared Control,0.01,Good Visuals,-0.9428249609437449,-0.07498078747725268,0.0,5.609198787717262,1.0029359711710322,-3.696269983260738,-2.467798386477589,-0.23942334807223295,0.9595257274914086,0.010643793687281392,30.728309914378364,0.992820615362607,-0.8355421659482738,0.008218607361354963
5427,22.0030658,-0.7766017039673968,-2.4318074707133253,0.16477561406770613,0.02765537116752359,5.2913988455921945,-0.950190007666179,-2.451031623680321,0,0.0035893,1,Shared Control,0.01,Good Visuals,-0.9471939490256928,-0.08452400227942099,0.0,5.628462963953469,1.0033474053995692,-3.693029692817166,-2.464558096034017,-0.25040208949687254,0.946042580821679,0.012246049146809006,30.835542165948272,0.9917813926386451,-0.9443361258283476,0.00926463445793469
5428,22.007557900000002,-0.7935663042967817,-2.4255130430160516,0.15662370336939735,0.025518580664269486,5.534474663684821,-0.9611759791006402,-2.44014796847894,0,0.004492100000000001,1,Shared Control,0.01,Good Visuals,-0.9517270008699891,-0.10551226300706301,0.0,5.6703334306463145,1.004244875382118,-3.686677663706165,-2.458206066923016,-0.2669843811816411,1.0031102711037896,0.01563271002438886,31.069640834805757,0.9895322271072052,-1.18544658689932,0.011565147428281481
5429,22.013250000000003,-0.8011061266653973,-2.4062799895916323,0.16006985243524297,0.03386797888730797,5.69772737169566,-0.9750250788034598,-2.4258322480692835,0,0.0056921,1,Shared Control,0.01,Good Visuals,-0.9169683816817539,-0.11315243906185202,0.0,5.690902081501758,1.0046884073076487,-3.6817010784416278,-2.4532294816584788,-0.23698409101873086,1.65082772657642,0.016525721383052073,31.18544658689932,0.9884348525717185,-1.2750754275025427,0.012402583380591081
5430,22.0166024,-0.8106879842588461,-2.4094259023387954,0.16433709454461365,0.01640634573048816,5.701639458268209,-0.9831429067619581,-2.417129215164245,0,0.0033524,1,Shared Control,0.01,Good Visuals,-0.9475105065688915,-0.12402424117257571,0.0,5.706709348754301,1.0050314291333429,-3.6772868918758106,-2.4488152950926616,-0.27914669553153154,1.2368479267609978,0.018112294223318476,31.275075427502543,0.9875974166194089,-1.4001585807449588,0.013594236280815623
5431,22.0199843,-0.8180707269947821,-2.4365851880642104,0.16507217976717603,-0.019455972899965257,5.608547165685777,-0.9913022653410464,-2.408147455951506,0,0.0033819,1,Shared Control,0.01,Good Visuals,-0.9579808429928465,-0.13497039407898132,0.0,5.728981028975977,1.005510078887779,-3.67372526045808,-2.445253663674931,-0.2847103075837824,1.037378445731587,0.02038178344740154,31.400158580744957,0.9864057637191844,-1.5282686470259554,0.014794038735309642
5432,22.024357000000002,-0.827652584588231,-2.4234771960612598,0.16364968075281539,-0.015329740109753853,5.688519164153299,-1.0018064511101832,-2.396235982048445,0,0.0043727,1,Shared Control,0.01,Good Visuals,-0.9298558191849924,-0.14574207314367635,0.0,5.7515962187448775,1.0059998481960695,-3.668349747373788,-2.439878150590639,-0.23997581993753414,1.3466051464946869,0.022279857154652194,31.528268647025957,0.9852059612646904,-1.6552583617261998,0.015974717197537222
5433,22.0275396,-0.8375486014470389,-2.4188870021961923,0.16425784966314427,-0.022651020147747225,5.675635292140027,-1.0094186288398832,-2.387356752596348,0,0.0031826000000000003,1,Shared Control,0.01,Good Visuals,-0.9294726452304303,-0.1555360815125365,0.0,5.773929979886877,1.0064849473442667,-3.6631450118835547,-2.4346734151004057,-0.24445579291328964,1.449020153743966,0.023850643742216102,31.6552583617262,0.9840252828024628,-1.7719174153464525,0.017048233654028237
5434,22.031031700000003,-0.8446171849176158,-2.4380919096905997,0.16480144392226737,-0.050735157094251804,5.584698582967355,-1.0177382155964707,-2.3774127043695836,0,0.0034921,1,Shared Control,0.01,Good Visuals,-0.9289578217311791,-0.16471009056167218,0.0,5.794339934103856,1.0069301918074474,-3.6580722357338473,-2.4296006389506983,-0.2409864475912394,1.4911596900870805,0.025548022294280773,31.77191741534645,0.9829517663459718,-1.8816430966498854,0.01805379228899506
5435,22.0344714,-0.8541990425110646,-2.4348922334448053,0.1635391730854061,-0.05747952907522169,5.6052038873563985,-1.0258986631405618,-2.367413728095725,0,0.0034397000000000004,1,Shared Control,0.01,Good Visuals,-0.90696439963901,-0.17294283835556015,0.0,5.813495137860135,1.0073486758004264,-3.651898577435034,-2.423426980651885,-0.20528247121728996,1.724581903685415,0.027144460753130997,31.881643096649885,0.9819462077110049,-1.9808954744770835,0.018956179739160924
5436,22.038057700000003,-0.8615817852470007,-2.420276167330533,0.1643168778935611,-0.05286243923480782,5.627534645922618,-1.0343699068519292,-2.3567748917321767,0,0.0035863,1,Shared Control,0.01,Good Visuals,-0.895632694641996,-0.18044526560508056,0.0,5.830752016811084,1.0077269174830854,-3.645156512125867,-2.416684915342718,-0.19305517540460876,1.9281223179475422,0.028282928775711362,31.980895474477084,0.981043820260839,-2.071702698822382,0.019778517112446638
5437,22.0416898,-0.8736769169633214,-2.40757876695157,0.1606929898886078,-0.05080387521939311,5.654340682718834,-1.0429100484088285,-2.345780012226041,0,0.0036321,1,Shared Control,0.01,Good Visuals,-0.9073907026715868,-0.1909008778598836,0.0,5.846507671959396,1.0080727514072874,-3.637085702166602,-2.408614105383453,-0.20764729138465574,1.7902908008395535,0.029650202674901222,32.071702698822385,0.9802214828875534,-2.195763748815512,0.02092455164657135
5438,22.045898200000003,-0.8807455004338984,-2.3947532779293876,0.16216454797493007,-0.04897326570334659,5.745842216738616,-1.0527547485913298,-2.3327664983649834,0,0.0042084,1,Shared Control,0.01,Good Visuals,-0.8917474124678167,-0.19825012754817575,0.0,5.86824241188645,1.0085452314037895,-3.6297108210084175,-2.4012392242252685,-0.19396956734007242,2.1290072627553887,0.03067643283566463,32.19576374881551,0.9790754483534286,-2.287456500207339,0.021730099302455303
5439,22.049550600000003,-0.8903273580273473,-2.3818613115425467,0.16242739056398248,-0.04909481317756326,5.862171171710967,-1.0612539551100588,-2.3212364717618543,0,0.0036524,1,Shared Control,0.01,Good Visuals,-0.9047532348656881,-0.2065860908698304,0.0,5.883912763800887,1.0088936910863966,-3.622810607413913,-2.394339010630764,-0.2130405570732667,1.9459695971416693,0.032149142319822153,32.28745650020734,0.9782699006975447,-2.3883912608445717,0.02264380015602556
5440,22.053111,-0.8977101007632833,-2.381716608387181,0.16354385434677554,-0.0604801366253267,5.919145446044603,-1.0694981662740235,-2.309788375938223,0,0.0035604,1,Shared Control,0.01,Good Visuals,-0.9090010500960074,-0.2150638161834148,0.0,5.901414365171471,1.0092774097415365,-3.616188115634668,-2.387716518851519,-0.22434314825683424,1.9367975255885863,0.03355523966680032,32.38839126084457,0.9773561998439745,-2.4921089434754284,0.02357303947204245
5441,22.0574641,-0.9072919583567322,-2.37376984413872,0.16220620791729135,-0.0639814682004971,6.018476803134752,-1.0795219491889876,-2.295515112652716,0,0.0043531,1,Shared Control,0.01,Good Visuals,-0.9070008067338365,-0.2249781980341925,0.0,5.919304465779716,1.0096713410248412,-3.608410129587076,-2.379938532803927,-0.22252862841394838,1.9395990243614776,0.0351723654291621,32.49210894347543,0.9764269605279575,-2.6128137150630253,0.024659750006881864
5442,22.060429600000003,-0.9167167363175015,-2.3759279759597707,0.16280521287148608,-0.08041286330705466,6.062523807071182,-1.0863146608467273,-2.2856195478161556,0,0.0029655000000000003,1,Shared Control,0.01,Good Visuals,-0.8989030415078016,-0.23360821199128837,0.0,5.940171012336583,1.010129567221012,-3.600898632753722,-2.372427035970573,-0.21918385190773518,2.102235267234084,0.03649286036719178,32.61281371506303,0.9753402499931181,-2.720772661519094,0.02560568160646531
5443,22.0640301,-0.9237853197880787,-2.391555039884822,0.1625293410586487,-0.10593549206866637,6.0539596879117505,-1.0945221321773901,-2.27341987580383,0,0.0036005000000000004,1,Shared Control,0.01,Good Visuals,-0.8888281907038639,-0.2414784092928055,0.0,5.9585837978107445,1.0105387318570136,-3.59324744359359,-2.364775846810441,-0.207625097471861,2.226901787103884,0.03803263468176895,32.72077266151909,0.9743943183935347,-2.819426852111861,0.026468330074877137
5444,22.067446500000003,-0.9335242570142069,-2.3924776081370105,0.1609978751631832,-0.11905773233318051,6.0980005619799,-1.1022690039338516,-2.2616583357262354,0,0.0034164000000000004,1,Shared Control,0.01,Good Visuals,-0.8640846523927216,-0.24832782930321806,0.0,5.975389698654234,1.010912356255189,-3.5843505817684562,-2.3558789849853072,-0.1752356839207934,2.495683420329815,0.03924732674225035,32.81942685211186,0.9735316699251229,-2.906044395408784,0.027219091644774845
5445,22.071056400000003,-0.940592840484784,-2.391581884084808,0.16167616344906766,-0.12992354835857256,6.107764799818785,-1.1104106423958646,-2.249036619396496,0,0.0036099,1,Shared Control,0.01,Good Visuals,-0.8439941035183258,-0.2541691497226412,0.0,5.9900794005761515,1.0112400906164012,-3.5746693971375416,-2.3461978003543926,-0.15481024428623175,2.7801121761234278,0.03998025286170377,32.906044395408784,0.9727809083552251,-2.980384819360367,0.027859355912653712
5446,22.0748679,-0.9523738129357456,-2.380112586782057,0.158036829460119,-0.13107596738556104,6.174303389350745,-1.1189571104906824,-2.2354964407439,0,0.0038115000000000002,1,Shared Control,0.01,Good Visuals,-0.8390643678448937,-0.26143297676586935,0.0,6.002646058959655,1.011521153560751,-3.562077083588221,-2.333605486805072,-0.1483202203570466,2.7899221334486466,0.04109309299426829,32.98038481936037,0.9721406440873462,-3.0702320539908103,0.028655540434284605
5447,22.078870700000003,-0.9592853167736433,-2.358164228684926,0.1596717937170391,-0.12266778794102606,6.32328975918186,-1.1278765091248018,-2.2210437957002886,0,0.0040028,1,Shared Control,0.01,Good Visuals,-0.8184420487962452,-0.2662570427085525,0.0,6.01804476281948,1.011861042983456,-3.5513413730695103,-2.3228697762863613,-0.13249771575919922,3.1300360123358413,0.041316038764398946,33.07023205399081,0.9713444595657154,-3.13380079008011,0.029184303937605047
5448,22.0826168,-0.9688671743670921,-2.3419575017082255,0.15900933475770962,-0.12091370600793683,6.464258050104868,-1.1361710916682344,-2.2073050171296944,0,0.0037461,1,Shared Control,0.01,Good Visuals,-0.8384465564880346,-0.272573152896281,0.0,6.028608438004749,1.012100800949868,-3.5412128214080174,-2.3127412246248684,-0.1648559041921433,2.8396746836079068,0.042513739599068866,33.13380079008011,0.9708156960623949,-3.212177495368337,0.029876609679255765
5449,22.0860327,-0.9757786782049896,-2.338109762981478,0.16039241346324473,-0.1308047458517838,6.560713995754954,-1.143689373600937,-2.1946003323257846,0,0.0034159000000000004,1,Shared Control,0.01,Good Visuals,-0.8383243134342286,-0.278969833133785,0.0,6.042016247255397,1.0123969786277984,-3.531368097578916,-2.302896500795767,-0.1748458021507466,2.880258580778575,0.04334167571484911,33.21217749536834,0.9701233903207442,-3.2932563607782197,0.03057774666456861
5450,22.090836200000002,-0.9921149600036566,-2.318329525320366,0.1515744135972804,-0.12372919299458163,6.820078878631518,-1.1541876833030837,-2.1764538106598024,0,0.0048035000000000005,1,Shared Control,0.01,Good Visuals,-0.8245688661792044,-0.29215407633098844,0.0,6.071109318016117,1.0130446699972369,-3.5109062653118204,-2.2824346685286714,-0.17181999710894025,3.0366687569839534,0.04535110642366339,33.383844819535874,0.9686349889922603,-3.4620446659020994,0.03202286509877155
5451,22.0963096,-1.001539737964426,-2.319264662174744,0.15264794533865778,-0.14281085151494155,6.8990538973702735,-1.1660428120334314,-2.1553837752531337,0,0.005473400000000001,1,Shared Control,0.01,Good Visuals,-0.7968242211311313,-0.2978485519460365,0.0,6.0841657018561826,1.0133390861273643,-3.4983034761501486,-2.2698318793669996,-0.1550658303347758,3.507009450598794,0.044283082799924676,33.4620446659021,0.9679771349012285,-3.5356061282988582,0.032647033779623136
5452,22.100028000000002,-1.0084512418023235,-2.3259693689586016,0.15759157023110792,-0.1705855937054679,6.96142148711436,-1.1740304013561293,-2.1408357267309825,0,0.0037184,1,Shared Control,0.01,Good Visuals,-0.7858623259513465,-0.3029370615082993,0.0,6.096496660617161,1.013615992904479,-3.486066803945682,-2.257595207162533,-0.14540464496738845,3.5798584648255094,0.04546596947665695,33.53560612829886,0.9673529662203768,-3.6019387044897613,0.033204782818460926
5453,22.1034946,-1.017561860497734,-2.3222257372420336,0.15646854085839546,-0.18139001051105108,7.051039882644012,-1.1814280701496005,-2.127105500729249,0,0.0034666000000000002,1,Shared Control,0.01,Good Visuals,-0.7895499714306001,-0.3084575840484878,0.0,6.107565350014376,1.0138654654852484,-3.474031790801473,-2.245560194018324,-0.14708783058511157,3.356297937478219,0.04774032720429061,33.60193870448976,0.966795217181539,-3.672703623410352,0.03380988458804535
5454,22.1078814,-1.0266724791931443,-2.3129784190745486,0.1547555909564562,-0.18587291834529962,7.099892562047401,-1.1907207397548643,-2.1095032071291353,0,0.004386800000000001,1,Shared Control,0.01,Good Visuals,-0.7735509754823524,-0.31461382056605036,0.0,6.119468658256428,1.014131681151795,-3.458405183131952,-2.2299335863488032,-0.13511662625952975,3.5526321260220346,0.04826390809277276,33.67270362341035,0.9661901154119547,-3.7515569727253473,0.03448466665507594
5455,22.1113506,-1.0357830978885547,-2.306816282001644,0.15493764186630954,-0.1973130748725085,7.061201327503573,-1.1980146201067903,-2.09540608573611,0,0.0034692000000000004,1,Shared Control,0.01,Good Visuals,-0.7605203652091177,-0.3192372518476851,0.0,6.132735409946635,1.0144281857482693,-3.4451438073916716,-2.2166722106085226,-0.12564661182890946,3.688325890774717,0.0486882477247676,33.751556972725346,0.965515333344924,-3.8136827741934383,0.03499143869154581
5456,22.115073900000002,-1.0425375220937727,-2.295924604667799,0.15547709801301757,-0.20051851893168893,7.013293719128004,-1.2057880163743744,-2.0801059491507483,0,0.0037233,1,Shared Control,0.01,Good Visuals,-0.7515678080418633,-0.3232436035154173,0.0,6.142946997118361,1.0146611618654446,-3.4322059013472197,-2.2037343045640707,-0.11419794853199863,3.762878761147002,0.04946186699716149,33.81368277419344,0.9650085613084541,-3.866850219891869,0.035430572934015456
5457,22.1184851,-1.0516481407891831,-2.280651428172782,0.15413987558519127,-0.20054547902203357,6.97586362992054,-1.2128595466695713,-2.0659360810481506,0,0.0034112,1,Shared Control,0.01,Good Visuals,-0.7529558965194707,-0.3274036149400478,0.0,6.151737117889899,1.0148605694536454,-3.419099785437909,-2.19062818865476,-0.11436854570736227,3.6842874959409473,0.050256977425847525,33.866850219891866,0.9645694270659846,-3.921008814040237,0.0358865497471179
5458,22.122273300000003,-1.0584025649944013,-2.265570204040689,0.15445698167516997,-0.19963412299253847,6.929485436887006,-1.22065565827644,-2.05003270338179,0,0.0037882000000000002,1,Shared Control,0.01,Good Visuals,-0.7460543751725697,-0.3312984190791033,0.0,6.160773305017646,1.0150637978184112,-3.405683400696778,-2.1772118039136292,-0.10836750942768526,3.785554792791036,0.05046595247300084,33.921008814040235,0.9641134502528821,-3.972350270029863,0.036313457319647566
5459,22.125952,-1.0675131836898115,-2.2369155011558464,0.15314247458662855,-0.18688279777405636,6.941479293789538,-1.2281684522960163,-2.034423500138063,0,0.0036787,1,Shared Control,0.01,Good Visuals,-0.7502096311959932,-0.3357284912698982,0.0,6.169286849396018,1.0152562678756583,-3.3914532768106223,-2.1629816800274733,-0.11275753105185497,3.681505675149671,0.051171353844713836,33.972350270029864,0.9636865426803525,-4.029697112467535,0.0367990353609511
5460,22.1294508,-1.0761525634871836,-2.2308326513797008,0.15201588880883277,-0.19640915124163794,6.865579723131074,-1.23526030405475,-2.0194292448149835,0,0.0034988000000000003,1,Shared Control,0.01,Good Visuals,-0.7564747295969183,-0.34032116596900674,0.0,6.178879245128449,1.0154713565635463,-3.378440335659113,-2.149968738875964,-0.1266429904568135,3.6344936743127683,0.051414291942307525,34.02969711246754,0.9632009646390489,-4.089788282161116,0.03730243618348652
5461,22.133129200000003,-1.0829069876924016,-2.2432877681629675,0.1523533163623485,-0.22385852334798395,6.754094403682885,-1.2426593458636854,-2.0035123798796777,0,0.0036784,1,Shared Control,0.01,Good Visuals,-0.7413155637072443,-0.3440308001786016,0.0,6.18887712262768,1.0156965271553116,-3.365311502969245,-2.136839906186096,-0.1075236017271503,3.814081892355972,0.05173422452523685,34.089788282161116,0.9626975638165135,-4.139971505937756,0.03770904737081447
5462,22.1366045,-1.0915463674897736,-2.2332543806985363,0.1511129783739118,-0.22974200081885865,6.740975352689101,-1.2495958156483753,-1.9883332037516726,0,0.0034753,1,Shared Control,0.01,Good Visuals,-0.716733226275833,-0.34657331998089985,0.0,6.197092280926018,1.015884189378151,-3.3509159044098706,-2.1224443076267216,-0.07140253899082522,4.01696530384081,0.052414233338002394,34.13997150593776,0.9622909526291855,-4.175380625934492,0.037987731720053916
5463,22.140899500000003,-1.1004999065525045,-2.2347421366847393,0.14909590909587078,-0.24640893293306676,6.63267215665522,-1.2580950954736676,-1.9693884767433045,0,0.004295,1,Shared Control,0.01,Good Visuals,-0.7039032734089098,-0.34892484273396634,0.0,6.202808773927153,1.0160163743289459,-3.334234242801964,-2.105762646018815,-0.05962819190533836,4.159911625123327,0.05237172660724854,34.175380625934494,0.9620122682799461,-4.206879606025873,0.038245480976349853
5464,22.144025300000003,-1.106783091859684,-2.220922581190269,0.15131200361398367,-0.25153410444696456,6.5808849102303,-1.2642292917894908,-1.9554749081681324,0,0.0031258,1,Shared Control,0.01,Good Visuals,-0.6752011723031284,-0.3496972663090397,0.0,6.207988603430104,1.0161341522878211,-3.319061206089935,-2.090589609306786,-0.023582990893859353,4.464496178434873,0.05202326663355446,34.20687960602587,0.9617545190236502,-4.219545109730346,0.03833014594578763
5465,22.147464900000003,-1.115422471657056,-2.1786062524951393,0.14880682013243485,-0.22313134432700688,6.615914649199111,-1.2709288418203069,-1.9400445420136878,0,0.0034396,1,Shared Control,0.01,Good Visuals,-0.6840263719302759,-0.3508127453756691,0.0,6.209887816777027,1.0161810717727793,-3.303857370924228,-2.075385774141079,-0.03191846026022019,4.242378248146342,0.05291339402355362,34.21954510973035,0.9616698540542123,-4.2339460046389235,0.03845241305949618
5466,22.1510523,-1.121862736596915,-2.1497685762131424,0.14906610522339192,-0.20972403419945462,6.580635897099669,-1.277859495219394,-1.9238199935081945,0,0.0035874,1,Shared Control,0.01,Good Visuals,-0.6976785073492694,-0.3528034056951561,0.0,6.212298528601359,1.016235003151269,-3.2896553054630564,-2.0611837086799074,-0.05966487543037825,4.136443601436334,0.05220332910128286,34.23394600463892,0.9615475869405038,-4.258969913101033,0.038670608361334756
5467,22.1544905,-1.1303450367616075,-2.131096412367637,0.14751445845778655,-0.20727641885944226,6.5498237147643685,-1.284447064370142,-1.9081473729588867,0,0.0034382,1,Shared Control,0.01,Good Visuals,-0.7135272455370695,-0.3556789835220076,0.0,6.216542840234429,1.0163288362473903,-3.2754600207509297,-2.0469884239677807,-0.08093685590732151,3.910223593677265,0.05259102959652517,34.25896991310103,0.9613293916386653,-4.295679737551943,0.038985799037387345
5468,22.158283700000002,-1.1386702572936205,-2.1191691115470253,0.14577680707652152,-0.21102173858813855,6.496193729938709,-1.2916520414818673,-1.8907203322503847,0,0.0037932,1,Shared Control,0.01,Good Visuals,-0.7072518797410073,-0.3589505260624844,0.0,6.222721447734379,1.0164663492090498,-3.25804286860368,-2.029571271820531,-0.07751363271438486,4.00219493721122,0.05246779263906494,34.29567973755194,0.9610142009626127,-4.338452794248585,0.03934439121160671
5469,22.1624163,-1.1471525574583128,-2.1173925363196875,0.1444994840235545,-0.22667220406930277,6.368815197889898,-1.299426129558657,-1.8715755314743998,0,0.0041326,1,Shared Control,0.01,Good Visuals,-0.6936353697895309,-0.3611360048209958,0.0,6.229836172573497,1.0166263319285807,-3.2432046060356523,-2.0147330092525033,-0.06352883533516998,4.129769709999357,0.0523266615878267,34.33845279424858,0.9606556087883933,-4.369217078126963,0.03958394046705079
5470,22.1660244,-1.1534357427654924,-2.116800087654899,0.14599038679316467,-0.2452245561804991,6.229324661398362,-1.3061486056732858,-1.8547290502274425,0,0.0036081000000000004,1,Shared Control,0.01,Good Visuals,-0.670454876024698,-0.3621970355605028,0.0,6.234775106102665,1.0167409398797589,-3.2282052376711126,-1.9997336408879636,-0.03288610127876666,4.38552376017186,0.05218396635896178,34.369217078126965,0.9604160595329492,-4.385247429064793,0.039700239526312894
5471,22.169489600000002,-1.161603883664826,-2.1071451210528043,0.1445447220084599,-0.25241607082536177,6.128898373069055,-1.3125474173607072,-1.8384374820112703,0,0.0034652000000000003,1,Shared Control,0.01,Good Visuals,-0.6612364223583153,-0.36269057208772054,0.0,6.237265896572567,1.0168004473034802,-3.2125850967620235,-1.9841134999788748,-0.01466005807302133,4.384477883873814,0.052877285316815424,34.38524742906479,0.9602997604736871,-4.3928506215009495,0.039754335823139864
5472,22.174225800000002,-1.1758981302386595,-2.090211307185563,0.1366492871220477,-0.2517738251742925,5.874884193592318,-1.3212015625745595,-1.8159975624724396,0,0.0047362,1,Shared Control,0.01,Good Visuals,-0.6162968631512027,-0.3611810365763371,0.0,6.2381413357124575,1.0168237676559342,-3.177696916675153,-1.9492253198920042,0.042658724999758556,4.841113878802288,0.05170087116633114,34.39160328380176,0.9602652210636115,-4.375744966702286,0.03958887637568012
5473,22.1803507,-1.1839091915053135,-2.0457611129378357,0.13729237106924597,-0.2297635504653961,5.864370513565161,-1.3322347829381476,-1.7866929849023778,0,0.0061249,1,Shared Control,0.01,Good Visuals,-0.5960654295027885,-0.359243153055598,0.0,6.235378573932783,1.0167641826309877,-3.159502153191796,-1.9310305564086467,0.06139165127986454,5.09543057112058,0.0493551311701587,34.375744966702285,0.9604111236243199,-4.350978475772536,0.039376465912882214
5474,22.1840426,-1.1900352971798136,-2.016756591432626,0.14219948575833397,-0.23006360653024815,5.783808181396198,-1.3387982263097085,-1.7688798029893633,0,0.0036919,1,Shared Control,0.01,Good Visuals,-0.6219040089013778,-0.3585134311184554,0.0,6.231213360642641,1.016671476160862,-3.1432399825518202,-1.914768385768671,0.02377906396238479,4.752380443606091,0.04932134427339509,34.350978475772536,0.9606235340871178,-4.339415483617982,0.03929648144904657
5475,22.187496900000003,-1.1977321991811087,-1.997963078859613,0.14106602712859972,-0.22908327587024968,5.71491554996664,-1.3448795394614546,-1.75211508571745,0,0.0034543000000000004,1,Shared Control,0.01,Good Visuals,-0.651935956423245,-0.35878375833878984,0.0,6.229454357742586,1.016628632968997,-3.127925792865619,-1.8994541960824696,-0.008110291728476457,4.261636200417798,0.05098042554250024,34.339415483617984,0.9607035185509534,-4.341328308493968,0.03932611188315863
5476,22.191473600000002,-1.205586180815083,-1.98136475703188,0.1392933586463716,-0.22924967131443008,5.6468557370682015,-1.3518086141700694,-1.7327015263436303,0,0.0039767000000000005,1,Shared Control,0.01,Good Visuals,-0.6459334926765142,-0.3589205169809054,0.0,6.2299041023397255,1.0166361012081258,-3.1089101765393217,-1.8804385797561722,-0.003378737624088053,4.325958624632549,0.05061219938712069,34.34132830849397,0.9606738881168414,-4.3432568647966345,0.039341101930884664
5477,22.195379900000002,-1.213597242081737,-1.9765890031369264,0.13821137208833245,-0.24388747679329614,5.503459102018377,-1.3585396328363157,-1.713517392221031,0,0.003906300000000001,1,Shared Control,0.01,Good Visuals,-0.6347622186350637,-0.3586963884473246,0.0,6.230213458259371,1.0166432855209937,-3.093134625718544,-1.864663028935395,0.006892399526268541,4.4127414883293365,0.04999524429736236,34.343256864796636,0.9606588980691153,-4.3408470343819525,0.03931653531218204
5478,22.199080700000003,-1.2190950292255192,-1.9719861119586932,0.13944460361079658,-0.2584687197376623,5.364159659033137,-1.364847230449431,-1.695241767439599,0,0.0037008,1,Shared Control,0.01,Good Visuals,-0.6130807725153733,-0.35759973142458173,0.0,6.229770407182479,1.0166341729253645,-3.0771657224047844,-1.8486941256216352,0.03555606922294942,4.644148120913092,0.04957592001043421,34.34084703438195,0.960683464687818,-4.3276508809755905,0.039196331273477714
5479,22.202552400000002,-1.2269490108594936,-1.9532437495812776,0.13789821958993742,-0.2580019821416786,5.2902417907528445,-1.3707027159109708,-1.6780115859332239,0,0.0034717000000000003,1,Shared Control,0.01,Good Visuals,-0.6056335640418393,-0.35598881239277624,0.0,6.2274829030805945,1.016584603111492,-3.060673014079738,-1.8322014172965884,0.05020684134866057,4.619029945960532,0.049865352799828115,34.32765088097559,0.9608036687265222,-4.3071004511791395,0.03901975922804061
5480,22.2075725,-1.2399866203718912,-1.9044485915881353,0.1307160955390796,-0.22643700565491143,5.175988806836365,-1.379063678220767,-1.6529555069954647,0,0.0050201,1,Shared Control,0.01,Good Visuals,-0.6050259192219117,-0.35274294614386126,0.0,6.220059990911886,1.0164184726792997,-3.0283096200878497,-1.7998380233047004,0.045809603715255394,4.542008345110433,0.04896575959002606,34.283259486422494,0.9611798685518375,-4.263736986717384,0.038663981419553343
5481,22.2130976,-1.2475264427405068,-1.9260751086927888,0.1315372354802602,-0.2731196016973241,4.945505138449607,-1.388119819985823,-1.6251953792557288,0,0.005525100000000001,1,Shared Control,0.01,Good Visuals,-0.5825087057831959,-0.35090719917612406,0.0,6.216885216994017,1.0163456080478945,-3.0113892614025337,-1.7829176646193843,0.06205562690661724,4.898772057126849,0.046109180648877375,34.26373698671738,0.9613360185804467,-4.23996369575601,0.03846276609426475
5482,22.216468000000003,-1.2528671502516093,-1.956317027275725,0.13525266973421357,-0.33112164801999633,4.7279813483147795,-1.3935687085744914,-1.608171600432747,0,0.0033704000000000004,1,Shared Control,0.01,Good Visuals,-0.5396696597914725,-0.3471205128520308,0.0,6.212911938016726,1.0162566109961955,-2.9923530593537198,-1.76388146257057,0.12493372151240202,5.296219583455512,0.0461573628897484,34.23996369575601,0.9615372339057352,-4.192765706015084,0.03804770926243598
5483,22.220062000000002,-1.258207857762712,-1.8945805788475942,0.1353608508117794,-0.28640897841484714,4.850117490746559,-1.399315749553173,-1.589947156045918,0,0.0035940000000000004,1,Shared Control,0.01,Good Visuals,-0.5027796433021423,-0.34186124692220804,0.0,6.20487250115417,1.016079528026052,-2.9736586878515436,-1.7451870910683942,0.18422384872600742,5.496566258615145,0.04694897608274656,34.19276570601508,0.961952290737564,-4.1255417883285626,0.037471243701851176
5484,22.224353500000003,-1.2654335208659686,-1.7922173164768123,0.13388222868720434,-0.2022701604308943,5.022548713274563,-1.4060921509435818,-1.5680938275326326,0,0.0042915,1,Shared Control,0.01,Good Visuals,-0.5474237978450782,-0.33793806160460305,0.0,6.193562785831688,1.0158275484641426,-2.954032879620363,-1.7255612828372136,0.1142617032854185,4.922079660717966,0.04627462924296588,34.12554178832856,0.9625287562981488,-4.071879071059655,0.03704122528225256
5485,22.2273913,-1.2726591839692252,-1.7531076930973515,0.13343296697435658,-0.18501386556471888,4.968135558419952,-1.4108321342986399,-1.552566876946562,0,0.0030378000000000002,1,Shared Control,0.01,Good Visuals,-0.6226070573988876,-0.33798150502056196,0.0,6.1848245154824895,1.0156269829199671,-2.9393755515717754,-1.7109039547886258,-0.0013727630915666578,4.099378562043815,0.04524390084585801,34.071879071059655,0.9629587747177475,-4.066481098325716,0.03704598709378075
5486,22.2310388,-1.2778428118476481,-1.760403572781461,0.1329893224509917,-0.20783669583489917,4.873295271268333,-1.4164610310192973,-1.5338633889761044,0,0.0036475,1,Shared Control,0.01,Good Visuals,-0.6373024850509368,-0.338721319298728,0.0,6.184408841100404,1.0156078574219252,-2.9257529838551366,-1.697281387071987,-0.024209211056535573,3.9577477387097426,0.045097874997351975,34.06648109832572,0.9629540129062193,-4.074850111333022,0.03712707777416892
5487,22.234494700000003,-1.2847543156855457,-1.7589115183163975,0.13170671533375167,-0.22504812934029306,4.879865113967631,-1.4217312044072608,-1.516084592198079,0,0.0034559,1,Shared Control,0.01,Good Visuals,-0.6115724534725582,-0.3384272227408734,0.0,6.185907158955306,1.0156394543018046,-2.9108243412187105,-1.6823527444355608,0.009417038024673178,4.194617206076445,0.04504631875324386,34.07485011133302,0.9628729222258311,-4.07242577478416,0.037094841994622506
5488,22.2382132,-1.2918228991561227,-1.7855636852715446,0.12990830525113806,-0.2694790930734656,4.747722749613303,-1.427333105928793,-1.4968953270557606,0,0.0037185,1,Shared Control,0.01,Good Visuals,-0.5860915753447711,-0.33740482468263755,0.0,6.185388720807726,1.0156301090138753,-2.895393537490886,-1.666921940707736,0.0343471056222543,4.4750315317628795,0.04457313788672438,34.07242577478416,0.9629051580053775,-4.060117978157068,0.036982777444617594
5489,22.242228100000002,-1.2970065270345459,-1.809825426021252,0.13032657889424715,-0.3129300989654915,4.611970858429647,-1.4333012897615363,-1.47611113552438,0,0.0040149,1,Shared Control,0.01,Good Visuals,-0.5295775293633702,-0.3338649970068634,0.0,6.183254634066741,1.015583798962376,-2.8750688891643708,-1.646597292381221,0.10611356706288518,5.085357501567525,0.0438316889580788,34.060117978157066,0.9630172225553824,-4.017278743564341,0.036594778668226094
5490,22.2454752,-1.3037609512397639,-1.7726637406305636,0.12954033852177238,-0.29655260510618375,4.637847611723003,-1.4380670142993266,-1.4592549405973554,0,0.0032471,1,Shared Control,0.01,Good Visuals,-0.4871206049072633,-0.3290985083591701,0.0,6.175846217431206,1.015422630926159,-2.855845183706758,-1.6273735869236086,0.16351769609521608,5.396279322258181,0.04351148287244257,34.01727874356434,0.9634052213317739,-3.9566177278202352,0.03607232618398629
5491,22.249025300000003,-1.3087874994855078,-1.7214666598365818,0.12927951481381883,-0.26221171923922637,4.621944887668707,-1.4432147364389682,-1.4407809383519836,0,0.0035501,1,Shared Control,0.01,Good Visuals,-0.4976371401738506,-0.3251632134150281,0.0,6.165614897098641,1.0151949286818538,-2.8379327158803314,-1.6094611190971815,0.14021383262206652,5.238635927361469,0.04263153217985723,33.95661772782024,0.9639276738160137,-3.903931189881936,0.03564098043415884
5492,22.252564200000002,-1.3153848440580465,-1.6862789575171284,0.1278298923809218,-0.2454980191651448,4.568537440138374,-1.4482808654064856,-1.422321447897781,0,0.0035389,1,Shared Control,0.01,Good Visuals,-0.5298224236933762,-0.3223731460329544,0.0,6.156943585243198,1.0149975619514722,-2.8206738230374118,-1.5922022262542617,0.09340743989528402,4.817152183465366,0.042036942465597055,33.90393118988194,0.9643590195658411,-3.86574210176135,0.0353351625160429
5493,22.2575648,-1.3266945776109695,-1.6335105549145839,0.12158628779551606,-0.21118910701680282,4.533290159661981,-1.4553279685446827,-1.3961687224187727,0,0.0050006,1,Shared Control,0.01,Good Visuals,-0.5482161626980945,-0.318334031435887,0.0,6.145660368588056,1.0147392461104323,-2.788192351298243,-1.559720754515093,0.0598748478452113,4.536336730665601,0.040978415876470366,33.83496644624081,0.9649164647373233,-3.811409126366567,0.03489243714494854
5494,22.2629547,-1.3315640462240337,-1.6214894791936774,0.12376392232064903,-0.2253207567749047,4.489486558056591,-1.4627770271124694,-1.3678984304731174,0,0.0053899,1,Shared Control,0.01,Good Visuals,-0.5324753250612931,-0.31647704133066884,0.0,6.1417991237959955,1.014650962891595,-2.7718638064751255,-1.5433922096919754,0.06754414213329892,4.771498443387861,0.03870505316127061,33.81140912636657,0.9651075628550515,-3.7873191126030874,0.0346888933697736
5495,22.2666314,-1.3378472315312133,-1.6137834771306727,0.12492979558125605,-0.24588504665755528,4.454655718435883,-1.4677708580147213,-1.3485705627866822,0,0.0036767,1,Shared Control,0.01,Good Visuals,-0.5310332172151244,-0.3144726522166244,0.0,6.1377721575649,1.0145604984983831,-2.7550209514328268,-1.5265493546496767,0.06868965613399917,4.69055782619437,0.039168439959517735,33.787319112603086,0.9653111066302265,-3.7614299291894158,0.034469193261493156
5496,22.2700703,-1.3439733372057134,-1.6268654412071757,0.12379752080900785,-0.2782948784204935,4.345217663575378,-1.4723773319426978,-1.33046426067638,0,0.0034389000000000004,1,Shared Control,0.01,Good Visuals,-0.5168074412473435,-0.312137056568747,0.0,6.133435014887616,1.014463241113162,-2.7384507949796557,-1.5099791981965056,0.0832076210032287,4.797520615296053,0.03928700415731832,33.76142992918942,0.9655308067385069,-3.7315151623220175,0.03421318976738986
5497,22.2743788,-1.3502565225128929,-1.6443534065890377,0.12212080942980497,-0.3138891459126578,4.209872979979395,-1.478060706517157,-1.3077446275543219,0,0.004308500000000001,1,Shared Control,0.01,Good Visuals,-0.4763924153101487,-0.3073505611510419,0.0,6.128402585617903,1.014350795498052,-2.7149104407427664,-1.4864388439596161,0.13348024836779981,5.205854671020905,0.03864179375583192,33.73151516232202,0.9657868102326101,-3.6726715798584575,0.03368854435089597
5498,22.2779646,-1.356068468922034,-1.6296068656959768,0.12199223759512301,-0.32186223814165493,4.138612892428793,-1.4827160757276416,-1.2888099202093248,0,0.0035858,1,Shared Control,0.01,Good Visuals,-0.42884765200897423,-0.3022775496944122,0.0,6.118300220827873,1.0141291199080085,-2.6957316370591413,-1.4672600402759912,0.19317130465420687,5.606853675853651,0.03753389930647001,33.67267157985846,0.966311455649104,-3.607477881044003,0.03313249405181977
5499,22.281499,-1.3606237782697395,-1.5924521808339631,0.12209229745790218,-0.3036422606246383,4.080010561589338,-1.4872382337388341,-1.2701265698379394,0,0.0035344,1,Shared Control,0.01,Good Visuals,-0.4187181664259352,-0.29672936827050445,0.0,6.107348574074144,1.0138839330233322,-2.6754744447782666,-1.4470028479951167,0.20262307711123,5.6483360140739,0.036875514661992334,33.607477881044005,0.9668675059481803,-3.5364110503913606,0.03252436060554869
5500,22.2850943,-1.36659280431156,-1.5506881002468904,0.12064542942727408,-0.28056153040895104,4.02254003200486,-1.4917705283304168,-1.2511037786309078,0,0.0035953,1,Shared Control,0.01,Good Visuals,-0.4364233045808116,-0.2920466639091791,0.0,6.095389503886799,1.0136164946749064,-2.6571269691643,-1.4286553723811497,0.17668521181055746,5.344132475232138,0.03622837029537783,33.53641105039136,0.9674756393944514,-3.4749850857738513,0.03201109167586837
5501,22.2886558,-1.370833954393906,-1.5131194272346011,0.1209365739365107,-0.2620156486036933,3.960213331231907,-1.4961927560400603,-1.2322452815022906,0,0.0035615000000000004,1,Shared Control,0.01,Good Visuals,-0.4498309521893958,-0.2876929753952215,0.0,6.0851698578067746,1.0133854703072864,-2.6381024415123555,-1.4096308447292056,0.15335393706126116,5.176460506079699,0.0352340951801257,33.47498508577385,0.9679889083241316,-3.4185539962637397,0.03153388601194127
5502,22.292544000000003,-1.3766459008030472,-1.4625051299460972,0.11954685523701314,-0.23025984844380654,3.979841316270338,-1.5009439244990919,-1.2116436971572406,0,0.0038882,1,Shared Control,0.01,Good Visuals,-0.46931024445016417,-0.28384434538466136,0.0,6.0757255637930685,1.0131730330922775,-2.6190773340308113,-1.3906057372476615,0.12587076608791073,4.86252299788994,0.03479260278989896,33.41855399626374,0.9684661139880587,-3.3685530783765456,0.03111203956300238
5503,22.2961096,-1.3824578472121882,-1.440224672499604,0.11848607728690363,-0.22858097534236332,3.912263246430054,-1.505230466079841,-1.19274235272033,0,0.0035656000000000004,1,Shared Control,0.01,Good Visuals,-0.4920847887435006,-0.2815358262394889,0.0,6.067365823756067,1.0129847502092402,-2.6034383668744585,-1.3749667700913086,0.08635447678396554,4.586745411881973,0.033932698867544867,33.36855307837654,0.9688879604369977,-3.3370992791204515,0.030859003911088225
5504,22.2994957,-1.3866989972945347,-1.452410690723173,0.1185314687853063,-0.25966833800284306,3.7715832916082817,-1.5092388130408916,-1.1747871517054556,0,0.0033861000000000004,1,Shared Control,0.01,Good Visuals,-0.4867671892143353,-0.279067332349675,0.0,6.062224513634512,1.012866502524792,-2.586776967619493,-1.3583053708363433,0.08854194703303263,4.648568510397122,0.03335807566684436,33.33709927912045,0.9691409960889118,-3.3056590702648148,0.030588433505830227
5505,22.303110800000002,-1.3921967844383167,-1.4490447390698526,0.11704202860257484,-0.2742575873643971,3.7232383022838813,-1.5134511312364967,-1.1556145834566531,0,0.0036151000000000004,1,Shared Control,0.01,Good Visuals,-0.4549565973224891,-0.2756225307376485,0.0,6.056916209418851,1.0127479511444246,-2.5700561321064415,-1.341584535323292,0.13181567116972265,4.908797085709214,0.0330782607934042,33.30565907026482,0.9694115664941698,-3.262877368761591,0.03021085048970629
5506,22.307478900000003,-1.401621562399086,-1.432948259437897,0.11182956883741069,-0.2773336759812439,3.5334341162642255,-1.5184483742233557,-1.1324482858056528,0,0.004368100000000001,1,Shared Control,0.01,Good Visuals,-0.40810765394210774,-0.2668161886090472,0.0,6.0395009585587145,1.012363432432596,-2.533514624862429,-1.3050430280792793,0.1830569674908297,5.311677949912308,0.03139650477063672,33.20383915186493,0.9703110391567373,-3.151682375222788,0.02924559164567655
5507,22.3133112,-1.4055485532160734,-1.3893249134578545,0.11289982100728224,-0.25687662765220165,3.5483857330062007,-1.524962966984352,-1.101524421559437,0,0.0058323,1,Shared Control,0.01,Good Visuals,-0.39370768723787836,-0.2616714352953288,0.0,6.030744818781926,1.0121666783587333,-2.513910620847146,-1.285439024063996,0.19816966528542387,5.42596291593783,0.029837939330991,33.15168237522279,0.9707544083543235,-3.087675365211551,0.028681677756811234
5508,22.317097,-1.410575101461817,-1.3345846447151186,0.11438786552253499,-0.23306022315568153,3.5774468801986345,-1.529095137504005,-1.0814612857108763,0,0.0037858,1,Shared Control,0.01,Good Visuals,-0.4196955248702363,-0.2577131891071693,0.0,6.019808921085419,1.0119247795883326,-2.49671206373365,-1.2682404669505,0.1581545792022091,5.03441166017677,0.029542658207561263,33.08767536521155,0.9713183222431888,-3.036352221897635,0.028247816332377242
5509,22.320519500000003,-1.414502092278804,-1.2981646574438193,0.11459304522520086,-0.21670337173294296,3.5488753508893773,-1.532765414203686,-1.0633332847863177,0,0.0034225,1,Shared Control,0.01,Good Visuals,-0.45181563963878574,-0.2548268480527866,0.0,6.011213715720284,1.0117310595070361,-2.4801436616622663,-1.2516720648791166,0.10814433725202999,4.656792510015324,0.02947926161897451,33.03635222189764,0.9717521836676227,-2.998700565808841,0.02793144590423087
5510,22.3247901,-1.4220419146474197,-1.2748408370929942,0.11072349955626626,-0.2115075523066765,3.548191315873358,-1.5372582128749412,-1.0407298218088201,0,0.0042706,1,Shared Control,0.01,Good Visuals,-0.4689079951803151,-0.2514816136920763,0.0,6.004925741836906,1.0115889299504124,-2.4562350318757686,-1.2277634350926192,0.08155496154787832,4.410535305950696,0.029201384523508362,32.99870056580884,0.9720685540957691,-2.957013829291296,0.027564776405717906
5511,22.329414000000003,-1.425654746199048,-1.2510623079837697,0.11160346667589316,-0.2103324861749496,3.633252452379421,-1.5420139102859285,-1.0162821069820882,0,0.0046239,1,Shared Control,0.01,Good Visuals,-0.4501728461545376,-0.24904312714737895,0.0,5.9978071205979075,1.0114312494684503,-2.4396821642173503,-1.211210567434201,0.09241833511721395,4.600191106472002,0.02784492434204373,32.9570138292913,0.9724352235942821,-2.9254028035016937,0.027297495090849156
5512,22.333164500000002,-1.4306812944447918,-1.2327236554943846,0.11133261584113674,-0.21644154851229636,3.718449775687232,-1.5457883271591553,-0.9964756275775879,0,0.0037505000000000004,1,Shared Control,0.01,Good Visuals,-0.45607329016027365,-0.24716332481139583,0.0,5.992511180743659,1.011311830963857,-2.4245190253241713,-1.1960474285410219,0.07481015234334984,4.461321317282317,0.027794076341452728,32.9254028035017,0.9727025049091509,-2.901168265672309,0.02709145087824216
5513,22.3364954,-1.4341370463637404,-1.2249312527778018,0.11165128079541486,-0.2284556252002139,3.7554172552407117,-1.5490782195368245,-0.9789051588061737,0,0.0033309000000000004,1,Shared Control,0.01,Good Visuals,-0.4478386160311774,-0.24524527856165249,0.0,5.988440009905408,1.0112202420640146,-2.408224472242715,-1.1797528754595654,0.0728525715920327,4.553586262423581,0.027517339491245234,32.90116826567231,0.9729085491217578,-2.877128030101211,0.026881214768994275
5514,22.340902300000003,-1.4386923557114457,-1.1965577454087728,0.11038586382537874,-0.21765258660259912,3.8791342960953346,-1.5533409920147114,-0.9556914235929523,0,0.0044069,1,Shared Control,0.01,Good Visuals,-0.4371616874343942,-0.24287217503168185,0.0,5.9843456677130735,1.0111292767942155,-2.3894864832206006,-1.161014886437451,0.0792269531927864,4.592306698555089,0.0273819494604368,32.87712803010121,0.9731187852310057,-2.847875203513173,0.02662110005432032
5515,22.344078500000002,-1.4435618243245099,-1.1753592355155544,0.10977916769020157,-0.2196678119226021,3.9505593773035135,-1.556349923184945,-0.93898592071323,0,0.0031762,1,Shared Control,0.01,Good Visuals,-0.43998188548612316,-0.24138306839226215,0.0,5.979322479611845,1.011018499486595,-2.3743185575153443,-1.1458469607321946,0.06067935162473078,4.507421980106498,0.02680965484002078,32.847875203513176,0.9733788999456797,-2.8283486283646098,0.026457879805502713
5516,22.347510500000002,-1.4467034169780997,-1.1794076052097684,0.10964650620684524,-0.24042168449653845,3.930445473489045,-1.559541584323189,-0.9209611634518726,0,0.003432,1,Shared Control,0.01,Good Visuals,-0.43397578867622544,-0.23992785514057996,0.0,5.976068274580222,1.010944710667284,-2.357980543126637,-1.129508946343487,0.056285951475021745,4.579938437672045,0.02649883234260954,32.82834862836461,0.9735421201944973,-2.810085110915039,0.026298374594301177
5517,22.351080600000003,-1.4514158059584843,-1.172534133243377,0.10812577836470472,-0.25157296979150434,3.9652360511078464,-1.5627960836530137,-0.902242160777683,0,0.0035701,1,Shared Control,0.01,Good Visuals,-0.41187771916960014,-0.2379533236380406,0.0,5.972959381879925,1.0108755758777277,-2.34185372117007,-1.1133821243869202,0.08074830072033351,4.731493356579913,0.026307251057866667,32.81008511091504,0.9737016254056988,-2.7859492895162994,0.026081947164182225
5518,22.3545607,-1.4547144782447536,-1.1600982275784826,0.10808160540826006,-0.25785606680079953,3.9779883803171314,-1.5659042729337742,-0.8840277524570634,0,0.0034801000000000003,1,Shared Control,0.01,Good Visuals,-0.3910948783590762,-0.23544938351962078,0.0,5.968797159736413,1.010784110269105,-2.3237785127602044,-1.0953069159770548,0.09724608661324342,4.942632871169083,0.02572888833283163,32.785949289516296,0.9739180528358178,-2.7552628110274346,0.025807491515181736
5519,22.3585181,-1.4600551857558561,-1.1399850703973253,0.10584908717791808,-0.2559573179402619,4.011961900745289,-1.5693618083334966,-0.8633572025990187,0,0.003957400000000001,1,Shared Control,0.01,Good Visuals,-0.38393910383898394,-0.23241240698738524,0.0,5.963511815374491,1.0106678127497535,-2.3024182863449143,-1.0739466895617649,0.09981369584504608,4.926251479541042,0.02544774736318574,32.755262811027436,0.9741925084848183,-2.7179727432961234,0.025474610006146297
5520,22.362432400000003,-1.4631967784094462,-1.1098945603873398,0.10616502992405041,-0.2465373577883211,4.102763376066816,-1.5727013087269954,-0.8429586619088746,0,0.0039143,1,Shared Control,0.01,Good Visuals,-0.37190139969171004,-0.22985009712430807,0.0,5.957094779854706,1.0105264700758363,-2.284369441541389,-1.0558978447582397,0.1032921606392109,5.006892144786187,0.024600641128437517,32.71797274329612,0.9745253899938537,-2.685646560308572,0.025193756478045556
5521,22.366143100000002,-1.4674379284917922,-1.082087637605093,0.10526338023520321,-0.23912897569621838,4.186679498830271,-1.5757934682841344,-0.82366689617317,0,0.0037107000000000004,1,Shared Control,0.01,Good Visuals,-0.38274996748781054,-0.2279916483173059,0.0,5.951604865327553,1.0104040351957306,-2.2679033631794288,-1.0394317663962795,0.07817969712516615,4.801725872495096,0.02440204243924806,32.68564656030857,0.9748062435219544,-2.66185221505621,0.0249900528152831
5522,22.369538900000002,-1.470579521145382,-1.0633430207195862,0.10521394713875232,-0.23967612454641618,4.2358837282654305,-1.5785605590634242,-0.8060534642239153,0,0.0033958,1,Shared Control,0.01,Good Visuals,-0.3844683385278783,-0.22642968488710033,0.0,5.9475923692381905,1.0103139438281592,-2.2508117855437004,-1.0223401887605512,0.06311335695327998,4.763538917427068,0.0239991715672753,32.66185221505621,0.9750099471847169,-2.6421525298089805,0.024818846769340343
5523,22.374161400000002,-1.4785905824120362,-1.024546400379866,0.09996997665138796,-0.21849293615595078,4.365756835084503,-1.5822312502277618,-0.7821440623585711,0,0.0046225,1,Shared Control,0.01,Good Visuals,-0.38157171388636435,-0.22385028613308847,0.0,5.940986631054782,1.010167091780186,-2.216282188516664,-0.987810591733515,0.04526860895802867,4.663318179257938,0.023366091806642265,32.623104809947186,0.9753491759022503,-2.609674163947067,0.024536120136280867
5524,22.3803118,-1.4844025288211773,-1.0262469858500238,0.0978287214065845,-0.24410292349145268,4.405230984028847,-1.586944232727273,-0.7504583255506699,0,0.0061504,1,Shared Control,0.01,Good Visuals,-0.34779530829401567,-0.221480391141818,0.0,5.936753530404255,1.0100723947688564,-2.187304660935328,-0.9588330641521791,0.07391845247132355,4.9352020396771525,0.02247403390967773,32.59811222575883,0.9755650351412325,-2.5806954243926743,0.02427635710796108
5525,22.3865075,-1.4872299622094078,-0.9988251314994642,0.09971427051786508,-0.24836680594879423,4.519052058468558,-1.5914953663738762,-0.7186951858035852,0,0.0061957,1,Shared Control,0.01,Good Visuals,-0.3339433362641274,-0.21956711670095344,0.0,5.93372592053329,1.0100062719133547,-2.169262537746143,-0.940790940962994,0.08295741537607852,5.010587422013169,0.021667143482034277,32.58069542439267,0.975723642892039,-2.557492464594041,0.024066644034345358
5526,22.390919,-1.4908427937610362,-0.9525278623848015,0.10065257261284,-0.23383267658121631,4.669914067626931,-1.5946161959505794,-0.6961802048866838,0,0.0044115000000000005,1,Shared Control,0.01,Good Visuals,-0.34044629243026026,-0.2179499849170281,0.0,5.92970741124104,1.00991819541993,-2.149771987781839,-0.92130039099869,0.062019352653634056,4.868742497078326,0.021893974871546523,32.55749246459404,0.9759333559656547,-2.537257085759416,0.02388939101219376
5527,22.3942061,-1.4944556253126644,-0.9226528479045215,0.10016057063791495,-0.22647264301783776,4.748543074527443,-1.596877117541011,-0.6794610815193864,0,0.0032871000000000003,1,Shared Control,0.01,Good Visuals,-0.36035899686771833,-0.21751030627086917,0.0,5.926256150644715,1.0098414563343667,-2.134081808630721,-0.9056102118475721,0.019502325560939685,4.6050067947634155,0.021937226682828555,32.537257085759414,0.9761106089878062,-2.530732847398661,0.02384119805130963
5528,22.397650700000003,-1.4971259790682159,-0.9155306038166229,0.09975113847279515,-0.23606952229723643,4.770495373194155,-1.5991874914141717,-0.6619951411402639,0,0.0034446000000000004,1,Shared Control,0.01,Good Visuals,-0.3647783486281665,-0.2174784181186894,0.0,5.9252282023071325,1.009816842455316,-2.117788916672739,-0.8893173198895901,0.0013460816516951077,4.5434723809208,0.021785956395717905,32.53073284739866,0.9761588019486904,-2.5299216505125943,0.023837702806580117
5529,22.401138200000002,-1.500738810619844,-0.9085263922808587,0.09844868079432767,-0.24653125114059482,4.810501234537075,-1.6014654482567274,-0.6443699527281387,0,0.0034875,1,Shared Control,0.01,Good Visuals,-0.3526516026132034,-0.21725219074984517,0.0,5.925124037186146,1.009813818272083,-2.1019916861535233,-0.8735200893703743,0.010055553830747573,4.60077776072221,0.021693719800601828,32.52992165051259,0.9761622971934198,-2.527293840700908,0.023812906135573065
5530,22.4046486,-1.503252084742716,-0.899353438493442,0.09821336351401144,-0.2549834857653033,4.836566936959169,-1.603696394499047,-0.626689970632959,0,0.0035104000000000003,1,Shared Control,0.01,Good Visuals,-0.3343266610530954,-0.21669464232609545,0.0,5.92465898850717,1.0098038255592925,-2.0846514961904,-0.856179899407251,0.023843354747860205,4.773887058646946,0.021388191578999894,32.52729384070091,0.9761870938644269,-2.520727152824461,0.023751793526144527
5531,22.4084271,-1.5073361551923825,-0.8808373019243794,0.09636023930666449,-0.2541473312914204,4.890159803171156,-1.606028499141823,-0.6077299824523712,0,0.0037785,1,Shared Control,0.01,Good Visuals,-0.32429040828881045,-0.21587597063927638,0.0,5.923504935373982,1.0097788663972815,-2.06388913303834,-0.835417536255191,0.029548474312343267,4.794006592638956,0.021282309678311503,32.52072715282446,0.9762482064738555,-2.5108823203213553,0.02366205932384817
5532,22.4124063,-1.510006508947934,-0.8592864400235771,0.09602199019388902,-0.2515564575712059,4.9581707219865105,-1.6084071850028094,-0.5878438986700367,0,0.0039792000000000004,1,Shared Control,0.01,Good Visuals,-0.3140022528324462,-0.21517941206252567,0.0,5.9217926152302915,1.0097414731509573,-2.046411607536746,-0.8179400107535967,0.030699558156193754,4.83833720942179,0.02080186019135915,32.51088232032136,0.9763379406761519,-2.5021935272273463,0.02358570987968909
5533,22.4161311,-1.5131481016015236,-0.8438064020127788,0.09525908340128586,-0.25596250334274206,5.004108739446655,-1.610562238430181,-0.5693065265088004,0,0.0037248000000000003,1,Shared Control,0.01,Good Visuals,-0.31448109018979287,-0.214760073823101,0.0,5.920308306890662,1.0097085101755525,-2.030130260401505,-0.8016586636183561,0.019552998813434027,4.757845451560664,0.020661955394994644,32.50219352722735,0.9764142901203109,-2.4967698087782098,0.02353974642081666
5534,22.419573200000002,-1.5153472164590367,-0.8250619624088178,0.09521502197114429,-0.25575543590001737,5.061623131889249,-1.6124924643843919,-0.5522442463611666,0,0.0034421,1,Shared Control,0.01,Good Visuals,-0.3054341524549748,-0.21429472801621757,0.0,5.919397809743477,1.0096879574689321,-2.012943271636143,-0.7844716748529941,0.021030888636194064,4.819953100387587,0.020457847783581087,32.49676980877821,0.9764602535791833,-2.4910692568619996,0.02348874009502703
5535,22.4242713,-1.5206879239701392,-0.7734998917646967,0.09180454041425268,-0.22125564540353004,5.207142366728548,-1.6150324629370891,-0.5290644125576933,0,0.0046981,1,Shared Control,0.01,Good Visuals,-0.30822224371801055,-0.21411329450445382,0.0,5.917825966782639,1.0096529998147947,-1.980088730487783,-0.7516171337046341,-0.004344088091641471,4.6485973061235475,0.020119002098239847,32.48755516372699,0.9765409765003795,-2.48832592522012,0.02346885325673755
5536,22.4298906,-1.5238295166237292,-0.7630104123784691,0.0912029463133599,-0.2339459998207758,5.2280941862961585,-1.6179279243013243,-0.5015083406046896,0,0.005619300000000001,1,Shared Control,0.01,Good Visuals,-0.3199059550777278,-0.2146974603227012,0.0,5.917986577467846,1.0096559680409392,-1.9649845486678292,-0.7365129518846802,-0.02800811872067787,4.401241861400392,0.019656572598562915,32.48832592522012,0.9765311467432625,-2.4950583773433443,0.023532883385729675
5537,22.4334999,-1.526028631481242,-0.7619722892946073,0.09189929282008236,-0.2604639486899176,5.221893289302653,-1.6197062331271055,-0.4839085366028293,0,0.0036093,1,Shared Control,0.01,Good Visuals,-0.3036359470719304,-0.21504756337117076,0.0,5.91918283385224,1.0096815817488494,-1.948612759508693,-0.7201411627255442,-0.016286655651937758,4.573892037530337,0.019581040947426034,32.49505837734334,0.9764671166142703,-2.4995662366248936,0.02357125800925917
5538,22.4370957,-1.5286989852367932,-0.7531698470397754,0.09100724789031234,-0.2692613104369461,5.238318830142036,-1.6214148656415968,-0.46645379185703706,0,0.0035958,1,Shared Control,0.01,Good Visuals,-0.2810483103755672,-0.21491280368698454,0.0,5.919941225056438,1.009698666807287,-1.9322444887353087,-0.70377289195216,0.006581939365314018,4.778359589369207,0.01976271899649244,32.499566236624894,0.9764287419907408,-2.498354819489482,0.023556487066331924
5539,22.4413322,-1.5315264186250241,-0.7346166131492009,0.08988844701657261,-0.26816282129216384,5.255261999302663,-1.6233476149011912,-0.44599239211679254,0,0.004236500000000001,1,Shared Control,0.01,Good Visuals,-0.26686363699799803,-0.21445814092855336,0.0,5.919695212567977,1.0096940113902335,-1.9099167188357926,-0.681445122052644,0.016860216943106635,4.8803868632821885,0.019558622799943432,32.498354819489485,0.976443512933668,-2.493061366091441,0.023506651704246536
5540,22.444953400000003,-1.5341967723805754,-0.7175410679368122,0.08915084252061578,-0.2715486758200196,5.226271280175371,-1.624931114013175,-0.4285930872235495,0,0.0036212,1,Shared Control,0.01,Good Visuals,-0.26127110076761406,-0.2141567265704491,0.0,5.918759470653519,1.0096738802545335,-1.893498955184486,-0.6650273584013373,0.015175037356482811,4.815723234573108,0.019277309238128933,32.49306136609144,0.9764933482957535,-2.4892212036506334,0.02347361382420179
5541,22.448521200000002,-1.5359246483400497,-0.6966930975187131,0.08900646567312531,-0.2681000102951636,5.2012552051426395,-1.6264297906528535,-0.41153319701139973,0,0.0035678000000000003,1,Shared Control,0.01,Good Visuals,-0.2534328517962199,-0.21376716950297983,0.0,5.9181101193661725,1.0096593203672084,-1.8760352661255055,-0.6475636693423568,0.018797522339298035,4.861693454798173,0.01909225260521268,32.48922120365064,0.9765263861757982,-2.4844988952903817,0.02343091466498928
5542,22.452249700000003,-1.538595002095601,-0.6706827596185665,0.08783478855725257,-0.25914956260716676,5.188082746096388,-1.627931093593117,-0.39379414308490496,0,0.0037285,1,Shared Control,0.01,Good Visuals,-0.2559923798695059,-0.21355944358166093,0.0,5.917291982988745,1.0096413856688482,-1.8599062132637196,-0.631434616480571,0.01056211832736078,4.732009054359934,0.019026660234408136,32.48449889529038,0.9765690853350107,-2.4817795308516906,0.023408145928576454
5543,22.455730000000003,-1.5403228780550755,-0.6487764190761238,0.08760821553804155,-0.25498227599121887,5.148888798919666,-1.6292729233877958,-0.37731946953239454,0,0.0034803000000000004,1,Shared Control,0.01,Good Visuals,-0.258058767662264,-0.21355567410832105,0.0,5.916838076683379,1.0096310836817357,-1.8427378834787156,-0.6142662866955669,0.00017896414759813108,4.662519630928258,0.0187579485713997,32.48177953085169,0.9765918540714236,-2.4815426621679424,0.023407732758451386
5544,22.459498900000003,-1.5429932318106268,-0.6267244333089705,0.08627969157716908,-0.249404963776576,5.120171024947256,-1.6306615261278228,-0.35957090784412593,0,0.0037689000000000004,1,Shared Control,0.01,Good Visuals,-0.26092365510568905,-0.21373680533042064,0.0,5.916813400014795,1.0096302087681,-1.8249307442460563,-0.5964591474629075,-0.008071669192314194,4.53661959458356,0.018709231526653547,32.48154266216794,0.9765922672415486,-2.483598165757919,0.023427586462918953
5545,22.4632514,-1.5451923466681396,-0.6153297055154001,0.08546917945968313,-0.2557587976712742,5.063853166059509,-1.6319778110272254,-0.3419961773892486,0,0.0037525,1,Shared Control,0.01,Good Visuals,-0.2587238591448525,-0.21397112717243363,0.0,5.917181517757355,1.0096380336638153,-1.8095725875715267,-0.5811009907883778,-0.012135171734875404,4.490951714875039,0.01844114564259812,32.48359816575792,0.976572413537081,-2.486428354813424,0.02345327036516229
5546,22.466517600000003,-1.546920222627614,-0.6097956842444877,0.08505758839961142,-0.2677995068552391,5.005313531477177,-1.63306996666112,-0.3267784746345268,0,0.0032662000000000004,1,Shared Control,0.01,Good Visuals,-0.24755207369202653,-0.21400981651034978,0.0,5.917672732102075,1.0096487838654007,-1.7932198130560368,-0.5647482162728878,-0.0019374814711220227,4.567303797198623,0.01828793666749141,32.48642835481343,0.9765467296348377,-2.4870799095681373,0.02345751108452657
5547,22.4700877,-1.5491193374851269,-0.5950256385658554,0.08395062917599305,-0.26824716393132864,4.982510396728577,-1.6342070326941216,-0.31023044491905105,0,0.0035701,1,Shared Control,0.01,Good Visuals,-0.2329671412481294,-0.21374877122351768,0.0,5.9177699895129665,1.0096512347559898,-1.7773802942875205,-0.5489086975043714,0.013892791100312713,4.651841048022426,0.018203158886213697,32.48707990956814,0.9765424889154735,-2.484143590084048,0.023428898038595887
5548,22.4743983,-1.5511613727099605,-0.5823353220463989,0.08304565998416114,-0.2721048771273479,4.9269520079938065,-1.6355014604777574,-0.29037059459863784,0,0.0043106,1,Shared Control,0.01,Good Visuals,-0.2259230867605217,-0.21338130344687062,0.0,5.917241747223715,1.009640053360247,-1.758620908403958,-0.5301493116208087,0.016787298140980386,4.667442745711265,0.01794434382980971,32.484143590084045,0.9765711019614041,-2.4797259330049832,0.023388620075722684
5549,22.4774649,-1.552732169036755,-0.5616958424639551,0.08276929144100231,-0.27132524786531725,4.8952007866386,-1.6363703548234785,-0.2763232555915061,0,0.0030666,1,Shared Control,0.01,Good Visuals,-0.2166140081535024,-0.21291036169692945,0.0,5.916473229206589,1.0096232704274772,-1.7419111559179312,-0.513439559134782,0.024475794313587502,4.6703987047981155,0.01772039117302593,32.479725933004985,0.9766113799242773,-2.474026088283233,0.02333700038135751
5550,22.4811297,-1.554617124628909,-0.532074138562028,0.08175323019456937,-0.2557508829705219,4.886627075624526,-1.637352396741698,-0.25962510564717195,0,0.0036648,1,Shared Control,0.01,Good Visuals,-0.21569008766328657,-0.2125471653630835,0.0,5.915484947829149,1.0096016207618927,-1.7260686906476919,-0.4975970938645427,0.019684033476622932,4.6041632335259095,0.01762243977810237,32.47402608828323,0.9766629996186424,-2.4694628173142648,0.023297190609235966
5551,22.484588100000003,-1.5560308413230246,-0.5067293574510963,0.08132155541867347,-0.2471042518039243,4.858464235430134,-1.638223166399345,-0.24395746503404478,0,0.0034584000000000004,1,Shared Control,0.01,Good Visuals,-0.22534441281424367,-0.2125558971689308,0.0,5.914708081613884,1.0095843092177188,-1.710437727618605,-0.48196613083545575,-0.00046189787139004623,4.413656086146256,0.017376417337131366,32.469462817314266,0.976702809390764,-2.4692321561382404,0.02329814769819474
5552,22.4881533,-1.557758717282499,-0.48428897848393926,0.08046444911684603,-0.24033151344989448,4.835159474781856,-1.6390642686209387,-0.22789836420884793,0,0.0035652,1,Shared Control,0.01,Good Visuals,-0.23151998323150386,-0.21282136912893146,0.0,5.914696913099648,1.0095834764095475,-1.6958080685703116,-0.4673364717871626,-0.014499505675854146,4.2602385114423935,0.017285376171189068,32.46923215613824,0.9767018523018053,-2.47225485489915,0.02332724594960156
5553,22.4921948,-1.5594865932419733,-0.46818930443050066,0.07957767537896543,-0.24029094022165273,4.79514442903389,-1.6399487230730905,-0.20980821192025634,0,0.0040415,1,Shared Control,0.01,Good Visuals,-0.23332882302667624,-0.21332148553573899,0.0,5.915237329935109,1.0095949825262585,-1.6790334369652944,-0.45056184018214546,-0.02353182486993541,4.177366173178889,0.01712455422725241,32.47225485489915,0.9766727540503984,-2.478188372845257,0.023382063463805048
5554,22.4955356,-1.5609003099360885,-0.45396372911250177,0.07904841313700195,-0.24415551719224543,4.755014019588415,-1.6406248027294834,-0.19494697253219778,0,0.0033408,1,Shared Control,0.01,Good Visuals,-0.22820157363312382,-0.2137392897238793,0.0,5.916276371297717,1.0096175356027361,-1.6642453752701525,-0.43577377848700355,-0.022391984760313805,4.149054961882582,0.016975627927321706,32.47818837284526,0.976617936536195,-2.483396934851019,0.023427858776068157
5555,22.4991188,-1.562628185895563,-0.4422882904229538,0.07799661683392034,-0.24734131789075603,4.704971739310084,-1.641294918364217,-0.1791012021205646,0,0.0035832000000000004,1,Shared Control,0.01,Good Visuals,-0.2212341014674725,-0.21407040424969198,0.0,5.917166454054354,1.0096372993239664,-1.6500163324221042,-0.4215447356389552,-0.01868694985470663,4.168949883697621,0.016895751677702565,32.48339693485102,0.9765721412239319,-2.4875542916886375,0.023464152076937014
5556,22.502578900000003,-1.56357066369164,-0.4309105822242295,0.07772425467257693,-0.25180938010366494,4.6537784376347995,-1.6418882883060557,-0.16389252208266722,0,0.0034601000000000002,1,Shared Control,0.01,Good Visuals,-0.21184526386641458,-0.21427560366562226,0.0,5.917874435741689,1.0096530700935338,-1.6348767192311051,-0.4064051224479562,-0.011184441702413622,4.221395603111488,0.01669676729574566,32.48755429168864,0.976535847923063,-2.4901981999455414,0.023486643884332636
5557,22.5075021,-1.5662410174471912,-0.3824300641656637,0.07564727085886447,-0.2185375420829965,4.634287683471164,-1.6426422085824368,-0.1424109890437207,0,0.0049232,1,Shared Control,0.01,Good Visuals,-0.21045823486653997,-0.21476144883689216,0.0,5.918584018067848,1.0096690790769125,-1.6059918159801976,-0.3775202191970488,-0.02109149976854237,4.067119600480588,0.016487999621503734,32.49177846486505,0.9765000036368691,-2.4960448776597306,0.023539897135404306
5558,22.512929200000002,-1.5676547341413067,-0.37354359658946956,0.07498747444113008,-0.23113260754574885,4.568719127412769,-1.6433513149013963,-0.11894757686039162,0,0.005427100000000001,1,Shared Control,0.01,Good Visuals,-0.22712744689362796,-0.21556350422677398,0.0,5.9193356974172575,1.009685300796695,-1.5932122696821818,-0.3647406728990331,-0.04645428021062659,3.7205002468822146,0.016246117490206546,32.49604487765973,0.9764601028645957,-2.505517866905272,0.023627810033538334
5559,22.516614500000003,-1.5684401323047041,-0.3642469570496071,0.07491118259669216,-0.24529938018921546,4.525968175772111,-1.6437605214888824,-0.10314512009788421,0,0.0036853000000000003,1,Shared Control,0.01,Good Visuals,-0.21062118518061604,-0.21609484740121304,0.0,5.920998237116094,1.0097213079072354,-1.5792409568136707,-0.3507693600305221,-0.02995222476386134,3.9035827075273035,0.016164562763645647,32.50551786690527,0.9763721899664617,-2.512297437951554,0.0236860502984352
5560,22.5201263,-1.5698538489988196,-0.3473678291113542,0.07390667249006277,-0.24422270901347,4.505733443913687,-1.6440964504422158,-0.08818537537283322,0,0.0035118000000000003,1,Shared Control,0.01,Good Visuals,-0.1959444787108884,-0.21637485574805007,0.0,5.922143779983621,1.0097470085911737,-1.5654155542448596,-0.33694395746171096,-0.01663379764830715,4.04086121728273,0.0161879205718766,32.51229743795155,0.9763139497015648,-2.5159879340263465,0.023716741876077724
5561,22.5244019,-1.5711104860602554,-0.33421939149580726,0.07298596438196037,-0.24603401612297404,4.444445581385591,-1.6444347872888045,-0.07010261696692657,0,0.0042756,1,Shared Control,0.01,Good Visuals,-0.1911247561506961,-0.21680400292100813,0.0,5.922757774219821,1.009760983745946,-1.5452602014588641,-0.31678860467571557,-0.01771829599683028,4.04198391376625,0.015991545598855714,32.51598793402635,0.9762832581239222,-2.521151211882183,0.023763780487346613
5562,22.5283875,-1.5720529638563323,-0.31815372109400425,0.07238182343247224,-0.24805110412707768,4.376537039123674,-1.6446808139800846,-0.05337607975588851,0,0.003985600000000001,1,Shared Control,0.01,Good Visuals,-0.1839033417231392,-0.21702230886509846,0.0,5.923655603196305,1.009780594804295,-1.53094597887405,-0.30247438209090155,-0.012658760688791454,3.9786043095263866,0.01582364923505913,32.521151211882184,0.9762362195126534,-2.524032149309541,0.02378770889486931
5563,22.532189900000002,-1.5729954416524092,-0.29665035006540685,0.07168537232767536,-0.24327427030951834,4.319226274664031,-1.6448536187485228,-0.03753547934898668,0,0.0038024,1,Shared Control,0.01,Good Visuals,-0.17831976810422057,-0.21718578617062953,0.0,5.92413461123437,1.0097915032380635,-1.5173620961708074,-0.288890499387659,-0.010087674568733678,3.9812082952059136,0.01570847044118101,32.52403214930954,0.9762122911051307,-2.5261060001285927,0.023805627562195383
5564,22.5355063,-1.5737808398158069,-0.27740549622395144,0.07107277893271591,-0.23987001687496476,4.255127989145293,-1.6449553229039975,-0.02381314699328832,0,0.0033164,1,Shared Control,0.01,Good Visuals,-0.17904078051878355,-0.21747010058832442,0.0,5.924485994311351,1.0097993656335797,-1.5033119556949954,-0.27484035891184694,-0.01677568815501182,3.9085710840437455,0.015569043945920463,32.52610600012859,0.9761943724378046,-2.5295038855841216,0.023836791126153892
5565,22.5408258,-1.5755087157752812,-0.24713710287680105,0.06944660712871631,-0.22332395588351273,4.130801429653555,-1.645023840186254,-0.001985194324126055,0,0.0053195000000000004,1,Shared Control,0.01,Good Visuals,-0.1772571866057146,-0.21825070073440658,0.0,5.925833269865534,1.0098288161580762,-1.4751567125033196,-0.2466851157201712,-0.023827156088699845,3.769420473434005,0.015298581856971066,32.53386084557602,0.9761238476486531,-2.5390011587957657,0.023922352325531956
5566,22.546384200000002,-1.5761370343059993,-0.23222629615068327,0.06888680588025475,-0.23024110182655722,4.080763863558678,-1.6449720414870763,0.020582096025299118,0,0.005558400000000001,1,Shared Control,0.01,Good Visuals,-0.18606734954784027,-0.21882906046509468,0.0,5.926721119959401,1.0098483288066071,-1.4626344665576003,-0.23416286977445191,-0.03494306861367234,3.4871194502142266,0.01515677066946937,32.53900115879576,0.976077647674468,-2.5459914709346627,0.023985746052112736
5567,22.550185600000002,-1.5769224324693967,-0.2162306548330563,0.06804960901767965,-0.23681275085835543,4.035424724552951,-1.6448646990721913,0.0358738625021133,0,0.0038014000000000004,1,Shared Control,0.01,Good Visuals,-0.1758417260843694,-0.21927811022773408,0.0,5.927933861450866,1.0098748714099746,-1.4502438367941122,-0.22177224001096377,-0.028512525535343468,3.586600794132097,0.015074435009217508,32.545991470934666,0.9760142539478872,-2.551649379762834,0.024034966176480762
5568,22.5535694,-1.5773936713674352,-0.2027673543815486,0.0674710277047561,-0.2386412168836619,3.9832537978596974,-1.6447204176897,0.049388606655637976,0,0.0033838,1,Shared Control,0.01,Good Visuals,-0.1643027033835916,-0.21962059689677166,0.0,5.928895634141909,1.009896323401266,-1.4371345715780757,-0.20866297479492718,-0.021616042989660397,3.715672802935461,0.014921789667132965,32.551649379762836,0.9759650338235193,-2.555981989636525,0.02407250597239411
5569,22.557939500000003,-1.5781790695308324,-0.18643591946971216,0.06654134815886747,-0.23582452612535015,3.951966261062835,-1.644466687090366,0.06670713095107131,0,0.0043701,1,Shared Control,0.01,Good Visuals,-0.1590714690967018,-0.2200560414444172,0.0,5.929630684122352,1.0099127477554752,-1.4185804553314814,-0.1901088585483329,-0.019548078557237197,3.706005442243937,0.014818027377757153,32.55598198963652,0.9759274940276059,-2.5612774497744457,0.024120234835815654
5570,22.562103500000003,-1.5786503084288708,-0.16887542511488182,0.06581637866149515,-0.23558255606595313,3.929930918373272,-1.6441548095856409,0.08306684323937892,0,0.004164,1,Shared Control,0.01,Good Visuals,-0.1564596288334022,-0.22039532247166688,0.0,5.930546573014419,1.0099328486610988,-1.4063291681292647,-0.1778575713461161,-0.02261801619216783,3.588753647611693,0.014642825668215136,32.561277449774444,0.9758797651641844,-2.565555350618113,0.024157423262903967
5571,22.565510500000002,-1.5788073880615503,-0.14821937752818634,0.06534742152409057,-0.23128622076756528,3.925767772595638,-1.6438491477515351,0.09634936523788552,0,0.0034070000000000003,1,Shared Control,0.01,Good Visuals,-0.15244855942313001,-0.22079091505020815,0.0,5.9312734903881825,1.0099490664263668,-1.3934592766155343,-0.1649876798323858,-0.025370757596380723,3.5880262939391407,0.014505621999017558,32.56555535061811,0.9758425767370961,-2.5703939745429896,0.024200783971526602
5572,22.569087800000002,-1.5794357065922684,-0.1272973481770699,0.06441344115926673,-0.2236467134149554,3.9234363804758057,-1.6434796797897573,0.11019608634158612,0,0.0035773000000000003,1,Shared Control,0.01,Good Visuals,-0.1540564109760389,-0.2213258635621547,0.0,5.932107978802819,1.0099674285220879,-1.3815005549818127,-0.15302895819866416,-0.03612664793069536,3.4925152985373202,0.014428116994475623,32.57039397454299,0.9757992160284734,-2.5768727044234305,0.0242594194157004
5573,22.5741884,-1.5800640251229863,-0.10654612008752964,0.06341565466677102,-0.21674220642911576,3.8484879070729354,-1.6428676249659748,0.12976264136823637,0,0.0051006,1,Shared Control,0.01,Good Visuals,-0.15183566974610435,-0.22274385912040817,0.0,5.9348288070756485,1.0100269761083804,-1.3578465924238508,-0.12937499564070226,-0.04732580123639927,3.3703243025358867,0.014188536586183693,32.58607995883837,0.9756570017180813,-2.594278516638145,0.024414845213768552
5574,22.5793663,-1.5800640251229863,-0.09667019908306815,0.06280359984298856,-0.22643284045130452,3.8169165996650336,-1.6421447585743645,0.14941405083230938,0,0.0051779,1,Shared Control,0.01,Good Visuals,-0.15752752953194613,-0.22345492999127042,0.0,5.936227327497113,1.0100580606742922,-1.3481023435934567,-0.11963074681030825,-0.05459444281630877,3.1599211435593633,0.014125447649123699,32.59427851663814,0.9755851547862314,-2.603026418018864,0.024492785343371574
5575,22.582717300000002,-1.5803781843883453,-0.08226307607566881,0.06176657418601916,-0.2316771269079782,3.8085091870923535,-1.6416229284054107,0.16201855441954177,0,0.0033510000000000002,1,Shared Control,0.01,Good Visuals,-0.14419309322260396,-0.22410220616188883,0.0,5.937731657955727,1.0100912453460098,-1.3364172048951422,-0.1079456081119937,-0.044151100609122494,3.3206793879662815,0.014033774006114769,32.603026418018864,0.9755072146566284,-2.611095729483711,0.024563732967151704
5576,22.586165700000002,-1.5805352640210248,-0.0692602819167438,0.06108766438438584,-0.23127883633628557,3.7946580036005,-1.6410419921686936,0.17489667507872664,0,0.0034484000000000003,1,Shared Control,0.01,Good Visuals,-0.1328163712844528,-0.22464958712450098,0.0,5.939110301369652,1.0101218401115604,-1.3246427471003046,-0.09617115031715617,-0.03912203718280986,3.4407111992161337,0.013842025542148868,32.61109572948371,0.9754362670328482,-2.6179699171839173,0.024623731126148827
5577,22.590795500000002,-1.5805352640210248,-0.040135113723097846,0.060506728147668776,-0.2150317888018245,3.7830354403767426,-1.6401925070126155,0.19203928168196716,0,0.0046298,1,Shared Control,0.01,Good Visuals,-0.12483037906808514,-0.22579875624307844,0.0,5.941676112795071,1.010178589224095,-1.3010514621394895,-0.07257986535634103,-0.041166444955825034,3.36565348190979,0.013632854780917282,32.62606046915629,0.9753037294241584,-2.632261074215751,0.024749690989937238
5578,22.5963406,-1.5805352640210248,-0.022170719073642785,0.0596572429915907,-0.21421000075560995,3.783761150569208,-1.6390712078657992,0.21234940167457905,0,0.005545100000000001,1,Shared Control,0.01,Good Visuals,-0.14234928845096062,-0.22662694172595693,0.0,5.94272504162901,1.0102020790024995,-1.2918497970238898,-0.0633782002407413,-0.06691421303210948,2.9992389555409846,0.013662343960081674,32.63226107421575,0.9752503090100627,-2.6422034326892248,0.024840467994756206
5579,22.599602,-1.5805352640210248,-0.008772860543796134,0.05853594384477434,-0.2211222622183752,3.770127204666455,-1.6383593323820855,0.2241827305899895,0,0.0032614000000000002,1,Shared Control,0.01,Good Visuals,-0.13822635267526176,-0.22762923512098332,0.0,5.944455480901056,1.0102398190476563,-1.2811199985139925,-0.05264840173084391,-0.07131162035384896,3.037795790010867,0.013519938530986477,32.64220343268922,0.9751595320052437,-2.6544486399747256,0.024950328882481616
5580,22.6031097,-1.5805352640210248,-0.000875100288519181,0.05782406836106069,-0.22505783087850867,3.7434060399504925,-1.637550779464754,0.23681735250558966,0,0.0035077000000000003,1,Shared Control,0.01,Good Visuals,-0.12469120134016412,-0.22848151161857727,0.0,5.946568272097728,1.0102862681634643,-1.2700686381673705,-0.041597041384221795,-0.06344931922572715,3.2035714255216727,0.013324492124470814,32.654448639974724,0.9750496711175184,-2.6651580143524103,0.02504374649161463
5581,22.607594900000002,-1.5803781843883453,0.011737785299597518,0.057172595076408594,-0.22507956720599215,3.6797986421622855,-1.636452629017199,0.25283411400819095,0,0.0044852,1,Shared Control,0.01,Good Visuals,-0.10626147670304387,-0.22991437868887277,0.0,5.950258330013447,1.0103681589168791,-1.247347251011115,-0.018875654227966228,-0.04870602367089182,3.2837294052883044,0.013113184534365694,32.676055430426324,0.9748598130436471,-2.6832392724387724,0.025200802348828003
5582,22.6134206,-1.5800640251229863,0.032995372266104384,0.05638860389421274,-0.21983874174208656,3.6301557068946875,-1.6349196419638998,0.27340676446890655,0,0.0058257000000000005,1,Shared Control,0.01,Good Visuals,-0.10130440094603238,-0.23109136100628358,0.0,5.95283448794609,1.0104256144945956,-1.2285900622737247,-0.00011846549057594781,-0.047662051981582305,3.1919572319921174,0.013001167726396801,32.691222807208725,0.9747280208557554,-2.697894030197474,0.02532981080370708
5583,22.619442000000003,-1.579592786224948,0.06062548589541644,0.05532685573895191,-0.2127812785734901,3.597909415242975,-1.6332100130003184,0.29439832530243537,0,0.0060214000000000005,1,Shared Control,0.01,Good Visuals,-0.10029426400282154,-0.2324578361185536,0.0,5.955504770074219,1.010484624672614,-1.2103779607560752,0.0180936360270737,-0.05662558906389643,3.0897596988526494,0.012826038528210362,32.706790918707725,0.9745899929203942,-2.7147708581174337,0.025479589470945245
5584,22.625682800000003,-1.5791215473269093,0.06869069805653275,0.05408846567340908,-0.22570762724590263,3.552637437643548,-1.631305593036492,0.31586566061246035,0,0.0062408,1,Shared Control,0.01,Good Visuals,-0.11455582392327504,-0.23356504269211087,0.0,5.956862390628166,1.010514851970564,-1.1995226001583297,0.02894899662481913,-0.07657869834133785,2.7736823460524387,0.01286116116432014,32.71477085811743,0.9745204105290548,-2.728077007988427,0.02560094984074316
5585,22.629397100000002,-1.5788073880615503,0.07559888882604554,0.05249820497494162,-0.2402667717864148,3.4989912782823778,-1.6301088703331326,0.32850388863149216,0,0.0037143000000000002,1,Shared Control,0.01,Good Visuals,-0.09423042437961168,-0.23431414222016403,0.0,5.95917676871373,1.010565334011673,-1.1885653898219184,0.03990620696123036,-0.05774417673676647,3.034481801326879,0.012633174794160566,32.728077007988425,0.9743990501592569,-2.7377356685546017,0.025683058272820018
5586,22.633172000000002,-1.5786503084288708,0.08101092066066497,0.05145856190426179,-0.2474929679708272,3.436924539894925,-1.628844722586148,0.34124345114605636,0,0.0037749000000000003,1,Shared Control,0.01,Good Visuals,-0.07011724157590007,-0.23471965390330482,0.0,5.9607998695924875,1.0106018821796183,-1.1770917136741659,0.05137988310898285,-0.03422277051352505,3.355464744619667,0.012301071866801794,32.7377356685546,0.97431694172718,-2.7431404488267392,0.025727506209635664
5587,22.6366602,-1.578336149163512,0.07939774088609705,0.05050857342263604,-0.2618457102599593,3.3468993952626294,-1.6276340023698872,0.35292217663841363,0,0.0034882000000000003,1,Shared Control,0.01,Good Visuals,-0.05665827867033291,-0.23496207278738226,0.0,5.961693878112385,1.0106223092377091,-1.1647233621943491,0.06374823458879968,-0.02008578884553618,3.469675282581093,0.012078335840530113,32.743140448826736,0.9742724937903643,-2.746336726201724,0.025754077624690685
5588,22.641032600000003,-1.5773936713674352,0.09008078008464164,0.050240331002451954,-0.262841396553772,3.217901755468238,-1.626059105193849,0.3674357553931117,0,0.0043724,1,Shared Control,0.01,Good Visuals,-0.021125476642161245,-0.23461977154069225,0.0,5.9620979864368255,1.0106321250753414,-1.1373613179109006,0.0911102788722482,0.024556498505008843,3.7419976689420604,0.011690213349064324,32.745749674741596,0.9742539294829289,-2.7426056977642514,0.02571655815282996
5589,22.6474176,-1.5769224324693967,0.10531782234793824,0.049136672724452435,-0.26211793304517345,3.1749257343092263,-1.6236460020987915,0.3883817072543061,0,0.006385,1,Shared Control,0.01,Good Visuals,-0.03387708341316059,-0.2344988608955267,0.0,5.961543215673852,1.0106201858251522,-1.1251039326511723,0.10336766413197648,0.01018934432230207,3.3899511200089285,0.011787374981924035,32.742605697764255,0.9742834418471701,-2.740960470748648,0.025703305196281258
5590,22.651154000000002,-1.576451193571358,0.11944834930095002,0.04719480852743341,-0.26893335795335604,3.127140082799461,-1.6221721752644516,0.40050384198924566,0,0.0037364000000000004,1,Shared Control,0.01,Good Visuals,-0.028017109862936984,-0.23437666226235146,0.0,5.961273711237562,1.0106139722281884,-1.113462745314134,0.11500885146901477,0.011128214133689678,3.4042541048772623,0.011522493782080393,32.74096047074865,0.9742966948037187,-2.7394344507310806,0.025689911063998153
5591,22.6546327,-1.5761370343059993,0.12624739638379928,0.04603514095845229,-0.2742564456054464,3.0600753636219737,-1.620759441682129,0.4117012402965054,0,0.0034787000000000004,1,Shared Control,0.01,Good Visuals,-0.009542625510376435,-0.2340932999054666,0.0,5.961013272921715,1.0106081915720988,-1.10016263036489,0.12830896641825879,0.025281830271269175,3.648265017896646,0.011061361698770604,32.73943445073108,0.9743100889360018,-2.736066862616429,0.025658851854958354
5592,22.658325100000003,-1.5751945565099221,0.13053548207869567,0.045564885172206804,-0.28116575821780976,2.990841727639685,-1.6192174753130182,0.4234938305101531,0,0.0036924,1,Shared Control,0.01,Good Visuals,0.002773333385704957,-0.23360076415589803,0.0,5.9604242836748345,1.01059541133116,-1.0839757466825615,0.1444958501005873,0.03787753729422535,3.723433782423233,0.010776518058577402,32.736066862616426,0.9743411481450417,-2.730150017705405,0.02560486525287895
5593,22.662514700000003,-1.5747233176118838,0.14099816465961074,0.04449415770113441,-0.28249566585054237,2.9370735989273964,-1.617415373487408,0.436759931320832,0,0.0041896,1,Shared Control,0.01,Good Visuals,0.012599366258147726,-0.23307765987649826,0.0,5.959394974107866,1.0105729650375361,-1.0706766091925526,0.1577949875905961,0.04938088706489198,3.7037729384267166,0.010643991994903257,32.730150017705405,0.974395134747121,-2.7236784741561486,0.02554752804922881
5594,22.6661441,-1.5742520787138452,0.14890709950417316,0.04316329477356273,-0.2878528318166589,2.861996574297713,-1.6158094913784138,0.448154899930704,0,0.0036294,1,Shared Control,0.01,Good Visuals,0.020366664256401046,-0.2325361494784646,0.0,5.9582854001851135,1.010548440171958,-1.057984014895682,0.17048758188746652,0.05505415930497219,3.7153043634547407,0.01037059415515628,32.723678474156145,0.9744524719507712,-2.716960428091327,0.025488173359937503
5595,22.669607300000003,-1.5737808398158069,0.1483446178716008,0.04202865156260693,-0.2998102820591032,2.7620553972649633,-1.6142387342727877,0.45894474530704377,0,0.0034632,1,Shared Control,0.01,Good Visuals,0.033752322559781944,-0.23185258249921628,0.0,5.957135130097597,1.010522982700413,-1.0443112269944792,0.1841603697886694,0.06862421193811469,3.8233796317784408,0.010037026365448213,32.716960428091326,0.9745118266400625,-2.708598708408309,0.02541324791841245
5596,22.674364800000003,-1.5720529638563323,0.162304804898154,0.04218577041645544,-0.29663994040888975,2.6340716281850236,-1.6120202981249592,0.47363595040373657,0,0.0047575000000000004,1,Shared Control,0.01,Good Visuals,0.06832498385565736,-0.22983827778319585,0.0,5.953575956750172,1.0104449232774815,-1.0146497341905771,0.21382186259257147,0.11322797594071846,4.040901815673683,0.009520746951637061,32.69637778108468,0.9746973546437794,-2.683893655167459,0.02519246096585984
5597,22.680398500000003,-1.5711104860602554,0.19570721431727656,0.04090981206470379,-0.27792873608646,2.5282646685530095,-1.6091068396487542,0.49205292505029746,0,0.0060337,1,Shared Control,0.01,Good Visuals,0.050422716899965636,-0.22847275845175155,0.0,5.949855700546342,1.010362078276149,-0.9932487554005148,0.2352228413826337,0.08169667902517985,3.5760042203882967,0.00926464385433669,32.67450990881658,0.9748880093431511,-2.6665600872328508,0.02504278706128948
5598,22.686394500000002,-1.5703250878968582,0.19632960153707057,0.03878175175189602,-0.2957233235132269,2.436212789051111,-1.6061022076637355,0.5101206939855314,0,0.0059960000000000005,1,Shared Control,0.01,Good Visuals,0.03744809496923468,-0.2279123884803269,0.0,5.948504217157849,1.0103319595995532,-0.98327584250947,0.24519575427367857,0.06884405989021834,3.2520014644552333,0.00934677761016562,32.66656008723285,0.9749572129387105,-2.6595315512126776,0.024981365183403364
5599,22.690774800000003,-1.5687542915700632,0.21670871669747263,0.03734791609367227,-0.2934119772880588,2.3686170079015394,-1.6038390908876605,0.5231749891591346,0,0.0043803,1,Shared Control,0.01,Good Visuals,0.09000115948340046,-0.2260193948656747,0.0,5.945168985337913,1.010258757808243,-0.9570059302743604,0.2714656665087882,0.12330004167846752,3.910774260088317,0.008331223793058453,32.64726323231205,0.9751309541288291,-2.636362226025059,0.024773875081207538
5600,22.6963769,-1.5671834952432682,0.23077336369001694,0.03665559564439236,-0.2924016254691177,2.2836918753839295,-1.6008618465177318,0.5396955220312576,0,0.0056021000000000005,1,Shared Control,0.01,Good Visuals,0.08842017060233062,-0.22428560886485727,0.0,5.941669264495112,1.0101808944470085,-0.9329789280572502,0.29549266872589824,0.11688737362922426,3.679674699911462,0.008079741475914863,32.62671843859187,0.975310520575679,-2.61495778297791,0.024583835647523873
5601,22.7033118,-1.5662410174471912,0.2367721497292583,0.03462082907054054,-0.3029233723019993,2.2505462994452694,-1.5970489553360054,0.5598798463537206,0,0.006934900000000001,1,Shared Control,0.01,Good Visuals,0.07764449152857689,-0.223445725494409,0.0,5.939638775321136,1.0101362749835248,-0.9217385437800762,0.30673305300307224,0.10574635462682884,3.3411759934528247,0.00822132258740655,32.61495778297791,0.9754161643524761,-2.604445798410986,0.024491776442982446
5602,22.707493300000003,-1.5640419025896786,0.2698368881944532,0.03300705274632687,-0.2900429581592674,2.264344278655267,-1.5946826281375261,0.5719106682761576,0,0.0041815,1,Shared Control,0.01,Good Visuals,0.1234328830357404,-0.22143715777257159,0.0,5.935486927503082,1.010044688565562,-0.8955651478742985,0.33290644890884996,0.1444751232436063,3.9116888408350556,0.007128695884309529,32.590813292016676,0.9756312733678006,-2.5796402956026774,0.02427161831955008
5603,22.7134731,-1.562314026630204,0.30090860341371456,0.032368601507322126,-0.271002064862443,2.2673088430615285,-1.5912117061038273,0.5889369588066125,0,0.0059798,1,Shared Control,0.01,Good Visuals,0.0973466049333136,-0.22013742735457242,0.0,5.932076905815104,1.0099686025903303,-0.8753037351631178,0.3531678616200307,0.09882206098565974,3.365051153094073,0.006971416659132027,32.570740639894325,0.9758056979071246,-2.563283810908929,0.024129155505534083
5604,22.719440100000003,-1.5604290710380502,0.2960596021169489,0.030782635065777164,-0.2928773566896636,2.180499306920893,-1.5876473410218075,0.6057218356726988,0,0.005967,1,Shared Control,0.01,Good Visuals,0.11382085555433591,-0.21884504108649483,0.0,5.92967147861813,1.009915125861691,-0.8536579011905306,0.3748136955926178,0.11299572616121986,3.4580542803062393,0.00655303434404778,32.55663815704523,0.9759292527918776,-2.5474652447270527,0.02398749768019104
5605,22.7258347,-1.5590153543439347,0.29923964558189364,0.02863198667787281,-0.30648219009080513,2.167416077827962,-1.5837170680009054,0.6234879474276116,0,0.0063946,1,Shared Control,0.01,Good Visuals,0.11328916337764922,-0.21807165317103605,0.0,5.928079525387787,1.0098802973080967,-0.8428189238929737,0.3856526728901747,0.11730280085121898,3.2597447588213595,0.0067366270357205795,32.54746524472705,0.976012502319809,-2.537936958544622,0.023902727009876314
5606,22.729398800000002,-1.557758717282499,0.32342660203272644,0.025958350718406464,-0.30006134539488516,2.2252475067987296,-1.5814774013849588,0.6332928314901735,0,0.0035641,1,Shared Control,0.01,Good Visuals,0.1398134355525195,-0.21728173209219914,0.0,5.92644201645873,1.0098441424059665,-0.8319122431200995,0.39655935366304895,0.14265795378108453,3.6061103563809764,0.006243824668414805,32.53793695854462,0.9760972729901237,-2.52820382185929,0.023816144147627928
5607,22.73273,-1.556816239486422,0.34859556950496,0.024661161898536843,-0.28469726198521345,2.2674870928318693,-1.5793525988285035,0.6423952879176114,0,0.0033312000000000003,1,Shared Control,0.01,Good Visuals,0.14920686816692752,-0.21645608096419652,0.0,5.9247693731616184,1.0098072081972844,-0.8184206263245642,0.41005097045858424,0.13812699411161838,3.7602053499262196,0.005640275406352139,32.52820382185929,0.9761838558523721,-2.518051483276148,0.02372564493220462
5608,22.7361487,-1.5554025227923065,0.3561565441720624,0.023950076036197032,-0.286238743745549,2.25504078346349,-1.5771405609498712,0.651675789554348,0,0.0034187,1,Shared Control,0.01,Good Visuals,0.14140975156694413,-0.21581303117726316,0.0,5.923022887570643,1.0097686782143833,-0.8061247254749986,0.4223468713081499,0.11731347814704249,3.580009564306084,0.005338058456580849,32.518051483276146,0.9762743550677954,-2.509955781771935,0.02365516056026852
5609,22.7409134,-1.5524180097713962,0.3724145704914704,0.024722551178474994,-0.2792612190628776,2.312804558312568,-1.5740049020681663,0.6645088369930657,0,0.0047647,1,Shared Control,0.01,Good Visuals,0.15939805103185892,-0.21448695981491384,0.0,5.920165115545665,1.0097053449854398,-0.7811123805890144,0.44735921619413405,0.13112288457186852,3.6159134745935435,0.004946427389636286,32.501359519213956,0.976421694310606,-2.4935917785407513,0.023509810528254085
5610,22.7464008,-1.551475531975319,0.39018126574930134,0.02252937009284728,-0.2743275712437644,2.3822263945151865,-1.5703182491058545,0.6791452575750317,0,0.0054874,1,Shared Control,0.01,Good Visuals,0.13563459202982117,-0.21391433209958077,0.0,5.918835865209064,1.0096758711096208,-0.7699114071652199,0.45856018961792855,0.0991788701475449,3.1126784559662393,0.005302664841139716,32.493591778540754,0.9764901894717459,-2.486488300348873,0.023447045085066655
5611,22.750174800000003,-1.549747656015845,0.3978399793043821,0.020570593090009526,-0.28130527827064966,2.4186463007637844,-1.567736301816263,0.6891246277454104,0,0.0037740000000000004,1,Shared Control,0.01,Good Visuals,0.14365430464858106,-0.21343351538443925,0.0,5.917619061643918,1.0096489146208643,-0.7589228777637621,0.46954871901938633,0.0957525905510039,3.208048755279184,0.004819355156035696,32.486488300348874,0.9765529549149333,-2.4804826125758965,0.023394343000606374
5612,22.7536175,-1.5483339393217295,0.4061321644943518,0.01940236249453342,-0.2829924632510586,2.475745141409399,-1.5653482701993722,0.6981674410317762,0,0.0034427000000000004,1,Shared Control,0.01,Good Visuals,0.1623053167976518,-0.2129159522022587,0.0,5.916593733900592,1.00962612832087,-0.7466655875067758,0.48180600927637257,0.10886221951193786,3.4388088477685628,0.004390453996743588,32.4804826125759,0.9766056569993936,-2.4741411745925292,0.0233376131539063
5613,22.757996000000002,-1.5461348244642166,0.42119989949782044,0.0192134457351556,-0.27696754153395575,2.5504381151629767,-1.562266311836702,0.7095864739064437,0,0.0043785000000000004,1,Shared Control,0.01,Good Visuals,0.1709350799444117,-0.2123029291723975,0.0,5.915500837786582,1.0096020517775905,-0.7313559835964463,0.4971156131867021,0.11076294243468127,3.477163667203331,0.004131072485496975,32.47414117459253,0.9766623868460937,-2.466683777032546,0.023270420000094386
5614,22.761425900000003,-1.5448781874027806,0.43158176805597026,0.017388124433921348,-0.27800470585047343,2.585514336695783,-1.5598172528272982,0.718468812898774,0,0.0034299,1,Shared Control,0.01,Good Visuals,0.1659867808434367,-0.21187522466665454,0.0,5.914211058103249,1.0095737302859362,-0.7196362667757289,0.5088353300074195,0.09565518036111913,3.2729325348294824,0.004079070809068441,32.46668377703254,0.9767295799999056,-2.4612584824957318,0.023223539518871777
5615,22.765223000000002,-1.542679072545268,0.44372313771388033,0.01713818028203029,-0.2747456751848936,2.6315813403659245,-1.5570705848457338,0.7282390536854199,0,0.0037971000000000003,1,Shared Control,0.01,Good Visuals,0.17783947605315137,-0.21148376326623755,0.0,5.913291679664755,1.0095531539102396,-0.7080170284963861,0.5204545682867623,0.10108804887867343,3.389113953839316,0.0036841127709688307,32.46125848249573,0.9767764604811282,-2.4564049732876163,0.02318063162665833
5616,22.7685853,-1.5412653558511524,0.4657372889889435,0.015805228994581366,-0.26250176469647635,2.719464777776918,-1.5546075593489783,0.7368362547675078,0,0.0033623000000000004,1,Shared Control,0.01,Good Visuals,0.17603649565765866,-0.21111521028248578,0.0,5.912460026627879,1.0095347317756624,-0.6962411836443205,0.5322304131388279,0.09190273746169894,3.2746155146034837,0.0036244468615789943,32.45640497328762,0.9768193683733417,-2.4518508516040542,0.02314023471476633
5617,22.772576800000003,-1.5393804002589984,0.48170385591531095,0.015227159089979958,-0.25513239885219685,2.7779857204616536,-1.5516462150056345,0.7469774247336212,0,0.0039915,1,Shared Control,0.01,Good Visuals,0.17156467984941204,-0.21084718530419438,0.0,5.911678382778392,1.009517443579678,-0.6851170537069399,0.5433545430762086,0.07382170206250381,3.1705323882405083,0.0033367242427538866,32.45185085160406,0.9768597652852337,-2.4484649593142507,0.023110856628276093
5618,22.7762527,-1.5371812854014857,0.49532081222937396,0.014464929604148802,-0.2516566125042472,2.839730768769503,-1.5488833299210165,0.7562557146977414,0,0.0036759,1,Shared Control,0.01,Good Visuals,0.16754801738186179,-0.21061154952591116,0.0,5.911103451022867,1.009504599128253,-0.6732185222060625,0.5552530745770858,0.060332594446802446,3.048169975887621,0.0032106036343014523,32.44846495931425,0.976889143371724,-2.4455360896620686,0.023085028706122238
5619,22.7796911,-1.5357675687073704,0.5060866693840784,0.013115761213646104,-0.250169045313663,2.892289916458692,-1.5462681746386715,0.7648826361221612,0,0.0034384000000000003,1,Shared Control,0.01,Good Visuals,0.1685492654900797,-0.2104317829348108,0.0,5.9106021911371505,1.0094934823090282,-0.6624735165164078,0.5659980802667405,0.052566884142087204,2.991371294447275,0.003046481237713004,32.44553608966207,0.9769149712938777,-2.4432755793296566,0.02306532457818958
5620,22.7833162,-1.5337255334825368,0.5055315451764661,0.012542641156134682,-0.2593510909456951,2.903655416148979,-1.543478992973833,0.7739247456607586,0,0.0036251,1,Shared Control,0.01,Good Visuals,0.1750248737176138,-0.2102794382317301,0.0,5.910217490713548,1.0094849054162127,-0.6521561954262703,0.576315401356878,0.051790785920112034,3.0300502467364177,0.002759973016734788,32.44327557932966,0.9769346754218105,-2.4413769854061287,0.02304862614996112
5621,22.7865478,-1.531840577890383,0.5117788530816025,0.011638415083450093,-0.2621458925791561,2.9531819950595435,-1.5409650150939065,0.7819401674997939,0,0.0032316000000000003,1,Shared Control,0.01,Good Visuals,0.1876834758442258,-0.21009101412061934,0.0,5.9098929714065065,1.0094776995195278,-0.6409770669916388,0.5874945297915095,0.06381913897817207,3.1143971123085437,0.0026374595362541786,32.44137698540613,0.9769513738500388,-2.439092581199996,0.02302797307550386
5622,22.791043700000003,-1.5296414630328703,0.524598632039903,0.01132355206103619,-0.2573415354598909,3.0108899018217246,-1.5374245486294331,0.7930221640329951,0,0.004495900000000001,1,Shared Control,0.01,Good Visuals,0.19585097633086926,-0.20988744088189637,0.0,5.909497195067374,1.0094690213070638,-0.628360132507561,0.6001114642755874,0.06667100880511577,3.149509356983983,0.0024451264276387427,32.43909258119999,0.9769720269244961,-2.43660574850292,0.023005659512594815
5623,22.794261100000003,-1.5274423481753574,0.541119358204176,0.009982200454075718,-0.2519028058288191,3.069523080584263,-1.5348603883932663,0.8009043156702498,0,0.0032174,1,Shared Control,0.01,Good Visuals,0.19286423878720538,-0.2097458073966018,0.0,5.909067950950239,1.009459576347633,-0.6180531324437845,0.6104184643393639,0.05560938723364162,3.0081134904787676,0.0023766713637838094,32.43660574850292,0.9769943404874052,-2.4348111529464305,0.022990135135697476
5624,22.7975536,-1.5257144722158829,0.558243494250805,0.009145916177383473,-0.24266082141944478,3.1267502300457273,-1.5322101882141288,0.8089295032670123,0,0.0032925000000000003,1,Shared Control,0.01,Good Visuals,0.19530152147936358,-0.20963247428732107,0.0,5.908763657576304,1.0094527685326655,-0.6072910590905226,0.6211805376926257,0.04838473838488081,3.0186450558907856,0.0020937246938348367,32.43481115294643,0.9770098648643025,-2.4333917167576193,0.022977712749142752
5625,22.8011647,-1.5233582777256907,0.5689448451863498,0.008851910488438142,-0.2399846580806625,3.161370183226471,-1.529273240613301,0.8176845804996264,0,0.0036111000000000003,1,Shared Control,0.01,Good Visuals,0.19091448738570208,-0.20956000797293586,0.0,5.908521619641302,1.0094473818160865,-0.5971579655195732,0.6313136312635751,0.034374926199612736,2.9059631691853807,0.0019172810378893347,32.43339171675762,0.9770222872508573,-2.432464278498973,0.022969769751944473
5626,22.8046511,-1.5214733221335368,0.5790238963027912,0.007799918479764134,-0.23866068419683528,3.203070178289729,-1.5264077965357028,0.8260919633928562,0,0.0034864,1,Shared Control,0.01,Good Visuals,0.1899507215518239,-0.20950206606668534,0.0,5.908365117418304,1.0094438646273662,-0.5869983714951346,0.6414732252880138,0.027475272661260118,2.822344646620175,0.0018550064325328116,32.432464278498976,0.9770302302480556,-2.431738282664728,0.022963418768002276
5627,22.808508000000003,-1.5184888091126265,0.5899107460460844,0.007918987423076285,-0.23618121734677178,3.2381663049451372,-1.5232037871982784,0.8353420315221713,0,0.0038569000000000003,1,Shared Control,0.01,Good Visuals,0.1948301049792069,-0.20944390619152078,0.0,5.908241347552619,1.0094411094966755,-0.5747704727050766,0.6537011240780717,0.026137433236790106,2.838548398267786,0.0016340990366623055,32.431738282664725,0.9770365812319978,-2.4310235432665874,0.022957043892594252
5628,22.8124335,-1.5166038535204727,0.5992087785136662,0.006599933677805758,-0.23613325300850518,3.2475727343692644,-1.519906261126084,0.8447031244946662,0,0.0039255,1,Shared Control,0.01,Good Visuals,0.19162407422930638,-0.2094116566546349,0.0,5.908118339172178,1.0094383953539052,-0.5650534231372799,0.6634181736458684,0.01699728391341429,2.6887986850208265,0.0016585836589706224,32.43102354326659,0.9770429561074058,-2.4306044562925138,0.022953509036664245
5629,22.8161576,-1.5139334997649212,0.6112621710667443,0.0059727613611628705,-0.23344095342792193,3.263763677921713,-1.5167440418462264,0.8535352371292524,0,0.0037241,1,Shared Control,0.01,Good Visuals,0.19936887103905515,-0.20938097318311338,0.0,5.908048133763458,1.0094368067617847,-0.5556451435070241,0.6728264532761242,0.020551358480625604,2.7574090358311345,0.0013821030452800212,32.430604456292514,0.9770464909633357,-2.430225343789032,0.022950145836391173
5630,22.819577300000002,-1.511891464540088,0.6306742753474998,0.004852577306138306,-0.22286096178175263,3.310336557304875,-1.5138113989416846,0.8616046289618853,0,0.0034197000000000003,1,Shared Control,0.01,Good Visuals,0.2003565816439632,-0.2093581598842758,0.0,5.907983059284594,1.0094353673706238,-0.5459081241120822,0.6825634726710661,0.01612367108214849,2.7284499663580184,0.0012505825863907787,32.43022534378903,0.9770498541636088,-2.429938084728464,0.022947645281888192
5631,22.8241398,-1.5067078366616646,0.6476230172526818,0.007103562280019959,-0.2139816117092035,3.3182885842675747,-1.5098558776884659,0.8723113284138759,0,0.004562500000000001,1,Shared Control,0.01,Good Visuals,0.19709071531523842,-0.2093556637392254,0.0,5.907926126340816,1.0094340684302185,-0.5264660266423523,0.702005570140796,-0.0005915799869448934,2.5892760292693873,0.0009281147051703889,32.42988247431508,0.9770526928003356,-2.429885797065093,0.022947371680652775
5632,22.830444300000003,-1.5024666865793186,0.6924592825309517,0.007389191109147264,-0.17985204588292425,3.4198359148175714,-1.5043100309680888,0.8869976800783801,0,0.0063045,1,Shared Control,0.01,Good Visuals,0.17350463237808356,-0.20943296284577573,0.0,5.908004049078317,1.0094357231032947,-0.5136132832700607,0.7148583135130876,-0.03824175451602727,2.1656293562850175,0.0010867680424189075,32.430316982916615,0.9770484851006045,-2.4307994190802638,0.022955844397831337
5633,22.836456400000003,-1.4983826161296518,0.6980499807266867,0.005927414838436951,-0.18894769935169342,3.368464575006272,-1.49893549692198,0.9008900724312797,0,0.0060121,1,Shared Control,0.01,Good Visuals,0.1648277702990283,-0.209606984105342,0.0,5.908349888847201,1.0094432120223586,-0.502347625082577,0.7261239717005713,-0.06004020401485064,2.0763711238739013,0.0007813039309904406,32.432286407623515,0.977030190345453,-2.4329277146950514,0.022974918782790784
5634,22.842439600000002,-1.4955551827414209,0.6955838633005,0.003380314180559063,-0.20530620913077968,3.3406623498878276,-1.4935041938224678,0.914610617071903,0,0.0059832,1,Shared Control,0.01,Good Visuals,0.1557105702893723,-0.2097077154317648,0.0,5.9084544818438784,1.009445638722849,-0.4953869817366131,0.7330846150465352,-0.06510519678217337,1.8022482900843837,0.0012424275478260223,32.432927714695055,0.9770250812172092,-2.4341196563284933,0.022985959894103583
5635,22.846387800000002,-1.493356067883908,0.6949474712712156,0.0001481259385598399,-0.21966314580068746,3.30874135684035,-1.4898753500060888,0.9236091121254086,0,0.003948200000000001,1,Shared Control,0.01,Good Visuals,0.18727324885019203,-0.2097338398293912,0.0,5.908663495418133,1.009450170695471,-0.48724902858232794,0.7412225682008203,-0.0318674315246852,2.253906041734105,0.0007088779642466392,32.43411965632849,0.9770140401058964,-2.4345050827380144,0.022988823376521774
5636,22.8501477,-1.4903715548629979,0.6976142659320472,-0.0004962048569090438,-0.2259948461933614,3.2798291274019458,-1.4863866249306972,0.9321386884786609,0,0.0037599,1,Shared Control,0.01,Good Visuals,0.22086408440148417,-0.20973374207240578,0.0,5.908724396612895,1.0094516262168995,-0.4778886976330415,0.7505828991501068,0.002890835103544057,2.73797962654999,3.106702187248771e-05,32.43450508273801,0.9770111766234783,-2.4345295145885864,0.02298881266142652
5637,22.8536782,-1.488172440005485,0.7109107769298326,-0.001785815074787811,-0.22122791154882826,3.286681064688796,-1.4830816222201972,0.9401134077730732,0,0.0035305000000000002,1,Shared Control,0.01,Good Visuals,0.23106282400432515,-0.20973533032396946,0.0,5.90872643878225,1.0094517157796843,-0.4678534820206558,0.7606181147624925,0.013466635964708557,2.811851162090753,-0.00010407090147403641,32.43452951458859,0.9770111873385735,-2.4345484740778294,0.022988986748901888
5638,22.858002000000003,-1.4845596084538568,0.7151354925769764,-0.0014779862336595784,-0.22497791519609678,3.236949658554367,-1.478995723823379,0.9498357277587078,0,0.0043238,1,Shared Control,0.01,Good Visuals,0.2338708094925868,-0.20974191158836944,0.0,5.908729748891497,1.00945178784495,-0.45370598833891934,0.7747656084442289,0.010998378240864099,2.817608428777845,-0.00037454851460814575,32.43454847407783,0.9770110132510981,-2.4346248757063944,0.02298970811806677
5639,22.8620842,-1.4814180158002668,0.7245856622326736,-0.0024222919768877027,-0.22525006552603422,3.2054270556956395,-1.4750996438443225,0.9589711726812261,0,0.0040822,1,Shared Control,0.01,Good Visuals,0.2358374653367723,-0.20974666295013558,0.0,5.908743275440026,1.0094520785273213,-0.44451156157469635,0.7839600352084519,0.014122538600316445,2.6911830130902974,-0.0003099956579490544,32.4346248757064,0.9770102918819332,-2.434684705886481,0.022990228912500937
5640,22.865613500000002,-1.479218900942754,0.7472430732404187,-0.004119257098431639,-0.2117280994408074,3.214442877607016,-1.471701259218154,0.9668360210543138,0,0.0035293000000000004,1,Shared Control,0.01,Good Visuals,0.2416919240459065,-0.2097570834996851,0.0,5.908753450847928,1.009452305540971,-0.43477096609853305,0.7937006306846153,0.018141015297283063,2.7364297887861886,-0.0005080676588430826,32.43468470588648,0.9770097710874991,-2.434807747858829,0.022991371103829122
5641,22.869120600000002,-1.4760773082891643,0.7620785527982523,-0.004376049071010302,-0.20475746825606145,3.1875068630814267,-1.4682968076925298,0.9746215528969563,0,0.0035071000000000004,1,Shared Control,0.01,Good Visuals,0.23806928075457132,-0.2097627202496413,0.0,5.908775049951192,1.0094527733990086,-0.42551204383137337,0.8029595529517749,0.005949633462648519,2.697035323961452,-0.0008640433551523959,32.43480774785883,0.9770086288961709,-2.4348810568354153,0.022991988945228803
5642,22.8742124,-1.4707366007780616,0.7687312290379886,-0.0024397930855317718,-0.20589032385896766,3.1333353069275796,-1.4633055579591452,0.9858734131383533,0,0.0050918000000000005,1,Shared Control,0.01,Good Visuals,0.24217518838364002,-0.20976664514147075,0.0,5.908780456039754,1.009452914194138,-0.4072380012382963,0.821233595544852,0.006169896749506636,2.6551746017914635,-0.0011707465920674604,32.43484523447307,0.9770084050666205,-2.43492806086799,0.02299241915069833
5643,22.8794478,-1.4683804062878691,0.7839685317726071,-0.005074848328723958,-0.20190488136574625,3.181576250519379,-1.4581139667097476,0.9973807060684297,0,0.0052354,1,Shared Control,0.01,Good Visuals,0.22225289087859867,-0.20976029476503125,0.0,5.908795519106038,1.0094532299129715,-0.40055273065030284,0.8279188661328455,-0.012719389970483608,2.19383407869047,-0.0005117872103913572,32.43492806086799,0.9770075808493017,-2.434861998328044,0.022991723089049617
5644,22.8827427,-1.4658671321649974,0.795618055082626,-0.007753165455249844,-0.2017626509858037,3.185521594953073,-1.4548158109866811,1.0045915424885365,0,0.0032949000000000003,1,Shared Control,0.01,Good Visuals,0.23379966191478532,-0.20974864875698387,0.0,5.908783139041755,1.0094529775514607,-0.3919221328949693,0.836549463888179,-0.009548295703550324,2.415166574879957,-0.0010645016813209634,32.434861998328046,0.9770082769109504,-2.434724062768735,0.022990446575816177
5645,22.886306200000003,-1.4627255395114076,0.7947753059748311,-0.00790972852472649,-0.2098162365137054,3.1400515970367446,-1.451222092938153,1.012363665218727,0,0.0035635000000000003,1,Shared Control,0.01,Good Visuals,0.2494813888580457,-0.20975108616018812,0.0,5.9087589626995864,1.009452453117182,-0.3828311557998787,0.8456404409832695,0.00136711557774005,2.6589579102341574,-0.0016262159778279806,32.43472406276874,0.9770095534241838,-2.4347417024245908,0.02299071373838663
5646,22.8907981,-1.4569135931022665,0.8256941730134868,-0.005691500164113572,-0.1866694922052401,3.200465093970407,-1.44665272345894,1.0221222409725976,0,0.0044919,1,Shared Control,0.01,Good Visuals,0.25545883829713617,-0.20978509948271587,0.0,5.908818881499255,1.0094537144668327,-0.3644748987395072,0.863996698043641,0.004080600670170473,2.5798745863616874,-0.0017211846689095926,32.4350550774383,0.9770062891103038,-2.4351545257963694,0.022994441921996272
5647,22.896456500000003,-1.454243239346715,0.8308919321120118,-0.007590515887775151,-0.19123030886058578,3.1828768357085973,-1.4408345054966512,1.0343556202277204,0,0.0056584,1,Shared Control,0.01,Good Visuals,0.22206441501652652,-0.209734145874536,0.0,5.908834521426809,1.009454089910554,-0.3572449511578084,0.8712266456253398,-0.03683681242806584,2.0122314449481733,-0.0011939919281344594,32.43515452579637,0.9770055580780037,-2.434580310985128,0.022988856921980078
5648,22.900151800000003,-1.4511016466931255,0.8278612851652454,-0.010267141196474316,-0.20649433506247505,3.1523279398863147,-1.436997545959742,1.0423099687735413,0,0.0036953000000000003,1,Shared Control,0.01,Good Visuals,0.23788811809219698,-0.20969479379791783,0.0,5.908731314055166,1.0094519029250675,-0.34956310588909567,0.8789084908940525,-0.02231057563367761,2.2323158400304433,-0.0015919903664696167,32.434580310985126,0.97701114307802,-2.4340884824702456,0.022984543560151532
5649,22.903600700000002,-1.448431292937574,0.8271604186159291,-0.01143374697783206,-0.21514955015761217,3.13511471131928,-1.433389956045786,1.0497096561459414,0,0.0034489000000000004,1,Shared Control,0.01,Good Visuals,0.26911063078846065,-0.2097212947840372,0.0,5.9086473632633005,1.009450036324702,-0.34009277157398005,0.8883788252091681,0.010806542542945828,2.661701606271957,-0.002152966056088789,32.434088482470244,0.9770154564398484,-2.434355329405841,0.02298744832024984
5650,22.908027200000003,-1.4443472224879073,0.8288187844013086,-0.01095726644212136,-0.22089087174463273,3.1048266848943284,-1.4287224573718176,1.0591731381817986,0,0.0044265,1,Shared Control,0.01,Good Visuals,0.2847415015937954,-0.20981325486890698,0.0,5.908698251299269,1.0094510570018809,-0.32768252518340857,0.9007890715997396,0.027188197883377077,2.8063512257635352,-0.002397900220424012,32.43435532940584,0.9770125516797502,-2.435424822367952,0.022997528020075493
5651,22.911502600000002,-1.441676868732356,0.8313753896659564,-0.012954411360538431,-0.22779774851584222,3.0492109688925195,-1.4250285344168407,1.0665772138485825,0,0.0034754,1,Shared Control,0.01,Good Visuals,0.2877246766440016,-0.20989477019411026,0.0,5.90888742742418,1.009455125800742,-0.31799991096777974,0.9104716858153684,0.031118342136744567,2.7029043395664294,-0.0022989797366873305,32.43542482236795,0.9770024719799245,-2.4364333228092927,0.023006462874913904
5652,22.9151397,-1.4382211168134074,0.838898097561793,-0.013192582396566621,-0.2276791162867895,3.001822521880634,-1.4211352316793344,1.074301689032991,0,0.0036371000000000003,1,Shared Control,0.01,Good Visuals,0.3065008765327577,-0.2100471387445143,0.0,5.909060422933472,1.0094589545243386,-0.30796750642849,0.9205040903546582,0.05151076486200204,2.923365155105113,-0.0027190631955201854,32.43643332280929,0.9769935371250861,-2.4382426685164935,0.023023163917035787
5653,22.918626300000003,-1.435550763057856,0.8522711145985129,-0.014415531378521473,-0.22203057443447816,2.975688597018304,-1.4173766958216456,1.0816837575971925,0,0.0034866000000000003,1,Shared Control,0.01,Good Visuals,0.30779423361819075,-0.21021210537651508,0.0,5.909377140508869,1.0094658330021629,-0.29775119931999866,0.9307203974631496,0.052670086056957534,2.8633147725592405,-0.002771064185050066,32.438242668516494,0.9769768360829643,-2.440256091093612,0.02304124582870617
5654,22.9223339,-1.4319379315062277,0.8667140890494711,-0.014561235684582119,-0.21496966854772137,2.9540525688011385,-1.4133517298723959,1.0895096443116035,0,0.0037076,1,Shared Control,0.01,Good Visuals,0.3093258003008703,-0.21038238090668707,0.0,5.909724823174445,1.0094734801495295,-0.28783882244466547,0.9406327743384828,0.05085890164960762,2.846666343681454,-0.003030319201200216,32.44025609109361,0.9769587541712939,-2.4423432114096135,0.02305990964610279
5655,22.926253000000003,-1.4283250999545993,0.8911185688221313,-0.014973370082203452,-0.1983910754894722,2.9825588336492608,-1.4090656659113792,1.0977553321635665,0,0.0039191,1,Shared Control,0.01,Good Visuals,0.30306601620114987,-0.2105391468992004,0.0,5.910084474666099,1.0094814059852972,-0.27718564756399144,0.9512859492191568,0.040838318981172045,2.70323400255627,-0.0030634274322657996,32.442343211409614,0.9769400903538972,-2.444281554419776,0.023077092689698736
5656,22.929591400000003,-1.425654746199048,0.9046503342604894,-0.016589080287668923,-0.1931049979030771,2.9725685113574523,-1.4053892253495017,1.1047579324236632,0,0.0033384,1,Shared Control,0.01,Good Visuals,0.2887724237713487,-0.2105998809951779,0.0,5.9104170654863015,1.009488764630842,-0.2682984096792787,0.9601731871038696,0.01679871490386901,2.478384194961584,-0.003152480563313125,32.444281554419774,0.9769229073103013,-2.4451139513713844,0.023083749724188238
5657,22.9331397,-1.4220419146474197,0.8994613661673272,-0.016652689297917966,-0.20529656625633597,2.91738064498284,-1.4014560392397455,1.1121795688031642,0,0.0035483000000000003,1,Shared Control,0.01,Good Visuals,0.29298857331544825,-0.21066403348454044,0.0,5.910553061613992,1.009491914495394,-0.2596186256553487,0.9688529711277996,0.016702689124110225,2.529221989606029,-0.0034936583344025267,32.44511395137138,0.9769162502758117,-2.4459025611640306,0.023090781447101045
5658,22.936574800000002,-1.4190574016265096,0.9031740569215996,-0.01760136238676413,-0.20900551188156458,2.9224789565269824,-1.3976232805241,1.1193437783088287,0,0.0034351000000000004,1,Shared Control,0.01,Good Visuals,0.30567470192147866,-0.2107992031432483,0.0,5.910688761164932,1.0094949088740897,-0.2503227941151848,0.9781488026679634,0.0337964297805494,2.5990693787854067,-0.0035081226958642384,32.44590256116403,0.9769092185528989,-2.4475006577168137,0.02310559732713465
5659,22.9410974,-1.4116746588905735,0.9150818783945636,-0.014051378366473521,-0.20426189991426513,2.9032787528838715,-1.3925396634450982,1.1287453663412186,0,0.0045226,1,Shared Control,0.01,Good Visuals,0.3210851879705249,-0.21118653111433028,0.0,5.9113755841677555,1.0095098579915147,-0.23064176022265817,0.9978298365604901,0.04732654618662901,2.6454153668608624,-0.003760179160608537,32.449835722076095,0.9768730880300182,-2.452206056544568,0.02314805215618481
5660,22.947431,-1.4058627124814325,0.9764475947941719,-0.0133230490363343,-0.1522977715470467,3.0114666505594037,-1.385349095119083,1.1418535674982206,0,0.0063336,1,Shared Control,0.01,Good Visuals,0.2783273983527974,-0.21118193305961128,0.0,5.911875011808127,1.0095211182293433,-0.218655843939204,1.0098157528439442,-0.013176703276217349,1.9790734383736703,-0.0034113700853131094,32.45280595148702,0.9768478369228409,-2.4523645771501106,0.02314754816566093
5661,22.953513,-1.402878199460522,0.9771801150552367,-0.01752910434143895,-0.16467345244298393,2.9495357546647365,-1.3783662242987311,1.1543777724955104,0,0.006082000000000001,1,Shared Control,0.01,Good Visuals,0.23251066312705942,-0.210954331571292,0.0,5.911792635958114,1.009519432778141,-0.2140009925795186,1.0144706042036296,-0.06945627407391923,1.2945245452153609,-0.0028135872497410687,32.452364577150114,0.9768524518343391,-2.44973479780457,0.023122600878091783
5662,22.957998800000002,-1.3980087308474578,0.9650042675015251,-0.01964250654872668,-0.1893735049939853,2.8637473880080613,-1.3731672743444154,1.1635755137278094,0,0.0044858,1,Shared Control,0.01,Good Visuals,0.2698596518302537,-0.21079475114452167,0.0,5.911325944704352,1.0095094265837063,-0.2055605898687247,1.0229110069144234,-0.03005738595300144,1.8986396830039132,-0.0036978404893916864,32.44973479780457,0.9768773991219082,-2.447718535786136,0.023105109345736504
5663,22.9615529,-1.394867138193868,0.9626983239493135,-0.02169986384945255,-0.2008771897784959,2.7937948751909096,-1.3690188966380712,1.1708390921401164,0,0.0035541,1,Shared Control,0.01,Good Visuals,0.30727942412091713,-0.2108662193764421,0.0,5.910983604410368,1.0095017778117497,-0.19713631729684186,1.0313352794863062,0.015080614778018558,2.358683103338233,-0.004140537279793478,32.44771853578614,0.9768948906542635,-2.4483889684421842,0.023112942943605056
5664,22.9651755,-1.3909401473768808,0.971737399929554,-0.021921250738809572,-0.1991016922105624,2.734358956382719,-1.364764037484158,1.1782210003477167,0,0.0036226,1,Shared Control,0.01,Good Visuals,0.3310568205836392,-0.2110802576414674,0.0,5.911116523610135,1.0095043496310327,-0.18804647785255163,1.0404251189305964,0.042736971438102,2.6487861538859008,-0.004575768250917586,32.44838896844218,0.9768870570563949,-2.4508851223387365,0.023136403572917363
5665,22.9686467,-1.3877985547232912,0.9847040817629,-0.02303451723913308,-0.19351691858481668,2.68403748038668,-1.3606619500261425,1.1852738296134255,0,0.0034712000000000002,1,Shared Control,0.01,Good Visuals,0.33058464741777605,-0.21130943468965308,0.0,5.911557430431897,1.0095138443918392,-0.17857021507516804,1.04990138170798,0.042307077603107084,2.5808221519101204,-0.004627143253771132,32.45088512233874,0.9768635964270826,-2.4536840403311038,0.023161523556831157
5666,22.9726472,-1.3797874934566372,1.0263084279923262,-0.019125543430494663,-0.1589654016210993,2.7046774347702405,-1.3559040446623485,1.1933770371347963,0,0.004000500000000001,1,Shared Control,0.01,Good Visuals,0.3234741372846533,-0.21170789157432748,0.0,5.912494434994102,1.0095345113649308,-0.16044926226396156,1.0680223345191866,0.02969286214138605,2.4110722527871493,-0.004876151304320696,32.456328140830685,0.9768150196182116,-2.4586232302002444,0.02320519822064502
5667,22.979596500000003,-1.3735043081494576,1.0501454554051766,-0.01760026348710908,-0.1432315817296197,2.7518778662865215,-1.3475621758021663,1.207388909543654,0,0.0069493,1,Shared Control,0.01,Good Visuals,0.2712076054355726,-0.2114108250035565,0.0,5.912655963581478,1.0095385982171465,-0.15084090919621354,1.0776306875869346,-0.04187363118953073,1.6216950309202343,-0.004388713612004799,32.457414565019675,0.9768080183136751,-2.455304413517233,0.023172636899438687
5668,22.9855093,-1.3703627154958675,1.0401067854470496,-0.022800539693701216,-0.16728212409660448,2.728866664727493,-1.3403880430027848,1.219245886488854,0,0.0059128,1,Shared Control,0.01,Good Visuals,0.24865448574658483,-0.21112517258979047,0.0,5.912287858447257,1.0095305789419713,-0.14657558482814578,1.0818960119550023,-0.0656657680879674,1.1833659882554004,-0.003720886224089703,32.45530441351723,0.9768273631005613,-2.451891750529331,0.023141326678386677
5669,22.990907300000003,-1.3618804153311754,1.031426804347832,-0.02149237232839063,-0.18781908214102194,2.7314100206945082,-1.3337774581814208,1.230017486349679,0,0.005398,1,Shared Control,0.01,Good Visuals,0.35160093635620404,-0.21140231363970452,0.0,5.911585362983872,1.0095148775510192,-0.12919150492070794,1.0992800918624401,0.047288824146072925,2.6505499704665088,-0.005465078992433852,32.45116520207007,0.9768632406273209,-2.454754707814586,0.023171703973018962
5670,22.9964191,-1.3587388226775854,1.0474410248760428,-0.024961364496164595,-0.18257646147363604,2.7623682215183676,-1.3269676582376388,1.2409629561554094,0,0.005511800000000001,1,Shared Control,0.01,Good Visuals,0.3166765913312539,-0.21144145897124578,0.0,5.912230818868294,1.009528548001236,-0.12216727672529588,1.1063043200578522,0.007496536275257112,1.953942584052978,-0.004543537235827742,32.45475470781459,0.9768282960269811,-2.4554739296606614,0.02317599467362097
5671,23.0001922,-1.3543405929625598,1.0528522757661467,-0.027372934724920972,-0.1881106803892627,2.7502785024236474,-1.3222712969528014,1.2484240906000226,0,0.0037731,1,Shared Control,0.01,Good Visuals,0.3318965795148146,-0.21152821299693475,0.0,5.912334496051716,1.0095312487049999,-0.11449869568487357,1.1139729010982744,0.01501724501025687,2.243259043563641,-0.005277867326982097,32.45547392966066,0.976824005326379,-2.456506916286228,0.023185503739851714
5672,23.003603000000002,-1.35119900030897,1.0627568381022312,-0.028927703356168566,-0.18566725249779137,2.779753287206369,-1.3180017018745098,1.2551463098660662,0,0.0034108000000000003,1,Shared Control,0.01,Good Visuals,0.3517472376094424,-0.21174620197396668,0.0,5.9125150662689085,1.0095351749692116,-0.10545395272098952,1.1230176440621584,0.03294512046744979,2.5278767366920194,-0.005790147966844275,32.45650691628623,0.9768144962601483,-2.4590687647421943,0.02320939740477051
5673,23.008011800000002,-1.3458582927978673,1.0668945596696364,-0.02785659092335746,-0.1882517501964298,2.7653249033859493,-1.3124489159950326,1.2638032560802035,0,0.0044088,1,Shared Control,0.01,Good Visuals,0.35848795234815745,-0.2120431725590486,0.0,5.912965827527126,1.0095449165787633,-0.09399151226413156,1.1344800845190164,0.0343743311279728,2.595014932163174,-0.006125331317498263,32.45906876474219,0.9767906025952295,-2.4626457595752775,0.023241948205032517
5674,23.011466300000002,-1.342559620511598,1.0647980935994883,-0.03011070451656539,-0.1990051624807152,2.6983378522829,-1.3080714295201992,1.270560543895776,0,0.0034545,1,Shared Control,0.01,Good Visuals,0.3547835445292282,-0.21224610959910567,0.0,5.913587530590836,1.0095585066369066,-0.08533710187265434,1.1431344949104936,0.02991187657825636,2.4004688629177116,-0.005906799916068312,32.46264575957528,0.9767580517949674,-2.465223483243419,0.023264192034517645
5675,23.015229100000003,-1.3378472315312133,1.074575734015313,-0.029775802011014152,-0.19598480988046307,2.6714116980194613,-1.3032767574149693,1.2778945483727424,0,0.0037628,1,Shared Control,0.01,Good Visuals,0.37898473137992333,-0.21264548368893738,0.0,5.914024068646907,1.0095682827550256,-0.07612153416447237,1.1523500626186756,0.05765093534028133,2.694768029762548,-0.006390879890929224,32.46522348324342,0.9767358079654823,-2.4699629155175757,0.023307967232739205
5676,23.0186305,-1.3347056388776237,1.0941971346596195,-0.031428881462654434,-0.18369741371312287,2.6813077573039497,-1.298918886350835,1.2845000621822051,0,0.0034014,1,Shared Control,0.01,Good Visuals,0.37398309778143324,-0.21301768508598493,0.0,5.914853917028688,1.0095862977574557,-0.06679384267296773,1.1616777541101801,0.05071336132178783,2.5488281482961623,-0.006331689820858138,32.46996291551758,0.9766920327672608,-2.474560443895051,0.023348764045424183
5677,23.0226128,-1.3257520998148926,1.1307061253111108,-0.026833213464057648,-0.15379393687109433,2.7627090654255824,-1.2937882713232802,1.292203999074598,0,0.0039823,1,Shared Control,0.01,Good Visuals,0.36325041434712746,-0.21354443389705183,0.0,5.916264032562896,1.0096175844956505,-0.049013282676910304,1.1794583141062376,0.028065961120952415,2.354007397533481,-0.0066619160087004765,32.47820746143685,0.9766194170409114,-2.4811692819898528,0.023406500724403884
5678,23.0294573,-1.3221392682632644,1.1438593076094852,-0.02835099693998422,-0.14834469146511275,2.8194900259895093,-1.2848986740265396,1.3053680641273882,0,0.006844500000000001,1,Shared Control,0.01,Good Visuals,0.3140407169347738,-0.21333229351132277,0.0,5.916769004895303,1.009628821317222,-0.043542707495653386,1.1849288892874945,-0.03213452539012568,1.5194775938829874,-0.005730083378820939,32.48116928198985,0.9765934992755961,-2.478965136527243,0.02338324812071094
5679,23.0332416,-1.3177410385482387,1.1373643860976381,-0.032842364521699086,-0.16800367802975003,2.824251583943309,-1.279945069455786,1.312603415142065,0,0.0037843000000000004,1,Shared Control,0.01,Good Visuals,0.31750640901566585,-0.21309008741197807,0.0,5.9163556850100845,1.009620402421408,-0.03807027322671407,1.190401323556434,-0.03649955155637486,1.600126979222022,-0.006048183200539327,32.47896513652724,0.9766167518792891,-2.47602611480506,0.023356700028886172
5680,23.0365998,-1.3141282069966105,1.1374613677960814,-0.03418313754082458,-0.1751420473459835,2.875304974943002,-1.2755263410352107,1.3189976730943733,0,0.0033582000000000004,1,Shared Control,0.01,Good Visuals,0.3639084609861778,-0.2131717000862969,0.0,5.915846745394006,1.0096092401584493,-0.02989514734986782,1.1985764494332802,0.010266645387850397,2.296964366510144,-0.0069983823267449055,32.47602611480506,0.9766432999711139,-2.4767400426135713,0.02336564555411342
5681,23.0410177,-1.3097299772815845,1.1280800208739032,-0.03420363624637379,-0.19091765222047008,2.86390004282363,-1.2696806287861524,1.3273708825307131,0,0.004417900000000001,1,Shared Control,0.01,Good Visuals,0.37905274716352544,-0.21337626847951985,0.0,5.915994002800198,1.0096119872677054,-0.02003609510377613,1.208435501679372,0.021941293229198414,2.452195559281604,-0.007286877543861294,32.47674004261357,0.9766343544458865,-2.4791360173792043,0.023388068195419404
5682,23.044226100000003,-1.3050175883011998,1.1285915609147645,-0.03533695951504745,-0.19877932161594858,2.8850276967321786,-1.2654121761011914,1.333423426193473,0,0.0032084,1,Shared Control,0.01,Good Visuals,0.3951174402551797,-0.21370128146467188,0.0,5.916416286691681,1.0096210982128813,-0.011358464159691311,1.2171131326234568,0.04107841452220468,2.53073316342991,-0.007298244270682091,32.479136017379204,0.9766119318045806,-2.4830232465892923,0.023423692709407293
5683,23.047668100000003,-1.3015618363822512,1.1484453892378315,-0.036149660281059814,-0.18497803695564152,2.9581878907450303,-1.2608113964091368,1.339889496371989,0,0.003442,1,Shared Control,0.01,Good Visuals,0.4097868534436013,-0.21415936521713572,0.0,5.917094261462539,1.0096358688019473,-0.0017686866562473258,1.2267029101269007,0.05370862200886758,2.6722893338471785,-0.007551553531430871,32.48302324658929,0.9765763072905927,-2.488538068219341,0.0234739030449717
5684,23.051199800000003,-1.2966923677691868,1.1652773607914935,-0.035880971360050085,-0.1746121355804955,3.0010873389239787,-1.2560676367847856,1.346494173716728,0,0.0035317,1,Shared Control,0.01,Good Visuals,0.40069994084675364,-0.21444359548012487,0.0,5.918052974141615,1.009656818614663,0.006874916482727027,1.235346513265875,0.03395502980535478,2.5233113819805437,-0.007741788298606874,32.48853806821934,0.9765260969550283,-2.492191060391105,0.023505057384774163
5685,23.0547144,-1.2932366158502382,1.1792082223742941,-0.03716897906545258,-0.16728595134243385,3.05232221745669,-1.2513237431790374,1.353036068567645,0,0.0035146,1,Shared Control,0.01,Good Visuals,0.38866831139663016,-0.2145659857675748,0.0,5.918668092818344,1.0096706651142182,0.015207911121641514,1.2436795079047895,0.013946113110526173,2.3114461842707517,-0.007694444507768526,32.49219106039111,0.9764949426152258,-2.493851145284909,0.023518472524188372
5686,23.0584454,-1.2872675898084176,1.1842788490826743,-0.035943846629380216,-0.1687572194849707,3.0601596298771763,-1.2462626634309826,1.3599462778212557,0,0.0037310000000000004,1,Shared Control,0.01,Good Visuals,0.38890574774173303,-0.21463723086143865,0.0,5.918940597198112,1.009676946805123,0.025249653662491156,1.2537212504456392,0.006460274842934891,2.301515560232322,-0.007975198633153184,32.49385114528491,0.9764815274758116,-2.494780897960039,0.02352628166400392
5687,23.062528,-1.2836547582567892,1.1821745305374844,-0.03739209482580663,-0.1777717472837712,3.012361576988901,-1.2406951818933698,1.367465899346611,0,0.0040826000000000005,1,Shared Control,0.01,Good Visuals,0.38314594795127777,-0.21462242096123996,0.0,5.919096016656282,1.0096804691616987,0.032969727905395485,1.2614413246885434,-0.0016444725594125845,2.094488250604826,-0.007714887707038425,32.49478089796004,0.976473718335996,-2.4946786504143432,0.02352465835810265
5688,23.066298900000003,-1.278785289643725,1.1856441980717953,-0.03809010775035526,-0.18182170127481556,2.9847135832756564,-1.2355255722985348,1.3743715348596308,0,0.0037709,1,Shared Control,0.01,Good Visuals,0.40081908020494117,-0.21477915857466168,0.0,5.91907168745433,1.0096800708179092,0.040562909906391435,1.2690345066895394,0.018605039384009696,2.283801131194644,-0.008025181916326873,32.49467865041434,0.9764753416418973,-2.4964563861910483,0.023541838291080277
5689,23.0696893,-1.274858298826738,1.204710025468928,-0.0393327265282033,-0.1696615093907028,3.0265781441592225,-1.2308554256646562,1.3805467834293688,0,0.0033904,1,Shared Control,0.01,Good Visuals,0.4090531869675232,-0.21502528063129592,0.0,5.919390142081691,1.0096868379961046,0.04898209356453197,1.2774536903476799,0.02661846896990646,2.3468107757883008,-0.008180961292639503,32.49645638619105,0.9764581617089197,-2.499401181623917,0.02356881560906403
5690,23.074253700000003,-1.2651193616006096,1.227818384312115,-0.03426393593595334,-0.15272839911725367,3.0349513077985315,-1.224535179723966,1.3888087027401967,0,0.004564400000000001,1,Shared Control,0.01,Good Visuals,0.39771069519111774,-0.21518582662125318,0.0,5.920203573040448,1.009704815266754,0.06528895316188688,1.2937605499450346,0.002535313199307911,2.1219590897791445,-0.008420059860938679,32.50119308429257,0.9764160914529485,-2.501582859282939,0.02358641297632693
5691,23.080553000000002,-1.2577366188646735,1.280345375763564,-0.03320143914070739,-0.10846332697663263,3.120493616784979,-1.215750998842005,1.400110200068335,0,0.006299300000000001,1,Shared Control,0.01,Good Visuals,0.3470002415410901,-0.21437966204165848,0.0,5.919656588598276,1.0096934360127914,0.07363775377326251,1.3021093505564103,-0.06764035892788024,1.3893372697484674,-0.00791094241503828,32.498208628398274,0.9764462393516058,-2.492149318235655,0.02349804967192271
5692,23.087531700000003,-1.2501967964960583,1.2570260225864822,-0.03444579765405331,-0.14308417748185276,2.9530147703812446,-1.2059367693915917,1.4124882409230461,0,0.0069787,1,Shared Control,0.01,Good Visuals,0.34879337255122106,-0.21294874594384963,0.0,5.9169384725132295,1.009634227611125,0.0810473870986573,1.309518983881805,-0.06836465549422491,1.448842430355854,-0.00812874132105039,32.48262569985256,0.9765890845189205,-2.4746620866981606,0.02334120765984727
5693,23.092811800000003,-1.2448560889849554,1.2392304113406998,-0.0389193195933637,-0.17325782958234637,2.8752643441382766,-1.1984541996254339,1.4217495400521794,0,0.0052801,1,Shared Control,0.01,Good Visuals,0.34822524989233317,-0.21249203042335912,0.0,5.91558052917317,1.0096040143676825,0.08519383565830398,1.3136654324414518,-0.05660524967850561,1.21287289310167,-0.007335189413466251,32.47466208669816,0.9766587923401527,-2.4688745725603503,0.02329114729551878
5694,23.0964241,-1.23731626661634,1.2811714361247588,-0.03886206699090611,-0.14057810392742054,2.8861908416130824,-1.1933070534741903,1.4280319442474716,0,0.0036123,1,Shared Control,0.01,Good Visuals,0.41926166966130485,-0.21268176649486578,0.0,5.914700636572972,1.009583472457451,0.09817799217178809,1.326649588954936,0.0142488192413775,2.3204857414019298,-0.009095229936157682,32.46922945609811,0.9767014338225207,-2.470664425549917,0.02331194417331194
5695,23.1026437,-1.229619364615045,1.2959700339949043,-0.03631231114085476,-0.1320619102525673,2.754933475278243,-1.1843918857614513,1.4387431846827679,0,0.0062196000000000005,1,Shared Control,0.01,Good Visuals,0.3743805787246437,-0.212059879003887,0.0,5.914310847065295,1.0095754376805737,0.10777172850108915,1.336243325284237,-0.03686549373144592,1.6149338753494895,-0.00851193766972935,32.46712398802442,0.9767231141019332,-2.4634066929569425,0.023243779390262103
5696,23.1090169,-1.2244357367366219,1.281206504125203,-0.0400438509751706,-0.15753668055756487,2.632137073574767,-1.1751878923761232,1.4495748345245356,0,0.006373200000000001,1,Shared Control,0.01,Good Visuals,0.3480636798375962,-0.21136690497704388,0.0,5.91367158844536,1.009561325276556,0.11285659378406947,1.3413281905672172,-0.06052007684934389,1.1080069038133704,-0.007700384306881158,32.463406692956944,0.9767562206097379,-2.4552329528811745,0.023167822846861322
5697,23.113232900000003,-1.2190950292255192,1.2731885553834927,-0.043907136849395956,-0.17638627914104288,2.5721337058121847,-1.1690615322517266,1.456656827741735,0,0.004216,1,Shared Control,0.01,Good Visuals,0.39578674327861707,-0.21133957579186383,0.0,5.912236042345547,1.0095302484857556,0.11886553208214552,1.3473371288652933,-0.0029449797586490424,1.7683229740372717,-0.00846394484398379,32.455232952881175,0.9768321771531386,-2.4543144980454668,0.023164827308269936
5698,23.1165838,-1.2150109587758524,1.2918137279471198,-0.045949426524125814,-0.1648430997946153,2.6123487717105434,-1.1641710597570947,1.4622367473451128,0,0.0033509000000000004,1,Shared Control,0.01,Good Visuals,0.4376512577323534,-0.211797999818074,0.0,5.912127145447599,1.0095268348155948,0.12728762389042275,1.3557592206735705,0.043200099877791685,2.3613120835161974,-0.009279315675986654,32.45431449804547,0.97683517269173,-2.4594950154249453,0.023215074941072885
5699,23.1201849,-1.2099844105301087,1.3101682389478388,-0.04581335077301407,-0.15206850839727393,2.623818328345406,-1.1588946754908418,1.468183786675698,0,0.0036011000000000003,1,Shared Control,0.01,Good Visuals,0.4381183596091265,-0.21217194366904785,0.0,5.913056931681443,1.0095465615558226,0.13548385628475737,1.363955453067905,0.034842784838489044,2.386510713468038,-0.009731996630597404,32.45949501542495,0.9767849250589271,-2.464152630760875,0.02325606274327861
5700,23.1245453,-1.2046437030190063,1.3176623406892038,-0.045749027528164454,-0.15052144598649408,2.6254475377901985,-1.1524772324854446,1.4753143347037931,0,0.0043604,1,Shared Control,0.01,Good Visuals,0.4244563604413807,-0.2123775597508438,0.0,5.913853236449376,1.0095642373155091,0.1453727444866985,1.3738443412698462,0.014366056342469772,2.1612221789363435,-0.009720307679502271,32.46415263076088,0.9767439372567214,-2.4668352102777735,0.023278600221215525
5701,23.128100000000003,-1.1993029955079033,1.3271413314874858,-0.046825763022458666,-0.14817300321630733,2.6931688959870015,-1.1472226892179958,1.4810687456814733,0,0.0035547,1,Shared Control,0.01,Good Visuals,0.42253615230550534,-0.21247794577412568,0.0,5.914301747090015,1.0095744023190445,0.15232581187289357,1.3807974086560413,0.009426761619166807,2.0404587939297576,-0.009716066827405744,32.46683521027777,0.9767213997787845,-2.4681704943796254,0.023289603484020305
5702,23.131595100000002,-1.1953760046909163,1.3370926697947962,-0.048153315472920566,-0.14397607588667705,2.781375555626319,-1.142036394901192,1.4866740626460302,0,0.0034951,1,Shared Control,0.01,Good Visuals,0.42654447104409643,-0.21254612917309745,0.0,5.914522962416846,1.0095794589294755,0.1597720173088312,1.388243614091979,0.005947311878047467,2.078726287914252,-0.009949441936318032,32.46817049437963,0.9767103965159797,-2.4690420661077366,0.023297077032959513
5703,23.1352559,-1.1900352971798136,1.3386760268533582,-0.04799890227862158,-0.147998035792672,2.8388336500146476,-1.1365833188390406,1.4924878582462646,0,0.0036608,1,Shared Control,0.01,Good Visuals,0.4301667404421826,-0.2125567450767836,0.0,5.91467011266681,1.00958276361895,0.16703456413706316,1.3955061609202108,0.0009357642153160124,2.109243386452124,-0.010234800810620287,32.46904206610774,0.9767029229670405,-2.4692256848251435,0.023298240636958855
5704,23.138734200000002,-1.1856370674647878,1.3421882633396032,-0.049053748625747184,-0.15029959490666145,2.9152844507185516,-1.1313824720565195,1.4979562722489097,0,0.0034783,1,Shared Control,0.01,Good Visuals,0.4333153422771021,-0.21255452211240294,0.0,5.91469722516869,1.0095834539852326,0.1746292537902724,1.4031008505734202,-0.00018466984067330754,2.0697361021445495,-0.010202490435602415,32.46922568482514,0.9767017593630412,-2.4692118594001418,0.023297996978922743
5705,23.142565700000002,-1.180296359953685,1.340506497901306,-0.04891388789716555,-0.15744977434760377,2.9601380456579927,-1.1256316138688496,1.5039158245497122,0,0.0038315000000000003,1,Shared Control,0.01,Good Visuals,0.44187787431536096,-0.21258498327222955,0.0,5.914693707038582,1.009583399783843,0.18293668107341135,1.411408277856559,0.00233928925015581,2.137233672019285,-0.010426596096967635,32.46921185940014,0.9767020030210772,-2.4695577504294626,0.02330133581171991
5706,23.1463222,-1.174798572809903,1.3522355625481026,-0.049166958941053496,-0.15168026200160956,3.046499919006183,-1.1199712842194427,1.5096918872350313,0,0.0037565000000000003,1,Shared Control,0.01,Good Visuals,0.4482725798115571,-0.2126552405743399,0.0,5.914755633607276,1.0095847165790595,0.1902117934440742,1.418683390227222,0.006132386739716154,2.116704210259779,-0.010398358040398651,32.46955775042946,0.9766986641882801,-2.4703853130626445,0.023309036680165554
5707,23.149642200000002,-1.1708715819929159,1.374670728920011,-0.05090029777347316,-0.13502115831502026,3.1479517245889723,-1.114950711793381,1.5147404198059633,0,0.00332,1,Shared Control,0.01,Good Visuals,0.4439522499008082,-0.21256809881574779,0.0,5.914901075717389,1.0095878629810988,0.1974416559794607,1.4259132527626086,-0.007250068095415278,2.0188943440246003,-0.010455611481918424,32.47038531306264,0.9766909633198344,-2.4694533560627923,0.023299485114721352
5708,23.153253300000003,-1.1653737948491338,1.3773402840127098,-0.050423083055752826,-0.1374001357932535,3.1668848455153826,-1.109471009425302,1.5201702260288141,0,0.0036111000000000003,1,Shared Control,0.01,Good Visuals,0.4373767081761347,-0.21224510006498248,0.0,5.914728965776346,1.009584307154974,0.20415435288299666,1.4326259496661446,-0.027069736133478732,1.9635806773345719,-0.01081977952686263,32.46945335606279,0.9767005148852786,-2.4656964998953073,0.023264081379977257
5709,23.1574537,-1.1597189280726719,1.3932941363521048,-0.05024791864736988,-0.12687608967670938,3.2769526924931376,-1.1030725632975293,1.5264038036350622,0,0.0042004,1,Shared Control,0.01,Good Visuals,0.4369204229774381,-0.21183158774004215,0.0,5.914064501133109,1.0095700170809803,0.21163937295549276,1.4401109697386407,-0.029976118217123583,1.8750050281803858,-0.010702052308753181,32.46569649989531,0.9767359186200227,-2.4606987249796264,0.02321875649673571
5710,23.1605117,-1.1556348576230053,1.4006498630506992,-0.05256229432547599,-0.12575394058436307,3.3436866391555196,-1.098397956225661,1.530885083024716,0,0.0030580000000000004,1,Shared Control,0.01,Good Visuals,0.42521374569506665,-0.211174841179296,0.0,5.913197331712626,1.0095510316538316,0.2176215504720586,1.4460931472552065,-0.053242586371556565,1.6746479806746102,-0.010644096387704834,32.46069872497963,0.9767812435032643,-2.4528422012254003,0.023146770828135866
5711,23.1641808,-1.1498229112138643,1.389481381869542,-0.05142495498820332,-0.1414037011551741,3.352002106204195,-1.0927712186548948,1.5361971896749247,0,0.0036691000000000002,1,Shared Control,0.01,Good Visuals,0.4376904657598881,-0.21058247670806715,0.0,5.91182717356832,1.0095211750146065,0.22402885418223373,1.4525004509653816,-0.047652744133503434,1.861884668635435,-0.011099834156201803,32.4528422012254,0.9768532291718641,-2.4455094366636354,0.02308184204880925
5712,23.1675937,-1.1457388407641975,1.3915350662711088,-0.052967622109302726,-0.1446621234038159,3.428899062636639,-1.0875199917712637,1.5410737419377416,0,0.0034129000000000004,1,Shared Control,0.01,Good Visuals,0.44669687559247784,-0.21012388707469043,0.0,5.910569706181497,1.009493339504664,0.23065257758641386,1.4591241743695618,-0.036226886763571,1.8418673611534757,-0.010829194386016728,32.445509436663635,0.9769181579511907,-2.439751715058157,0.023031576263885953
5713,23.1713595,-1.1400839739877358,1.3935059696002963,-0.05256398221647207,-0.14756777233744534,3.477409613620858,-1.081706599220042,1.5463807150350326,0,0.0037658,1,Shared Control,0.01,Good Visuals,0.4590491720681107,-0.20975070891263925,0.0,5.9095891043540725,1.009471492131985,0.2375486948574611,1.466020291640609,-0.02956507847698961,1.978743011978782,-0.011129762646710001,32.43975171505816,0.976968423736114,-2.4350856481519965,0.022990672388467717
5714,23.175260700000003,-1.1342720275785947,1.4011517199788197,-0.0525654283585526,-0.1452289950562129,3.5582685453771146,-1.0756632696293027,1.55179507119288,0,0.0039012,1,Shared Control,0.01,Good Visuals,0.4595525270073669,-0.20921884559916556,0.0,5.90879282211388,1.0094537840167401,0.24607253991522265,1.4745441366983707,-0.032984911829722054,1.8984910369641277,-0.01102533253317638,32.435085648152,0.9770093276115323,-2.4286891009007556,0.02293237511138623
5715,23.1790586,-1.1284600811694536,1.4246974148851796,-0.05279681154015092,-0.12709765630770042,3.723183916341394,-1.0697598297417363,1.556982717268032,0,0.0037979000000000003,1,Shared Control,0.01,Good Visuals,0.45713816794064216,-0.20869004685686,0.0,5.907680184088224,1.0094294765447411,0.25219608941658317,1.4806676861997312,-0.04292045276803801,1.786228779347919,-0.010997678239602016,32.428689100900755,0.9770676248886138,-2.4221965732083106,0.02287441374044829
5716,23.182670700000003,-1.1240618514544278,1.4488817564635668,-0.054302021712691495,-0.10810096080446518,3.888644082204667,-1.064127059283488,1.5618386657537942,0,0.0036121,1,Shared Control,0.01,Good Visuals,0.4401406430586241,-0.20769090660181883,0.0,5.906562290849822,1.0094048203994392,0.25780307789754325,1.4862746746806912,-0.07691606625317429,1.565585659507473,-0.011018169074206902,32.42219657320831,0.9771255862595517,-2.4103430414883453,0.022764898466851057
5717,23.186231900000003,-1.1185640643106458,1.4567559863071082,-0.05443700502715787,-0.10508267944668592,3.9959090630186713,-1.0585566272785374,1.5665503220477033,0,0.0035612,1,Shared Control,0.01,Good Visuals,0.4297383059898688,-0.20635531589484185,0.0,5.904486370208828,1.0093597512964103,0.2628365144373467,1.4913081112204947,-0.1045814659249233,1.4765574055570472,-0.011278036119820548,32.410343041488346,0.977235101533149,-2.3942617838444025,0.02261850502413817
5718,23.1908409,-1.108353888186479,1.442729128831884,-0.049797260907941565,-0.1238211932158193,4.1554819321648715,-1.0513225573376639,1.5725340441667082,0,0.004609,1,Shared Control,0.01,Good Visuals,0.4470991492722893,-0.20350609677823436,0.0,5.898345539814781,1.0092252883584747,0.27343902229978784,1.5019106190829357,-0.09818825377412267,1.6256514782153868,-0.011386675463336195,32.374961178702534,0.9775560923048662,-2.359283825088116,0.022306203513394934
5719,23.196472800000002,-1.1039556584714532,1.4644931983145195,-0.05263310113378927,-0.10804084585218865,4.330694695449047,-1.0424460245071592,1.5796664855065314,0,0.0056319000000000004,1,Shared Control,0.01,Good Visuals,0.4185441889635487,-0.20215810943866844,0.0,5.895667246685541,1.009165762408265,0.2764537030130154,1.5049252997961633,-0.12962556721768792,0.99284702714648,-0.010134046197622542,32.35928382508811,0.977693796486605,-2.3428459877270402,0.022158451281860544
5720,23.199747400000003,-1.099400349123748,1.4776428328096132,-0.05695432461658889,-0.10202365269691827,4.401594124136401,-1.0372665917316886,1.5837207497549461,0,0.0032746000000000003,1,Shared Control,0.01,Good Visuals,0.4191821399806506,-0.20027305074808013,0.0,5.892827128889618,1.009103296831119,0.28041325633276376,1.5088848531159116,-0.1463138351188612,1.1161846196505465,-0.010640208219101076,32.34284598772704,0.9778415487181394,-2.3202396384116044,0.02195183092280183
5721,23.203294300000003,-1.093588402714607,1.469432671093697,-0.05632181098291844,-0.11428807866124924,4.384080139079377,-1.0316416197681975,1.5880335064233457,0,0.0035469000000000004,1,Shared Control,0.01,Good Visuals,0.43834131739032145,-0.1984293005421704,0.0,5.888888781597508,1.0090173344218825,0.2855359543052952,1.514007551088443,-0.1364429963940981,1.4910201625670005,-0.011406416344260737,32.32023963841161,0.9780481690771982,-2.2976819764924006,0.02174973836650017
5722,23.2074786,-1.0876193766727864,1.485678274495624,-0.05597775690458895,-0.10235523192772167,4.486613991373359,-1.024986350019954,1.5930141943176395,0,0.0041843,1,Shared Control,0.01,Good Visuals,0.446762562483606,-0.19649829324894857,0.0,5.884997348478116,1.008931601076449,0.29149548712849405,1.519967083911642,-0.125198828290393,1.4990272721598892,-0.011175897558608837,32.2976819764924,0.9782502616334998,-2.2741722902513257,0.021538081603629848
5723,23.2105263,-1.0832211469577606,1.4909128025834901,-0.05823479693780653,-0.10210139173414934,4.51268807369427,-1.020125889632084,1.5965676808761733,0,0.0030477,1,Shared Control,0.01,Good Visuals,0.4324616483614017,-0.19440858522080887,0.0,5.880931762777919,1.0088422235715415,0.2960651765798845,1.5245367733630324,-0.15073305582138294,1.2742427782584596,-0.010999533691656274,32.27417229025133,0.9784619183963702,-2.248812549555989,0.021309029730996982
5724,23.2142233,-1.0770950412832605,1.4777910645123782,-0.05696915165117655,-0.1187766163637951,4.482380575071082,-1.0142155398619697,1.6007926962867993,0,0.003697,1,Shared Control,0.01,Good Visuals,0.44521341049091534,-0.1924470934677023,0.0,5.876539105330634,1.008745789313845,0.301113746189656,1.529585342972804,-0.14196673108843588,1.4692304318059026,-0.01132134448330006,32.24881254955599,0.978690970269003,-2.224809857156178,0.021094031581421542
5725,23.217650900000002,-1.072696811568235,1.4798478460600557,-0.05848127170626527,-0.12094485022674362,4.525136370360712,-1.0087220719199321,1.6046247072489184,0,0.0034276000000000003,1,Shared Control,0.01,Good Visuals,0.45435012112420736,-0.19065617589080353,0.0,5.872398302847972,1.0086545257881896,0.3063108701169578,1.5347824669001058,-0.12776149335084233,1.4532937913653985,-0.01096354765258968,32.22480985715618,0.9789059684185785,-2.2028682300519735,0.020897729983688315
5726,23.221293300000003,-1.0665707058937346,1.482944359664236,-0.057848633973802466,-0.12168034758468238,4.534629273763507,-1.002870108160184,1.608605566174964,0,0.0036424,1,Shared Control,0.01,Good Visuals,0.46518555607520656,-0.18891694156874234,0.0,5.868615140823283,1.0085710905138239,0.31197758095946004,1.540449177742608,-0.12073951582938337,1.58186384236447,-0.011149815624747582,32.202868230051976,0.9791022700163117,-2.18167203648501,0.020707093362183775
5727,23.224975800000003,-1.060601679851914,1.4888707356959578,-0.05773157169172993,-0.11973483047900624,4.556540420990569,-0.9969391564751053,1.612533027274877,0,0.0036825000000000004,1,Shared Control,0.01,Good Visuals,0.46199286917283316,-0.18670046599679405,0.0,5.864950913216256,1.0084904666669046,0.3184257169272127,1.5468973137103605,-0.12609611281597186,1.4589863263084144,-0.010928587004260403,32.18167203648501,0.9792929066378162,-2.155121073088176,0.020464146561212874
5728,23.229057200000003,-1.0546326538100934,1.504304275261317,-0.057693497334988075,-0.10822875201356008,4.638454654123458,-0.9903490764436592,1.6167697233905396,0,0.004081400000000001,1,Shared Control,0.01,Good Visuals,0.4590649184291655,-0.18488829762818562,0.0,5.860321720283302,1.0083894086207261,0.32307220337651427,1.5515438001596622,-0.13277824655865753,1.351941124065748,-0.010778511337573302,32.155121073088175,0.9795358534387871,-2.1328261302334712,0.020265515674617048
5729,23.2327058,-1.0500773444623883,1.516136656681648,-0.0597282680187291,-0.1006330667088915,4.709074864835378,-0.9844433824698884,1.6204519613393769,0,0.0036486,1,Shared Control,0.01,Good Visuals,0.44700865419341024,-0.18268634052056668,0.0,5.856485058050537,1.0083046055146363,0.3272820426726579,1.5557536394558058,-0.15479448137193086,1.1774786161003643,-0.01066685250648221,32.13282613023347,0.9797344843253829,-2.106425348124466,0.020024160235404636
5730,23.236282600000003,-1.0439512387878882,1.5218577952539003,-0.05950785631799982,-0.09859416608547655,4.760667951973233,-0.9786410402701832,1.6239637489319176,0,0.0035768,1,Shared Control,0.01,Good Visuals,0.4509815529288958,-0.1804413850085588,0.0,5.851883783469367,1.008204094474034,0.3316240567383528,1.5600956535215007,-0.15921668266337477,1.2701146860395767,-0.010911538709973218,32.10642534812447,0.9799758397645953,-2.079284936172869,0.019778091762164076
5731,23.240861900000002,-1.0331127441330035,1.5318369270011591,-0.0544717038628203,-0.0921268219307585,4.887472841094914,-0.9711943961835243,1.6283157966370192,0,0.0045793000000000006,1,Shared Control,0.01,Good Visuals,0.45435774478889834,-0.17560310620429537,0.0,5.841884215806724,1.0079851443610819,0.34010674287185383,1.5685783396550017,-0.16586336486316244,1.2596996083142944,-0.010809068375250148,32.04892001750285,0.9804990725451757,-2.0208695778544126,0.01924777039405267
5732,23.2464459,-1.0287145144179777,1.5576323081006338,-0.057520118234453355,-0.0706834885363854,5.024309176349927,-0.9620875715391357,1.6333996116711886,0,0.005584,1,Shared Control,0.01,Good Visuals,0.41080536509117843,-0.17311993519545701,0.0,5.837025721480688,1.0078783421054556,0.3415303762498321,1.57000197303298,-0.21523148114743365,0.46517885831207906,-0.00956540039855176,32.02086957785441,0.9807522296059473,-1.991040517311826,0.01897559123697282
5733,23.2496732,-1.024002125437593,1.5594629825200441,-0.06191455389845735,-0.07393662915114452,5.0051416680459875,-0.9568115207676232,1.6362239916066261,0,0.0032273000000000002,1,Shared Control,0.01,Good Visuals,0.4066799348325948,-0.16978956017537164,0.0,5.831831010102347,1.007764713982508,0.34349852736601294,1.5719701241491608,-0.23573364802241897,0.5563049029596208,-0.00995787914118359,31.991040517311827,0.9810244087630272,-1.9515395497001955,0.018610550463502015
5734,23.2532202,-1.0177189401304134,1.5399311615887439,-0.060907419362790205,-0.09629283001788225,4.91077807569908,-0.9510024719877299,1.6392303711463658,0,0.0035470000000000002,1,Shared Control,0.01,Good Visuals,0.43514619389171233,-0.16673179661308168,0.0,5.824908307332213,1.0076141609259026,0.34705723955735884,1.5755288363405067,-0.20807888654085696,1.03989018506981,-0.010512444874873414,31.951539549700197,0.981389449536498,-1.9145953623741028,0.018275390498291685
5735,23.2574618,-1.0117499140885928,1.5549093640512637,-0.060747442100862914,-0.08432100709510215,4.975812025898809,-0.9440421242979659,1.6426890916458012,0,0.0042416,1,Shared Control,0.01,Good Visuals,0.4514018045679894,-0.16368789392956112,0.0,5.818492128967591,1.0074733953903987,0.35152584953149657,1.5799974463146444,-0.18141470806822887,1.1209356513577688,-0.010155203457424409,31.914595362374104,0.9817246095017084,-1.8780397182537718,0.017941749817208953
5736,23.260508700000003,-1.0070375251082082,1.5562901843014578,-0.06299540081024235,-0.08639890734434341,4.947709067116222,-0.9390333515955137,1.6450806569811531,0,0.0030469000000000004,1,Shared Control,0.01,Good Visuals,0.4380111046482198,-0.16062434145255772,0.0,5.812124265605609,1.0073340590503501,0.35482247625753344,1.5832940730406813,-0.20364759151822398,0.9219012629091576,-0.009943620859098204,31.87803971825377,0.982058250182791,-1.8413370861395957,0.017605955331894487
5737,23.2642403,-1.0007543398010286,1.537234472129438,-0.06172098820551486,-0.10784618485171515,4.85913054765637,-0.9328892670204822,1.6479022961471383,0,0.0037316000000000003,1,Shared Control,0.01,Good Visuals,0.45275431036647895,-0.1577541970575258,0.0,5.805722858325993,1.0071941253403416,0.3587998803260822,1.58727147710923,-0.18872641344308488,1.1402454184246071,-0.010118594769685098,31.841337086139596,0.9823940446681055,-1.8068679090182163,0.017291360211640284
5738,23.267702900000003,-0.9963561100860029,1.5308270207294536,-0.06346684306552064,-0.1170752754176847,4.826186908255677,-0.9271788630075358,1.650413464607294,0,0.0034626,1,Shared Control,0.01,Good Visuals,0.4665721883763523,-0.15528508267047508,0.0,5.7997178885135,1.007062689639222,0.362933682146735,1.591405278929883,-0.1649562787528213,1.1750431553873852,-0.009736744935958016,31.806867909018216,0.9827086397883598,-1.777105886666528,0.01702072179398431
5739,23.271462300000003,-0.9900729247788232,1.527151226215876,-0.06289406177128742,-0.12326223839141814,4.763823433955469,-0.9209693572332475,1.6530216388548071,0,0.0037594000000000004,1,Shared Control,0.01,Good Visuals,0.48565014618734326,-0.15311396515747977,0.0,5.7945420677321104,1.006949193306996,0.3678067469713634,1.5962783437545114,-0.14298597362833373,1.400950099076704,-0.00985545397226344,31.77710588666653,0.9829792782060157,-1.7510067381983245,0.016782746667621664
5740,23.275128400000003,-0.9839468191043231,1.5328891290063025,-0.06297746187107567,-0.12013250984850465,4.748314034569159,-0.9149047360018059,1.6554449985211488,0,0.0036661000000000003,1,Shared Control,0.01,Good Visuals,0.488262971216302,-0.15044135825140023,0.0,5.789997024484196,1.0068496428624265,0.373866888163508,1.602338484946656,-0.13666719736548125,1.338695617783607,-0.009629959182661282,31.751006738198324,0.9832172533323783,-1.7194774309974106,0.016489803534702755
5741,23.279048900000003,-0.9776636337971436,1.5498056590017222,-0.06275889779533772,-0.10563933951942661,4.8108015546814915,-0.9084096992557268,1.6579035914078821,0,0.0039205,1,Shared Control,0.01,Good Visuals,0.48523121413819,-0.14834397423466253,0.0,5.7844550282090665,1.006729305054197,0.3780851821307166,1.6065567789138646,-0.14145349272500654,1.2315108069975302,-0.009474414903110392,31.71947743099741,0.9835101964652972,-1.6941721606406854,0.016259910300722272
5742,23.2827957,-0.9729512448167589,1.5662700479565668,-0.06454154556103209,-0.09163354345131536,4.884151168586207,-0.9021936678974174,1.6601232155948702,0,0.0037468000000000002,1,Shared Control,0.01,Good Visuals,0.46908995127762027,-0.14575919425194747,0.0,5.780055800609696,1.00663276123808,0.3816559356740803,1.6101275324572284,-0.1670217348319233,0.9985607940277088,-0.009309904317547397,31.694172160640687,0.9837400896992777,-1.663746809747352,0.015976593833822408
5743,23.286331800000003,-0.9666680595095792,1.5759313051310397,-0.06447439161216184,-0.08419191046383045,4.936170174876239,-0.896319777165036,1.6621000017915308,0,0.0035361000000000004,1,Shared Control,0.01,Good Visuals,0.46493884839903793,-0.1429968897918906,0.0,5.7747015951347604,1.006516596668392,0.38503939289058303,1.6135109896737312,-0.1810584083491453,0.9895175084089551,-0.009407523676751394,31.66374680974735,0.9840234061661776,-1.6310806246709262,0.015673818995979923
5744,23.2908173,-0.9555154055893355,1.5788758208363802,-0.059195628424299485,-0.0832241809551506,5.039030490349756,-0.8888591081167121,1.6644405477080764,0,0.0044855,1,Shared Control,0.01,Good Visuals,0.46406649102253944,-0.13688941575416588,0.0,5.762215733220359,1.0062454519625597,0.3912963875165072,1.6197679842996553,-0.19148257378078667,0.9387452863188734,-0.009171737173550068,31.592745181317834,0.9846835387732153,-1.5588339781944782,0.015004381760462003
5745,23.2964935,-0.9508030166089508,1.592756207708431,-0.06194390849223874,-0.07168433999964541,5.17048167177788,-0.8794036307158901,1.6671308667226266,0,0.0056762,1,Shared Control,0.01,Good Visuals,0.42447990418528025,-0.1334148328720409,0.0,5.756281971034494,1.0061159456474773,0.3919832717926683,1.6204548685758164,-0.23550300465223226,0.19092316651224017,-0.008103254990203052,31.558833978194478,0.984995618239538,-1.5181472766295439,0.014623534433920738
5746,23.300209700000003,-0.9443627516690918,1.6051810164866362,-0.06495912095320167,-0.06194985023599031,5.287316534203172,-0.8732052347217932,1.6687255733864252,0,0.0037162000000000002,1,Shared Control,0.01,Good Visuals,0.42823348534279726,-0.12982741485595475,0.0,5.749102394895042,1.0059604745090056,0.39315585850488616,1.6216274552880343,-0.24412004182501418,0.3429117450556749,-0.008264236198933026,31.518147276629545,0.9853764655660793,-1.4759270456946232,0.014230319303655436
5747,23.303659200000002,-0.939650362688707,1.6084625031063395,-0.06644512796691382,-0.06026307028008571,5.368950547090459,-0.8674465856533089,1.6700863236524424,0,0.0034495000000000003,1,Shared Control,0.01,Good Visuals,0.43528297033228674,-0.12581545300318098,0.0,5.741670445745439,1.0057991284293115,0.3950567828121433,1.6235283795952915,-0.24851599425474485,0.5311476451583221,-0.008433474744669456,31.475927045694622,0.9857696806963445,-1.4289522080384813,0.013790570131553381
5748,23.3080308,-0.9319534606874121,1.5983393580383447,-0.06450687503410324,-0.07174696561409766,5.374876338484296,-0.8601421637764469,1.6716436834074044,0,0.004371600000000001,1,Shared Control,0.01,Good Visuals,0.4415568989771344,-0.12076426167368645,0.0,5.733380141551404,1.0056195528559908,0.3978431116479957,1.6263147084311438,-0.24846138013920832,0.6323798451810827,-0.008359823875011592,31.42895220803848,0.9862094298684466,-1.3701908324804717,0.0132369115259167
5749,23.311507300000002,-0.9269269124416684,1.5818230631407255,-0.06678474866522144,-0.08982062026667892,5.303594523547289,-0.8543287412116068,1.6727473868186575,0,0.0034765000000000004,1,Shared Control,0.01,Good Visuals,0.4413053173415611,-0.11680025112598032,0.0,5.722975864190867,1.0053948320963992,0.39962043979096035,1.6280920365741085,-0.24678114050917663,0.495022321458519,-0.007790125136370236,31.37019083248047,0.9867630884740833,-1.3232477375877432,0.012802418272858376
5750,23.315210200000003,-0.9208008067671684,1.575806641328219,-0.06647206555556151,-0.09694074549043852,5.236452534596632,-0.8481327516407816,1.673790262248367,0,0.0037029000000000003,1,Shared Control,0.01,Good Visuals,0.4719463036337883,-0.11351521383214266,0.0,5.714736481224606,1.0052153256029774,0.4026348890342313,1.6311064858173794,-0.20816127000767812,0.8819336580663943,-0.0078004754154833425,31.323247737587742,0.9871975817271417,-1.2845333635497584,0.012442346945337971
5751,23.3186669,-0.9157742585214247,1.5789654389890875,-0.06764150688064308,-0.09482482325927943,5.178028933260925,-0.8423454589050288,1.6746390996240574,0,0.0034567,1,Shared Control,0.01,Good Visuals,0.47684952152587456,-0.11024771108469429,0.0,5.707924840175313,1.0050672384516903,0.4057442450136409,1.634215841796789,-0.1986082141562546,0.8674206269624598,-0.00754559073540377,31.28453336354976,0.987557653054662,-1.2464167395461812,0.012084197570852225
5752,23.322498500000002,-0.9093339935815656,1.5865829813211094,-0.06698853467653687,-0.08805611830294802,5.116959699672241,-0.835927333367864,1.6754379634147458,0,0.0038316,1,Shared Control,0.01,Good Visuals,0.48092818557818473,-0.10704267258968164,0.0,5.7011842424133805,1.0049213817842897,0.4089781640493174,1.6374497608324654,-0.19309865219589434,0.9101939306716851,-0.007457321307910499,31.24641673954618,0.9879158024291478,-1.2090818627130735,0.011732894872457277
5753,23.3261542,-0.9030508082743859,1.6101994631811523,-0.06712347490652193,-0.06523850023359357,5.110751355813644,-0.8298012564364223,1.6760596685282618,0,0.0036557000000000004,1,Shared Control,0.01,Good Visuals,0.4699482629681552,-0.10338419242701105,0.0,5.6945770122128625,1.004778486974959,0.4117315466053772,1.6402031433885251,-0.2039101109895947,0.7109172620861806,-0.007170631784643071,31.209081862713074,0.9882671051275427,-1.1667701999983113,0.011331890655138042
5754,23.3297595,-0.8981813396613219,1.618067659273684,-0.06838008322489952,-0.057992009254577814,5.031898959500208,-0.8237576570045799,1.6765372361368103,0,0.0036053,1,Shared Control,0.01,Good Visuals,0.44727504056072737,-0.09946461808144766,0.0,5.687062056634629,1.0046164929559678,0.4132822231238618,1.6417538199070096,-0.23427759091585876,0.43171483573724245,-0.006939506246105511,31.16677019999831,0.9886681093448619,-1.1214297006872231,0.01090226803241488
5755,23.3332368,-0.8918981543541422,1.6013323744889432,-0.06814049734956229,-0.0752048616478671,4.888877843970155,-0.8179272201006925,1.676869233185073,0,0.0034773,1,Shared Control,0.01,Good Visuals,0.4465808135383857,-0.09567882321305383,0.0,5.679009663238562,1.0044428685927287,0.41480708964716534,1.643278686430313,-0.23377678898022203,0.44712248513473796,-0.006801398862342237,31.121429700687223,0.9890977319675851,-1.0775674859770188,0.010487308912608347
5756,23.336656400000003,-0.887028685741078,1.5939685275323467,-0.06910146564038544,-0.08290070565272623,4.811465184894884,-0.8121926168942284,1.6770715719378988,0,0.0034196,1,Shared Control,0.01,Good Visuals,0.4619664863888441,-0.09218532912182535,0.0,5.671225605654066,1.0042748750957293,0.4168071347462531,1.6452787315294009,-0.2063863888904461,0.5578459540590099,-0.006519602599558334,31.07756748597702,0.9895126910873917,-1.0371094630573876,0.010104388737707132
5757,23.341105700000004,-0.8790176244744241,1.5910416260436824,-0.06682500758019572,-0.08602994589421642,4.7009130435625295,-0.804730571861964,1.67714899995725,0,0.004449300000000001,1,Shared Control,0.01,Good Visuals,0.47463598017066666,-0.0882259339379751,0.0,5.664043869856921,1.004119888446032,0.4198445161351648,1.6483161129183126,-0.18800792961613688,0.6896086704306406,-0.006370141352859438,31.037109463057387,0.9898956112622929,-0.9916473051483513,0.009670401372418697
5758,23.344576,-0.8743052354940394,1.5866511814944464,-0.06957466363207543,-0.09049781846280358,4.520213231344803,-0.7989104746381299,1.6770623321466187,0,0.0034703000000000004,1,Shared Control,0.01,Good Visuals,0.4643275726466758,-0.08505345907100353,0.0,5.655939209652476,1.0039456748551705,0.42133778798818444,1.6498093847713322,-0.19239488320690876,0.41864696319482597,-0.005895698704175033,30.99164730514835,0.9903295986275813,-0.9548802972525792,0.009322667957331316
5759,23.3482221,-0.8677078909215008,1.5878995052959568,-0.06879741628337088,-0.0891628268506619,4.341548989782331,-0.7927961150687446,1.6768313320843682,0,0.0036461,1,Shared Control,0.01,Good Visuals,0.48389825959583654,-0.08238409342959206,0.0,5.649414553406324,1.0038047752695596,0.42374352873676496,1.6522151255199127,-0.16250318178372328,0.7040917667351057,-0.005917565805609566,30.95488029725258,0.9906773320426687,-0.9240566539304316,0.009030080097843871
5760,23.351666400000003,-0.8626813426757571,1.6041035210076466,-0.06988522760701255,-0.07272781107672155,4.227547238493656,-0.787021172012806,1.6764804826915263,0,0.0034443000000000004,1,Shared Control,0.01,Good Visuals,0.4777796536121319,-0.07965139152495579,0.0,5.643934578031951,1.0036866273996143,0.42572299987388146,1.6541945966570293,-0.1602006501474991,0.5518458703976918,-0.005667812770803765,30.924056653930432,0.9909699199021561,-0.8927501414602564,0.00873054998159048
5761,23.3553247,-0.8562410777358981,1.6210439955934244,-0.06921990572309211,-0.055436487098101894,4.113612048200594,-0.7808890002221432,1.6759657480140238,0,0.0036583,1,Shared Control,0.01,Good Visuals,0.46702435044600116,-0.07675428654123426,0.0,5.638346785736818,1.0035665987598725,0.427276472761761,1.655748069544909,-0.17044408828620206,0.4425974779565145,-0.0055664556259368055,30.892750141460258,0.9912694500184095,-0.859643349120128,0.00841299972442553
5762,23.3590389,-0.8499578924287186,1.641206283022386,-0.0690688922065753,-0.034759464991637845,4.032957506840188,-0.7746653315279179,1.6752924126523423,0,0.0037142000000000004,1,Shared Control,0.01,Good Visuals,0.4455034546451811,-0.0731519553252951,0.0,5.63243017428186,1.0034396460052046,0.4278481359367069,1.6563197327198549,-0.1917991714131509,0.14632891569506157,-0.005312924478227433,30.859643349120127,0.9915870002755744,-0.8186953523959076,0.008018149965634479
5763,23.362688000000002,-0.8450884238156543,1.6387660822630132,-0.07042309228773636,-0.036526330389329065,3.8841827244666747,-0.768553455597561,1.674482006794091,0,0.0036491,1,Shared Control,0.01,Good Visuals,0.42339249069202206,-0.06940908834975294,0.0,5.625092747603595,1.003282589769161,0.42741218595728586,1.6558837827404338,-0.21650714003457364,-0.12119821501835126,-0.00505252451706302,30.818695352395906,0.9919818500343656,-0.7760474974424012,0.007607896151121057
5764,23.3662849,-0.8384910792431157,1.6173620405853497,-0.06993762364555467,-0.05711996620874138,3.70660465983219,-0.7625321658429491,1.673537891131337,0,0.0035969,1,Shared Control,0.01,Good Visuals,0.43223913555616994,-0.06607944104021099,0.0,5.617459657602696,1.0031189904826474,0.4274548758009087,1.6559264725840566,-0.19954445405172805,0.012532982098187873,-0.004888002634462298,30.776047497442402,0.992392103848879,-0.7380306959524555,0.007242935141646208
5765,23.369616200000003,-0.833464530997372,1.618971449845964,-0.07093236515442292,-0.054566441285373024,3.644933393218048,-0.7569587464209778,1.672534079408747,0,0.0033313,1,Shared Control,0.01,Good Visuals,0.4496861679927604,-0.0631624223316848,0.0,5.61066212943802,1.002973135039959,0.4279628561651081,1.656434452948256,-0.16692584689819495,0.14116055249246884,-0.004621439078178895,30.738030695952457,0.9927570648583538,-0.7047765303651022,0.006923202150866716
5766,23.374227700000002,-0.8221547974444487,1.626497748252472,-0.06519605102347092,-0.046036331156275034,3.467555484787145,-0.7492494434457219,1.670937901417036,0,0.0046115,1,Shared Control,0.01,Good Visuals,0.4391741537579583,-0.05740953680457028,0.0,5.599004864504321,1.002723384573415,0.428478706654789,1.656950303437937,-0.17440621488966668,-0.03238926439394163,-0.004229111269012325,30.67295055715651,0.9933840380321378,-0.6395766967593425,0.006292631188184847
5767,23.3800193,-0.8157145325045897,1.6271676118236897,-0.06646508905886783,-0.04377028959334628,3.3701956558136517,-0.7395786508159223,1.6685911121189951,0,0.0057916,1,Shared Control,0.01,Good Visuals,0.41079797386665473,-0.05432201313612385,0.0,5.593010005739759,1.0025952763477468,0.42658013942892753,1.6550517362120756,-0.19777647900962822,-0.5515082718551803,-0.003742875090744596,30.63957669675934,0.9937073688118152,-0.6046962448933735,0.005954209232326492
5768,23.383654600000003,-0.8106879842588461,1.6306972076192991,-0.0711093334429238,-0.037893904499695985,3.2859069037544972,-0.7335158091273662,1.6669221995386232,0,0.0036353,1,Shared Control,0.01,Good Visuals,0.4152011859564474,-0.051207814844867264,0.0,5.5867398503935854,1.0024613649799075,0.4249404776759993,1.6534120744591474,-0.18937597537121112,-0.46098055973691565,-0.00361051744094946,30.604696244893372,0.9940457907676735,-0.5695472393896062,0.0056128634841372625
5769,23.38719,-0.804247719318987,1.6336103801446231,-0.07073191019162073,-0.033311819394000075,3.1995072848447723,-0.7276256565934398,1.665153440601128,0,0.0035354,1,Shared Control,0.01,Good Visuals,0.43480189236278866,-0.04832406811009527,0.0,5.5804183805306025,1.0023264029422443,0.4246901284071601,1.6531617251903081,-0.16724507407537745,-0.07180532592549405,-0.0036413535806871697,30.569547239389607,0.9943871365158627,-0.5370018202484678,0.0052967774180917365
5770,23.3914605,-0.796236658052333,1.6478148703826716,-0.0686110014588932,-0.017338570218456306,3.178552780866467,-0.7205195167342764,1.6628244275502015,0,0.0042705,1,Shared Control,0.01,Good Visuals,0.42768477215371625,-0.04414799151163601,0.0,5.574564837005992,1.0022014213746218,0.4237288169069881,1.652200413690136,-0.17156203869041745,-0.19434961489840497,-0.003418053645657022,30.537001820248467,0.9947032225819082,-0.49026263705589873,0.004839039709160741
5771,23.396134300000003,-0.7846127652340508,1.6232919805619823,-0.06409324849977438,-0.03953244698821923,3.0203027374175706,-0.7127542323947034,1.660032941583801,0,0.0046738000000000005,1,Shared Control,0.01,Good Visuals,0.41322618310151843,-0.03749624672146748,0.0,5.559001523017076,1.001869962390498,0.42025888177652243,1.6487304785596704,-0.1860289557109075,-0.37425345399851295,-0.0028789279022103146,30.45071274414822,0.9955459669439742,-0.4154774167459264,0.004109945223257689
5772,23.402674400000002,-0.779900376253666,1.6231740030850137,-0.06714614385896267,-0.03685893849878741,3.0273359342011954,-0.7019113504641892,1.6556990162467067,0,0.0065401,1,Shared Control,0.01,Good Visuals,0.3954881774951204,-0.03439280058567936,0.0,5.552646596917195,1.0017345837276717,0.4171788613717832,1.6456504581549312,-0.19375770052552885,-0.8578727139066924,-0.0024032562589278656,30.415477416745926,0.9958900547767423,-0.3807592695289221,0.0037697780135588737
5773,23.407479600000002,-0.7685906427007428,1.6060323286075655,-0.06667929223655367,-0.04966668763914117,2.8956562961042516,-0.6939636951817482,1.6521951822868677,0,0.0048052,1,Shared Control,0.01,Good Visuals,0.43530732254537924,-0.028802025093272173,0.0,5.5402598129737655,1.001471194485204,0.4145871076214146,1.6430587044045624,-0.15157806500967602,-0.15167916647956936,-0.002244120375597801,30.346939305126412,0.9965621076951282,-0.3183118476635621,0.0031569758523182995
5774,23.413048300000003,-0.7618362184955249,1.6160079428129435,-0.06787252331377669,-0.036187239473924215,2.8861705054153455,-0.6847751993822231,1.6477943897249723,0,0.0055687,1,Shared Control,0.01,Good Visuals,0.41880977688295135,-0.0262431447408813,0.0,5.535084019716599,1.00136116061816,0.41272310552060554,1.6411947023037534,-0.16118241246734874,-0.544265971971809,-0.0019204986481988471,30.318311847663562,0.9968430241476817,-0.2898273195188328,0.0028764982312028064
5775,23.416677000000004,-0.7569667498824606,1.6387152595350483,-0.07219155050023751,-0.009079130189924012,2.9008146761595404,-0.6788013615332564,1.6447294950760185,0,0.0036287000000000003,1,Shared Control,0.01,Good Visuals,0.4115625098855578,-0.02333654036898781,0.0,5.529925186989019,1.0012516631536128,0.4105977527850941,1.639069349568242,-0.1721632237521612,-0.5945874207613517,-0.0017811884532522822,30.28982731951883,0.9971235017687972,-0.25755405061091,0.0025579067507567324
5776,23.420241800000003,-0.750683564575281,1.6462887235337573,-0.07188220304202453,0.001559228457738815,2.8587951476575135,-0.6729438225595074,1.6415666146027938,0,0.0035648000000000003,1,Shared Control,0.01,Good Visuals,0.4078807432638901,-0.020156457179024048,0.0,5.52407273152807,1.0011275869668461,0.4089902270320593,1.6374618238152072,-0.18439612171278733,-0.46855711584318804,-0.0016847010325486147,30.25755405061091,0.9974420932492433,-0.2222851881677101,0.00220933939111562
5777,23.424650200000002,-0.7426725033086271,1.6527292419838997,-0.06972868074911975,0.01116262738110585,2.864535724885144,-0.6657161369461144,1.637446512621506,0,0.004408400000000001,1,Shared Control,0.01,Good Visuals,0.3950617375133509,-0.01521572325075408,0.0,5.517673303077163,1.0009919779576553,0.4058051079882927,1.6342767047714406,-0.19825779788413156,-0.6398005431104146,-0.0014488905475504796,30.22228518816771,0.9977906606088843,-0.16767926170134895,0.0016677879670832353
5778,23.4285363,-0.7378030346955629,1.641126940742646,-0.07208689774944843,0.0036804281211400003,2.835859967927739,-0.6593602275235657,1.6336227721962961,0,0.0038861000000000004,1,Shared Control,0.01,Good Visuals,0.372876645362094,-0.011291156857155378,0.0,5.507747997160064,1.0007819841225545,0.40229248038926657,1.6307640771724143,-0.22397525991435988,-0.9736203777998123,-0.0010609723089187897,30.16767926170135,0.9983322120329168,-0.12425020290806242,0.001237618168421921
5779,23.432275100000002,-0.7313627697557038,1.6112062673211671,-0.07200254223213809,-0.02241650487512903,2.7682662223518264,-0.6532595815056583,1.6297740792842428,0,0.0037388,1,Shared Control,0.01,Good Visuals,0.39278508673996265,-0.007861862128952833,0.0,5.499859065987117,1.0006149461457041,0.4000025559441736,1.6284741527273214,-0.19977077588069986,-0.6696468724683999,-0.0008139444698347432,30.124250202908062,0.9987623818315781,-0.08641645853478937,0.0008617348542327822
5780,23.4356295,-0.7264933011426397,1.601452210485077,-0.07323371963698133,-0.02832186879916576,2.7859096455182906,-0.6477986592412531,1.626179124738128,0,0.0033544,1,Shared Control,0.01,Good Visuals,0.41793527142922265,-0.004951740719001781,0.0,5.492976105917392,1.000469408933723,0.39843990564613774,1.6269115024292855,-0.1630037234215338,-0.4386633068623791,-0.0005660740599631735,30.08641645853479,0.9991382651457672,-0.05437506716820177,0.0005427578729691983
5781,23.440813700000003,-0.713455691630242,1.621027264238542,-0.0656570323889889,-0.005151860499586158,2.848758441491168,-0.6393831695882487,1.6203587853235426,0,0.0051842,1,Shared Control,0.01,Good Visuals,0.42088889764550325,0.000872048840948486,0.0,5.481649325386931,1.0002302287548335,0.39559498913701946,1.6240665859201673,-0.1599085782117884,-0.4718263339394664,-0.00015934211801042308,30.024249358234442,0.9997577522029812,0.009561292350560446,-9.558484599611054e-05
5782,23.446487800000003,-0.7087433026498573,1.6308309362132596,-0.0693601330616086,0.01047215088971698,2.8439185235251845,-0.6302080274431099,1.6136202220131837,0,0.0056741000000000005,1,Shared Control,0.01,Good Visuals,0.3646561902363023,0.0045870424771193765,0.0,5.475480703504234,1.0001001272171417,0.390831787973072,1.6193033847562197,-0.22681535289823399,-1.330800504008569,5.7256138994934976e-05,29.99043870764944,1.000095584845996,0.05025356609792971,-0.0005027834774439811
5783,23.4503346,-0.7023030377099982,1.6112934980152418,-0.07209501026688836,-0.002326723997941871,2.7496281988819016,-0.6240099045497886,1.608832819644143,0,0.0038468,1,Shared Control,0.01,Good Visuals,0.3687931875357524,0.0083615078428268,0.0,5.468051030231576,0.9999435282257197,0.38693966964763105,1.6154112664307787,-0.22610937452853003,-1.1264850005617575,0.00031815787657225067,29.94974643390207,1.000502783477444,0.09151221796192265,-0.000916500776014543
5784,23.453734200000003,-0.6975906487296135,1.5988517222262857,-0.07358074417982496,-0.009981097417857354,2.7158489535756445,-0.6185479192493648,1.6044547253857233,0,0.0033996,1,Shared Control,0.01,Good Visuals,0.39600176166207557,0.01170805362528399,0.0,5.4605101945151135,0.9997847308566085,0.38428193984885567,1.6127535366320034,-0.18893776224582845,-0.7533247728955192,0.0006028229937752657,29.908487782038076,1.0009165007760146,0.12800097087727827,-0.0012833140188223502
5785,23.4579811,-0.6895795874629596,1.590747308039544,-0.07103166821359475,-0.013707417346179307,2.6442823472741215,-0.6117459098960207,1.598791461106475,0,0.0042469000000000005,1,Shared Control,0.01,Good Visuals,0.41127461815520205,0.015522776178587248,0.0,5.453832734589766,0.9996442769856414,0.38184785595035503,1.6103194527335027,-0.16881549838724927,-0.5517712967540085,0.0008614872986456935,29.871999029122723,1.0012833140188224,0.16955820628926926,-0.001701443887992053
5786,23.461525,-0.6847101188498953,1.58432644553245,-0.07296420895387457,-0.01446501557402513,2.510958252285821,-0.6060885745102795,1.5939008434139725,0,0.0035439000000000004,1,Shared Control,0.01,Good Visuals,0.4005547564478072,0.018639532980744392,0.0,5.446224448866804,0.9994842962121675,0.37893901817302184,1.6074106149561695,-0.17465350820637615,-0.8062635892602739,0.0011026086872713014,29.83044179371073,1.001701443887992,0.20337759266011876,-0.0020430700733069635
5787,23.465249900000003,-0.6784269335427158,1.5817291205882342,-0.07233835903243624,-0.012171722825738307,2.3677619320433188,-0.6001612763391527,1.5885990052246928,0,0.0037249,1,Shared Control,0.01,Good Visuals,0.41138246820814306,0.021360153370790617,0.0,5.440020544321162,0.9993540915974818,0.3767493615080562,1.6052209582912038,-0.15537812720292338,-0.6351986148078517,0.0013600187792096703,29.796622407339882,1.002043070073307,0.23285560248592743,-0.0023412759406682485
5788,23.4687169,-0.6737145445623312,1.5806389731875554,-0.07355326822317843,-0.007960032037137355,2.233836716141063,-0.5946623740411914,1.5835157747727429,0,0.003467,1,Shared Control,0.01,Good Visuals,0.40529318486453236,0.024105367281730006,0.0,5.434609114657218,0.9992405924483686,0.3740632841512837,1.6025348809344313,-0.15401378863848794,-0.7589933192349534,0.0015451584435241547,29.767144397514073,1.0023412759406682,0.26258756621468665,-0.0026421774917993997
5789,23.472547600000002,-0.6672742796224721,1.5795718307962334,-0.07261190558128072,-0.003943943976509434,2.1032518667142033,-0.5886074203480934,1.5777331080235277,0,0.0038307000000000003,1,Shared Control,0.01,Good Visuals,0.40728479795950073,0.02672459497814185,0.0,5.429149945145622,0.9991261069359378,0.37156236960959727,1.600033966392745,-0.1451510792858312,-0.7097007695128745,0.0017730285452913165,29.737412433785313,1.0026421774917993,0.2908978706959813,-0.0029292697557120155
5790,23.476270500000002,-0.6609910943152925,1.5978456268145838,-0.07238367396719902,0.020112518791056022,2.057788067602095,-0.5827443986042617,1.5719463220695773,0,0.0037229000000000003,1,Shared Control,0.01,Good Visuals,0.39778316487701626,0.029654934847386988,0.0,5.42394658692972,0.9990170885877403,0.36812401966970815,1.5965956164528559,-0.14841249884341579,-0.8804767969806413,0.001940523767250805,29.709102129304018,1.002929269755712,0.32257298046301847,-0.0032504628723881547
5791,23.479726000000003,-0.6561216257022282,1.6066029743220918,-0.07337722709796646,0.034656652252514464,1.9707573501776312,-0.5773220311342172,1.566428332409797,0,0.0034555000000000002,1,Shared Control,0.01,Good Visuals,0.3720934984059671,0.032862232878171554,0.0,5.418125019840382,0.9988951037110727,0.3639160823704024,1.59238767915355,-0.17829042031447323,-1.178561869624061,0.002146533135511789,29.67742701953698,1.0032504628723882,0.35718329867982423,-0.003602013237391485
5792,23.483183,-0.6498384403950487,1.5927082224124836,-0.07251640926083147,0.0262798900026866,1.829397546385433,-0.5719166336889755,1.5607668277162101,0,0.003457,1,Shared Control,0.01,Good Visuals,0.36248610335969766,0.03613070111712517,0.0,5.411758656372977,0.9987618052709263,0.35965207058984483,1.5881236673729926,-0.1865731154499982,-1.2420295885810404,0.002411339524847854,29.642816701320175,1.0036020132373915,0.392366696626069,-0.003960268438927858
5793,23.486663500000002,-0.6452831310473435,1.5818093583527157,-0.07336649735836798,0.02104253063650563,1.7374062067373,-0.5664945103107808,1.5549246244398667,0,0.0034805,1,Shared Control,0.01,Good Visuals,0.3657276297084422,0.039253996893036804,0.0,5.405278926078483,0.9986262903432924,0.3551412303027189,1.5836128270858667,-0.1725726288149463,-1.2576926022210362,0.00262006870909023,29.60763330337393,1.003960268438928,0.42589848061264274,-0.0043026113579507285
5794,23.491075400000003,-0.6375862290460486,1.5627500349587433,-0.07109171873526776,0.007825410518876641,1.580577988479997,-0.5596510418197697,1.5473145963823158,0,0.0044119,1,Shared Control,0.01,Good Visuals,0.3751018000567469,0.04276672710387805,0.0,5.39909523754011,0.998497128922599,0.3501615339496688,1.5786331307328167,-0.1556183803272609,-1.1263987769571937,0.0028799282593583693,29.57410151938736,1.0043026113579507,0.46363225821062864,-0.004687639994493552
5795,23.494596400000002,-0.6327167604329843,1.545397768698697,-0.07306571861321465,-0.0019168276836187825,1.3839902727359623,-0.5542138844002394,1.5410778765154969,0,0.0035210000000000003,1,Shared Control,0.01,Good Visuals,0.3755238936590499,0.0452943626968771,0.0,5.3921386754524985,0.9983517693969963,0.34574556106228294,1.574217157845431,-0.14240066091722317,-1.2317572417466343,0.0030403601344968505,29.53636774178937,1.0046876399944935,0.4905185490477242,-0.004964692892847642
5796,23.498289000000003,-0.6264335751258047,1.5456956813276326,-0.07221969072556522,0.004617804812135695,1.2292121942662448,-0.5485356140256183,1.5343820032320632,0,0.0036926000000000003,1,Shared Control,0.01,Good Visuals,0.39553000238708375,0.04716210424020021,0.0,5.387157480646452,0.9982481980244186,0.3424566029399082,1.5709281997230562,-0.10720042062941781,-0.9603638632215103,0.0033094651595749086,29.509481450952276,1.0049646928928477,0.5103636293976082,-0.005169415127883125
5797,23.501654100000003,-0.6220353454107791,1.5511462030010106,-0.07349973138516075,0.016764199768947385,1.0857384517320297,-0.543382727216061,1.5281421583613235,0,0.0033651,1,Shared Control,0.01,Good Visuals,0.3841838116876688,0.049159696740762295,0.0,5.383478800356501,0.9981717481001187,0.33837779688233727,1.5668493936654853,-0.11146039206252223,-1.1445424860596969,0.0034060325821941274,29.48963637060239,1.0051694151278832,0.5317170462553406,-0.005388370262691327
5798,23.5053269,-0.6157521601035993,1.5437434466767224,-0.07236943288753839,0.015601288315398865,0.9020305016181234,-0.5377829000243037,1.5211823780845932,0,0.0036728000000000004,1,Shared Control,0.01,Good Visuals,0.3786620267878871,0.051198634883603794,0.0,5.3795325610252185,0.9980894797129322,0.3342290797763243,1.5627006765594722,-0.1115414546396331,-1.1610973961022522,0.003613224505421991,29.46828295374466,1.0053883702626913,0.5534707470867211,-0.005611857273083
5799,23.509117500000002,-0.6096260544290992,1.551644493974523,-0.0718431544047955,0.030462115889929864,0.8064694130932479,-0.5320305763826912,1.5138366469769136,0,0.0037906000000000003,1,Shared Control,0.01,Good Visuals,0.3734523289801162,0.053256589179899796,0.0,5.375508520761268,0.9980056668870719,0.32927307042557047,1.5577446672087183,-0.10576823232802089,-1.2833085659270926,0.0037052161711425466,29.44652925291328,1.005611857273083,0.575398762137544,-0.005837428634733497
5800,23.5127287,-0.6050707450813941,1.5542444996932385,-0.07304016869870289,0.040407852716324966,0.6862215680357945,-0.5265766766049443,1.50668560676834,0,0.0036112,1,Shared Control,0.01,Good Visuals,0.35550309410530073,0.05545357737391912,0.0,5.371449624261846,0.9979211798013341,0.32385995612586216,1.55233155290901,-0.12212343416853645,-1.5040606556566534,0.0038261213595243023,29.424601237862454,1.0058374286347336,0.5988072939417913,-0.0060782394337619144
5801,23.516359,-0.598944639406894,1.5347010785295545,-0.07236796280194968,0.02801547176121444,0.5092046912368348,-0.5211202310562595,1.4993471104499558,0,0.0036303000000000004,1,Shared Control,0.01,Good Visuals,0.3516948976492373,0.05755075324762864,0.0,5.3671166439604026,0.997830984346194,0.3187552348567249,1.5472268316398727,-0.12093061981574277,-1.4945751044172813,0.004050338646337626,29.401192706058207,1.006078239433762,0.6210753004549812,-0.0063081098532871025
5802,23.519697800000003,-0.5945464096918683,1.5234454531693151,-0.07342617863560885,0.02409834271935929,0.4055344606502602,-0.516125662979208,1.4924661532440913,0,0.0033388000000000003,1,Shared Control,0.01,Good Visuals,0.3601561901555048,0.05930563748594255,0.0,5.362987669155107,0.9977451827859231,0.31360504654020843,1.5420766433233561,-0.09814335205135352,-1.4503487233220191,0.0041648307702485746,29.378924699545017,1.0063081098532871,0.6396279637345996,-0.006500461854440838
5803,23.524145700000002,-0.5882632243846887,1.5014997237058083,-0.07213756140548067,0.009033570461717044,0.23708342340356375,-0.5095080601233618,1.4831046189525017,0,0.0044479,1,Shared Control,0.01,Good Visuals,0.3694882665597016,0.06095615773706333,0.0,5.359540106295941,0.9976736977261084,0.30833032349638123,1.5368019202795289,-0.0805408126130389,-1.3150971213012488,0.004354586332141478,29.3603720362654,1.0065004618544409,0.6571095974010508,-0.006681374570115396
5804,23.5271535,-0.5822941983428681,1.500084871613081,-0.0727861382195063,0.016980252660579342,0.13898706714434433,-0.5050568618151721,1.4766487209475532,0,0.0030078,1,Shared Control,0.01,Good Visuals,0.3773780853728182,0.06195427215811253,0.0,5.356294626172146,0.9976063359125217,0.3038897846501248,1.5323613814332724,-0.05817932107253952,-1.3001519137601543,0.004397228571799572,29.34289040259895,1.0066813745701153,0.6675290018964509,-0.006790777402551613
5805,23.530653400000002,-0.5777388889951629,1.5220967617327092,-0.07268202717999084,0.045448040785156074,0.10091492727657858,-0.4999020665670885,1.469010123386485,0,0.0034999000000000002,1,Shared Control,0.01,Good Visuals,0.3727832466785881,0.06300951448614579,0.0,5.354346063859284,0.9975661928675525,0.29903106939380797,1.5275026661769555,-0.05822125289028042,-1.3582453472874851,0.00450941221658929,29.33247099810355,1.0067907774025515,0.6787196906649383,-0.00690644199686944
5806,23.5342886,-0.5717698629533423,1.528359577295003,-0.07186779638625379,0.05934945390851798,-0.0019872627821360123,-0.4945765576533398,1.4609331568431738,0,0.0036352000000000003,1,Shared Control,0.01,Good Visuals,0.3436783529819927,0.0646073968149134,0.0,5.352269841950676,0.9975230694679086,0.29335399592156325,1.5218255927047109,-0.09285968452768208,-1.666296880611898,0.004579659244480075,29.321280309335062,1.0069064419968694,0.695766558802002,-0.007081585095676884
5807,23.537675,-0.567528712870996,1.5188521428348456,-0.07295215521765624,0.05791898599167178,-0.10935381448157884,-0.48964217871358606,1.4532787630112167,0,0.0033864000000000003,1,Shared Control,0.01,Good Visuals,0.3252306725739459,0.0665980806763351,0.0,5.349116603992776,0.9974573727230203,0.28638652958028693,1.5148581263634344,-0.10886459262791393,-1.9003563008063287,0.004643191239340098,29.304233441197997,1.007081585095677,0.7169171026294409,-0.0072997829779353806
5808,23.541535500000002,-0.5601459701350601,1.4803276462086576,-0.070503791421474,0.02704888319744092,-0.3160515543083319,-0.4840488810201594,1.4444006989678386,0,0.0038605,1,Shared Control,0.01,Good Visuals,0.332176590108276,0.06894321161459628,0.0,5.3451962799512325,0.9973758619301698,0.27766052429169036,1.5061321210748377,-0.0939241838919672,-1.76933478417547,0.004858473518697991,29.28308289737056,1.0072997829779353,0.7417831629281963,-0.007556831630543647
5809,23.5461853,-0.5541769440932395,1.4623997494114835,-0.07012806307308006,0.017999050443644915,-0.45990053854706425,-0.4773579730878105,1.4334943102152078,0,0.0046498,1,Shared Control,0.01,Good Visuals,0.34955601387724444,0.06987347219758279,0.0,5.340582645935167,0.9972800305287456,0.27192540048707525,1.5003969972702227,-0.055278738768759654,-1.6723890603374159,0.00486075781160204,29.258216837071803,1.0075568316305437,0.7512124081762346,-0.007658797037050357
5810,23.549639600000003,-0.5496216347455343,1.4819308625988867,-0.07226366165772374,0.048436552383678944,-0.5142147044909096,-0.472420469071922,1.4252426531545614,0,0.0034543000000000004,1,Shared Control,0.01,Good Visuals,0.3564497521699411,0.0705110957179345,0.0,5.338792712171786,0.9972437123581497,0.2660588607759398,1.4945304575590872,-0.03642235192045351,-1.6364583980405172,0.0049000912654071915,29.248787591823767,1.0076587970370503,0.7578600625116556,-0.007728686638566284
5811,23.5533603,-0.5438096883363932,1.4939389921238946,-0.07138921926447123,0.06869633896933314,-0.6224154530559953,-0.4671343208853122,1.4162135369652284,0,0.0037207000000000004,1,Shared Control,0.01,Good Visuals,0.33740901337174867,0.07152556186016559,0.0,5.337548792274032,0.9972180978555695,0.260039257051061,1.4885108538342084,-0.059251778814997505,-1.765124395178967,0.005095389964076192,29.242139937488343,1.0077286866385662,0.7686582586463092,-0.007839881775145973
5812,23.557593400000002,-0.5337565918449058,1.5160123041427407,-0.06662227095959355,0.09979876717751224,-0.7040875819770643,-0.46116139687087204,1.4057647767458692,0,0.0042331,1,Shared Control,0.01,Good Visuals,0.28459462335760655,0.0748556386905103,0.0,5.332309738074789,0.9971090569022621,0.24470971781883646,1.4731813146019839,-0.11503451731058599,-2.362711995992516,0.005185025483295581,29.213849669402784,1.0080200488951236,0.8039102689221965,-0.008204889864185471
5813,23.563582800000002,-0.5295154417625596,1.4787416742089614,-0.06835404489168756,0.07297689746309222,-0.8866166771183411,-0.45278674636900873,1.3906644871593659,0,0.005989400000000001,1,Shared Control,0.01,Good Visuals,0.2555268882880472,0.07723973172506594,0.0,5.329003454376368,0.9970406109029213,0.23479274232483086,1.4632643391079783,-0.1448259252787786,-2.769563351860139,0.004987052643692613,29.196089731077805,1.0082048898641855,0.8291875705129209,-0.008466209133070163
5814,23.5672305,-0.523860574986098,1.4305672550414457,-0.07107382861708922,0.039902767882079804,-1.0591352028277008,-0.44773107850360044,1.3812887619377046,0,0.0036477000000000002,1,Shared Control,0.01,Good Visuals,0.2911845506470436,0.0786832217216877,0.0,5.32431360094175,0.9969431803530204,0.22690117815160327,1.4553727749347507,-0.08860381960659391,-2.29479315281851,0.005279648089757062,29.17081242948708,1.00846620913307,0.8440593445378985,-0.008624429364031018
5815,23.570732800000002,-0.5194623452710723,1.4088031396368081,-0.07173126676747182,0.027514377699103587,-1.1322709887269886,-0.44290933958373807,1.3721607352841019,0,0.0035023000000000003,1,Shared Control,0.01,Good Visuals,0.3384418791184657,0.07900952030377512,0.0,5.321514154749161,0.996885880627217,0.22067831553520123,1.4491499123183487,-0.018331576066370012,-1.7278530102462932,0.005592317815687663,29.1559406554621,1.008624429364031,0.8471430656115936,-0.008660194791668824
5816,23.574821300000004,-0.5125508414331748,1.3891236296064369,-0.06964150184943668,0.016962894322334998,-1.2585257784038926,-0.4373213028432842,1.3613505404303725,0,0.0040885,1,Shared Control,0.01,Good Visuals,0.35424703799427176,0.07883289053962104,0.0,5.320907093745652,0.9968740159085785,0.2129898667311567,1.4414614635143042,0.00711546805971389,-1.546069457267297,0.005667452978080074,29.152856934388407,1.008660194791669,0.8451395976163202,-0.008640834489800143
5817,23.5791046,-0.5068959746567131,1.3876731512536769,-0.06957467181342891,0.026322610823304338,-1.3430615114081141,-0.43151479799339554,1.3498492338033417,0,0.0042833,1,Shared Control,0.01,Good Visuals,0.35367100140245633,0.07854082254360659,0.0,5.32126664808136,0.9968817461169951,0.2073770652210568,1.4358486620042044,0.017619626998615658,-1.6422264351629314,0.005490040892311459,29.15486040238368,1.0086408344898001,0.8420419798341671,-0.008608821059922672
5818,23.582781200000003,-0.5026548245743668,1.409278006344965,-0.0711400265809713,0.059428772541623376,-1.36155142878249,-0.42657031111370647,1.3398352872603343,0,0.0036766000000000004,1,Shared Control,0.01,Good Visuals,0.3440245148534205,0.07833754249518302,0.0,5.321841264028758,0.9968936862186962,0.200988373998736,1.4294599707818836,0.011686660123956239,-1.7789355448781254,0.005464451952428187,29.157958020165832,1.0086088210599227,0.8399367029111272,-0.008586539633458627
5819,23.586275800000003,-0.49715703743058476,1.417945132400856,-0.07058672631687829,0.07810984514052177,-1.4281736490765469,-0.4219049293594765,1.33019733359412,0,0.0034946,1,Shared Control,0.01,Good Visuals,0.3193793963860907,0.07866299741333735,0.0,5.322236507330731,0.9969017982684895,0.19423161652590434,1.422703213309052,-0.019386655741069632,-1.9872231619163117,0.005572934855395288,29.160063297088872,1.0085865396334586,0.8435140203807046,-0.008622212587506273
5820,23.590840800000002,-0.48757517983713583,1.3981764789904814,-0.06567025047765934,0.0679791453963614,-1.5359734053372671,-0.4158616366644806,1.3174340298043228,0,0.0045650000000000005,1,Shared Control,0.01,Good Visuals,0.2976974655748521,0.08000297093505883,0.0,5.3201151738459185,0.9968573828991187,0.17864511986051065,1.4071167166436582,-0.03649048458592332,-2.203426324599243,0.0056513006422235735,29.148543246403563,1.0087038551848049,0.8576505146071569,-0.00876908642839494
5821,23.5965424,-0.48349110938746914,1.3901851852062819,-0.06762947272298853,0.07275115540195909,-1.5197595447027545,-0.4083962301655826,1.3012221421377341,0,0.0057016,1,Shared Control,0.01,Good Visuals,0.2815332336534341,0.08079783850229041,0.0,5.31895525827465,0.9968335147760261,0.16946705704847742,1.397938653831625,-0.04820478265186889,-2.536006966382037,0.0052538151402622135,29.14234948539284,1.008769086428395,0.8660484666246094,-0.0088562114728116
5822,23.6002888,-0.47799332224368696,1.3856798410409694,-0.06959709207810438,0.08445769890323529,-1.4798289536421871,-0.40354154734701597,1.2904090028180533,0,0.0037464000000000004,1,Shared Control,0.01,Good Visuals,0.2870941469271196,0.08146155824235272,0.0,5.317394435220649,0.9968011447561623,0.16139145877953384,1.3898630555626814,-0.04187145958860257,-2.3882410448168176,0.005464315215067081,29.13395153337539,1.0088562114728117,0.8729624584358507,-0.008928961468178181
5823,23.6036937,-0.4737521721613408,1.3853366000482197,-0.07021062481432483,0.09492759723016642,-1.4148967232933898,-0.39916472019132926,1.2804729989647416,0,0.0034049,1,Shared Control,0.01,Good Visuals,0.2857998383200859,0.08223855285536273,0.0,5.316100254931766,0.9967745002771977,0.15294814272742305,1.3814197395105705,-0.04509345254673392,-2.3589953207730208,0.005669487569818886,29.12703754156415,1.0089289614681782,0.881139963174971,-0.009014127466843566
5824,23.6081691,-0.4673119072214817,1.3789504941860482,-0.06814718703015243,0.09847749522130655,-1.3868072850945476,-0.3934635962977273,1.26725859738532,0,0.0044754,1,Shared Control,0.01,Good Visuals,0.27852138874270865,0.08345747195518358,0.0,5.314577472951037,0.9967429811575496,0.14232220261967984,1.3707937994028272,-0.056734554478760246,-2.3973332974783874,0.005774020179800895,29.11886003682503,1.0090141274668436,0.8940475504300734,-0.009147732591886068
5825,23.611591400000002,-0.4630707571391355,1.3599432578458144,-0.06960716084140817,0.09268466046049428,-1.4293015742691346,-0.3891441189393761,1.2570372674768122,0,0.0034223,1,Shared Control,0.01,Good Visuals,0.2638583593032517,0.08468284060272913,0.0,5.312181285337147,0.9966932248441089,0.13298687780187604,1.3614584745850233,-0.07262750447628115,-2.6021086012386574,0.005687391950393597,29.105952449569926,1.009147732591886,0.9068723855705598,-0.009282044648693243
5826,23.6152529,-0.45804420889339187,1.3418294270501367,-0.06890008995401575,0.08479215957332453,-1.4686866318919738,-0.38456166406449904,1.245991862701434,0,0.0036615000000000003,1,Shared Control,0.01,Good Visuals,0.27722556680384586,0.08553716270649608,0.0,5.309786438012361,0.9966437958715021,0.12478818017549927,1.3532597769586465,-0.051973198200189724,-2.398051310765677,0.0058945321063414964,29.09312761442944,1.0092820446486932,0.9156847391738969,-0.009375686475716166
5827,23.618709000000003,-0.4541172180764046,1.3242784730902293,-0.06955555401190555,0.07828661038879536,-1.51007796062417,-0.38027355616742126,1.2354638637529298,0,0.0034561,1,Shared Control,0.01,Good Visuals,0.28122584711726173,0.08624663176432738,0.0,5.308128739722944,0.996609839428248,0.11625451053139738,1.3447261073145447,-0.04152099984322801,-2.3803156520325484,0.0058935182048888615,29.084315260826102,1.0093756864757162,0.9230549310357475,-0.009453451031378039
5828,23.622738000000002,-0.4437499623195582,1.3164494343434963,-0.06347640615213695,0.08098557059056644,-1.4953692825298244,-0.3753208002167768,1.223067750994082,0,0.0040290000000000005,1,Shared Control,0.01,Good Visuals,0.2897549212994073,0.08705807454753692,0.0,5.305935753632106,0.9965648934764779,0.09944000067054427,1.3279115974536915,-0.02115591620733836,-2.300563829233395,0.005936932119429579,29.072651209232188,1.0094995058997023,0.9314282091122151,-0.009542392877093214
5829,23.629607600000003,-0.43605306031826324,1.3137507137086173,-0.06073226010148647,0.09068296271453535,-1.4804180367486195,-0.366992221478239,1.2016344096546787,0,0.0068696,1,Shared Control,0.01,Good Visuals,0.24198213751900322,0.08894243902097873,0.0,5.303553583885915,0.996515494366434,0.08253691029361654,1.3110085070767636,-0.08055373934183202,-2.8628189028955475,0.005682275482562707,29.05983655994438,1.00963251849446,0.9513327399175329,-0.009748937143350794
5830,23.6357433,-0.42835615831696827,1.2893689059990028,-0.06136393683872926,0.08773449634432406,-1.4803710574839635,-0.3596788795520006,1.1821837797383525,0,0.0061357,1,Shared Control,0.01,Good Visuals,0.24700240281764524,0.090998627352178,0.0,5.299277868289423,0.9964271592961422,0.06500459645620642,1.2934761932393535,-0.06889471566051027,-2.7477391773351343,0.00588051633948983,29.036919285251887,1.0098721298135502,0.9727347741242072,-0.009974314938432677
5831,23.642327,-0.4233296100712246,1.2713376091451274,-0.06365073051922399,0.08915382940677485,-1.4997658407540952,-0.35196528734839416,1.1610030724889158,0,0.0065837000000000005,1,Shared Control,0.01,Good Visuals,0.23765556934433252,0.09246099402547137,0.0,5.297465530091556,0.9963899548299692,0.05176022506480103,1.280231821847948,-0.0759659258744793,-2.921831805556131,0.005584034021250111,29.027265225875794,1.0099743149384326,0.9881668928720502,-0.010134604232670555
5832,23.6461319,-0.41846014145816046,1.255116145264861,-0.0664948541097663,0.09411307277594516,-1.4834276034124982,-0.3475713109637118,1.1486209349405763,0,0.0038049000000000004,1,Shared Control,0.01,Good Visuals,0.24817822174406026,0.09335785177702975,0.0,5.29459591513598,0.9963304621853305,0.04252643070216483,1.2709980274853119,-0.05980254613035936,-2.7107989204228042,0.005885209814254857,29.01183310712795,1.0101346042326707,0.9972998898174859,-0.010232908371197802
5833,23.649680200000002,-0.41500438953921165,1.2421887514416963,-0.06743307857549985,0.09356781650112,-1.4496976667663786,-0.3435162804331072,1.1369834813882462,0,0.0035483000000000003,1,Shared Control,0.01,Good Visuals,0.25818399466027725,0.0941284019586178,0.0,5.292866781365461,0.9962952757081072,0.033356004176361476,1.2618276009595084,-0.04660298223483949,-2.5477653291669045,0.00620781673391478,29.002700110182513,1.0102329083711978,1.0052783398748508,-0.010317367998893953
5834,23.6532388,-0.409977841293468,1.2266498092118765,-0.06646156086036076,0.08966632782363027,-1.4308090916466212,-0.33949110452535686,1.125226868061025,0,0.0035586000000000003,1,Shared Control,0.01,Good Visuals,0.2635950022147664,0.09476322362245786,0.0,5.29136895819118,0.996264527705254,0.02499860014643697,1.2534701969295838,-0.03979328810227881,-2.4404029755079435,0.006347367925461708,28.994721660125148,1.010317367998894,1.0118344282593252,-0.01038695049029105
5835,23.657517300000002,-0.4052654523130833,1.2313572755516713,-0.06577434778772645,0.1061304074906464,-1.3200542090098824,-0.33470725286682906,1.1109818051858376,0,0.0042785,1,Shared Control,0.01,Good Visuals,0.26226161640846746,0.09547562741644393,0.0,5.290136556344858,0.9962392623725159,0.014987164632426483,1.2434587614155734,-0.038684689127702995,-2.498050131998524,0.006298111754107959,28.988165571740673,1.0103869504902911,1.0192738091019464,-0.010465036720944301
5836,23.6606108,-0.4018097003941345,1.2237883570179562,-0.06710244752730543,0.11280655183211863,-1.2669377468460188,-0.3312864587947162,1.100609305952937,0,0.0030935000000000003,1,Shared Control,0.01,Good Visuals,0.24213557866287935,0.09657132237657234,0.0,5.288745930648254,0.9962105869594448,0.005265887623374441,1.2337374844065214,-0.06748773971512669,-2.7145306067943826,0.006279847122940573,28.980726190898054,1.0104650367209442,1.0308083967783952,-0.010585135308437035
5837,23.6644049,-0.3970973114137498,1.1793582658001678,-0.06581085261903363,0.07874895984723085,-1.3435751306636128,-0.32713489644461113,1.087806656213003,0,0.0037941000000000003,1,Shared Control,0.01,Good Visuals,0.24236963527945118,0.09783755813623317,0.0,5.286598526655421,0.9961661191507044,-0.005346674435714285,1.2231249223474328,-0.06849294225870879,-2.6507548354203028,0.006480172092416443,28.969191603221606,1.010585135308437,1.0440279691712095,-0.010723926789370954
5838,23.6682616,-0.3922278428006857,1.1630600082866833,-0.06509294635607454,0.07525335207368022,-1.2944213611540825,-0.32296479083103724,1.074703930585224,0,0.0038567000000000002,1,Shared Control,0.01,Good Visuals,0.26930988075682455,0.09822490356331433,0.0,5.284127159196172,0.9961151625296797,-0.013486455108307783,1.2149851416748392,-0.024928869864341126,-2.3881529963013426,0.006438773119109776,28.95597203082879,1.010723926789371,1.0477138929366905,-0.010766383531764626
5839,23.6717814,-0.38877209088173686,1.178470038578862,-0.06580730005069962,0.10376610799363806,-1.1798435855531328,-0.31920320547208136,1.0626700766444435,0,0.0035198,1,Shared Control,0.01,Good Visuals,0.26895242304587913,0.09862388971064896,0.0,5.283404425807425,0.9961009809537448,-0.022383918898580282,1.2060876778845666,-0.024209086034957205,-2.4357927590540136,0.006393748378477415,28.95228610706331,1.0107663835317646,1.0518664623968303,-0.010810116207799241
5840,23.6758118,-0.3843738611667112,1.1666018574894566,-0.06517065569462982,0.10393178084501309,-1.2077930965821433,-0.31494813111871917,1.0488047774267295,0,0.0040304,1,Shared Control,0.01,Good Visuals,0.24427555326461048,0.0997019700999771,0.0,5.282626913701585,0.9960849751403232,-0.03279775515888276,1.195673841624264,-0.060650367442355656,-2.658625545137216,0.006490171902355783,28.94813353760317,1.0108101162077991,1.0633171040402363,-0.010928284070820854
5841,23.679212500000002,-0.3798185518190059,1.1517407369371715,-0.06487042070028676,0.10293595951044199,-1.2121691974134332,-0.3114014526238867,1.0370369458137696,0,0.0034007000000000004,1,Shared Control,0.01,Good Visuals,0.24061365467797757,0.10063084998343941,0.0,5.2805046596496235,0.9960408216646434,-0.042059895614786715,1.1864117011683601,-0.06020537899380733,-2.698051343151258,0.0064976427654618845,28.936682895959763,1.010928284070821,1.0728899124524975,-0.011030098139529506
5842,23.6828724,-0.3763627999000572,1.1547957854364663,-0.06496134727617053,0.11775883962269673,-1.1518690016607538,-0.3076292800972071,1.0243043193737198,0,0.0036599000000000002,1,Shared Control,0.01,Good Visuals,0.2399070881651958,0.10154590589111187,0.0,5.278703370486221,0.9960039301898846,-0.05179618288488756,1.1766754138982594,-0.0571889098408218,-2.7228276945301326,0.006527965573853159,28.927110087547504,1.0110300981395295,1.0823730023762244,-0.01113039696902806
5843,23.686262000000003,-0.37180749055235196,1.1537661989543144,-0.06417821045514488,0.12946187958059463,-1.1280007290480722,-0.3041773701709463,1.0124515166869503,0,0.0033896000000000004,1,Shared Control,0.01,Good Visuals,0.22551212976886792,0.10272193089326816,0.0,5.276924003723244,0.995967380136724,-0.06157255974908049,1.1668990370340664,-0.0766093079014803,-2.8445334063234093,0.0065965588570658495,28.917626997623774,1.011130396969028,1.0946634407654154,-0.01125930049305135
5844,23.6908387,-0.364110588551057,1.1289530587317604,-0.059933218380110675,0.11650154204481011,-1.1045920881853486,-0.2995804704862401,0.9963590572937243,0,0.0045767,1,Shared Control,0.01,Good Visuals,0.2090824113558352,0.10561263716401516,0.0,5.271648246062904,0.995858540286647,-0.08256099592890873,1.1459106008542381,-0.09316549790741134,-2.9809655440037552,0.00672280242473921,28.889393193046647,1.011426576235505,1.1246593760642547,-0.011576149390423675
5845,23.696537600000003,-0.3611260755301467,1.1274213187389173,-0.061545605043906604,0.13106226144519295,-1.0345558177371346,-0.2939597338237395,0.9761856737682814,0,0.005698900000000001,1,Shared Control,0.01,Good Visuals,0.19977556905237254,0.1068745637939854,0.0,5.269003130782982,0.9958043833077223,-0.09221181258356759,1.1362597841995792,-0.10025772947528228,-3.1624395106527055,0.006329705246850313,28.875340623935745,1.0115761493904236,1.137666994849304,-0.011714468549764455
5846,23.699806900000002,-0.3578274032438774,1.1101569710238954,-0.06386766942013788,0.13397129725561407,-1.0767786628598366,-0.29078729997796054,0.9645487464728189,0,0.0032693,1,Shared Control,0.01,Good Visuals,0.19362756656254418,0.10852011192361956,0.0,5.266555921244119,0.9957542519786933,-0.103407569979168,1.1250640268039789,-0.11025947788818288,-3.1655048053608947,0.006577659692504426,28.862333005150695,1.0117144685497645,1.154831090742741,-0.011894836273640096
5847,23.703322900000003,-0.3535862531615312,1.079092103740066,-0.06279895318357065,0.11454335726724718,-1.1725669384890107,-0.287418020157194,0.9519843412266424,0,0.003516,1,Shared Control,0.01,Good Visuals,0.2027640180766317,0.10992283261857516,0.0,5.263345999954926,0.9956880841258313,-0.11361999298616882,1.114851603796978,-0.09393814928634314,-2.991687077279358,0.006930926633774098,28.84516890925726,1.0118948362736402,1.1692068318642763,-0.012048587801429592
5848,23.7076013,-0.3463605900582747,1.0746853287477998,-0.05894256990108071,0.12270098752115732,-1.1343169601398733,-0.2833778715458834,0.9366299194086565,0,0.0042784,1,Shared Control,0.01,Good Visuals,0.20446031760763944,0.1120929958561195,0.0,5.258410697862295,0.9955873413915985,-0.13408381787028625,1.0943877789128607,-0.07935805955490856,-2.985391656809234,0.006895921234194363,28.81902593982238,1.0121747401453132,1.1914268568505053,-0.012286458330127823
5849,23.713629700000002,-0.34023448438377457,1.0518984463004584,-0.056856612837891174,0.11526852689180189,-1.1770864706995134,-0.2777969831357558,0.914880860942665,0,0.006028400000000001,1,Shared Control,0.01,Good Visuals,0.1871766322166591,0.11443871026704916,0.0,5.254100990638289,0.995499001443067,-0.15302077906591133,1.0754508177172357,-0.09472346857084962,-3.1588404562120593,0.006779710832176171,28.79610580324988,1.0124182286074404,1.215641300370528,-0.012543570936889277
5850,23.7195511,-0.33410837870927446,1.0193832757219394,-0.05631139557351866,0.10450241477927447,-1.268390285274888,-0.2724431548359205,0.893398571035469,0,0.0059214,1,Shared Control,0.01,Good Visuals,0.19146787252795344,0.11656566009296583,0.0,5.249718261102035,0.9954093487431511,-0.1722813453486756,1.0561902514344714,-0.07965628547124057,-3.070173700720162,0.006870311686194444,28.7728433485586,1.0126663355147576,1.2374613019278198,-0.012776704864721317
5851,23.7256606,-0.33018138789228724,1.0091073405037772,-0.05773823305636672,0.1157087694683081,-1.2996466232987995,-0.26705292959837795,0.8711225617353734,0,0.0061095,1,Shared Control,0.01,Good Visuals,0.1914908746703784,0.1176598877693115,0.0,5.24777271953831,0.9953696384831556,-0.18424673164356764,1.0442248651395794,-0.07273166553300335,-3.0914316741744097,0.006563974995783317,28.76253869807218,1.0127767048647214,1.2487485476293512,-0.012896642623957856
5852,23.729504400000003,-0.32719687487137694,1.0046420384286503,-0.06014394527299899,0.1335194766932769,-1.3216303311991129,-0.26373153212386724,0.8570554412336793,0,0.0038438,1,Shared Control,0.01,Good Visuals,0.1877066127645649,0.11852832371918195,0.0,5.245650219017404,0.9953261333816779,-0.193587389490186,1.034884207292961,-0.07233167089457004,-3.092625847306012,0.006793474021410459,28.75125145237065,1.0128966426239578,1.2575652180782644,-0.012991831462733867
5853,23.732746600000002,-0.3245265211158256,0.9834213473631688,-0.06079498899195834,0.1263659061294895,-1.4184739195670433,-0.2609720613689621,0.8451615919472322,0,0.0032422,1,Shared Control,0.01,Good Visuals,0.1825026912857318,0.1196482354153916,0.0,5.2439789019585055,0.9952921633425884,-0.204781423821293,1.023690172961854,-0.07533741720860673,-3.1037637473262873,0.007128761015066787,28.742434781921737,1.012991831462734,1.2691813445877729,-0.013114584434797924
5854,23.736285100000003,-0.32059953029883836,0.953936677323397,-0.05962746892987625,0.10877508537616487,-1.523645788754771,-0.25800446348560424,0.8321535812927016,0,0.0035385000000000004,1,Shared Control,0.01,Good Visuals,0.19290987644442373,0.12040546488731974,0.0,5.241800669092629,0.9952473842290057,-0.21474524981124543,1.0137263469719016,-0.05347779240582636,-2.9368426297498833,0.007274013154985973,28.73081865541223,1.013114584434798,1.276780368792255,-0.013197583986037787
5855,23.740819400000003,-0.31400218572629984,0.9595876285057653,-0.0559977222406956,0.12743404721306373,-1.4814443297479711,-0.25426908991068975,0.8154473887898763,0,0.004534300000000001,1,Shared Control,0.01,Good Visuals,0.18382081072904566,0.12162227197585958,0.0,5.2394625301530455,0.9952002120906767,-0.23709668845099366,0.9913749083321532,-0.052274012973765174,-3.0625373023423648,0.007091300424112885,28.71857136616603,1.013248669745508,1.289262650739768,-0.013330957614559043
5856,23.747119,-0.31023227454199204,0.9430721583974571,-0.05596318463130229,0.12762476960758073,-1.5353390978845805,-0.2492053616264871,0.7921767644975644,0,0.006299600000000001,1,Shared Control,0.01,Good Visuals,0.1664974146269764,0.12257257853957051,0.0,5.237997987548199,0.9951700079417202,-0.24816025565367544,0.9803113411294715,-0.07200822460281,-3.2236501173315206,0.006810570204386522,28.71073734926023,1.013330957614559,1.299093876447567,-0.013435120251186835
5857,23.7507008,-0.30756192078644073,0.9309345363818912,-0.058356559159953636,0.1387577718843268,-1.5396890668039958,-0.24639168054060956,0.7789193303478227,0,0.0035818000000000004,1,Shared Control,0.01,Good Visuals,0.166028240224321,0.12346804388575032,0.0,5.23615209815005,0.995132111051327,-0.25969397148444906,0.9687776252986978,-0.0651889528437723,-3.2265752338089975,0.006859551843544785,28.700906123552432,1.0134351202511869,1.3082392719546814,-0.013533271768843065
5858,23.7542736,-0.30394908923481245,0.9203905109194677,-0.057557408694202894,0.14147118057164498,-1.5446465328662788,-0.24363240482363413,0.7656795641051495,0,0.0035728,1,Shared Control,0.01,Good Visuals,0.1673855382451127,0.12429419964239072,0.0,5.234423807011043,0.9950968687512727,-0.27052559064049414,0.9579460061426527,-0.060062729138692525,-3.1455261089139226,0.00720517020738254,28.691760728045317,1.013533271768843,1.3166660834277695,-0.013623826296364003
5859,23.758164700000002,-0.3004933373158637,0.9106775233337909,-0.056860932492229566,0.14499795922864145,-1.530940682320166,-0.24068114657502793,0.7512456422968276,0,0.0038911,1,Shared Control,0.01,Good Visuals,0.16041521760975444,0.1254514261878546,0.0,5.232830305597056,0.9950643964946243,-0.28525367572456967,0.9432179210585772,-0.06436081478819063,-3.225033959025032,0.00715405204713593,28.68333391657223,1.013623826296364,1.3286701100049223,-0.013750669330763852
5860,23.7622649,-0.29703758539691494,0.9020929600922383,-0.05635643882188701,0.15084731779541072,-1.4799990485883234,-0.2376320927264169,0.7360232904427085,0,0.0041002,1,Shared Control,0.01,Good Visuals,0.15314003458905062,0.12638237385134068,0.0,5.23057956236399,0.9950181200430656,-0.29634801220042223,0.9321235845827246,-0.0701753130305014,-3.2498495740384836,0.007133285075521521,28.67132988999508,1.0137506693307639,1.3380786278400356,-0.013852710047827328
5861,23.7657683,-0.2945243112740431,0.8900808954375008,-0.05689221854762622,0.15405760499479226,-1.4287876080081898,-0.23507630388208545,0.7230092336758304,0,0.0035034000000000003,1,Shared Control,0.01,Good Visuals,0.14458575651244984,0.12747965758538746,0.0,5.228792121585777,0.9949818730196213,-0.3083065790405846,0.9201650177425622,-0.07965431307220594,-3.338050757895998,0.007122460520117934,28.661921372159963,1.0138527100478274,1.3493803215879407,-0.013972982780050469
5862,23.7692981,-0.29106855935509435,0.8759940101760447,-0.0559922554730089,0.15298477650021436,-1.3846603520166625,-0.23254737396225808,0.7098929556798202,0,0.0035298,1,Shared Control,0.01,Good Visuals,0.14407878452802,0.12853649290718103,0.0,5.226665534834235,0.9949383112913922,-0.31955721907110046,0.9089143777120463,-0.07962195610529779,-3.2869697412983143,0.007252600539724419,28.65061967841206,1.0139729827800505,1.360156144901734,-0.014088821981633508
5863,23.774244000000003,-0.28557077221131216,0.8469088899253514,-0.05302339824905408,0.13701593424553116,-1.304262318290986,-0.22908176836925265,0.6915125691459222,0,0.0049459000000000005,1,Shared Control,0.01,Good Visuals,0.1395334211044642,0.13072832418390304,0.0,5.222405959570686,0.9948513899585857,-0.3426312502595511,0.8858403465235957,-0.08232895278793936,-3.2822958707823613,0.0072634143236242335,28.628064727340337,1.0142147647642121,1.3825226533493395,-0.014329067533484782
5864,23.779529,-0.2805442239655685,0.8423874856920301,-0.05146245559631585,0.15087491654610796,-1.1525577013840733,-0.22547901629887418,0.6718766587337083,0,0.005285000000000001,1,Shared Control,0.01,Good Visuals,0.1344909854822868,0.13252999978441599,0.0,5.218738453869808,0.9947769297460556,-0.36231139259769357,0.8661602041854533,-0.08609547142184754,-3.3127760367350385,0.00708220169598234,28.608738496462134,1.0144239339912924,1.4008430131754355,-0.014526548312912998
5865,23.7857136,-0.27818802947537613,0.8274342067069567,-0.05270901317650195,0.1555575479732484,-1.167222199507197,-0.2213947422931532,0.6489159673975848,0,0.0061846,1,Shared Control,0.01,Good Visuals,0.1183947081368453,0.13391919520526427,0.0,5.216929897033901,0.9947400036671371,-0.3748698325870387,0.8536017641961081,-0.10900380782210554,-3.461818780314007,0.006820319229085257,28.599156986824564,1.014526548312913,1.41522845735055,-0.014678817342037399
5866,23.790839700000003,-0.27206192380087607,0.7804812362165134,-0.05066718150772287,0.1315652688189286,-1.224906749352138,-0.21811706145768936,0.629908870479235,0,0.005126100000000001,1,Shared Control,0.01,Good Visuals,0.13414810244970599,0.13627744549913148,0.0,5.211725141284866,0.9946336352293573,-0.39920920278589717,0.8292623939972495,-0.0747669672919733,-3.2081996064012612,0.007276127248437768,28.571558197844297,1.0148216114105053,1.439052719947572,-0.014937304000782808
5867,23.796575,-0.26970572931068376,0.7740339050212429,-0.0515886678529944,0.14412503454200787,-1.2205481250905312,-0.21456524569773228,0.6086789704410389,0,0.0057353000000000005,1,Shared Control,0.01,Good Visuals,0.13310715985551935,0.13719280254099253,0.0,5.209704112849551,0.9945927614973484,-0.4108812246220286,0.8175903721611182,-0.07212205505892683,-3.198164685480985,0.006904794066513306,28.560947280052428,1.0149373040007827,1.448289680371382,-0.015037635837452162
5868,23.8003229,-0.2668782959224529,0.7618915069719412,-0.0523130502247206,0.15321253653090228,-1.2497709717534362,-0.2123099345637623,0.5948313263320376,0,0.0037479,1,Shared Control,0.01,Good Visuals,0.12533052170967826,0.13811739651249308,0.0,5.207948185748998,0.9945571766628258,-0.42170143430928897,0.8067701624738578,-0.07842523419968048,-3.2384202344248783,0.00707759392210871,28.55171031962862,1.0150376358374522,1.457692904394616,-0.015138980129451552
5869,23.8037078,-0.26483626069761956,0.7474770226263274,-0.05252632613385727,0.1526456962942898,-1.2758221006948565,-0.21031762772125925,0.5823453487976894,0,0.0033849,1,Shared Control,0.01,Good Visuals,0.11997743754572421,0.13912346240090473,0.0,5.206167729753204,0.9945209434506154,-0.43348817974714826,0.7949834170359985,-0.0787142864335487,-3.290732435607592,0.007225342300665701,28.542307095605384,1.0151389801294515,1.467955498596663,-0.015249254518327723
5870,23.8080874,-0.2610663495133118,0.7245084904750739,-0.05074872179205256,0.14216314167738453,-1.3496846164608087,-0.2078025073248157,0.5662228268887248,0,0.0043796,1,Shared Control,0.01,Good Visuals,0.12155564750892461,0.14040649853035397,0.0,5.204227531048215,0.9944813954600266,-0.44963689372944526,0.7788347030537015,-0.07134056937354348,-3.2176444533149393,0.007307644358941352,28.532044501403337,1.0152492545183278,1.481128715209052,-0.015389887479558956
5871,23.8123581,-0.2583959957577605,0.7120405763674911,-0.05059348843294481,0.14581774947876625,-1.4084965629658932,-0.2054178405577704,0.5505409640011996,0,0.0042707000000000005,1,Shared Control,0.01,Good Visuals,0.12261054101079505,0.14111483069937125,0.0,5.201745246751738,0.994430621620331,-0.46047261010080615,0.7679989866823406,-0.0596711716662231,-3.170470307914938,0.00712545033171317,28.518871284790947,1.015389887479559,1.4880001951165736,-0.015467527421395205
5872,23.8156922,-0.2563539605329271,0.7090688024525111,-0.05093611997515668,0.15852783845131158,-1.4625153253441374,-0.20360264844289339,0.5383284963624573,0,0.0033341,1,Shared Control,0.01,Good Visuals,0.11810522517505287,0.1418305133109113,0.0,5.2004124041209066,0.9944041802709063,-0.4720415506272857,0.7564300461558611,-0.057405782972635516,-3.2099388270246534,0.007139491554705605,28.511999804883427,1.0154675274213951,1.4952702159158335,-0.015545973041633337
5873,23.8193038,-0.2536836067773758,0.6985325725999061,-0.050080958334482395,0.1602040762374488,-1.5504337861525255,-0.2016822617246422,0.5251321945163772,0,0.0036116000000000004,1,Shared Control,0.01,Good Visuals,0.10718237197632613,0.14259636893725267,0.0,5.199035116770995,0.9943761677857521,-0.4832266382751827,0.7452449585079641,-0.06479109000822243,-3.2828762431090914,0.007224296042142634,28.504729784084166,1.0155459730416334,1.5030607836917076,-0.015629918101430072
5874,23.8242471,-0.24897121779699108,0.7084218632395634,-0.04728895607234887,0.1832896687231862,-1.5763072387730082,-0.19913090088516835,0.5071298506561882,0,0.0049433,1,Shared Control,0.01,Good Visuals,0.08009069790187626,0.14433411633907925,0.0,5.196033380586162,0.9943151038060554,-0.5072649367666764,0.7212066600164704,-0.08529608305135061,-3.5444698583392285,0.007051050993012564,28.48888214799681,1.0157169160822135,1.5207621100499076,-0.015820391742336556
5875,23.8296461,-0.24520130661268336,0.646347365275175,-0.046070405727515,0.1392175146189868,-1.8606367902456467,-0.19644579336328788,0.48755435423578225,0,0.005399,1,Shared Control,0.01,Good Visuals,0.07123717277719638,0.14629792340273584,0.0,5.1922534283029975,0.994238101606633,-0.5307959222216002,0.6976756745615466,-0.082659159988625,-3.522418111299152,0.006993217147625845,28.468899676112194,1.0159319105089777,1.5406348710748818,-0.016035643671966467
5876,23.836161800000003,-0.24284511212249102,0.6181107687016505,-0.04639931875920314,0.13055641446586824,-1.9642611040663085,-0.19334565091932973,0.4640624770702016,0,0.0065157,1,Shared Control,0.01,Good Visuals,0.1007154177059465,0.1466365087900781,0.0,5.190439676603195,0.9942013724218415,-0.5415156659630888,0.686955930820058,-0.031236603299012244,-3.1221948335435687,0.006740004688256952,28.459365128925118,1.0160356436719664,1.543718172235332,-0.016072755850305518
5877,23.840817500000004,-0.23860396204014478,0.6266970259858594,-0.04525831112081505,0.16263454891565782,-2.016648709822041,-0.19122399725829398,0.44737355722139793,0,0.0046557000000000005,1,Shared Control,0.01,Good Visuals,0.0902887028669048,0.14698790548063154,0.0,5.189704272807839,0.9941874498600243,-0.5632844846494812,0.6651871121336655,-0.026108848396043407,-3.2396439358249025,0.006893087476469056,28.45573690901169,1.0160802139181075,1.5472529666054,-0.016111272269309713
5878,23.846498500000003,-0.2368760860806704,0.6153036396924176,-0.045652088822376424,0.1679300824710197,-2.1199429651924264,-0.18874003971115405,0.4271278900303143,0,0.005681,1,Shared Control,0.01,Good Visuals,0.07316474864898156,0.14741007036580933,0.0,5.189148569325105,0.994175916689862,-0.5734840731563654,0.6549875236267814,-0.04513229483622777,-3.3587738357046244,0.0066524243572393775,28.4527470333946,1.0161112722693098,1.551595240330958,-0.01615754555543758
5879,23.849737400000002,-0.23451989159047806,0.6002882056612853,-0.04577985187932401,0.17316031563097095,-2.1982676639937333,-0.18737522010813362,0.41564720236808994,0,0.0032389000000000003,1,Shared Control,0.01,Good Visuals,0.06990892206445334,0.14784285248112922,0.0,5.188331161039091,0.9941591791215709,-0.5855070960577056,0.6429645007254412,-0.039084054913757625,-3.367793529787145,0.006729577625652686,28.448404759669042,1.0161575455554375,1.5559728659592538,-0.016204982590956978
5880,23.853267300000002,-0.23279201563100366,0.5937101886791674,-0.045416795522870035,0.17806298631107742,-2.237719956590084,-0.185930032081963,0.4031889743151574,0,0.0035299000000000003,1,Shared Control,0.01,Good Visuals,0.06533699033919305,0.14820945740525168,0.0,5.187500120849682,0.9941423136704615,-0.5971217071162956,0.6313498896668511,-0.03461243649354205,-3.4048461123915557,0.006768223888002846,28.444027134040745,1.016204982590957,1.5596391996659769,-0.01624516597698791
5881,23.857581000000003,-0.23074998040617029,0.578196886061082,-0.0448199483242073,0.17500791174592462,-2.324974532556057,-0.18422349297063026,0.3880442332092291,0,0.0043137,1,Shared Control,0.01,Good Visuals,0.05855040408636231,0.1486677971938036,0.0,5.186800087440791,0.9941281934567227,-0.6107874327640529,0.6176841640190939,-0.037372514930930564,-3.426797474299056,0.006731198621529832,28.440360800334023,1.016245165976988,1.5643224008913588,-0.01629540437654243
5882,23.8606391,-0.22855086554865744,0.5605415537827477,-0.044327372578027185,0.17249732057351863,-2.4086048335465113,-0.1830531588753532,0.3773630789241259,0,0.0030581000000000002,1,Shared Control,0.01,Good Visuals,0.05845532734000761,0.1489688697424332,0.0,5.185915571076968,0.9941101452712778,-0.6228060053128684,0.6056655914702783,-0.027728031291748292,-3.3629673033789187,0.006663282987700008,28.43567759910864,1.0162954043765424,1.5672716865583798,-0.0163284047910182
5883,23.8643542,-0.22698006922186253,0.5503908878807608,-0.043926910346509335,0.17302780895663494,-2.4636312093399835,-0.18167522345034295,0.3644514775045102,0,0.0037151000000000003,1,Shared Control,0.01,Good Visuals,0.058373406137160355,0.1491496043907844,0.0,5.185346460043943,0.9940987939593943,-0.6342714983628583,0.5942000984202884,-0.01748299774093087,-3.3356102318651066,0.006603398591600437,28.432728313441622,1.0163284047910182,1.5690303507793448,-0.0163482150272316
5884,23.8677503,-0.22509511362970866,0.5364542863822827,-0.043419890179365705,0.17200280887777247,-2.5456914403228557,-0.18045746089280093,0.35271240518821634,0,0.0033961000000000004,1,Shared Control,0.01,Good Visuals,0.0557557253222056,0.14929702185386842,0.0,5.185005928935044,0.9940920266022225,-0.6460815272788695,0.5823900695042773,-0.013851016547407327,-3.30664937731299,0.0065516813002913215,28.430969649220657,1.0163482150272316,1.5705014877037398,-0.01636437338309926
5885,23.871366700000003,-0.22336723767023425,0.5218289664646268,-0.04290977677743332,0.1691165612764105,-2.624364629212734,-0.1792044116545713,0.34028127915567674,0,0.0036164,1,Shared Control,0.01,Good Visuals,0.054134532252594736,0.14936229154974487,0.0,5.184724735978648,0.9940863612020646,-0.6573830970414438,0.571088499741703,-0.006432524497516697,-3.282000802257684,0.006482460293001329,28.42949851229626,1.0163643733830992,1.5711138293778246,-0.016371527562470425
5886,23.8750219,-0.2211681228127214,0.5109835244836782,-0.04196371115815012,0.1707022453280015,-2.685520447321629,-0.17798346431790477,0.3277920178489335,0,0.0036552000000000004,1,Shared Control,0.01,Good Visuals,0.05435412675513346,0.14932302877219486,0.0,5.184603893641078,0.9940840076900663,-0.6720550448656631,0.5564165519174836,0.002968868254857062,-3.233914748885642,0.006409102589365468,28.428886170622174,1.0163715275624705,1.570658879686902,-0.016367223988668966
5887,23.8791176,-0.21975440611860603,0.49547885798334057,-0.04177094180070126,0.16768684013440704,-2.766202905938995,-0.176669428675188,0.3138905897487068,0,0.0040957,1,Shared Control,0.01,Good Visuals,0.04787593882885527,0.14929190611088786,0.0,5.1846847034339385,0.9940857672145094,-0.6832475962716196,0.5452240005115272,0.0031618133467133966,-3.239991722667934,0.006266148448656524,28.429341120313097,1.016367223988669,1.570350997149454,-0.01636381264901879
5888,23.8827855,-0.21786945052645212,0.4788707350243315,-0.04120002185126412,0.16498014527562466,-2.843176886313929,-0.1755408082907508,0.30152731867031907,0,0.0036679000000000004,1,Shared Control,0.01,Good Visuals,0.04987633226262339,0.14913987850798577,0.0,5.184743815186898,0.994086952556814,-0.6945528375536886,0.5339187592294582,0.014981772106379587,-3.1631015590131666,0.006236063521473653,28.429649002850546,1.0163638126490189,1.568746828745386,-0.01634714897798547
5889,23.8863558,-0.21645573383233674,0.46955928394939,-0.040914925541585934,0.16803196527907094,-2.892200881634556,-0.17448562840173637,0.28957365230831106,0,0.0035703,1,Shared Control,0.01,Good Visuals,0.04961821125648075,0.14890475289200264,0.0,5.185041958907756,0.9940931405790892,-0.7052327252278342,0.5232388715553126,0.02462787496185654,-3.1355179454935733,0.006144566253423889,28.431253171254614,1.0163471489779854,1.566327408685478,-0.01632137697447126
5890,23.8908379,-0.2136283004441059,0.4479626244664226,-0.03914267204236954,0.15838897215811154,-3.0223326259112135,-0.17322114933384614,0.27468330802125007,0,0.0044821,1,Shared Control,0.01,Good Visuals,0.037109813301179656,0.1484301236402786,0.0,5.186009551970196,0.9941128867604274,-0.7274062130546625,0.5010653837284843,0.023012651973069634,-3.190219259182303,0.0059815466947380205,28.43637696809793,1.0162921987622615,1.5615515796010724,-0.0162693530948432
5891,23.8966025,-0.21190042448463153,0.4266816182685894,-0.0386792751507854,0.15199831024733934,-3.123519036959351,-0.17169245030308436,0.25572894468403473,0,0.0057646,1,Shared Control,0.01,Good Visuals,0.04555202012724399,0.14799481054840846,0.0,5.186406323899868,0.9941208629755988,-0.7393826080587058,0.489088988724441,0.04077275391475365,-2.9938742104450404,0.005809951650859788,28.438448420398927,1.0162693530948432,1.5570249066145165,-0.016221638640224762
5892,23.9007155,-0.21032962815783662,0.4129666720273668,-0.038637177854752264,0.15723772734333208,-3.19418845661541,-0.17066820169532815,0.2423451021058322,0,0.004113,1,Shared Control,0.01,Good Visuals,0.04953187204513573,0.14744516451541673,0.0,5.187253783222524,0.9941383168483339,-0.7497985033340251,0.4786730934491217,0.05802405626301362,-2.9056532695397994,0.005724331998090248,28.442975093385485,1.0162216386402247,1.5514110514399042,-0.01616139220797362
5893,23.904335600000003,-0.20923007072908023,0.40558491181466927,-0.03856186903375208,0.16323980970883706,-3.252610909139265,-0.16981205893591858,0.23066459783204546,0,0.0036201000000000002,1,Shared Control,0.01,Good Visuals,0.044142370910617956,0.1468852049777381,0.0,5.188314296432864,0.9941599511018463,-0.7600258064221973,0.4684457903609495,0.061454706767854965,-2.958176348067035,0.0056968650452053635,28.448588948560097,1.0161613922079735,1.5457484812822928,-0.016100015317529217
5894,23.9082301,-0.20718803550424683,0.3934244934967321,-0.03737597656832825,0.16275989566468663,-3.3396542306448564,-0.16893803329278856,0.21820530490145332,0,0.0038945000000000004,1,Shared Control,0.01,Good Visuals,0.03782251245590884,0.1460941139701712,0.0,5.189389411471363,0.9941817665914862,-0.7747995291890459,0.4536720675941009,0.06093564749379271,-2.9877290824398575,0.005664168037347366,28.454251518717708,1.0161000153175292,1.5376219863669232,-0.01601330421996621
5895,23.912675,-0.20608847807549044,0.37987209589784215,-0.03715044478270188,0.16166679099638884,-3.4318258093932803,-0.16799948383533853,0.204123555908995,0,0.0044449,1,Shared Control,0.01,Good Visuals,0.03219769212250417,0.145501730670129,0.0,5.190920173416533,0.9942130890802948,-0.7856064412828703,0.44286515550027655,0.06418272179460902,-2.9803127585627407,0.005460410180519795,28.462378013633078,1.0160133042199662,1.5317464916331862,-0.015948373376822592
5896,23.916301100000002,-0.204988920646734,0.3622604531221677,-0.036989436811395465,0.1581368972131727,-3.5370697194198377,-0.1672799671299163,0.19274771418001,0,0.0036261,1,Shared Control,0.01,Good Visuals,0.032151950750474945,0.14485966781583068,0.0,5.192046794823091,0.9942357117325038,-0.7955991033520475,0.43287249343109924,0.0742697182063062,-2.925423639902015,0.005405454011048188,28.468253508366814,1.0159483733768226,1.5252206713243557,-0.015877997182088845
5897,23.919716200000003,-0.2035752039526186,0.3479179969936208,-0.036295236822702304,0.1551702828136108,-3.618289579105134,-0.16663987464491048,0.18212780212492455,0,0.0034151000000000003,1,Shared Control,0.01,Good Visuals,0.03486727437225534,0.144055703077226,0.0,5.193282673114709,0.9942608567606259,-0.8057613552370814,0.4227102415460654,0.08952953307768759,-2.854885909943212,0.005358277529193406,28.474779328675645,1.0158779971820888,1.516996019097704,-0.015789875001177227
5898,23.924377200000002,-0.2015331687277852,0.34025197678555413,-0.034893294082874726,0.15812417466062959,-3.7014213906590823,-0.16582447365657244,0.16778383739724775,0,0.004661,1,Shared Control,0.01,Good Visuals,0.020380836535940583,0.1423687017564728,0.0,5.196722036273875,0.9943310536901853,-0.827074633118736,0.40139696366441086,0.0860186327562333,-2.9388019052389738,0.005082365188133825,28.492994254018956,1.015682721476113,1.499969986626954,-0.01560496361334252
5899,23.930539800000002,-0.19949113350295186,0.3067768206655883,-0.033666659846379426,0.13899298326834056,-3.8028717052448306,-0.16484824631690412,0.1490918860976585,0,0.006162600000000001,1,Shared Control,0.01,Good Visuals,0.029827396620292324,0.14087877019285036,0.0,5.199393852971668,0.9943849933492092,-0.8434818961901893,0.38498970059295756,0.11451691018691634,-2.698764855684529,0.00490343022033107,28.50699896376525,1.0155294994184247,1.484815251400879,-0.015441652944987413
5900,23.9365726,-0.1987057353395544,0.3037487145137592,-0.03385748902265029,0.15465682841610068,-3.793978746801368,-0.16400322144199278,0.13110346874160037,0,0.0060328000000000005,1,Shared Control,0.01,Good Visuals,0.03688136850344448,0.13997608317404706,0.0,5.200940355956046,0.9944165388190349,-0.8513007546935334,0.3771708420896135,0.12697168026236655,-2.5399098568555267,0.00474291763565895,28.515184748599122,1.0154416529449874,1.4756078235578705,-0.015342709863334835
5901,23.9408321,-0.19682077974740053,0.28456287235834266,-0.03281755830540775,0.1534594036167423,-3.84075202291493,-0.163471488646444,0.11859211210488632,0,0.0042595,1,Shared Control,0.01,Good Visuals,0.011715450214754508,0.13821609445633729,0.0,5.204677714239953,0.9944927452517268,-0.8704447046331215,0.3580268921500254,0.10702765316908701,-2.8259276496823342,0.00466884050648223,28.53496011980717,1.0152292944765684,1.457844141899129,-0.01514979836269663
5902,23.9465377,-0.19603538158400308,0.27523376893116136,-0.03256389293755907,0.15664165682627504,-3.8510184259243987,-0.162842079851558,0.1020848554344978,0,0.005705600000000001,1,Shared Control,0.01,Good Visuals,0.01823157786429161,0.1374012369487781,0.0,5.206057433991443,0.9945204524460532,-0.8785816126699268,0.3498899841132201,0.11887896415345331,-2.6614686281376865,0.0045359147385665936,28.54215585810087,1.0151497983626967,1.4495165620286663,-0.015060482230719315
5903,23.949824000000003,-0.19509290378792615,0.26753018519514,-0.03225082393636816,0.1654453297606422,-3.8528589964396844,-0.16252202906806085,0.09271034948298393,0,0.0032863000000000002,1,Shared Control,0.01,Good Visuals,0.013792358389091403,0.1364623599004976,0.0,5.207630338064265,0.9945525446707734,-0.8881571712019714,0.3403144255811756,0.11870913558551184,-2.6908974376969224,0.004474319169488195,28.550483437971334,1.0150604822307192,1.4399130265129643,-0.014957572377675343
5904,23.9533063,-0.1944645852572082,0.2575939549646401,-0.03194255618914735,0.16488360548165618,-3.860785601152335,-0.16221632392453567,0.08288489222657983,0,0.0034823000000000002,1,Shared Control,0.01,Good Visuals,0.0034586466928982207,0.13562398529065423,0.0,5.209443451948108,0.9945895548723493,-0.8977511773196883,0.33072041946345865,0.11145591025017441,-2.7998617048143783,0.004401023543092255,28.560086973487035,1.0149575723776754,1.4314448295851299,-0.014865678547644255
5905,23.957565000000002,-0.19383626672649024,0.23720890457744293,-0.03161994280195457,0.1543240123508631,-3.9024123709597442,-0.1618886620822474,0.07102226360358255,0,0.004258700000000001,1,Shared Control,0.01,Good Visuals,0.002457445230024391,0.13462631561001057,0.0,5.211052462354273,0.9946221783194011,-0.9087252064463016,0.3197463903368453,0.11492643630184318,-2.749074156820892,0.004332176770742816,28.56855517041487,1.0148656785476442,1.421213831769184,-0.014756324462985885
5906,23.960664700000002,-0.1927367092977338,0.2191036358360411,-0.030848047215486396,0.14808137223245854,-3.9210427844328173,-0.1616817528896327,0.062495681105360856,0,0.0030997000000000004,1,Shared Control,0.01,Good Visuals,0.011334009542006529,0.13358462894139986,0.0,5.212981599438134,0.994661609178997,-0.9178837474543605,0.3105878493287864,0.1346700235630517,-2.5572516356896533,0.004256876399226418,28.578786168230817,1.0147563244629858,1.410593278367988,-0.014642145697852663
5907,23.964327500000003,-0.1924225500323748,0.21072278215331314,-0.030740797142742082,0.14822710104795228,-3.909795720169678,-0.16147111849031406,0.05253861064495807,0,0.0036628000000000003,1,Shared Control,0.01,Good Visuals,0.01357534434950694,0.13253091175425352,0.0,5.214990094732319,0.9947025348324191,-0.9264646582358763,0.3020069385472707,0.14542876546924535,-2.500119684609216,0.004120824940847533,28.589406721632013,1.0146421456978527,1.3998592266589642,-0.014526648273479862
5908,23.9677614,-0.19163715186897737,0.19833211066478468,-0.030166033378663304,0.1457935000198266,-3.929720836448967,-0.1613065639183076,0.043321745454030475,0,0.0034339,1,Shared Control,0.01,Good Visuals,0.012927378876966655,0.1314235560357917,0.0,5.217020958815041,0.9947438967972536,-0.935174700132255,0.29329689665089204,0.14772346924275007,-2.4443065320701125,0.00407410587338016,28.600140773341035,1.0145266482734798,1.3885510437225497,-0.014405271555982065
5909,23.9714071,-0.1908517537055799,0.19093119826806465,-0.029545189787272302,0.14760945281403418,-3.9222559402242942,-0.1611662723581981,0.033662841697449014,0,0.0036457000000000004,1,Shared Control,0.01,Good Visuals,0.01240774155208374,0.1303271146255743,0.0,5.219157824277803,0.9947874738165211,-0.9435065852968291,0.2849650114863179,0.15346265955290295,-2.4091037052404523,0.0039645273781183194,28.61144895627745,1.0144052715559821,1.3773807168338603,-0.014285091150460973
5910,23.975074300000003,-0.19006635554218246,0.19357530617726565,-0.02890008318398435,0.15991246447981664,-3.8739529947779707,-0.16106043624362482,0.02407990031563806,0,0.0036672000000000002,1,Shared Control,0.01,Good Visuals,0.007417060085810057,0.1289454090625417,0.0,5.221271192419978,0.9948305167830969,-0.9545142523182903,0.27395734446485664,0.15103527124077432,-2.4333864668541203,0.003850539336040185,28.622619283166138,1.014285091150461,1.363144817984424,-0.014133643080980375
5911,23.979113700000003,-0.1897521962768235,0.18731693364652052,-0.028691760033198677,0.16323703333088246,-3.8582337566263956,-0.1609842270273517,0.013680473864451259,0,0.0040394,1,Shared Control,0.01,Good Visuals,-0.008122004082751266,0.12805169712870879,0.0,5.223949331219007,0.9948853882117494,-0.9633526366517939,0.265118960131353,0.13135201851571104,-2.560292092785158,0.0037265330481003446,28.636855182015577,1.0141336430809804,1.3542683922914969,-0.014035683753992001
5912,23.9827781,-0.18912387774610553,0.17006314016120028,-0.028139650718753823,0.15638266629674902,-3.8631043986541944,-0.16095116072646404,0.004389680526069445,0,0.0036644000000000004,1,Shared Control,0.01,Good Visuals,-0.012474604320474064,0.12715374072831917,0.0,5.225650652166217,0.9949195690205536,-0.97247170226517,0.2559998945179769,0.12878878467905816,-2.556580115331548,0.0036740285658607486,28.645731607708502,1.014035683753992,1.345090130105835,-0.013937259193104897
5913,23.986271100000003,-0.18880971848074657,0.1531686775408893,-0.02785855775428253,0.14877899701481986,-3.8537483511470225,-0.1609511076988966,-0.004338361649034422,0,0.003493,1,Shared Control,0.01,Good Visuals,-0.008496936953739459,0.12623278565311738,0.0,5.227384329327341,0.9949549386659399,-0.9808569467607741,0.24761465002237285,0.1404886851600315,-2.457574588395092,0.0035780618516778836,28.654909869894166,1.0139372591931048,1.335669287314632,-0.013836313758745103
5914,23.990870500000003,-0.18786724068466962,0.1262081568430297,-0.026916132985773028,0.1305465184920641,-3.8277045697043235,-0.16099713204955424,-0.015638105131592694,0,0.0045994,1,Shared Control,0.01,Good Visuals,0.0025566749306435987,0.12413594247079383,0.0,5.231446089010494,0.995038074543794,-0.9967073729770716,0.23176422380607536,0.16528398730224886,-2.196327921782113,0.003424966718946826,28.676480035350153,1.0137073730480148,1.3142307137020444,-0.013606479805359652
5915,23.996584600000002,-0.18755308141931062,0.12391525157632612,-0.026555949369756388,0.1395533567079188,-3.7789919826447065,-0.16112587898531913,-0.029367349627812234,0,0.005714100000000001,1,Shared Control,0.01,Good Visuals,0.010954407201224925,0.12312769400505848,0.0,5.233212190562103,0.9950738599789622,-1.0028991152782771,0.22557248150486972,0.17727257536471627,-2.0153443027066515,0.003341259535858157,28.685769286297955,1.0136064798053597,1.303867127557148,-0.013495966185252884
5916,23.999781300000002,-0.18723892215395166,0.12003365086345177,-0.026113043168632527,0.149401000491264,-3.7453367892406173,-0.16123182162747232,-0.036896986891769235,0,0.0031967000000000002,1,Shared Control,0.01,Good Visuals,0.00015328718356294457,0.12206498166749914,0.0,5.235164319451646,0.995113802363093,-1.0104899726312009,0.217981624151946,0.16469573493211884,-2.1435833482784696,0.00326977280801319,28.696132872442853,1.013495966185253,1.2929603331099087,-0.01337948280685255
5917,24.003395,-0.18676768325591317,0.11418348397735684,-0.025535861628440848,0.15108047086912607,-3.711600910756637,-0.16138034006535848,-0.04527705168106061,0,0.0036137,1,Shared Control,0.01,Good Visuals,-0.011917515902309939,0.12113162337618098,0.0,5.237220374295507,0.9951558365141203,-1.0183207905565956,0.2101508062265513,0.15238917044206982,-2.284502574652746,0.003187488135661743,28.70703966689009,1.0133794828068525,1.283458882016199,-0.013277177862054039
5918,24.007695400000003,-0.18645352399055423,0.0945849092266784,-0.025073183925195752,0.139861960907739,-3.6408185864586775,-0.16159616913343866,-0.055065804885239586,0,0.0043004,1,Shared Control,0.01,Good Visuals,-0.020463139924398188,0.11934738638255869,0.0,5.2410196811769305,0.9952334208950738,-1.0343443909037837,0.19412720587936316,0.14464975524371057,-2.278310633360892,0.0030301349172619425,28.727172026466462,1.0131640163888866,1.2652478004923833,-0.013081608519779065
5919,24.013675000000003,-0.18582520545983625,0.06988443058672301,-0.024229036326397585,0.1249502354719626,-3.546110765730807,-0.16196532817278617,-0.06834172662025706,0,0.005979600000000001,1,Shared Control,0.01,Good Visuals,-0.0015527529242771454,0.11762728803843357,0.0,5.244107177190203,0.9952963541665677,-1.0461309748821332,0.18234062190101372,0.1752391921646212,-1.9213798129258715,0.002926960319115836,28.743504019972463,1.012988627977945,1.2475363897628142,-0.012893069383436038
5920,24.0196159,-0.18566812582715678,0.0768324877308673,-0.02370279765437061,0.14517421435112438,-3.3585109702817255,-0.16240955447863173,-0.08114159226186023,0,0.005940900000000001,1,Shared Control,0.01,Good Visuals,-0.020184156700713538,0.11599011241192304,0.0,5.24755805330549,0.9953669716538793,-1.0581430630750133,0.17032853370813356,0.14580404175399359,-2.115713759003738,0.0027665263786806438,28.761827064467184,1.012793325273037,1.2307834031593223,-0.01271361936552375
5921,24.025712400000003,-0.18551104619447728,0.06227556222041093,-0.02310149171584555,0.14341715448227116,-3.336293012640159,-0.1629432390163598,-0.09386806495802186,0,0.0060965,1,Shared Control,0.01,Good Visuals,-0.020090757501244824,0.11509584659302828,0.0,5.248958191441339,0.9953954430207723,-1.0660031657468185,0.1624684310363283,0.1420083718726549,-2.027105782541652,0.002749290164407513,28.76921659684068,1.0127136193655237,1.221513627453669,-0.012615599327465251
5922,24.0295372,-0.18551104619447728,0.044928479304992865,-0.022567807178117488,0.13879654426301472,-3.3120507567684263,-0.1633171797339704,-0.10163921517851468,0,0.0038248,1,Shared Control,0.01,Good Visuals,-0.021462972172804143,0.11439448357258684,0.0,5.250697051614033,0.9954311750811388,-1.0721363243946656,0.15633527238848122,0.14601156809956645,-2.022075977662157,0.0026588857465970734,28.778486372546332,1.0126155993274653,1.2143876531028222,-0.01253872327058827
5923,24.0329017,-0.18535396656179778,0.03135393631890284,-0.022036786827827393,0.13299315149741753,-3.2810106109759065,-0.16367045050840476,-0.10833836749239446,0,0.0033645000000000003,1,Shared Control,0.01,Good Visuals,-0.01963902498037988,0.11354265148538431,0.0,5.252047395807921,0.9954586307097594,-1.0792376208222922,0.14923397596085455,0.15446156790649362,-1.9947461875355763,0.0025816326475064685,28.785612346897178,1.0125387232705882,1.2055547078002093,-0.01244535437306042
5924,24.036303500000002,-0.18535396656179778,0.023243114352796107,-0.021683516053393026,0.13158148184519058,-3.2415310729691957,-0.16405033177904663,-0.11498099522375207,0,0.0034018000000000004,1,Shared Control,0.01,Good Visuals,-0.016618952290446506,0.11269873882220156,0.0,5.253704056642175,0.9954926787770194,-1.0858209245759531,0.14265067220719357,0.16195808147960114,-1.9141405965344598,0.0025021152066497135,28.79444529219979,1.0124453543730605,1.1968726483894296,-0.012352853519717441
5925,24.0407848,-0.18535396656179778,0.016599833764274596,-0.021303634782751157,0.13158082898802667,-3.2056898157820783,-0.1645848368896095,-0.123529823028156,0,0.0044813000000000006,1,Shared Control,0.01,Good Visuals,-0.017038578653377587,0.11170321337442128,0.0,5.2553389247325795,0.9955261390653324,-1.0934947617004216,0.13497683508272523,0.16308221623908922,-1.8747311764269297,0.0024437049124483553,28.80312735161057,1.0123528535197175,1.1865540984067815,-0.01224373446337217
5926,24.0439371,-0.18535396656179778,0.009378491588402703,-0.020769129672188275,0.1329083146165587,-3.172902022881088,-0.1649835306679266,-0.12940534510191137,0,0.0031523000000000002,1,Shared Control,0.01,Good Visuals,-0.01899832858109944,0.11087098681418887,0.0,5.257274669749276,0.9955659126449719,-1.0999439435603133,0.1285276532228334,0.16218003833320824,-1.841465895691801,0.0023796844617883957,28.81344590159322,1.0122437344633721,1.1780508368938345,-0.012152514518045292
5927,24.047315,-0.18535396656179778,0.0038669951227551305,-0.02037043589387119,0.1332723402246665,-3.1309123260509284,-0.16543110513743337,-0.135574323604421,0,0.0033779,1,Shared Control,0.01,Good Visuals,-0.023100951028516545,0.11009679891786335,0.0,5.258881478507029,0.9955986784427437,-1.1062873289476078,0.12218426783553894,0.1595588687823871,-1.8669095848179595,0.002302693902027365,28.821949163106165,1.0121525145180452,1.170093338476089,-0.012067656162219898
5928,24.050739,-0.18535396656179778,0.0005484437133017072,-0.01992286142436442,0.13612276731772271,-3.080661778787898,-0.1659058253652031,-0.14169290898366632,0,0.0034240000000000004,1,Shared Control,0.01,Good Visuals,-0.025533606136506515,0.10930644759872496,0.0,5.260380644164445,0.995629345159953,-1.1129394171572375,0.11553217962590934,0.15732632319929338,-1.8544473835771527,0.0022427197844767624,28.82990666152391,1.01206765616222,1.161934941948069,-0.011981026141542962
5929,24.054308900000002,-0.18535396656179778,-0.0009694412954590503,-0.019448141196594687,0.14072346768820726,-3.0230426381324733,-0.16642282727604574,-0.14792746284575808,0,0.0035699000000000004,1,Shared Control,0.01,Good Visuals,-0.030699711280418762,0.10858873005967312,0.0,5.261914359400235,0.9956607888618579,-1.1194621873473598,0.10900940943578702,0.15088351487776716,-1.8768401306676399,0.002177697208298948,28.83806505805193,1.011981026141543,1.1545607082360325,-0.011902357473897741
5930,24.05817,-0.18551104619447728,-0.0034871163430063314,-0.019088218918431543,0.14444034650275175,-2.96502393654114,-0.16700674166545676,-0.15450371804481675,0,0.0038611,1,Shared Control,0.01,Good Visuals,-0.03775535989887133,0.10766055508009592,0.0,5.263303934919771,0.9956892072630851,-1.1289446856575467,0.09952691112560022,0.1413096534186709,-1.9264756227269912,0.002111848954559429,28.845439291763967,1.0119023574738977,1.1448912414975858,-0.011800620669358405
5931,24.0626707,-0.18566812582715678,-0.010819579154576472,-0.018661384161700018,0.1436841388902403,-2.915987785536151,-0.16771896164892808,-0.16194982283198722,0,0.004500700000000001,1,Shared Control,0.01,Good Visuals,-0.04332144156989688,0.10702758444568093,0.0,5.265113361029027,0.9957264816782881,-1.1358662948639802,0.09260530191916677,0.13371680889892576,-1.9131565843261158,0.0020550482442487283,28.855108758502414,1.0118006206693584,1.1384796335595115,-0.011731241068389254
5932,24.066329300000003,-0.18566812582715678,-0.018937204773274978,-0.0179491641782287,0.14301261805871224,-2.8601948958936974,-0.16832227227008892,-0.1678281381277267,0,0.0036586,1,Shared Control,0.01,Good Visuals,-0.04479663781144162,0.10644814563857023,0.0,5.266330329398582,0.9957511825299947,-1.142283527028425,0.08618806975472197,0.13294361026819373,-1.8837645055024947,0.001997282869239641,28.861520366440487,1.0117312410683892,1.1325134034791697,-0.011667729064770734
5933,24.069749400000003,-0.18582520545983625,-0.02308260486759457,-0.017502933189747327,0.14474553326013215,-2.7889623670379726,-0.16890545465381632,-0.17318134433402552,0,0.0034201,1,Shared Control,0.01,Good Visuals,-0.04786188599495278,0.10587609063998316,0.0,5.267453398326554,0.9957741755641496,-1.1490333130339097,0.0794382837492374,0.13050558032582368,-1.8953684166810543,0.0019106552425346964,28.86748659652083,1.0116677290647706,1.1266044934554251,-0.011605026396785099
5934,24.074179200000003,-0.18613936472519524,-0.02930957835716855,-0.01723391007137892,0.14387176597685697,-2.7303672612821495,-0.16968760347989043,-0.17991075098413464,0,0.0044298,1,Shared Control,0.01,Good Visuals,-0.05192183840598599,0.10521599572686799,0.0,5.26856390373281,0.9957969491182634,-1.157431602913154,0.07103999386999313,0.12444935796452081,-1.899549868642966,0.0018531421408632576,28.873395506544576,1.011605026396785,1.1197448001205608,-0.01153267371692338
5935,24.0776001,-0.18645352399055423,-0.042447518919034935,-0.016765920510663807,0.1374632320650997,-2.694034589578295,-0.1703117180898307,-0.18494957502105508,0,0.0034209,1,Shared Control,0.01,Good Visuals,-0.05245076296236463,0.10469251593347519,0.0,5.269849176495347,0.9958233902742396,-1.1639763808744976,0.0644952159086494,0.12363999260274221,-1.8264666540182857,0.0018132830084274319,28.88025519987944,1.0115326737169235,1.1143880606469814,-0.01147529535336853
5936,24.081406500000003,-0.1866106036232337,-0.0561250814761962,-0.016298885533403,0.12882449354485886,-2.6535953259715357,-0.17102612659878025,-0.19039424990473042,0,0.0038064,1,Shared Control,0.01,Good Visuals,-0.04852110754630695,0.10417185168412216,0.0,5.270860707898051,0.9958440314634658,-1.1699228159396067,0.058548780843540385,0.13169530036535723,-1.7319881936064476,0.001755266400202049,28.88561193935302,1.0114752953533686,1.1090024145049446,-0.01141822560021576
5937,24.084944800000002,-0.1866106036232337,-0.05871388731743296,-0.015584477024453453,0.13168036258729746,-2.575824299148336,-0.17170852518070742,-0.19530230882549274,0,0.0035383000000000003,1,Shared Control,0.01,Good Visuals,-0.04236613593056822,0.10360073564961673,0.0,5.271872173449825,0.9958647886140228,-1.1756907642737058,0.05278083250944133,0.14195284608134484,-1.608552717412866,0.0016978850864021416,28.890997585495054,1.0114182256002158,1.1030727832674332,-0.011355625851622855
5938,24.088437000000003,-0.18708184252127216,-0.05625901980687884,-0.01537331734056474,0.1390432890186139,-2.4968444888111376,-0.17239880734026258,-0.2000016890824087,0,0.0034922000000000004,1,Shared Control,0.01,Good Visuals,-0.048962152539335876,0.10311273580608318,0.0,5.272983712600007,0.9958876440040899,-1.1814258803189022,0.04704571646424484,0.13220931545613795,-1.665732223408797,0.0016145632844479277,28.896927216732568,1.0113556258516228,1.0980557892196237,-0.011302136427980542
5939,24.092280000000002,-0.18723892215395166,-0.061183415843442765,-0.014840114813689076,0.13881827323896595,-2.45513044102891,-0.17317708717941518,-0.2050069340083816,0,0.003843,1,Shared Control,0.01,Good Visuals,-0.05739639956312788,0.10261354853514883,0.0,5.273928871533936,0.9959069777056831,-1.1883298586506879,0.04014173813245921,0.11840014300232674,-1.7283710931995553,0.0015851848094007295,28.901944210780375,1.0113021364279806,1.092882652803116,-0.011247420755904673
5940,24.0957425,-0.18739600178663113,-0.06422365897586259,-0.014218914607215943,0.14078327503251903,-2.4003835433529397,-0.17389451367492498,-0.209367487540344,0,0.0034625000000000003,1,Shared Control,0.01,Good Visuals,-0.05997274016649941,0.1021937846885667,0.0,5.274899527928715,0.9959269162903591,-1.1944048054677108,0.03406679131543634,0.11579336969259314,-1.7075489268411803,0.001522796841701665,28.907117347196884,1.0112474207559046,1.0885674628509117,-0.011201410646440337
5941,24.0993472,-0.18786724068466962,-0.06604162313585661,-0.01397272700974464,0.1433258644044874,-2.346498747948351,-0.17465717810431072,-0.21375701366197122,0,0.0036047,1,Shared Control,0.01,Good Visuals,-0.06519728840065667,0.10182974949470083,0.0,5.27571250928663,0.9959435453539286,-1.2003526016779158,0.028118995105231265,0.10894416695566231,-1.7368871072903505,0.001453084697874942,28.91143253714909,1.0112014106464404,1.0848182643355877,-0.0111615089272832
5942,24.1028322,-0.1881813999500286,-0.07646515080451176,-0.013524221845717888,0.13729186285745948,-2.328070089546456,-0.17540930407341893,-0.21785529693858036,0,0.0034850000000000003,1,Shared Control,0.01,Good Visuals,-0.06902058923988082,0.1014778323286385,0.0,5.276418202538244,0.995957993808729,-1.2065298189952225,0.021941777787924575,0.10309671657140684,-1.7340530885401821,0.001422839291160137,28.91518173566441,1.0111615089272832,1.0811767137600232,-0.011122935459213602
5943,24.107556400000004,-0.18880971848074657,-0.08592019388445493,-0.013400414407327643,0.13193510305412542,-2.2356315126524104,-0.1764511833541076,-0.22318276287674294,0,0.0047242000000000004,1,Shared Control,0.01,Good Visuals,-0.06477190373689068,0.10076744816716826,0.0,5.277809551834487,0.9959865711494345,-1.2178162338638778,0.01065536291926929,0.11269648173047805,-1.587542481538823,0.0013073228605768,28.922596338242545,1.0110830746958552,1.0738168795114573,-0.01104507059949043
5944,24.113166300000003,-0.18896679811342607,-0.08785422751211334,-0.012515614759318477,0.13532853536462958,-2.190713885744947,-0.17772017909715243,-0.22916868593760553,0,0.0056099,1,Shared Control,0.01,Good Visuals,-0.0606735528269753,0.10040463920483035,0.0,5.278483168703057,0.9960003947985796,-1.2227708649014617,0.005700731881685518,0.11470288978667353,-1.4439515745005602,0.001350325564208963,28.926183120488542,1.0110450705994904,1.0700494877786524,-0.011005303286969999
5945,24.1167391,-0.18928095737878503,-0.08623316984457778,-0.0115607782816326,0.14293551609302774,-2.127725578463937,-0.17854546440701877,-0.23278879807491626,0,0.0035728,1,Shared Control,0.01,Good Visuals,-0.06871693944458841,0.10008142773336327,0.0,5.279189360698433,0.996014915563863,-1.22826116209435,0.00021043468879724907,0.10503392896898868,-1.534760068456173,0.0012566257843360214,28.929950512221346,1.01100530328697,1.0667139091641094,-0.010969876236014052
5946,24.1203174,-0.1897521962768235,-0.08645173270495357,-0.011206731869804726,0.1463370653699627,-2.072755924448355,-0.17938471653320856,-0.236264977649682,0,0.0035783000000000004,1,Shared Control,0.01,Good Visuals,-0.08132895475662089,0.09984027899139185,0.0,5.279816562285878,0.9960277703705308,-1.2340641586170336,-0.005592561833886229,0.08820344797355327,-1.6830524442946369,0.0011570191961346487,28.933286090835892,1.010969876236014,1.0642447985130659,-0.010943444040612675
5947,24.1246176,-0.19006635554218246,-0.09183978786946262,-0.010681639008973898,0.14442518978021937,-2.038538256458786,-0.18040933782469665,-0.24024503214031034,0,0.0043002000000000005,1,Shared Control,0.01,Good Visuals,-0.08658246077313671,0.09953433067165299,0.0,5.28028270127551,0.9960372844337347,-1.2425195201216008,-0.014047923338453595,0.08011876070122438,-1.7003562460167247,0.0011188832364630262,28.935755201486934,1.0109434440406126,1.0610458918393855,-0.01090990919525562
5948,24.1286348,-0.19053759444022095,-0.09588371521261027,-0.0101282566155243,0.14436131692770007,-2.0029213126207512,-0.18138159116921992,-0.24376905003046845,0,0.0040172,1,Shared Control,0.01,Good Visuals,-0.08744619815647728,0.09932437859567504,0.0,5.280880262195974,0.996049615623026,-1.2483661389431246,-0.019894542159977338,0.07988203569924086,-1.629129185667561,0.0010631897892344356,28.938954108160615,1.0109099091952556,1.0589056331449782,-0.01088689645112183
5949,24.1324487,-0.1908517537055799,-0.09985049622268827,-0.009470162536359988,0.14391855380778018,-1.9737642420786072,-0.18231740570172428,-0.2469418258485904,0,0.0038139000000000003,1,Shared Control,0.01,Good Visuals,-0.09030201265274693,0.09914140208773937,0.0,5.281285224324654,0.9960578617920115,-1.253916653164851,-0.025445056381703676,0.07699430624624294,-1.6219140382579447,0.001005982794594486,28.941094366855022,1.0108868964511217,1.0570170615375376,-0.01086684048577829
5950,24.1358348,-0.1913229926036184,-0.1047025534603974,-0.009005586901894125,0.142239272388193,-1.946438849287845,-0.18315814371192696,-0.24961808338807825,0,0.0033861000000000004,1,Shared Control,0.01,Good Visuals,-0.09333426214707335,0.09896957801118028,0.0,5.281640321423298,0.9960651400166797,-1.2597023147818347,-0.03123071799868739,0.07419742247419753,-1.6224513788512938,0.0009388851918535114,28.942982938462464,1.0108668404857784,1.055238405007908,-0.010848006932971246
5951,24.1407989,-0.19210839076701586,-0.11067483833529132,-0.0089502470550889,0.13894324505278693,-1.8760971298303526,-0.18440653694752246,-0.25330344647764164,0,0.0049641,1,Shared Control,0.01,Good Visuals,-0.09590898354632002,0.09866147080806642,0.0,5.2822949575637885,0.9960785813903104,-1.270691902866149,-0.04222030608300161,0.07228130308951794,-1.556542039037406,0.0008377653448907004,28.946470517500572,1.0108299281115705,1.0520520653325633,-0.010814235453465696
5952,24.146163700000002,-0.1924225500323748,-0.112507564751822,-0.008016013084852336,0.14079588172581964,-1.839122561132114,-0.1857754401522097,-0.2569696744680674,0,0.0053648,1,Shared Control,0.01,Good Visuals,-0.09111885008892905,0.09850055484183694,0.0,5.282572776136535,0.9960842750524334,-1.2755196888401341,-0.0470480920569867,0.07628149815734686,-1.4065745925429267,0.000883044538550636,28.947947934667436,1.0108142354534657,1.0503750581878126,-0.01079659753328495
5953,24.149741400000003,-0.1927367092977338,-0.11054010175505849,-0.006961269145524085,0.1464295727130089,-1.7858062794689942,-0.1866988923035045,-0.2592328743953166,0,0.0035777,1,Shared Control,0.01,Good Visuals,-0.09789778608658228,0.09836663260950826,0.0,5.282886561981882,0.9960907391192602,-1.2807759886246048,-0.05230439184145744,0.0683003741346276,-1.4748729718765219,0.00078958173647738,28.94962494181219,1.0107965975332849,1.048995517531294,-0.010781918383045304
5954,24.153339300000003,-0.19320794819577225,-0.10720825796283853,-0.0065090558922677455,0.15202461643247808,-1.7289801861343088,-0.18763546201892972,-0.26136301661569344,0,0.0035979000000000002,1,Shared Control,0.01,Good Visuals,-0.10908051706736827,0.0982792083263905,0.0,5.283146210158747,0.9960960553870464,-1.286275223150819,-0.05780362636767165,0.05327009263240677,-1.5984752859384965,0.0006847566045336731,28.951004482468704,1.0107819183830453,1.048105656803206,-0.010772335850226336
5955,24.157580600000003,-0.19383626672649024,-0.11196755037927464,-0.006200804707560514,0.1493954662364188,-1.7012780353537953,-0.18874898120993197,-0.2636873033564844,0,0.0042413,1,Shared Control,0.01,Good Visuals,-0.11704225118187589,0.09820690780163907,0.0,5.283314714108308,0.9960994837944946,-1.2928552620650977,-0.06438366528195033,0.04074261731881482,-1.6512431715422413,0.0006397048600443013,28.951894343196795,1.0107723358502263,1.0473605987709151,-0.01076441102514855
5956,24.160637800000003,-0.1943075056245287,-0.12308919267190502,-0.005558524414596727,0.14059811068457936,-1.6857801899763032,-0.18955752300685347,-0.26523803560815473,0,0.0030572000000000004,1,Shared Control,0.01,Good Visuals,-0.1160515036229736,0.09814211192495033,0.0,5.283454917133954,0.9961023550060365,-1.298477936570029,-0.0700063397868816,0.042521285528349384,-1.5665536902182289,0.0006089618562113649,28.952639401229085,1.0107644110251486,1.046690721788669,-0.010757308780866292
5957,24.1644016,-0.1944645852572082,-0.12589957084578401,-0.004907062250354727,0.13933846476237072,-1.6327253293702761,-0.19055919966341447,-0.2670046147519818,0,0.0037638000000000003,1,Shared Control,0.01,Good Visuals,-0.1106815594437828,0.09807368199401262,0.0,5.2835807676317845,0.9961049366541621,-1.3034586551074778,-0.07498705832433039,0.05217625891176916,-1.448978453903763,0.000545525325234921,28.953309278211332,1.0107573087808663,1.0459788870886642,-0.010749808209679142
5958,24.167779000000003,-0.19509290378792615,-0.1200353623735084,-0.004533704124511678,0.1469692523784734,-1.5588591053547636,-0.19146346847236392,-0.26845666979882826,0,0.0033774,1,Shared Control,0.01,Good Visuals,-0.11286860099098586,0.0980157927151008,0.0,5.283714084168008,0.9961076803291801,-1.3085651940812435,-0.08009359729809598,0.04833768166307583,-1.436721428626054,0.0004812536626661134,28.954021112911335,1.010749808209679,1.0453819445009103,-0.010743462994193742
5959,24.171461400000002,-0.19572122231864408,-0.12444246776396478,-0.00425775384628016,0.14401420203486348,-1.532997908767139,-0.1924547312051903,-0.26989724401218157,0,0.0036824,1,Shared Control,0.01,Good Visuals,-0.12244223371820034,0.09798132017737966,0.0,5.283826378058827,0.9961099807775312,-1.3137755266773437,-0.08530392989419604,0.03216380171999272,-1.5101537870558406,0.00044437460369973423,28.95461805549909,1.0107434629941938,1.0450329073242348,-0.01073968447623185
5960,24.1754539,-0.19603538158400308,-0.13450857126963242,-0.0035806503788127775,0.13538867274254915,-1.5168063602290436,-0.19353513820233376,-0.2712921984588047,0,0.0039925,1,Shared Control,0.01,Good Visuals,-0.12095666340932393,0.09794142268230435,0.0,5.283892650084231,0.9961113253873645,-1.319472751174597,-0.09100115439144935,0.03437320408094727,-1.4331558617596922,0.0004171803428488461,28.954967092675766,1.0107396844762317,1.0446164491766758,-0.01073531133135357
5961,24.178760800000003,-0.19682077974740053,-0.14012151715459265,-0.0032856415450667753,0.13117068130421206,-1.4858042083405953,-0.19443400138872977,-0.2723170493819551,0,0.0033069,1,Shared Control,0.01,Good Visuals,-0.11594235657022622,0.09790346716277679,0.0,5.283970512039441,0.9961129306751232,-1.324184639493329,-0.0957130427101815,0.04309312673942619,-1.3167216204365362,0.00035069399222885546,28.955383550823324,1.0107353113313535,1.0442231559115616,-0.010731151045463162
5962,24.182362100000002,-0.197292018645439,-0.14888288881208037,-0.0028580172567092277,0.12343416056987475,-1.478945423976908,-0.19541650760816273,-0.2732995770266347,0,0.0036013000000000004,1,Shared Control,0.01,Good Visuals,-0.11329953507047369,0.09786737964551177,0.0,5.284044315282806,0.9961144464570614,-1.3283872695670889,-0.09991567278394133,0.0467534995492746,-1.2310709689377908,0.00032167569911610024,28.95577684408844,1.010731151045463,1.04384916613366,-0.010727195510385097
5963,24.185734200000002,-0.197606177910798,-0.15164883061730172,-0.002189670302635255,0.12165074640933299,-1.4457736642692531,-0.1963394749044188,-0.2740942546543389,0,0.0033721000000000003,1,Shared Control,0.01,Good Visuals,-0.10785263804428817,0.09782779053966435,0.0,5.284114491177261,0.9961158878452998,-1.332412368830421,-0.10394077204727348,0.0558680641614709,-1.1193268251757946,0.0002797066598957861,28.95615083386634,1.0107271955103851,1.0434367678628609,-0.01072285616789892
5964,24.190928200000002,-0.1987057353395544,-0.1421768970936212,-0.002366260435135603,0.1319173575607177,-1.3479388289152674,-0.19776581182434727,-0.2750833154893437,0,0.005194000000000001,1,Shared Control,0.01,Good Visuals,-0.11860646368823903,0.09778189911342719,0.0,5.284246882417833,0.9961186040059943,-1.3404421364264025,-0.11197053964325501,0.038341754814169654,-1.1854098558439914,0.0001853316374053076,28.95685561239314,1.0107197250968396,1.0429686908882738,-0.010717826031164088
5965,24.196270600000002,-0.19933405387027237,-0.14535842947090807,-0.0015682420459250945,0.12972488601843565,-1.3231845932091992,-0.1992374808279672,-0.27580657948135967,0,0.005342400000000001,1,Shared Control,0.01,Good Visuals,-0.11890144014474305,0.09776237473080422,0.0,5.284280215811108,0.9961192808694992,-1.3442821176468376,-0.11581052086369012,0.03491282924252692,-1.1178984630087667,0.00023137743914452386,28.957031309111727,1.010717826031164,1.0427650471944074,-0.010715685973155233
5966,24.199762900000003,-0.19996237240099032,-0.15319786463502633,-0.0007248915730231342,0.12260871484633334,-1.3081256161165695,-0.20020126393422194,-0.27612003980322614,0,0.0034923000000000003,1,Shared Control,0.01,Good Visuals,-0.12093447185115348,0.09774965920637703,0.0,5.2843183042184245,0.9961200658254292,-1.3482683061697003,-0.11979670938655274,0.03304438494539167,-1.118365043027415,0.00015331506656233218,28.957234952805592,1.0107156859731552,1.0426356226257052,-0.010714292230755654
5967,24.2034097,-0.20027653166634932,-0.15739196101981223,-7.526773212737647e-05,0.1187280787834139,-1.2754444282511195,-0.2012086139070014,-0.27631435050211045,0,0.0036468000000000004,1,Shared Control,0.01,Good Visuals,-0.11830248666721721,0.09774305716587216,0.0,5.284342812430399,0.9961205644638221,-1.3518942004386565,-0.12342260365550899,0.03847036292860124,-1.0562190186012574,7.085790422458594e-05,28.957364377374294,1.0107142922307557,1.0425693484230312,-0.010713568584332098
5968,24.207620900000002,-0.20106192982974674,-0.1541526722783323,0.00014668407725465515,0.12216167822377816,-1.2171494914321985,-0.20237241158083266,-0.2763713697464152,0,0.0042112,1,Shared Control,0.01,Good Visuals,-0.11786976971222386,0.09774224717987791,0.0,5.284355451483067,0.9961208197309236,-1.3559743201918244,-0.1275027234086768,0.039019233037177546,-1.0211787644019088,7.356898244071711e-06,28.95743065157697,1.010713568584332,1.0425631003341589,-0.010713479802164307
5969,24.210683900000003,-0.2018473279931442,-0.15868915899045388,0.000525083587688463,0.1176822107559613,-1.1914808115897946,-0.20321885360697448,-0.27630128902045015,0,0.003063,1,Shared Control,0.01,Good Visuals,-0.12246292497936315,0.09774333357481053,0.0,5.284356827210114,0.9961208436525356,-1.3596669727680266,-0.13119537598487904,0.029947044117981048,-1.0297988109214806,-1.4337231336376811e-05,28.95743689966584,1.0107134798021644,1.0425750634389677,-0.010713598881380345
5970,24.2143571,-0.20216148725850316,-0.16673060382049776,0.0010573663484713114,0.10957068519995239,-1.1650683000843314,-0.20423342473123374,-0.27609465834085567,0,0.0036732,1,Shared Control,0.01,Good Visuals,-0.12000042552683793,0.0977474638430864,0.0,5.28435464916569,0.9961207974935806,-1.3629465621562789,-0.13447496537313122,0.03320894918027201,-0.9559812826479843,-5.132342026609171e-05,28.957424936561033,1.0107135988813802,1.042619096694493,-0.01071405159806149
5971,24.217790400000002,-0.20294688542190062,-0.16701670266263385,0.0012865393093331179,0.10907795567822182,-1.1061092072622325,-0.2051808364493342,-0.27578185455127274,0,0.0034333000000000002,1,Shared Control,0.01,Good Visuals,-0.11473310988445909,0.0977580944415608,0.0,5.284346503191792,0.9961206276947647,-1.366011180684424,-0.13753958390127635,0.04067237673365898,-0.8575477874877908,-0.0001033548789160958,28.957380903305506,1.0107140515980615,1.0427319340707548,-0.010715216812749371
5972,24.221426800000003,-0.2035752039526186,-0.17020733182464415,0.001605632496715581,0.1055745227266286,-1.0704342784758034,-0.20618289911382426,-0.27532583422913637,0,0.0036364,1,Shared Control,0.01,Good Visuals,-0.11545324680582915,0.09776943945003588,0.0,5.284325582997697,0.9961201926126826,-1.368860870868598,-0.14038927408545038,0.03702514463554114,-0.8277005385500673,-0.00012576963130456735,28.957268065929245,1.0107152168127493,1.0428499635327122,-0.010716460333567237
5973,24.225393500000003,-0.20436060211601603,-0.17843281845928127,0.001822296997808226,0.0968930157698551,-1.0509954528963636,-0.20727381027044292,-0.2746837865133824,0,0.0039667,1,Shared Control,0.01,Good Visuals,-0.11364951527295833,0.09778634408654487,0.0,5.284303479022701,0.9961197376837111,-1.3719115513541826,-0.14343995457103484,0.03843258432894768,-0.7709384361235408,-0.00015698178916664395,28.957150036467286,1.0107164603335672,1.0430276056046923,-0.010718313242488684
5974,24.228749200000003,-0.2051460002794135,-0.18757419154354882,0.0021278099910294335,0.08710959496983356,-1.032178852856816,-0.2081944896506699,-0.2740242206174198,0,0.0033557,1,Shared Control,0.01,Good Visuals,-0.10614648914298376,0.09780838277183283,0.0,5.284270378346352,0.9961190528548312,-1.3741781618580136,-0.14570656507486585,0.04872936267779425,-0.6333437196353506,-0.00017819576125555287,28.956972394395308,1.0107183132424886,1.0432583594107572,-0.010720728891980192
5975,24.2323805,-0.20546015954477245,-0.1898748410188507,0.0027343301058974367,0.08414937959856914,-0.9907943525541224,-0.20918807946177445,-0.27319175547717217,0,0.0036313,1,Shared Control,0.01,Good Visuals,-0.09801528139995211,0.09783901887710064,0.0,5.284227302759219,0.9961181633357366,-1.3759035394487324,-0.14743194266558465,0.060074992421534225,-0.5001384401179189,-0.00020811765406833702,28.956741640589243,1.0107207288919802,1.0435797032659333,-0.010724086900461413
5976,24.235744500000003,-0.2062455577081699,-0.18154222760953687,0.0029425217536045434,0.0916495278676353,-0.9186501093126237,-0.21010564553357705,-0.27231176427874154,0,0.0033640000000000002,1,Shared Control,0.01,Good Visuals,-0.09827127913420135,0.09787872061375197,0.0,5.284167370040412,0.9961169245640437,-1.377662987584024,-0.14919139080087615,0.058594449913267094,-0.4935199953133166,-0.0002675241748471239,28.956420296734066,1.0107240869004614,1.043995327325965,-0.010728438588354797
5977,24.240909000000002,-0.20765927440228532,-0.1813394248394093,0.0024463711312917302,0.09097233943933225,-0.8491878387659229,-0.21150809665577594,-0.2707600810838472,0,0.005164500000000001,1,Shared Control,0.01,Good Visuals,-0.11212342962382377,0.09793482970993724,0.0,5.284029924382726,0.9961140987069319,-1.3818525552618746,-0.15338095847872654,0.03268980083900248,-0.6199544034823469,-0.000316421348452416,28.955687112467636,1.0107318269771555,1.044572372523584,-0.010734588678884148
5978,24.2462082,-0.20813051330032378,-0.1862906466934568,0.0033775833554521573,0.0844694343903904,-0.8179950964396487,-0.21293814186023272,-0.26891957838689806,0,0.0052992000000000004,1,Shared Control,0.01,Good Visuals,-0.1035453177116575,0.09795936923162238,0.0,5.283981079921757,0.9961130987499464,-1.3833996713620134,-0.15492807457886526,0.04233916774944803,-0.4533540702510459,-0.00023958494015036212,28.955427627476418,1.010734588678884,1.0448269452621817,-0.010737278443827292
5979,24.249743700000003,-0.20875883183104174,-0.1838965762907111,0.004179310029190975,0.08502300209618696,-0.7602222224703714,-0.21388652556301016,-0.2675542484188932,0,0.0035355,1,Shared Control,0.01,Good Visuals,-0.10198795244945821,0.0979968630582518,0.0,5.283933336198134,0.996112117584735,-1.3849457581921416,-0.15647416140899348,0.0444223042190152,-0.43001803140908257,-0.0003308659350273199,28.95517305473782,1.0107372784438273,1.0452211682819381,-0.010741388123785446
5980,24.2533071,-0.20954422999443917,-0.18173639479755024,0.004342295568570992,0.08581785362134295,-0.7142401814231406,-0.21483731397204708,-0.2660687076622126,0,0.0035634000000000004,1,Shared Control,0.01,Good Visuals,-0.10677520211666422,0.09803196060454067,0.0,5.283859899889579,0.9961105977933222,-1.3865883019906,-0.15811670520745197,0.03548162087933325,-0.48229256788868513,-0.00040955927260860625,28.954778831718063,1.0107413881237854,1.045584556391745,-0.010745235148630081
5981,24.2575825,-0.21032962815783662,-0.18792113099341085,0.00450768581421046,0.07814757666880173,-0.7019056624321591,-0.2159708038832011,-0.26414361707659945,0,0.0042754,1,Shared Control,0.01,Good Visuals,-0.10842773848519167,0.09806889524304956,0.0,5.283791680960483,0.9961091972876468,-1.3884948493227163,-0.1600232525395683,0.03052731294392245,-0.4754719268084029,-0.000425683748111423,28.954415443608255,1.0107452351486301,1.0459687339066128,-0.010749283536252447
5982,24.2606806,-0.21111502632123408,-0.19654459038542865,0.004855777561967034,0.0675990266911708,-0.6932779940959416,-0.21678685855563137,-0.26265285024506413,0,0.0030981000000000003,1,Shared Control,0.01,Good Visuals,-0.10166075260726018,0.09811331958527623,0.0,5.283719726981684,0.996107716527027,-1.3897697911581366,-0.1612981943749887,0.039556509978616955,-0.356029554711083,-0.0004420637679023862,28.954031266093388,1.0107492835362524,1.0464327878248076,-0.010754152866628022
5983,24.264375,-0.21158626521927257,-0.19914206073340812,0.005200593336358805,0.06351078951165601,-0.6643874437295304,-0.21775376266666457,-0.2607716286617407,0,0.0036944,1,Shared Control,0.01,Good Visuals,-0.09299193775830791,0.0981733710585635,0.0,5.283632998818746,0.996105927746591,-1.3905379771664201,-0.16206638038327228,0.051747370206934415,-0.22397399506780924,-0.0004764164557722851,28.95356721217519,1.010754152866628,1.0470621366456092,-0.010760735079179053
5984,24.2679024,-0.2122145837499905,-0.19171732118429136,0.005539178916674076,0.06905430747744934,-0.6068716954003768,-0.21867028755831364,-0.25887197804415213,0,0.0035274000000000004,1,Shared Control,0.01,Good Visuals,-0.0907407356988728,0.09824262288319979,0.0,5.283515571470485,0.9961035016534446,-1.39119658116214,-0.1627249843789922,0.05365102734477556,-0.1849959258784567,-0.0005105597793350457,28.95293786335439,1.010760735079179,1.047784468521948,-0.010768325737731628
5985,24.2714193,-0.21299998191338795,-0.18521339523130181,0.005670305644925683,0.07365858281285032,-0.5634325080778565,-0.21957723861985073,-0.2568790199734493,0,0.0035169000000000003,1,Shared Control,0.01,Good Visuals,-0.09805063493957632,0.09829640703872618,0.0,5.283380472840713,0.9961007173681709,-1.3921274725824255,-0.16365587579927754,0.04001972747832784,-0.2672901542726518,-0.0005441834653933824,28.952215531478053,1.0107683257377316,1.0483368186343396,-0.010774220992654997
5986,24.2754066,-0.2139424597094649,-0.18894001593423354,0.005634778910385829,0.06793900403921577,-0.554949625659881,-0.220596794600897,-0.25450205654880764,0,0.0039873,1,Shared Control,0.01,Good Visuals,-0.10332900212708476,0.09834934773080004,0.0,5.283276352387869,0.9960985889296432,-1.393542501141988,-0.16507090435883998,0.029651150077651102,-0.3128656052804536,-0.0005573706717076017,28.95166318136566,1.010774220992655,1.0488861604768887,-0.010780023795962785
5987,24.279185000000002,-0.21457077824018286,-0.19516125928804,0.006026016360714148,0.05934079726076763,-0.54422525503723,-0.22155397060262,-0.2521365752292612,0,0.0037784000000000003,1,Shared Control,0.01,Good Visuals,-0.09744331592497449,0.09839921316073454,0.0,5.283173339550391,0.9960964716571439,-1.3942362509698998,-0.1657646541867518,0.036972061612687984,-0.20194737807813445,-0.0005541768304437144,28.95111383952311,1.0107800237959628,1.049402604357709,-0.010785489521294905
5988,24.2829227,-0.2153561764035803,-0.19858019803324664,0.006197794199039708,0.053556377196014554,-0.5242942317304506,-0.2224918425512463,-0.24969042155954338,0,0.0037377,1,Shared Control,0.01,Good Visuals,-0.09094494550029061,0.09846817911227998,0.0,5.283076402392395,0.9960944812524509,-1.3946135193385845,-0.16614192255543656,0.045766471977117085,-0.10523231393399346,-0.0005929552683879853,28.95059739564229,1.0107854895212949,1.0501258092069563,-0.010793048845438124
5989,24.286340900000003,-0.21567033566893928,-0.19437712888618922,0.00682150688230701,0.055313292673354164,-0.48119548413090457,-0.22334138045160468,-0.24736268248947058,0,0.0034182,1,Shared Control,0.01,Good Visuals,-0.08608964665351768,0.09854549441039824,0.0,5.282941503590829,0.9960916933094233,-1.3947065649832493,-0.1662349682001013,0.051225924615866135,-0.02666828451268366,-0.0006102855092920918,28.949874190793043,1.0107930488454382,1.0509313792937316,-0.01080152333736651
5990,24.290820500000002,-0.2172411319957342,-0.17704674155504574,0.006100248455870483,0.07031594093442484,-0.3739243665505696,-0.2244423998572798,-0.2441836921329709,0,0.0044796,1,Shared Control,0.01,Good Visuals,-0.1028241961994628,0.09865287116443612,0.0,5.282638489130158,0.996085457595807,-1.3957540219812261,-0.16728242519807815,0.020257455610259763,-0.22591173373920836,-0.0006790881113161967,28.948256366876237,1.0108100980375865,1.0520272975418847,-0.010813292850742744
5991,24.2966084,-0.21802653015913162,-0.19148015562534104,0.006415869698148169,0.05270353650762985,-0.3970841515726372,-0.22584332794272258,-0.23986588900107952,0,0.0057879,1,Shared Control,0.01,Good Visuals,-0.10226568138141168,0.09867975840922202,0.0,5.282583519429,0.9960843656963427,-1.3964058118410054,-0.1679342150578574,0.017707321983457397,-0.18239026745558184,-0.0006018070249880411,28.947972702458117,1.0108132928507427,1.0523058256672855,-0.010816239948464158
5992,24.3003374,-0.2183406894244906,-0.19923252819245574,0.007502638518231963,0.040633360808623786,-0.37856883166045874,-0.2267324023967472,-0.2369617427285623,0,0.003729,1,Shared Control,0.01,Good Visuals,-0.08638914430422548,0.09874382142204088,0.0,5.282531245542622,0.9960832922251375,-1.3962606852286912,-0.1677890884455431,0.041454249665818274,0.04205715139371813,-0.0006331164717983095,28.947694174332714,1.0108162399484641,1.0529849862014518,-0.010823261863896873
5993,24.3038528,-0.21912608758788807,-0.19053459496857558,0.0076063148088591215,0.046427147759986714,-0.3121428732127616,-0.2275604792215228,-0.23413843512143143,0,0.0035154,1,Shared Control,0.01,Good Visuals,-0.08010608251809413,0.09883822211268808,0.0,5.282405252527461,0.9960806735184153,-1.3958565385914279,-0.16738494180827984,0.05013350897395726,0.11252864743512692,-0.0007408391980384224,28.94701501379855,1.0108232618638968,1.053976081427476,-0.010833609077325453
5994,24.308066500000002,-0.220068565383965,-0.18402008743554238,0.007491913837557818,0.05011834768588905,-0.2766891237040824,-0.22853975386840683,-0.2306474927979705,0,0.0042137,1,Shared Control,0.01,Good Visuals,-0.08642323919505294,0.0989342242909901,0.0,5.282220494601244,0.9960768527582187,-1.3956486481014252,-0.16717705131827726,0.036503006587439435,0.04199468527847949,-0.0007517946325370465,28.946023918572525,1.0108336090773256,1.0549727550707482,-0.01084413182903086
5995,24.312272500000002,-0.22069688391468295,-0.1844031116558007,0.00784286995372388,0.046244381142169805,-0.26372900598750226,-0.22950233015510427,-0.2270496882724533,0,0.0042060000000000005,1,Shared Control,0.01,Good Visuals,-0.08949407446791881,0.09898624964497434,0.0,5.282033646423842,0.9960730113192776,-1.3955709116372788,-0.1670993148541307,0.02883665385837374,0.02253884144579521,-0.0007412066839737174,28.945027244929253,1.0108441318290309,1.0554956799349062,-0.010849834302579322
5996,24.3157743,-0.2214822820780804,-0.18701045799840363,0.008020048077023861,0.04003923027404968,-0.2507353037491048,-0.23029204282124358,-0.22397016743490505,0,0.0035018000000000002,1,Shared Control,0.01,Good Visuals,-0.08748820820287902,0.09904597198870939,0.0,5.281933987422646,0.9960709971176339,-1.3953620333975674,-0.16689043661441932,0.030426161142538034,0.05829377085046239,-0.0007763362831723803,28.944504320065093,1.0108498343025794,1.0561186760961392,-0.010856380439401467
5997,24.319355700000003,-0.22179644134343937,-0.1856824238605287,0.008495601477804204,0.038287743574376365,-0.2199974551505085,-0.2310884147410649,-0.2207436041130158,0,0.0035814,1,Shared Control,0.01,Good Visuals,-0.08224224995071755,0.09911556501322943,0.0,5.281817474380382,0.9960685957035103,-1.39488129310298,-0.16640969631983193,0.03630150838012206,0.14054678982236135,-0.000794353457185008,28.94388132390386,1.0108563804394015,1.056844541767812,-0.010864008496706053
5998,24.324176400000002,-0.2232101580375548,-0.17262647217128296,0.007878256703510084,0.04811713194173284,-0.12555826336547415,-0.23214185108509372,-0.21628088349646912,0,0.004820700000000001,1,Shared Control,0.01,Good Visuals,-0.08906622449749621,0.09922809662218104,0.0,5.28153828714731,0.9960628468836064,-1.3941973674604113,-0.1657257706772633,0.02004526477655425,0.06369113421453232,-0.0008437604486302449,28.942389863590027,1.0108720803183355,1.0580001981008647,-0.010876343031202579
5999,24.3296333,-0.22383847656827274,-0.17859183440307638,0.008303374516820977,0.03768904909339274,-0.11689233582384673,-0.23330792978341947,-0.21106899324568335,0,0.005456900000000001,1,Shared Control,0.01,Good Visuals,-0.08953634325736304,0.09925516686072357,0.0,5.281463867898588,0.9960613445078638,-1.393964540940413,-0.16549294415726504,0.016170436432971527,0.0765171946885268,-0.0007817444173902441,28.941999801899136,1.0108763430312027,1.058276743102864,-0.010879310186779956
6000,24.3331236,-0.2243097154663112,-0.1816895954454883,0.00899821431710826,0.02937939780019505,-0.09101177486632696,-0.23403867507657358,-0.20764922408494227,0,0.0034903000000000004,1,Shared Control,0.01,Good Visuals,-0.08139410323774979,0.09931669130634292,0.0,5.281411598982121,0.9960602789657578,-1.3931984795777608,-0.16472688279461264,0.02662263601996291,0.19238588680087443,-0.000824152823174146,28.941723256897134,1.01087931018678,1.0589284560477321,-0.010886053851106286
6001,24.3367997,-0.22509511362970866,-0.17864464503285735,0.008943561446864923,0.029004579052084922,-0.056219208209201246,-0.2347952865635393,-0.203977058930077,0,0.0036761000000000003,1,Shared Control,0.01,Good Visuals,-0.07678576247196434,0.09938705176228992,0.0,5.281290648866723,0.9960577661100842,-1.3923018823516133,-0.16383028556846518,0.031245183672488065,0.25055113207977253,-0.0008936728736405564,28.94107154395227,1.0108860538511062,1.0596616002392296,-0.010893766026193399
6002,24.3411942,-0.22572343216042665,-0.17640481750499243,0.009071854403112645,0.027572241425084576,-0.04018341841434056,-0.2356818525792017,-0.19949546112045077,0,0.0043945,1,Shared Control,0.01,Good Visuals,-0.0761224747214339,0.09946648451266613,0.0,5.281153458801568,0.9960549401678752,-1.3911109907387373,-0.1626393939555893,0.02884443378783111,0.2704850578895024,-0.0008888742044587845,28.94033839976077,1.0108937660261934,1.060489118979107,-0.01090247261102585
6003,24.3446789,-0.22650883032382407,-0.1767170735835814,0.009173022255377639,0.022778387536869366,-0.03923137298743096,-0.23637073997791722,-0.19587288110956705,0,0.0034847000000000003,1,Shared Control,0.01,Good Visuals,-0.07537182968469355,0.09952986113285812,0.0,5.2809985941364115,0.9960517504630556,-1.390097481210969,-0.16162588442782086,0.02785962158750269,0.2826847203214315,-0.0009023454654883659,28.939510881020894,1.0109024726110258,1.0611403066915581,-0.01090941929129919
6004,24.3483273,-0.22682298958918304,-0.17454733235090666,0.009547750388734177,0.021325548758660384,-0.02682904906310494,-0.2370783480788051,-0.19201703555789684,0,0.0036484000000000004,1,Shared Control,0.01,Good Visuals,-0.07112998755009073,0.0996008378710602,0.0,5.280875875107257,0.9960492411116149,-1.3889080180098565,-0.16043642122670831,0.03237606489375896,0.3481831277772217,-0.0009129896312463534,28.93885969330844,1.0109094192912993,1.0618796506121193,-0.010917199016782193
6005,24.3518343,-0.2276083877525805,-0.16856118248814755,0.009469960326224602,0.02345585306974929,0.001023157527600703,-0.23774516591261188,-0.18825170075965517,0,0.003507,1,Shared Control,0.01,Good Visuals,-0.07166039944271052,0.09967302658844834,0.0,5.280737504305248,0.9960463912822312,-1.3877115546238405,-0.15923995784069225,0.030236283726584486,0.3347499820983881,-0.0009509639385016647,28.93812034938788,1.0109171990167822,1.062628891575768,-0.010925111586709696
6006,24.355507000000003,-0.22807962665061898,-0.16532669116566318,0.0096655392619929,0.02292500959399199,0.017367365714347445,-0.23842922522960452,-0.1842485744786419,0,0.0036727,1,Shared Control,0.01,Good Visuals,-0.07337009438838646,0.09973124975606963,0.0,5.280597024315455,0.9960435035070391,-1.3865543679036647,-0.1580827711205163,0.02452219979211906,0.32287575897766174,-0.0009438996073873357,28.93737110842423,1.0109251115867097,1.063227403564233,-0.010931493399572877
6007,24.359339700000003,-0.22855086554865744,-0.16019549622641924,0.00987835968094708,0.024053078252222665,0.04725603701520477,-0.239127288486268,-0.1800079852736841,0,0.0038327,1,Shared Control,0.01,Good Visuals,-0.07387298192577578,0.09978795765431733,0.0,5.280484258809897,0.9960411971167711,-1.3853331965853208,-0.15686159980217249,0.02176991752874147,0.31698975141309416,-0.0009639563101649109,28.936772596435766,1.0109314933995728,1.0638151157176423,-0.010937709124502773
6008,24.362859,-0.22917918407937538,-0.15205425082764285,0.009948104406892616,0.027953734446041267,0.08819705732993646,-0.23975385762909535,-0.17605945829233743,0,0.0035193000000000004,1,Shared Control,0.01,Good Visuals,-0.07611923583917213,0.09982676738819438,0.0,5.28037398421836,0.996038931978851,-1.3843000438135167,-0.1558284470303683,0.015674890756359937,0.2883485268780903,-0.0009857413375364628,28.93618488428236,1.0109377091245029,1.0642107143776556,-0.010941963040409309
6009,24.3663598,-0.22949334334473437,-0.14579846999607549,0.010260514284360978,0.030260988296261948,0.12265741454301982,-0.2403632581061327,-0.172081643630412,0,0.0035008,1,Shared Control,0.01,Good Visuals,-0.08037193223777332,0.09984017492105755,0.0,5.2802991297548765,0.9960374077779304,-1.3834749005702887,-0.15500330378714028,0.005658802517592405,0.24230435285957874,-0.0009930871045803406,28.935789285622345,1.0109419630404093,1.0643400380287371,-0.010943432633514346
6010,24.3698543,-0.23012166187545233,-0.1400076940995939,0.010241596230680383,0.0320739495308181,0.1637815883394621,-0.24095758959274655,-0.1680630427606903,0,0.0034945,1,Shared Control,0.01,Good Visuals,-0.08431938759181076,0.0998325896076417,0.0,5.280273952353525,0.99603691007248,-1.3827859572791015,-0.15431436049595312,-0.00295731647209305,0.19272219178335748,-0.0010244115409306096,28.93565996197126,1.0109434326335143,1.0642533909502272,-0.010942601211028998
6011,24.374195200000003,-0.23090706003884978,-0.14296952621323622,0.010050529553896764,0.025093516547454092,0.1750417146232719,-0.2416761859508753,-0.16300713616873505,0,0.0043409,1,Shared Control,0.01,Good Visuals,-0.08602544083740632,0.09980561743580514,0.0,5.2802894494354815,0.9960372446327669,-1.3820415339570573,-0.15356993717390893,-0.00938022947463923,0.18539207103755584,-0.0010224450734246848,28.935746609049772,1.010942601211029,1.063966258753094,-0.010939644804495193
6012,24.377283700000003,-0.23106413967152928,-0.1469596410720376,0.010612046279346032,0.01604749509669745,0.19463563380311064,-0.24217402324896697,-0.15936854837764952,0,0.0030885,1,Shared Control,0.01,Good Visuals,-0.07806434427726625,0.09980447137903703,0.0,5.2803426056635026,0.9960383518618791,-1.3809846040246134,-0.15251300724146508,-0.00047685690871516193,0.3091704008786794,-0.0010030993076834737,28.936033741246906,1.0109396448044952,1.0639645374241546,-0.010939519185774613
6013,24.3808016,-0.2318495378349267,-0.14322454367146364,0.010324485414040269,0.016144004706185877,0.24354788855065096,-0.2427273176978726,-0.15518398578950746,0,0.0035179,1,Shared Control,0.01,Good Visuals,-0.07201917439786543,0.09982108856148077,0.0,5.280343890430621,0.9960383577274357,-1.3796167294740647,-0.15114513269091634,0.0062841849476350225,0.38412652360256744,-0.0010591296691600076,28.936035462575845,1.0109395191857746,1.0641435999650968,-0.010941340586996872
6014,24.384425,-0.2320066174676062,-0.13896894309367314,0.010720700230266389,0.01621504269583432,0.28407900400075775,-0.24328173814894596,-0.15083116322928758,0,0.0036234,1,Shared Control,0.01,Good Visuals,-0.07059653007119572,0.09982995076884398,0.0,5.280310940464989,0.996037667073172,-1.3781865363447172,-0.14971493956156887,0.003561714906327542,0.4152588860217396,-0.00103060137286663,28.935856400034904,1.010941340586997,1.064232381532126,-0.010942311969201883
6015,24.3878388,-0.23279201563100366,-0.13538210827924227,0.010489722517942307,0.01544905495004531,0.32502029994344567,-0.243789591027293,-0.14669221979144262,0,0.0034138000000000003,1,Shared Control,0.01,Good Visuals,-0.07275923676747156,0.09982247957834682,0.0,5.280293991812625,0.9960373251265561,-1.3768158364665914,-0.14834423968344312,-0.0027513644005025123,0.3786672960179369,-0.001070246976195028,28.935767618467874,1.0109423119692018,1.064148605759936,-0.010941493055673714
6016,24.391576,-0.23326325452904212,-0.1370230613915381,0.010526336498250882,0.00966915839990451,0.34338789075111315,-0.24432928021298267,-0.14212102999763548,0,0.0037372000000000004,1,Shared Control,0.01,Good Visuals,-0.07077681773721432,0.09980835638661127,0.0,5.280309110045573,0.9960376484924238,-1.3749917436293826,-0.14652014684623435,-0.004419911870092869,0.41902343958669025,-0.0010471101118298208,28.935851394240064,1.0109414930556737,1.0639996549783943,-0.010939945019550475
6017,24.395653300000003,-0.2335774137944011,-0.1358179703897961,0.010751866418581557,0.00630305960783939,0.3669778933922458,-0.2448985063143428,-0.13708848358032216,0,0.0040773,1,Shared Control,0.01,Good Visuals,-0.06521345347519357,0.09981101731839755,0.0,5.280336813869131,0.9960382227682055,-1.3732180837424939,-0.14474648695934567,0.0009969350085215723,0.4895420736078722,-0.0010506163446628177,28.936000345021604,1.0109399450195504,1.0640338175302615,-0.010940236682979235
6018,24.399348800000002,-0.23404865269243957,-0.12700314247803607,0.010849853621903216,0.010085341102286094,0.40769974184024355,-0.24539662832756304,-0.13248860305465787,0,0.0036955000000000004,1,Shared Control,0.01,Good Visuals,-0.06305150130953868,0.09981454415284659,0.0,5.280331027427998,0.996038090601747,-1.3714722070933212,-0.14300061031017297,0.0013754585563790702,0.5123779565571076,-0.0010731547253101407,28.935966182469738,1.0109402366829792,1.064070612182156,-0.010940623257574413
6019,24.403102800000003,-0.23451989159047806,-0.12251430622715527,0.010876736737084974,0.009974296827502602,0.4220704163201608,-0.24588516438669136,-0.12778058328900055,0,0.0037540000000000004,1,Shared Control,0.01,Good Visuals,-0.06733612653028644,0.09979005640730788,0.0,5.280324146535553,0.9960379487707789,-1.3698373946817382,-0.14136579789859,-0.009040547108783725,0.4582900907106326,-0.001082973193395381,28.935929387817843,1.0109406232575744,1.0638057442210789,-0.0109379391677893
6020,24.407569600000002,-0.2353052897538755,-0.12318456978535912,0.010579874632815872,0.00459601350364143,0.4361864314497486,-0.24644334335938592,-0.12213526172321457,0,0.0044668,1,Shared Control,0.01,Good Visuals,-0.06183386216035742,0.09974253221243909,0.0,5.280436867631598,0.9960402932052578,-1.3663603276700693,-0.1378887308869212,-0.005782832039488424,0.5365341462831317,-0.001086759025841575,28.93653739224567,1.0109343449110912,1.0633168614631408,-0.010932730064085107
6021,24.413253700000002,-0.235462369386555,-0.11431658489119151,0.010980973972830932,0.007818676832023058,0.48007868465706977,-0.24711700944116893,-0.1148888580250796,0,0.0056841,1,Shared Control,0.01,Good Visuals,-0.06044447356473779,0.09972959731263878,0.0,5.280464871900253,0.996040854409583,-1.3645090840798935,-0.13603748729674525,-0.00510609881559697,0.5411410669909238,-0.0010552634863672044,28.93668313853686,1.0109327300640851,1.0631832631764349,-0.010931312276058414
6022,24.4168033,-0.23609068791727295,-0.10418110293964031,0.011026321523895988,0.010707755085439294,0.5207145702769795,-0.2475167368927446,-0.11033113167608787,0,0.0035496000000000004,1,Shared Control,0.01,Good Visuals,-0.06577264864183852,0.09968310959066205,0.0,5.2804899827234495,0.996041369284067,-1.362845063880748,-0.13437346709759992,-0.0168884217516946,0.4645894963691377,-0.001095128112410996,28.936816736823566,1.0109313122760584,1.0626880456180934,-0.010926216779639862
6023,24.420368500000002,-0.23624776754995244,-0.10172905464413773,0.011268969342792146,0.008602077031950137,0.5365156364017227,-0.2479018947800744,-0.10573042130616399,0,0.0035652,1,Shared Control,0.01,Good Visuals,-0.06889077837985762,0.09961213861841949,0.0,5.280581630802656,0.9960432789457064,-1.3613305062952417,-0.1328589095120934,-0.0267188982455016,0.4399969744659038,-0.0010991380168483996,28.937311954381908,1.0109262167796398,1.061942636946923,-0.010918437686160853
6024,24.4247672,-0.2368760860806704,-0.09975758834734096,0.011025808699404005,0.005972832958823032,0.5708020618950853,-0.24835443444844774,-0.10002513242952007,0,0.0043987,1,Shared Control,0.01,Good Visuals,-0.0680763438237179,0.09950250052503293,0.0,5.280720559385786,0.9960461526121499,-1.3591001970350614,-0.13062860025191306,-0.02787858274036474,0.4472694796310722,-0.0011225261362609307,28.938057363053076,1.0109184376861609,1.060790548076407,-0.010906420308487073
6025,24.4287284,-0.2371902453460294,-0.0980228516427171,0.011164189102418343,0.002002280786802979,0.6152804463891353,-0.24874043625961387,-0.09486252830973141,0,0.003961200000000001,1,Shared Control,0.01,Good Visuals,-0.06417582544534932,0.09942906072167183,0.0,5.2809352325534205,0.9960505941296265,-1.3573034079483004,-0.12883181116515208,-0.026578065077079053,0.5017982759686586,-0.0010970955359013597,28.939209451923592,1.010906420308487,1.0600429979255344,-0.01089837060763933
6026,24.432413500000003,-0.23750440461138833,-0.09736838675203428,0.011236031648225536,-0.0025058584423028746,0.6575745263977676,-0.24908113538551022,-0.09004093155465476,0,0.0036851,1,Shared Control,0.01,Good Visuals,-0.06095331861005757,0.0993579238175733,0.0,5.281076783545247,0.9960534742740133,-1.355427808413904,-0.12695621163075566,-0.026523309362893762,0.5464396732305191,-0.0011100448361725803,28.939957002074465,1.0108983706076393,1.0593056464938262,-0.010890573326450926
6027,24.4358535,-0.23781856387674732,-0.09502974000306617,0.011262571508762892,-0.0049888084484114165,0.7027262234834163,-0.2493831133210879,-0.0855254251646721,0,0.0034400000000000003,1,Shared Control,0.01,Good Visuals,-0.056843924174391734,0.09928786311362586,0.0,5.281215126567624,0.9960563161403988,-1.3532833295051634,-0.124811732722015,-0.024959621954448945,0.600812178505773,-0.0011163887765162355,28.940694353506174,1.0108905733264508,1.0585792088821833,-0.01088289400703355
6028,24.440842900000003,-0.23844688240746528,-0.08415166599380272,0.010936230913622613,0.0013737591708693764,0.7963228704944733,-0.2497934509529049,-0.07895436135964759,0,0.004989400000000001,1,Shared Control,0.01,Good Visuals,-0.056344645060526596,0.09912337344064856,0.0,5.2814941814761545,0.9960620529973152,-1.3490107105379996,-0.12053911375485109,-0.03327494886030978,0.5930788178867754,-0.001131786846034303,28.942182798297374,1.0108748568669077,1.0568644833124008,-0.010864864374607933
6029,24.4462286,-0.23876104167282428,-0.08693736606978125,0.011032409280080618,-0.007983004710133662,0.8050805001206863,-0.2501995205331684,-0.07183744174438952,0,0.0053857,1,Shared Control,0.01,Good Visuals,-0.05912994117044056,0.09901659867809383,0.0,5.28167219597563,0.9960657254974931,-1.3471417830874184,-0.11867018630426984,-0.0406581488338712,0.5447338746629866,-0.0010840361008841795,28.943135516687597,1.0108648643746079,1.0557507191701097,-0.010853160845223083
6030,24.449769800000002,-0.23891812130550374,-0.0892227740676643,0.011281399227664662,-0.01738533232327477,0.822167876053874,-0.25044560890267736,-0.06714718941577288,0,0.0035412000000000004,1,Shared Control,0.01,Good Visuals,-0.050320235774743295,0.09893144792228868,0.0,5.281880498242051,0.9960700186291152,-1.3447654392041448,-0.11629384242099629,-0.030975194143878917,0.6674560804633185,-0.0010923916421382207,28.94424928082989,1.0108531608452231,1.0548756022751717,-0.010843827512618415
6031,24.453414300000002,-0.23923228057086274,-0.08438329591280694,0.011213328331814626,-0.017236106497034054,0.8594994013243836,-0.2506815200865034,-0.06231328401364836,0,0.0036445,1,Shared Control,0.01,Good Visuals,-0.042271795967902426,0.09886956816454755,0.0,5.282045399185758,0.9960733908881387,-1.3421141248104962,-0.11364252802734767,-0.02279578473885684,0.7709774618769438,-0.0011160851601822543,28.94512439772483,1.0108438275126184,1.0542422867951062,-0.010837044902704583
6032,24.457671400000002,-0.23954643983622173,-0.0802387704289214,0.011135080250281676,-0.017925486415273043,0.8800064290503995,-0.2509347636353719,-0.05666045940788372,0,0.004257100000000001,1,Shared Control,0.01,Good Visuals,-0.04206218121866248,0.09878590441256575,0.0,5.282164988936341,0.9960758311658722,-1.3390664126916305,-0.11059481590848204,-0.026773173375019485,0.7652184691336835,-0.0011086569298537983,28.945757713204895,1.0108370449027047,1.0533655462875422,-0.010827874559860095
6033,24.460720700000003,-0.2397035194689012,-0.0766385087811653,0.011231244166470727,-0.01997804937328157,0.8976256893269609,-0.25110136124700444,-0.05260868216388906,0,0.0030493,1,Shared Control,0.01,Good Visuals,-0.04096394829690006,0.09870599526527676,0.0,5.282328581325777,0.996079210955518,-1.3363185280687786,-0.10784693128563005,-0.02862061298227353,0.7667944588826816,-0.0010999889732305743,28.94663445371246,1.01082787455986,1.0525378733772655,-0.010819115757395555
6034,24.464335300000002,-0.2400176787342602,-0.07188593316878278,0.011083682512744247,-0.01927725100489372,0.9186399725025968,-0.2512828380098563,-0.04780438997149031,0,0.0036146000000000004,1,Shared Control,0.01,Good Visuals,-0.03942908342671296,0.09862599555489811,0.0,5.282483928917297,0.9960824008688534,-1.3336547739632838,-0.10518317718013517,-0.029680493813126034,0.7765594150471926,-0.001108591133518827,28.947462126622735,1.0108191157573956,1.051707559983631,-0.01081034702835515
6035,24.4678162,-0.24033183799961916,-0.07177698697396906,0.010951000010237133,-0.02397259700247875,0.9182791023486268,-0.2514411878834618,-0.043177898747437216,0,0.0034809000000000003,1,Shared Control,0.01,Good Visuals,-0.03934930812180508,0.09853505688356354,0.0,5.282639610881526,0.9960856010837859,-1.3309137215985327,-0.102442124815384,-0.03285106523322631,0.7678663094240883,-0.0010931392222338161,28.94829244001637,1.0108103470283551,1.0507595465422015,-0.010800379285166417
6036,24.4714229,-0.24048891763229863,-0.07348021135511781,0.010952270251163188,-0.030302312607680598,0.9148548861275261,-0.25158827523256944,-0.03838592219038517,0,0.0036067,1,Shared Control,0.01,Good Visuals,-0.03397328237116192,0.09846244026575647,0.0,5.282816967551639,0.9960892552487294,-1.3280390850934753,-0.09956748831032654,-0.02741247259843271,0.8312762803439642,-0.0010790574089406208,28.949240453457797,1.0108003792851665,1.050012952348044,-0.010792419813283745
6037,24.475084300000002,-0.24064599726497812,-0.06874762763361125,0.010942277967591313,-0.030361705443226084,0.9347468219858017,-0.2517199207357982,-0.033524725744300404,0,0.0036614000000000004,1,Shared Control,0.01,Good Visuals,-0.027676484437346167,0.09839231400433138,0.0,5.282957623230039,0.9960921322573044,-1.3239414625527763,-0.09546986576962743,-0.020101627554970684,0.8995680754975973,-0.001078387255379577,28.949987047651955,1.0107924198132838,1.0492858981279793,-0.010784733308143378
6038,24.4793163,-0.24096015653033712,-0.06213142008019018,0.01075976420546107,-0.028606694335889776,0.9499085304545946,-0.2518499190125796,-0.027912499997895746,0,0.0042320000000000005,1,Shared Control,0.01,Good Visuals,-0.027565942289338296,0.09833128293311694,0.0,5.283094018722639,0.9960949344231039,-1.3209501141890931,-0.09247851740594423,-0.023225180135243457,0.8710212746944646,-0.0010766360497099215,28.95071410187202,1.0107847333081434,1.0486558666378198,-0.01077804372234373
6039,24.482901100000003,-0.2411172361630166,-0.06026370530593957,0.010732682849562969,-0.03235120530804383,0.9436667794677878,-0.2519414696185323,-0.023165870249724912,0,0.0035848000000000004,1,Shared Control,0.01,Good Visuals,-0.02835106765811803,0.0982564077159269,0.0,5.283212470913492,0.9960973624454323,-1.3179024348098316,-0.08943083802668263,-0.027801546840019408,0.8515211587442678,-0.0010580214183808167,28.95134413336218,1.0107780437223437,1.0478732788411298,-0.010769836686489809
6040,24.486375700000004,-0.24127431579569608,-0.058441010318962275,0.010667153822836228,-0.03527514006923736,0.9431889168400761,-0.25201398027473176,-0.01857310907531859,0,0.0034746000000000004,1,Shared Control,0.01,Good Visuals,-0.024479565311134932,0.09819414532532146,0.0,5.283358688406812,0.9961003791103232,-1.314872775205566,-0.0864011784224171,-0.02440883232088008,0.8912860685648163,-0.0010545548619523952,28.95212672115887,1.01076983668649,1.0472318718866072,-0.010763012136375278
6041,24.4907949,-0.24127431579569608,-0.03741581418892538,0.010739664479035682,-0.018842705113606792,0.9954099583223596,-0.25208317536454977,-0.012745276795983834,0,0.0044192,1,Shared Control,0.01,Good Visuals,-0.02432923221450143,0.09806282534503924,0.0,5.283607231775593,0.9961054814784075,-1.3086517416005188,-0.0801801448173699,-0.029421453122161777,0.8501892591974055,-0.0010538675159837301,28.95345062868805,1.010755820358119,1.0458672240374445,-0.010748618217706875
6042,24.4966228,-0.24143139542837558,-0.020174973001333134,0.010651779936174194,-0.0074296962053493,1.0169390304531853,-0.2521351219930466,-0.005087264752008658,0,0.0058279000000000004,1,Shared Control,0.01,Good Visuals,-0.04395729323371443,0.09777686703117516,0.0,5.283967041872254,0.9961129191525359,-1.304727191116041,-0.07625559433289199,-0.0641588516079886,0.5628556112867191,-0.0010432845418407695,28.95537999124927,1.0107356618255294,1.0428598014269428,-0.010717274467095066
6043,24.5032187,-0.24174555469373457,-0.022275025993950863,0.010389567299312036,-0.017187761241942205,0.9991644274302626,-0.2521402132172073,0.003534848621640302,0,0.0065959,1,Shared Control,0.01,Good Visuals,-0.048886283569216156,0.09759305132285648,0.0,5.284295272423988,0.9961197047439547,-1.3030987923918398,-0.07462719560869091,-0.07132821988947645,0.47107114215490387,-0.0010414976704646436,28.957140198573057,1.0107172744670951,1.04094540312011,-0.010697126517408903
6044,24.507701,-0.24174555469373457,-0.02939253600890996,0.010394658523472738,-0.03292738463055026,0.9647494967513834,-0.252111298191864,0.009362458131184054,0,0.004482300000000001,1,Shared Control,0.01,Good Visuals,-0.03778406973533788,0.0974242201126106,0.0,5.284653598594479,0.9961270836734245,-1.3005310646427923,-0.07205946785964353,-0.05816990155459189,0.6431539297283316,-0.0010139495746640309,28.95905459687989,1.010697126517409,1.0391979894812868,-0.010678621011211408
6045,24.510757,-0.24190263432641407,-0.033491011833631436,0.01020866386544994,-0.04285346996481549,0.9362023775702909,-0.2520766368364503,0.01331938015358422,0,0.003056,1,Shared Control,0.01,Good Visuals,-0.022135498700748435,0.09732712742040499,0.0,5.284981700029723,0.9961338181542307,-1.2974585217373251,-0.06898692495417627,-0.037328986356970455,0.858515998062882,-0.001012691499986232,28.960802010518712,1.0106786210112113,1.0382167443985106,-0.010667978728811575
6046,24.5145042,-0.24190263432641407,-0.0320675761652085,0.01017400251003625,-0.04538695631879272,0.9169422985509589,-0.25201766548714755,0.018151825908669705,0,0.0037472000000000004,1,Shared Control,0.01,Good Visuals,-0.01126655286761459,0.09727090681735617,0.0,5.285168188446891,0.9961375980908271,-1.2940352856247437,-0.0655636888415948,-0.022934591778973102,0.9959953775331571,-0.0009935799288247305,28.96178325560149,1.0106679787288115,1.037647834058016,-0.010661816416069569
6047,24.5179948,-0.24190263432641407,-0.02578811534657138,0.010115031160733479,-0.04393994125524109,0.9083969064063946,-0.2519464780698102,0.02263283951857628,0,0.0034906000000000004,1,Shared Control,0.01,Good Visuals,-0.00856066061689767,0.09722069447136,0.0,5.285276240700727,0.9961397896934172,-1.2904491338437463,-0.06197753706059729,-0.019829830763025323,1.0064413395255702,-0.000989634450113284,28.962352165941983,1.0106618164160697,1.0371283166213006,-0.010656312665437978
6048,24.5214405,-0.24190263432641407,-0.01623776635031177,0.01004384374339612,-0.03887060586888805,0.9092091701230697,-0.2518609007476896,0.027035603880591313,0,0.0034457000000000003,1,Shared Control,0.01,Good Visuals,-0.009691308917543495,0.09716369298870126,0.0,5.285373805099661,0.9961417918815078,-1.2871087216488657,-0.05863712486571662,-0.0234011092686948,0.9690218713392516,-0.0009833903540459555,28.9628716833787,1.010656312665438,1.036533658693657,-0.010650064760864698
6049,24.525407,-0.24190263432641407,-0.007914075116251326,0.009958266421275508,-0.03494967899684264,0.9065166818458735,-0.2517436559356879,0.03207699680666304,0,0.0039665,1,Shared Control,0.01,Good Visuals,-0.014365861530485441,0.09707213091811669,0.0,5.285485016015214,0.9961440840165777,-1.283555600932147,-0.055084004148997945,-0.03254862773675556,0.886595647449516,-0.0009758969499098285,28.963466341306344,1.0106500647608647,1.0355695854817297,-0.01064002868718975
6050,24.5288037,-0.24190263432641407,-0.0023426576545902507,0.009841021609273859,-0.034419654461253286,0.9006276044741736,-0.2516274022993768,0.036370139775692645,0,0.0033967000000000003,1,Shared Control,0.01,Good Visuals,-0.01782100922791001,0.09697364415849566,0.0,5.285664479126931,0.9961478007238234,-1.2806437663862513,-0.05217216960310227,-0.039714668296266666,0.8174259013799556,-0.0009666701417635414,28.96443041451827,1.0106400286871897,1.034544180341489,-0.010629233601743856
6051,24.5326899,-0.24190263432641407,0.0005893308321193165,0.009724767972962733,-0.03578080894357333,0.8918359787806559,-0.2514765619526951,0.04125336624802711,0,0.0038862000000000002,1,Shared Control,0.01,Good Visuals,-0.017731028312175892,0.09687494510007855,0.0,5.285856439293879,0.9961517530349457,-1.2778762798441876,-0.04940468306103851,-0.04187881182652162,0.8078837406771819,-0.0009543197276937895,28.965455819658512,1.010629233601744,1.0335188597151255,-0.010618415246330988
6052,24.535805800000002,-0.24190263432641407,0.0016406464742651189,0.009573927626281009,-0.039612719773762,0.8804218130216787,-0.2513419511788504,0.04514564316785877,0,0.0031159,1,Shared Control,0.01,Good Visuals,-0.01576233917818564,0.09677571936788494,0.0,5.286048600267533,0.9961557048481018,-1.274936226003424,-0.04646462922027489,-0.040778708262170116,0.8213817513448118,-0.0009420863634917669,28.966481140284873,1.010618415246331,1.032487851668155,-0.010607539162463642
6053,24.5408265,-0.24190263432641407,0.0011880257987623597,0.009439316852436319,-0.04395761736909641,0.8507765828883884,-0.25109963389246237,0.05137216321248547,0,0.0050207,1,Shared Control,0.01,Good Visuals,-0.006553344493418448,0.09662085911381914,0.0,5.286407885511172,0.9961630837311658,-1.268707722140367,-0.04023612535721808,-0.030644629284460857,0.9138551800001123,-0.0009126891895468592,28.96839572928576,1.0105981625840965,1.0308901334642073,-0.010590565005924774
6054,24.546285100000002,-0.24174555469373457,0.0037664683213907584,0.0093540791987278,-0.047605694891094716,0.8455934474550996,-0.2508008864983939,0.05807534616395546,0,0.0054586,1,Shared Control,0.01,Good Visuals,-0.00611227105681153,0.09655483248532998,0.0,5.286542286932533,0.9961658357336961,-1.2656912648193859,-0.03721966803623687,-0.02912658231491014,0.8774638045731753,-0.0009120349037299483,28.969109866535792,1.0105905650059248,1.030205245559038,-0.010583327859540961
6055,24.5498243,-0.24174555469373457,0.00997908021984768,0.009055331804659311,-0.04809626594410778,0.8507027080941612,-0.25058771462460894,0.0623827701502702,0,0.0035392,1,Shared Control,0.01,Good Visuals,-0.0020286443238926033,0.09649410069578686,0.0,5.2866707424016495,0.9961684753603015,-1.2623869998986603,-0.03391540311551135,-0.02598786096585736,0.9236498352785609,-0.0009031815500876723,28.96979475444096,1.0105833278595409,1.0295761893946387,-0.010576671077858604
6056,24.553406000000003,-0.24143139542837558,0.019137725190468954,0.009156319196233359,-0.04324504495980125,0.86602633552526,-0.2503565195790059,0.06670967931316038,0,0.0035817,1,Shared Control,0.01,Good Visuals,3.847364242769852e-05,0.09643565750416333,0.0,5.286788812367067,0.996170899737839,-1.2591476079075037,-0.030676011124354773,-0.027058487174169747,0.9484108183500921,-0.0008737860989925569,28.97042381060536,1.0105766710778585,1.0289697464508063,-0.01057026514827239
6057,24.5576821,-0.24143139542837558,0.030163437596317573,0.00892512415063032,-0.03654624171684281,0.8939152286723289,-0.2500602941488805,0.07183158056498785,0,0.0042761000000000006,1,Shared Control,0.01,Good Visuals,-0.005329010741675591,0.09633919792403353,0.0,5.286902534508995,0.9961732370427371,-1.255735710020792,-0.027264113237643127,-0.03760926000122147,0.8509746811771448,-0.0008829956620067563,28.971030253549195,1.0105702651482724,1.0279531404109192,-0.010559692260976847
6058,24.560746100000003,-0.24127431579569608,0.03574282272854878,0.008785978353184398,-0.03608875783643908,0.9097492350022456,-0.24983461946792754,0.07547137924077325,0,0.0030640000000000003,1,Shared Control,0.01,Good Visuals,-0.010781418561609198,0.09622831922120799,0.0,5.2870916877329694,0.9961771563064644,-1.253013426715534,-0.024541829932385184,-0.04968705403371988,0.7610733610830442,-0.0008598393020441461,28.97204685958908,1.0105596922609767,1.0267957827780658,-0.01054753890071058
6059,24.5644664,-0.24127431579569608,0.03432643355556878,0.008560303672231456,-0.04114494568520447,0.9102118227244186,-0.24954567542542758,0.07985589320354766,0,0.0037203,1,Shared Control,0.01,Good Visuals,-0.01050321714143565,0.09611705759858641,0.0,5.287308074882772,0.9961816173900429,-1.2504208289579801,-0.021949232174831308,-0.052891112362911115,0.7569407484610309,-0.0008454599296408515,28.973204217221934,1.0105475389007106,1.025639478311367,-0.010535343568793168
6060,24.567822200000002,-0.24127431579569608,0.02744204959039885,0.008271359629731495,-0.05241384361314881,0.8945691689117539,-0.24927110647050923,0.0837771685557457,0,0.0033558000000000004,1,Shared Control,0.01,Good Visuals,-0.004274795544444231,0.09601845730301782,0.0,5.287524740520053,0.996186074042707,-1.2474507706298088,-0.018979173846659928,-0.046008153960980985,0.8289768695353861,-0.0008227912011252616,28.974360521688634,1.0105353435687932,1.0246194812154017,-0.010524536038727715
6061,24.5714702,-0.2411172361630166,0.020289761079029023,0.008153870307492622,-0.06348740747671668,0.8774166635657445,-0.24895776797500593,0.08800277092889301,0,0.003648,1,Shared Control,0.01,Good Visuals,0.008477543896471283,0.09596077196295426,0.0,5.287716311695864,0.9961900049895683,-1.244068243413917,-0.015596646630768126,-0.029174387947119445,0.9877145406446892,-0.0007942031914452788,28.975380518784597,1.0105245360387276,1.024035148138607,-0.010518213176879504
6062,24.575467900000003,-0.24096015653033712,0.020370138239059993,0.007997611444668817,-0.06763263268983302,0.8813380248578243,-0.24859677811247016,0.0925879902819696,0,0.0039977,1,Shared Control,0.01,Good Visuals,0.020129406187951886,0.09592626298964498,0.0,5.287827236643728,0.9961922560338696,-1.2389585966656136,-0.010486999882464841,-0.013288678818633107,1.118476216684897,-0.0007824516891928033,28.97596485186139,1.0105182131768795,1.0236848602233466,-0.010514430665230657
6063,24.5794016,-0.24064599726497812,0.02887175878641056,0.00795078084749204,-0.06371623149555904,0.9056125532825046,-0.24822376846016825,0.09705231341825543,0,0.0039337,1,Shared Control,0.01,Good Visuals,0.025084677337967883,0.09590994793291562,0.0,5.287893662277902,0.996193605512589,-1.2350820081854528,-0.006610411402303947,-0.008609880581287487,1.140005434542242,-0.0007671809787302955,28.976315139776652,1.0105144306652307,1.0235219297602307,-0.010512642379859855
6064,24.582887200000002,-0.24064599726497812,0.03937428298858997,0.007577771195190125,-0.05767803042966546,0.9299971909438997,-0.24787864779705254,0.10096786746454865,0,0.0034856,1,Shared Control,0.01,Good Visuals,0.021430610997400394,0.09587481469449068,0.0,5.287924818137847,0.9961942330009376,-1.2312599114530907,-0.0027883146699417935,-0.017616678720654286,1.0622541709130244,-0.0007625589771089842,28.976478070239768,1.0105126423798598,1.0231496042074317,-0.010508791442817682
6065,24.586387400000003,-0.24048891763229863,0.042421767119760014,0.007389730164753916,-0.05854610034478864,0.9291306781357439,-0.24751841518475218,0.10486104234321016,0,0.0035002,1,Shared Control,0.01,Good Visuals,0.01738739620109793,0.09582458669947475,0.0,5.287993903605136,0.9961956685439333,-1.227879789520569,0.0005918072625797632,-0.027833873925657313,0.9902217467471969,-0.0007265174091361024,28.976850395792567,1.0105087914428177,1.0226220119807334,-0.010503285976904706
6066,24.5908225,-0.24033183799961916,0.03310732776760067,0.00718657718513302,-0.07175371457560949,0.9070801444170811,-0.247042509162344,0.10973718550765621,0,0.0044351,1,Shared Control,0.01,Good Visuals,0.028993549992339725,0.09574613846097334,0.0,5.2882029171507146,0.9961999839432655,-1.2206314158764984,0.007840180906650486,-0.014972076931969398,1.0981992131296612,-0.0006731999760702135,28.97796990427515,1.0104970687930088,1.0218173404606588,-0.010494687303936266
6067,24.5966419,-0.2401747583669397,0.03264286647178172,0.006867750795404304,-0.07709431903587449,0.9189258296542865,-0.2463855199696563,0.1160367249948717,0,0.005819400000000001,1,Shared Control,0.01,Good Visuals,0.03347673428428874,0.09573464647093094,0.0,5.288244015929124,0.9962008030017592,-1.2172917309957214,0.011179865787427419,-0.007621544223096477,1.1084619073905315,-0.0006880870142282181,28.978182659539343,1.0104946873039362,1.0217014651688956,-0.010493427672540854
6068,24.599833,-0.2400176787342602,0.03720388565403132,0.0063678412353961045,-0.07883283934084039,0.9404334825451952,-0.24600979158065606,0.1194426859967296,0,0.0031911,1,Shared Control,0.01,Good Visuals,0.04048296346962971,0.09573283066582336,0.0,5.288266064651421,0.996201249351601,-1.2130216243853211,0.015449972397827593,-0.0010578556114055056,1.1888155601214327,-0.0006574816944484858,28.978298534831104,1.0104934276725408,1.0216861342334804,-0.010493228643033082
6069,24.603476800000003,-0.2397035194689012,0.044659022652654985,0.006306272111754857,-0.0747836633440746,0.9651383604652961,-0.24556754452321267,0.12328916266640307,0,0.0036438000000000004,1,Shared Control,0.01,Good Visuals,0.04485851854560931,0.09573287759572396,0.0,5.288269271918637,0.9962013081840844,-1.2087993630392695,0.019672233743879244,3.096537423706261e-05,1.2341102347212027,-0.0006096114666950227,28.97831386576652,1.010493228643033,1.0216872536563881,-0.010493233786996483
6070,24.607761800000002,-0.23954643983622173,0.05443540694789124,0.006021104686990936,-0.06885375571851182,0.9965134880458969,-0.24502966270972865,0.1277534869914504,0,0.004285000000000001,1,Shared Control,0.01,Good Visuals,0.037499998782041154,0.09569516647688732,0.0,5.2882988127770965,0.996201925931281,-1.2010515980094212,0.027419998773727722,-0.018097405423099754,1.0625561962275183,-0.0005763274981743483,28.9784740503419,1.0104915921338473,1.021286835423499,-0.010489100289746008
6071,24.6136708,-0.23938936020354223,0.046221315388069326,0.005640302506186412,-0.08153217160338107,0.9721426333877402,-0.24425683155636052,0.13380345151972634,0,0.005909,1,Shared Control,0.01,Good Visuals,0.036750638602500836,0.09567078787620485,0.0,5.288343348380109,0.9962028477323587,-1.1979985102019388,0.03047308658121006,-0.01922181124183298,1.0097859459177565,-0.0005761906153963642,28.9787131645765,1.010489100289746,1.0210328490516785,-0.010486428163275087
6072,24.616992900000003,-0.23891812130550374,0.046246742866468585,0.005338710250856776,-0.08755670865325775,0.9872254720951292,-0.24380675348416306,0.13714988928853178,0,0.0033221,1,Shared Control,0.01,Good Visuals,0.05139453701197737,0.09567157389260696,0.0,5.288390880660033,0.9962038266927418,-1.193721789676922,0.03474980710622682,0.0005597769677586039,1.1945479372707561,-0.0005396121846269868,28.97896715094832,1.010486428163275,1.021050407875199,-0.010486514318147632
6073,24.620433300000002,-0.23876104167282428,0.05813909796019501,0.005045711811338782,-0.07901079132833677,1.0319016351932815,-0.24332900166940355,0.14057331301633613,0,0.0034404,1,Shared Control,0.01,Good Visuals,0.058991148450230665,0.09568074150750093,0.0,5.288388477980508,0.9962037583386557,-1.1893647441226982,0.039106852660450706,0.0072283226305512056,1.2740271803923753,-0.0005107628122560623,28.978949592124803,1.0104865143181476,1.0211486662012237,-0.010487519175922385
6074,24.6246836,-0.23860396204014478,0.06456307388245731,0.00472503962925877,-0.07601023913387882,1.039828823101693,-0.24272263861111829,0.14474278983981692,0,0.0042503,1,Shared Control,0.01,Good Visuals,0.05202722460222381,0.09566727028053762,0.0,5.288370348340572,0.9962033794154703,-1.183646007363683,0.04482558941946588,-0.007703033974925521,1.1477875640284145,-0.00048277744754205034,28.978851333798776,1.0104875191759224,1.021000137519486,-0.010486042601338253
6075,24.628767600000003,-0.23844688240746528,0.0601057603778137,0.004275756203653003,-0.08463702946200322,1.0172782813941224,-0.2421234355221675,0.14868619952799594,0,0.004084,1,Shared Control,0.01,Good Visuals,0.05073381348965004,0.09565265956763899,0.0,5.288397373562756,0.9962039524916038,-1.179782048316246,0.04868954846690284,-0.012410705366701585,1.07931816967513,-0.00045203164329855005,28.978999862480514,1.0104860426013382,1.0208479785459514,-0.010484441128259303
6076,24.6324353,-0.23828980277478579,0.05319465575850973,0.0038336327473817156,-0.09549154376948621,0.9971649113916471,-0.24157168654245417,0.1521745983808943,0,0.0036677000000000003,1,Shared Control,0.01,Good Visuals,0.06170377325687629,0.09565454830809725,0.0,5.288425855158571,0.996204538965797,-1.175663959555058,0.052807637228090884,0.0018598303210224686,1.205035629773525,-0.0004089874525422412,28.97915202145405,1.0104844411282592,1.0208737654841382,-0.010484648152175112
6077,24.635911600000004,-0.23781856387674732,0.05398188069965029,0.0037531226657068484,-0.09819271768124402,1.0017106851908926,-0.24103700298926967,0.15543426391275572,0,0.0034763000000000003,1,Shared Control,0.01,Good Visuals,0.0748552335550098,0.09567303402975638,0.0,5.288421605232814,0.9962044391326434,-1.1707879897396216,0.05768360704352732,0.01931499356749801,1.3548123966202938,-0.0003667044088299279,28.97912623451586,1.0104846481521752,1.0210720098427346,-0.010486674363064852
6078,24.640827400000003,-0.23750440461138833,0.06192243364005529,0.0035325983778813352,-0.09351183027270044,0.9976044993033254,-0.24026174406941211,0.15996558676754957,0,0.0049158000000000006,1,Shared Control,0.01,Good Visuals,0.07754697890395487,0.09570672312168495,0.0,5.288345632584364,0.9962028628995295,-1.161503388933842,0.06696820784930706,0.01771181364907421,1.3089375963127412,-0.0003079828696246199,28.978717395849124,1.010488889238698,1.021420239309738,-0.010490367007917448
6079,24.6462305,-0.2371902453460294,0.06439906123025489,0.0030714987233827207,-0.09556652553729468,0.9963270686136918,-0.2393842159809587,0.16483970366866676,0,0.0054031,1,Shared Control,0.01,Good Visuals,0.07447519417377672,0.09571910619372533,0.0,5.288319608309187,0.9962023326047946,-1.1573877694669026,0.07108382731624653,0.014703048699614142,1.197898380807252,-0.00033809341485200234,28.978579760690263,1.0104903670079175,1.0215485996387397,-0.010491724310373868
6080,24.6498269,-0.2370331657133499,0.06955589524723194,0.0023510502676087897,-0.09528380842143483,1.0039869970618431,-0.23878564942556452,0.1680218349672207,0,0.0035964,1,Shared Control,0.01,Good Visuals,0.07896055542859479,0.09573290115713054,0.0,5.288295524883328,0.9962018379018233,-1.1529605855448313,0.0755110112383179,0.018078386613057173,1.236125623920526,-0.0002940011124773624,28.97845140036126,1.010491724310374,1.0216925339106637,-0.010493236369550709
6081,24.653368,-0.2368760860806704,0.06810372233836216,0.0019095633448941163,-0.09991811262885854,0.9824923366303533,-0.2381851918910583,0.17110624409663033,0,0.0035411,1,Shared Control,0.01,Good Visuals,0.08248886688202833,0.09574339433301915,0.0,5.288268608357269,0.9962012831084578,-1.148630909847937,0.07984068693521212,0.01883350962318069,1.2673952628342091,-0.00022507286288443756,28.978307466089337,1.0104932363695507,1.021800370976161,-0.010494386521416323
6082,24.6577853,-0.23624776754995244,0.06753496491981886,0.001937424341105859,-0.10357127917681147,0.9665013570914649,-0.23742098884718896,0.1748857220966666,0,0.0044173,1,Shared Control,0.01,Good Visuals,0.08944026539893828,0.09576016304361391,0.0,5.288248287178223,0.9962008675700706,-1.1425397209695745,0.08593187581357463,0.027636434508010805,1.3286194822585409,-0.00018282807633407643,28.978199629023838,1.0104943865214164,1.0219770452167367,-0.01049622453156494
6083,24.661319400000004,-0.23609068791727295,0.07377959725290453,0.0013303009299160118,-0.10110612484376208,0.9611158856112866,-0.23679766421790152,0.1778548937504643,0,0.0035341,1,Shared Control,0.01,Good Visuals,0.09293221037255552,0.09577483765889672,0.0,5.288215409301542,0.996200186457172,-1.1380963361605996,0.09037526062254947,0.03210676302119882,1.3044607958708387,-0.0001855280707889633,28.978022954783263,1.010496224531565,1.0221287641908505,-0.010497833008952896
6084,24.664792100000003,-0.23593360828459345,0.07488061121613916,0.0008640559333080722,-0.10297428253432513,0.9203096540200951,-0.23617503030822048,0.18072505373368358,0,0.0034727,1,Shared Control,0.01,Good Visuals,0.09368700134624548,0.09578481799958691,0.0,5.2881869058286775,0.9961996017578876,-1.1334846767547604,0.09498692002838872,0.03029173902395925,1.2902272908931127,-0.00012740935560018538,28.97787123580915,1.010497833008953,1.022230772004411,-0.010498926949203792
6085,24.668391800000002,-0.235462369386555,0.0734022930987635,0.0007126609216654978,-0.10732276063492008,0.8786220997543295,-0.23551919383300815,0.18365046940610544,0,0.0035997000000000004,1,Shared Control,0.01,Good Visuals,0.0980136261626865,0.09579230912115055,0.0,5.288167629724558,0.9961992087226539,-1.1289648083032529,0.09950678847989616,0.0363517986607907,1.3126941367063885,-8.27634403133769e-05,28.977769227995587,1.0104989269492037,1.0223077430288359,-0.010499748047366392
6086,24.6719042,-0.2353052897538755,0.07730779347767679,0.00021390407913265963,-0.10634267592842865,0.8633327608210434,-0.234869198546097,0.18645610277487817,0,0.0035124,1,Shared Control,0.01,Good Visuals,0.10314615731162942,0.09580032010678102,0.0,5.288153123687202,0.9961989121241192,-1.1240710328585195,0.10440056392462951,0.04434714549016337,1.3360749821812143,-6.826743530674542e-05,28.977692256971164,1.0104997480473663,1.0223912253783778,-0.010500626127574528
6087,24.675909500000003,-0.2349911304885165,0.07851253805933725,-0.00012193194241949534,-0.10794356471554092,0.8322244134850748,-0.23411607574866236,0.18959654934355388,0,0.0040053,1,Shared Control,0.01,Good Visuals,0.10480726967111045,0.09580292136948708,0.0,5.288137502338254,0.9961985903493182,-1.1189220971627478,0.10954949962040111,0.04505258350251997,1.3203414867224654,-2.0492079253055012e-05,28.977608774621622,1.0105006261275746,1.0224162423980232,-0.010500911250704653
6088,24.6794288,-0.23451989159047806,0.08086667382927798,-0.0004038158418157023,-0.1087298755142759,0.8103550824304374,-0.23344405001539714,0.19230412487270676,0,0.0035193000000000004,1,Shared Control,0.01,Good Visuals,0.10817800889728123,0.0958014900810553,0.0,5.2881326240605375,0.9961984940745223,-1.114408413471218,0.1140631833119309,0.049525789342466285,1.3177099584077132,1.1681436292043738e-05,28.977583757601977,1.0105009112507046,1.0223998957642317,-0.010500754367881235
6089,24.6831062,-0.23420573232511907,0.08991008897427183,-0.0007616823097219283,-0.10239403589843493,0.8146728460970685,-0.2327317477206442,0.19508157795401304,0,0.0036774000000000004,1,Shared Control,0.01,Good Visuals,0.11045197801810161,0.09579628751891527,0.0,5.288135547973671,0.9961985571844,-1.109705710732481,0.11876588605066778,0.05182155216906556,1.308632774581724,3.868615936428e-05,28.97760010423577,1.0105007543678812,1.0223444354877713,-0.010500184117595254
6090,24.686412400000002,-0.23404865269243957,0.0935555118357092,-0.001316904971795374,-0.10152606611830384,0.7934399989523977,-0.23208270387412278,0.19753356069707537,0,0.0033062,1,Shared Control,0.01,Good Visuals,0.10603269983746853,0.09578853479705443,0.0,5.288145808493507,0.9961987710406088,-1.1055680808489168,0.12290351593423199,0.04295713598331479,1.2096918148649909,7.296633754019331e-05,28.97765556451223,1.0105001841175953,1.022262920976122,-0.01049933434555231
6091,24.690800600000003,-0.23326325452904212,0.09027391763746029,-0.0011805506549193434,-0.10725964305961508,0.7300120983375975,-0.2312088636273861,0.20072212534009387,0,0.0043882,1,Shared Control,0.01,Good Visuals,0.11515727267344475,0.09575531815480029,0.0,5.288192878710432,0.996199747542136,-1.097020409885245,0.1314511868979037,0.055448053576877696,1.2535117242254596,0.0001431518259605723,28.97790884700449,1.0104975562553038,1.0219142640846604,-0.010495693485676943
6092,24.6966137,-0.23279201563100366,0.09870628169786227,-0.001583152003617555,-0.1020158436422316,0.7312091565329798,-0.23003004051436945,0.20483068821695022,0,0.005813100000000001,1,Shared Control,0.01,Good Visuals,0.11309512113131716,0.09574170729411126,0.0,5.288225998386913,0.9962004293280318,-1.093442998354115,0.13502859842903378,0.05429494808233353,1.1658882580921968,0.00011304400355965958,28.97808573591534,1.010495693485677,1.0217740458009297,-0.01049420160590858
6093,24.6998572,-0.23247785636564466,0.10938625452775616,-0.002447815851275209,-0.09544443368919406,0.7376708375126598,-0.22936203578765987,0.207066167067252,0,0.0032435000000000003,1,Shared Control,0.01,Good Visuals,0.11000038972322254,0.09572331237588662,0.0,5.288252388980018,0.9962009696688167,-1.0895231897176403,0.13894840706550834,0.04718017620818197,1.1026804986144296,0.00015157367573243773,28.978225954199072,1.0104942016059086,1.0215810232379376,-0.010492185347938785
6094,24.703391600000003,-0.2320066174676062,0.11585600572615398,-0.0026445816799463284,-0.09121016134109802,0.7344253275740106,-0.22862594384489757,0.20945587745533678,0,0.0035344,1,Shared Control,0.01,Good Visuals,0.1080266645377003,0.09570010331132162,0.0,5.288288382382427,0.9962017137512228,-1.0858683986633366,0.14260319811981206,0.03996061769703639,1.0684961421732853,0.00023431304137026365,28.97841897676206,1.0104921853479387,1.021337998841918,-0.010489641413748417
6095,24.7076728,-0.2318495378349267,0.11446766664523833,-0.003223593990029139,-0.09498821081009845,0.7153499857009312,-0.2277231377273919,0.21228616745726392,0,0.004281200000000001,1,Shared Control,0.01,Good Visuals,0.10484923503208286,0.09567524806355293,0.0,5.288333747894654,0.9962026505485064,-1.0819044891502114,0.14656710763293718,0.03390253890434208,0.9926400503656407,0.0002530867399860921,28.97866200115808,1.0104896414137483,1.0210790394373819,-0.010486917042224018
6096,24.7107618,-0.23122121930420877,0.10946797193295327,-0.003498081576816886,-0.10281819552431065,0.6983361172945034,-0.2270642896287312,0.2142847083026609,0,0.003089,1,Shared Control,0.01,Good Visuals,0.1116751993000692,0.09564134111479028,0.0,5.288382210178758,0.996203648677419,-1.0781270934772753,0.1503445033058734,0.042424171648508,1.0569393863667744,0.00030841815465221625,28.97892096056262,1.010486917042224,1.020723199948426,-0.010483200518190627
6097,24.714500100000002,-0.23090706003884978,0.11039331383276323,-0.0038427704101185733,-0.10389139446989766,0.705788787148749,-0.2262587826466701,0.21665472284232354,0,0.0037383000000000004,1,Shared Control,0.01,Good Visuals,0.12092742704885623,0.09559564957459299,0.0,5.288448560268899,0.9962050204043643,-1.0741781427093047,0.154293454073844,0.05476368820771634,1.1468173224053564,0.00033456121333570727,28.979276800051572,1.0104832005181907,1.0202438789390416,-0.010478192290866647
6098,24.7178405,-0.23027874150813182,0.11695170487295076,-0.004019958861461725,-0.09970301796937278,0.721594711291026,-0.22553159523750504,0.21872766966773924,0,0.0033404000000000003,1,Shared Control,0.01,Good Visuals,0.12381995786826408,0.09554135613427725,0.0,5.288537952898377,0.996206868125784,-1.070044825629761,0.15842677115338763,0.05677800881680942,1.1502844403594557,0.0003673521335213101,28.97975612106096,1.0104781922908666,1.0196763267069875,-0.010472241213487157
6099,24.7214843,-0.23012166187545233,0.12091610602713163,-0.004590066637947282,-0.09781156364060761,0.7187042519894624,-0.22473054781824428,0.22094096025736648,0,0.0036438000000000004,1,Shared Control,0.01,Good Visuals,0.12058518066008253,0.09549369712649793,0.0,5.288643988374675,0.9962090558222679,-1.0663616971582137,0.16210989962493494,0.04953721529058406,1.0666459517947635,0.0003840723212280584,28.98032367329301,1.0104722412134872,1.0191833806623376,-0.010467017333005922
6100,24.725421500000003,-0.22949334334473437,0.11858591968367554,-0.004762795526490088,-0.10235504057369094,0.6916859084450794,-0.22385604213669708,0.223276613011887,0,0.0039372,1,Shared Control,0.01,Good Visuals,0.12171660460726091,0.09543204017839096,0.0,5.288736578923046,0.9962109555623243,-1.062180030831779,0.1662915659513697,0.04903207061116549,1.058328185471442,0.0004383224333145804,28.980816619337663,1.010467017333006,1.01853711767803,-0.010460259145146875
6101,24.728816700000003,-0.22902210444669593,0.11901909210265038,-0.005166062309998859,-0.10425752090923662,0.6759894343246201,-0.2230946206495592,0.22524448418573234,0,0.0033952,1,Shared Control,0.01,Good Visuals,0.12715721297183008,0.09536479266694103,0.0,5.288857156792239,0.9962134467799171,-1.0582857170558255,0.17018587972732324,0.056874891922605045,1.0866740452475188,0.0004545232940454628,28.98146288232197,1.0104602591451468,1.017835976085527,-0.010452888178380184
6102,24.7324921,-0.22855086554865744,0.12484407892492416,-0.005456244899098239,-0.10040040526080818,0.6734381042587136,-0.22226291511315752,0.22732684878685727,0,0.0036754,1,Shared Control,0.01,Good Visuals,0.13118626924353055,0.09528955824597285,0.0,5.28898832238735,0.9962161492756105,-1.0544941666305825,0.17397743015256623,0.06148595502524091,1.1084784169691484,0.0004926604610975396,28.98216402391447,1.01045288817838,1.017050821527512,-0.010444641770376214
6103,24.735832000000002,-0.22807962665061898,0.12993942166536224,-0.005816711537461466,-0.09738742712149503,0.6633012526880819,-0.22150056642296959,0.2291762668695853,0,0.0033399000000000002,1,Shared Control,0.01,Good Visuals,0.1288796255647284,0.09521332943538119,0.0,5.2891351351064415,0.9962191756431709,-1.0507749232489028,0.177696673534246,0.056571121315124706,1.0436465981086425,0.0005199231661169139,28.982949178472488,1.0104446417703763,1.0162579101964484,-0.010436286367813043
6104,24.740879300000003,-0.22698006922186253,0.13590559473567376,-0.005479502798892949,-0.09327067213391155,0.6411779754509356,-0.22033694671684304,0.23189443106497207,0,0.0050473,1,Shared Control,0.01,Good Visuals,0.1282127705138636,0.09504907036051898,0.0,5.289436045392043,0.9962253687255884,-1.0434673414186315,0.18500425536451712,0.053352968078367896,0.9712008311750469,0.0005810683426729655,28.984555991817096,1.0104277143641975,1.0145462834682661,-0.010418282011133788
6105,24.7466651,-0.22666590995650354,0.1385318705609203,-0.006328963239660507,-0.09336256050405176,0.6284571756800779,-0.21898650519226726,0.23489811422146922,0,0.005785800000000001,1,Shared Control,0.01,Good Visuals,0.1219033320705893,0.094996223365463,0.0,5.289603940030046,0.9962288289587208,-1.0409930580894986,0.18747853869364997,0.04593657854092839,0.8178097270311866,0.0005208216470726366,28.985453716531733,1.0104182820111338,1.014009077257556,-0.010412489477910203
6106,24.7498389,-0.22588051179310611,0.14221563209033156,-0.006894006600838859,-0.09268248213113767,0.6155709152610214,-0.21823844126236563,0.23649553408586266,0,0.0031738,1,Shared Control,0.01,Good Visuals,0.12648902070488532,0.09491777558287964,0.0,5.2897057373001575,0.996230898582252,-1.0378446618316883,0.19062693495146024,0.05002874224156212,0.8818049120015359,0.0006012276055865939,28.985990922742445,1.0104124894779103,1.0131835882666564,-0.010403890854914716
6107,24.753458300000002,-0.22556635252774715,0.14823849249309218,-0.007327911265381515,-0.08825704159277048,0.608424577752567,-0.21737923654716673,0.23827431204089916,0,0.0036194,1,Shared Control,0.01,Good Visuals,0.12880177338345536,0.09483390681211958,0.0,5.289859452479104,0.9962340808903971,-1.034771797775833,0.19369979900731563,0.051232923566443656,0.898104356526487,0.0006543637714053137,28.986816411733344,1.0104038908549147,1.012309546612476,-0.010394698040062437
6108,24.7577372,-0.2247809543643497,0.14955162761630988,-0.007401717817182962,-0.08872268442458928,0.5761198763035792,-0.2163552879410617,0.24031888300125573,0,0.0042789,1,Shared Control,0.01,Good Visuals,0.1266897891873403,0.09472523024662546,0.0,5.29002300152526,0.9962374497667088,-1.030894496647432,0.19757710013571655,0.04674794067445705,0.8488705509241015,0.0006949344540686718,28.987690453387525,1.0103946980400624,1.011170162904126,-0.010382786054989625
6109,24.761335000000003,-0.2241526358336317,0.15157496339855256,-0.00779734789257,-0.08874391960270317,0.5456121508171976,-0.2154876498793651,0.24198970702431394,0,0.0035978000000000004,1,Shared Control,0.01,Good Visuals,0.12754608134226414,0.09464014532777693,0.0,5.290235559428743,0.996241841849058,-1.028116091719461,0.20035550506368757,0.048589507304284574,0.8156186490447694,0.0007011294244532062,28.988829837095874,1.0103827860549897,1.0102940814326817,-0.0103734599387415
6110,24.764816500000002,-0.22336723767023425,0.16272684878540505,-0.007879587790869141,-0.07926285823890888,0.5480592834357314,-0.21464240867121093,0.24356505309175386,0,0.0034815000000000002,1,Shared Control,0.01,Good Visuals,0.1296617986492835,0.09454016239651479,0.0,5.290400492928816,0.9962452178211056,-1.0251486690094718,0.20332292777367683,0.05134168943525951,0.8251550831403316,0.0007379421377240599,28.989705918567317,1.0103734599387415,1.0092484857941437,-0.010362500858655416
6111,24.7684555,-0.22305307840487532,0.17155377857971038,-0.008410669733664389,-0.07201127451204348,0.534533764089059,-0.21375314449358884,0.24516862201358444,0,0.0036390000000000003,1,Shared Control,0.01,Good Visuals,0.12065327701754389,0.09447115380459621,0.0,5.290595802136961,0.996249248173579,-1.0228476651039915,0.20562393167915707,0.036982396253482014,0.6758713189837704,0.0007449375093663639,28.990751514205858,1.0103625008586554,1.0085421783844355,-0.010354936860721801
6112,24.7719798,-0.22242475987415736,0.1674610301727834,-0.008671615380568515,-0.07770759184080103,0.478401794950182,-0.21288642111016734,0.24668025836771393,0,0.0035243,1,Shared Control,0.01,Good Visuals,0.11623994983872553,0.09440715373326607,0.0,5.2907291786358535,0.9962519696128913,-1.0205724211346996,0.20789917564844893,0.029317998603380274,0.6104268422965318,0.0007945656740086707,28.991457821615565,1.0103549368607219,1.0078780765331197,-0.010347921844274811
6113,24.775847700000003,-0.2216393617107599,0.1632739953602136,-0.008752940600592563,-0.08340626300750034,0.43743263511421565,-0.2119291519882498,0.24829305880741387,0,0.0038679,1,Shared Control,0.01,Good Visuals,0.12329678877509678,0.09431128122250962,0.0,5.290853715912969,0.9962545290870741,-1.0179295414616136,0.21054205532153486,0.041152697716856985,0.6844356122354429,0.0008186625263490863,28.99212192346688,1.0103479218442748,1.0068690031830874,-0.010337413305365513
6114,24.7794232,-0.22085396354736245,0.17169699907392172,-0.00892481155911265,-0.07659605973349215,0.44148503340327205,-0.2110387785738751,0.24974155232448433,0,0.0035755,1,Shared Control,0.01,Good Visuals,0.12940636453453602,0.09420408153433252,0.0,5.291041596220407,0.996258419107952,-1.0154010528829924,0.21307054390015617,0.05119766368430442,0.7347267329055924,0.0008255010425064074,28.993130996816912,1.0103374133053655,1.0057498368415114,-0.010325663200091486
6115,24.7829541,-0.220068565383965,0.1882195723732878,-0.009029786810089896,-0.06152197995119654,0.4635857220705394,-0.2101544988382527,0.25113262546305926,0,0.0035309,1,Shared Control,0.01,Good Visuals,0.12353321634218276,0.09411301458930076,0.0,5.291250827025972,0.9962627328936872,-1.0131388612832686,0.21533273549988,0.04113885202118498,0.6346626640455131,0.0008407536757932014,28.99425016315849,1.0103256632000914,1.004808392074176,-0.01031568139688568
6116,24.786444200000002,-0.21975440611860603,0.19555746794982998,-0.009599907280353315,-0.05557515751322928,0.4492287944399423,-0.20927567660080904,0.25246978183002217,0,0.0034901000000000003,1,Shared Control,0.01,Good Visuals,0.10907274320541521,0.09407437695645665,0.0,5.291427707329061,0.9962663609957334,-1.0116823074543462,0.21678928932880234,0.017899137877752123,0.42486183499762475,0.0008498204577962659,28.995191607925825,1.0103156813968857,1.004425517953972,-0.010311446344889005
6117,24.7907885,-0.21896900795520857,0.18628546974518634,-0.009693331354399537,-0.06618431208483583,0.38606968707774086,-0.20817534841425558,0.25408253887190596,0,0.004344300000000001,1,Shared Control,0.01,Good Visuals,0.10616566292324595,0.09404088733117515,0.0,5.29150121627829,0.9962678353168442,-1.0101171405087301,0.21835445627441832,0.012492441318233356,0.3910961883098425,0.0009031052962389903,28.995574482046027,1.010311446344889,1.0040786278756406,-0.010307775563477818
6118,24.793930900000003,-0.21818360979181112,0.17973758661457395,-0.010008261377555533,-0.07434495225733201,0.347227122790423,-0.20737513404365854,0.25521400297626795,0,0.0031424,1,Shared Control,0.01,Good Visuals,0.11723029559868338,0.09396647505550118,0.0,5.29156632640196,0.9962691721954768,-1.0082709647438932,0.22020063203925522,0.030950818381503133,0.5187198350248357,0.0009115694817628343,28.99592137212436,1.0103077755634777,1.003289368863116,-0.01029961927041655
6119,24.7974007,-0.2173982116284137,0.1870470320550015,-0.010023077584755152,-0.06816697092126645,0.3505521469116846,-0.2064874732237374,0.2564297209051788,0,0.0034698000000000003,1,Shared Control,0.01,Good Visuals,0.1270286542554696,0.09385782289783244,0.0,5.291712714199211,0.9962722152333537,-1.006101855118579,0.2223697416645694,0.04562960283470412,0.6346136996238148,0.0009404410430830078,28.996710631136885,1.0102996192704166,1.0021465604301565,-0.010287709960673512
6120,24.800825600000003,-0.21661281346501624,0.2002745813568878,-0.01012534024127884,-0.05615513954829099,0.36102541245112985,-0.20560722087374206,0.2575956726512646,0,0.0034249000000000003,1,Shared Control,0.01,Good Visuals,0.12095453997251966,0.09376800628057763,0.0,5.291925567704592,0.9962766207274705,-1.004203976450436,0.22426762033271233,0.035915820311992974,0.529956067279937,0.0009407442408411832,28.997853439569845,1.0102877099606735,1.0012190587395815,-0.010277865205282455
6121,24.804467300000002,-0.21582741530161878,0.2120225004031821,-0.010220194427876722,-0.045573172248082494,0.36802832888117465,-0.20466693232598657,0.2587990126020788,0,0.0036417000000000003,1,Shared Control,0.01,Good Visuals,0.10953056571817729,0.09372414936585657,0.0,5.292099925655951,0.9962801950114106,-1.0029400292995423,0.22553156748360603,0.017855619601550462,0.3635479480236139,0.0009494329673372197,28.998780941260417,1.0102778652052824,1.0007793439567871,-0.010273058070357631
6122,24.8082515,-0.21488493750554186,0.21897512178324777,-0.01021800517955529,-0.03982389081883106,0.3701609116363345,-0.2036852805517189,0.26001044109394117,0,0.0037842,1,Shared Control,0.01,Good Visuals,0.09949087391125053,0.09371750418593272,0.0,5.292183840213763,0.996281888586524,-1.0019279513890462,0.22654364539410218,0.0020558860672275628,0.2235203760012674,0.0009578790291064129,28.999220656043214,1.0102730580703576,1.0007234929867581,-0.010272329695443507
6123,24.8124177,-0.21457077824018286,0.21222078564822186,-0.010885497688463974,-0.04778965544571931,0.33303764973255356,-0.202599324307909,0.2612991733444183,0,0.0041662,1,Shared Control,0.01,Good Visuals,0.09375151127983634,0.09373498864441367,0.0,5.29219555467457,0.9962821029077115,-1.0014491083036425,0.22702248847950593,-0.0070943668120350325,0.13873477774989285,0.000957605943186855,28.999276507013242,1.0102723296954434,1.000914028539043,-0.010274246158367084
6124,24.815857800000003,-0.2136283004441059,0.19635207305587343,-0.01102897613619691,-0.06494710028854489,0.27610628641652774,-0.20169864955537833,0.2623285364787076,0,0.0034401,1,Shared Control,0.01,Good Visuals,0.10521974621649707,0.09370966008737647,0.0,5.292160686130314,0.9962813679358803,-1.0003655815577632,0.2281060152253852,0.009360891160045444,0.304404198870424,0.0010203520022169618,28.999085971460957,1.0102742461583671,1.0006346584437893,-0.01027146990764577
6125,24.8194495,-0.21299998191338795,0.19109295232745083,-0.01130133235800962,-0.07123558415125675,0.2607932658095558,-0.20075456310497003,0.2633704499024269,0,0.0035917,1,Shared Control,0.01,Good Visuals,0.12307333036622124,0.09361220520782489,0.0,5.292211509215963,0.9962824458043477,-0.9985705188692086,0.22990107791393985,0.03712229930460364,0.5256098291621734,0.0010335216048347991,28.99936534155621,1.0102714699076458,0.9995944245717466,-0.010260787926068481
6126,24.8243,-0.21142918558659307,0.20055087161111584,-0.010674622481623042,-0.06281957829131107,0.247727601823993,-0.19947377430541466,0.2647256211895135,0,0.004850500000000001,1,Shared Control,0.01,Good Visuals,0.12928492406359954,0.09335390240761979,0.0,5.292674504476783,0.9962920570878169,-0.9944266607108591,0.23404493607228935,0.04500243235948801,0.5686834302900672,0.0010712139563413669,29.00185831119534,1.0102456391925205,0.9968985894271776,-0.010232475482752676
6127,24.8297139,-0.21032962815783662,0.2035139851279304,-0.010855853852421965,-0.061211636061583086,0.19720820326459715,-0.1980366348660182,0.266169830312583,0,0.0054139,1,Shared Control,0.01,Good Visuals,0.11966944710447937,0.09320765025608549,0.0,5.293047295136549,0.9962996820955059,-0.992066207672005,0.23640538911114337,0.031229212077566362,0.406315450664785,0.0010712615420374856,29.003837110971684,1.0102245463229835,0.9953926682142742,-0.010216444856112773
6128,24.8357251,-0.20891591146372124,0.2051539847076124,-0.010879276597703047,-0.061015845604970614,0.17733695438349747,-0.19643201788510245,0.26769192138004955,0,0.0060112,1,Shared Control,0.01,Good Visuals,0.12688522377493516,0.09302479372808795,0.0,5.293339813042499,0.9963057069322463,-0.9895599214352988,0.2389116753478496,0.043800158734915384,0.47559381423962943,0.0010863492469785597,29.005400264926987,1.0102081036029005,0.9934773007300615,-0.010196402041711438
6129,24.8424033,-0.2079734336676443,0.21483540397650694,-0.011541415782541836,-0.05285651740354261,0.20497671077709742,-0.1946389377151156,0.2692866236521429,0,0.0066782000000000005,1,Shared Control,0.01,Good Visuals,0.11838068201900162,0.09291254552644762,0.0,5.293548914253466,0.9963100338056324,-0.988114392462626,0.2403572043205224,0.03273756617348282,0.3198355988744159,0.0010120424614121404,29.00652269926994,1.0101964020417113,0.9923069501003093,-0.010184098571351382
6130,24.846264400000003,-0.20718803550424683,0.22209111374143053,-0.012549097789131242,-0.04719550991071236,0.2306409317569044,-0.19359749057719716,0.27016426370968716,0,0.0038611,1,Shared Control,0.01,Good Visuals,0.11375929299971754,0.09285123383006497,0.0,5.293767859975248,0.996314544702806,-0.9872027474347496,0.24126884934839885,0.02215726496093858,0.26539111754430555,0.0010723423193350794,29.00769304989969,1.0101840985713513,0.9916871064410542,-0.010177378226364601
6131,24.8498723,-0.20640263734084938,0.2247230876857342,-0.012805146763652214,-0.04544117602395295,0.2501485782241285,-0.1926213285034103,0.2709560421452274,0,0.0036079000000000003,1,Shared Control,0.01,Good Visuals,0.11345517435214214,0.09279685957998947,0.0,5.293885649031651,0.9963169324142113,-0.9861710024084797,0.24230059437466878,0.017156503425301162,0.28528826939580476,0.0011651992131749762,29.008312893558944,1.0101773782263646,0.9911231835593313,-0.010171418291466955
6132,24.853503800000002,-0.20546015954477245,0.22859849293893714,-0.012838831041362159,-0.04235754920629026,0.2832890703734065,-0.19163594520284905,0.27172620313045354,0,0.0036315,1,Shared Control,0.01,Good Visuals,0.11306424908268925,0.09275317485375828,0.0,5.293991429705991,0.9963191057362211,-0.985234516836414,0.2432370799467344,0.0143689301445853,0.2754936522418261,0.001188277406127791,29.00887681644067,1.010171418291467,0.990672176953087,-0.010166630030038102
6133,24.8577228,-0.2051460002794135,0.2258879690840751,-0.013510055076564442,-0.045838234046378434,0.29591262256704925,-0.19048770166916684,0.2725882713947609,0,0.0042190000000000005,1,Shared Control,0.01,Good Visuals,0.11017145932659879,0.09272553506500777,0.0,5.294076224198374,0.9963208437412666,-0.9843292406032698,0.24414235617987873,0.0077304016741102126,0.22710256212541413,0.0011908423404973238,29.009327823046913,1.010166630030038,0.9903901259805525,-0.01016360044634161
6134,24.860769100000002,-0.20420352248333654,0.2109398959015823,-0.013715820814169694,-0.06164837549317859,0.27783532721575016,-0.18965639573563675,0.2731895609545672,0,0.0030463,1,Shared Control,0.01,Good Visuals,0.11719361987524043,0.09267417348046368,0.0,5.294129567763777,0.9963219304233156,-0.9831574337567655,0.245314163026383,0.015228125787728886,0.3278148174632882,0.0012527270857321624,29.009609874019446,1.0101636004463417,0.989846666412272,-0.010157970728236114
6135,24.864420000000003,-0.2035752039526186,0.20114224296724273,-0.013918808216981854,-0.07204731798732447,0.2888586454204839,-0.1886577264006441,0.27388756699345057,0,0.0036509000000000003,1,Shared Control,0.01,Good Visuals,0.1340364743728005,0.09254539965764591,0.0,5.294230488384085,0.9963240256348136,-0.9813336814161282,0.24713791536702026,0.03940403825329616,0.5336666297879264,0.0012711023575593169,29.010153333587727,1.0101579707282362,0.9884780038521914,-0.010143855892639315
6136,24.867891200000003,-0.20278980578922115,0.20011516470601098,-0.014132079388577051,-0.07377240228743959,0.31151422540102147,-0.18770588836697571,0.27452905643508196,0,0.0034712000000000002,1,Shared Control,0.01,Good Visuals,0.14547576264953033,0.0923553177921336,0.0,5.294484083011403,0.9963293026793942,-0.9789472534231072,0.24952434336004123,0.054423694376039264,0.6621609303609821,0.0012881216691987116,29.01152199614781,1.0101438558926392,0.9864770247883085,-0.0101230211125347
6137,24.8715729,-0.2020044076258237,0.20276925157616882,-0.01429851925884798,-0.07175980485891315,0.32916916388339174,-0.18669393713747778,0.27518664759683276,0,0.0036817000000000004,1,Shared Control,0.01,Good Visuals,0.14832950931214714,0.09216314883426333,0.0,5.294856621600654,0.9963370163569721,-0.9766116157027434,0.2518599810804051,0.056309375304937716,0.6732302540465953,0.0013051726829956948,29.013522975211693,1.0101230211125347,0.9844753637483782,-0.010101957567259776
6138,24.8755968,-0.20121900946242624,0.20778371922994887,-0.014525072324948457,-0.06740292836688389,0.3509541134775039,-0.18558521072592155,0.27587949664066813,0,0.0040239,1,Shared Control,0.01,Good Visuals,0.14721146985282982,0.09195488838829995,0.0,5.295231275398535,0.9963447311773055,-0.9741095067033512,0.2543620900797972,0.0528639533828436,0.6323087613131151,0.001317796558562787,29.015524636251623,1.0101019575672598,0.9823005033375197,-0.01007913024186268
6139,24.878875200000003,-0.20027653166634932,0.21327724193161607,-0.014691320940427771,-0.06260225470905206,0.37410674375093306,-0.18467986896974226,0.27642475786055976,0,0.0032784000000000003,1,Shared Control,0.01,Good Visuals,0.1440766399163434,0.09178468484075163,0.0,5.2956378206201515,0.9963531139115703,-0.9720489707432234,0.256422626039925,0.0461401274449028,0.5652582668443686,0.0013356514044726199,29.01769949666248,1.0100791302418626,0.9805413251640869,-0.010060474314446156
6140,24.8825593,-0.19980529276831083,0.21575042426215318,-0.015125423798568571,-0.06067433359840657,0.38510335612847746,-0.18366039399328019,0.27701769062102555,0,0.0036841,1,Shared Control,0.01,Good Visuals,0.14017914699644196,0.091653104693749,0.0,5.2959683814390335,0.9963598931740106,-0.9703993590256353,0.2580722377575131,0.03832829698513728,0.492127600712432,0.0013484382624114977,29.019458674835914,1.0100604743144461,0.9791841806376357,-0.010046051879031058
6141,24.886003000000002,-0.19901989460491337,0.2097878837569273,-0.015359500611633187,-0.06722980686409824,0.3637148591294973,-0.18270550029307858,0.27755369906229316,0,0.0034437,1,Shared Control,0.01,Good Visuals,0.1405614173557438,0.09151387216265658,0.0,5.296223667371701,0.9963651229343765,-0.9686521692352591,0.2598194275478893,0.036939207712080195,0.48887483991611425,0.001386292050947528,29.020815819362365,1.010046051879031,0.9777306600795832,-0.010030790669546916
6142,24.8908573,-0.197606177910798,0.19816745408726322,-0.014900677617719404,-0.07938624497502994,0.3293231481903643,-0.1813563936333181,0.2782806950663854,0,0.004854300000000001,1,Shared Control,0.01,Good Visuals,0.1585667672755003,0.09109282348091123,0.0,5.29685464758649,0.9963781550442525,-0.9642671925362842,0.26420440424686403,0.06325665703658313,0.6851656185907264,0.0014326154304832343,29.024196767118983,1.0100106793622616,0.9733087933230054,-0.009984639729930139
6143,24.89626,-0.19682077974740053,0.2012804970509126,-0.015464386114082435,-0.07700019801547281,0.33478491035383207,-0.17985082417015943,0.27905262821686977,0,0.005402700000000001,1,Shared Control,0.01,Good Visuals,0.15803313614499692,0.090861467123452,0.0,5.297319661580594,0.996387770383369,-0.9621291409306943,0.266342455852454,0.06464420032872349,0.6190791074791331,0.0013573447959768785,29.026691206676993,1.0099846397299301,0.9709002787540683,-0.00995928087299512
6144,24.899863000000003,-0.19603538158400308,0.20927815785550483,-0.016184557413843642,-0.06977447036136494,0.3505336498978401,-0.17884450236467986,0.27954688682558604,0,0.0036030000000000003,1,Shared Control,0.01,Good Visuals,0.15864954045121674,0.09061953146659903,0.0,5.297770597459706,0.9963970530679623,-0.9599468946419105,0.26852470214123775,0.06343241452191384,0.6155669201951359,0.0014051168104890687,29.02909972124593,1.0099592808729951,0.9683748782018718,-0.009932762424239306
6145,24.903511400000003,-0.1955641426859646,0.2105976703729222,-0.01671964032128473,-0.06894921645266383,0.3370634595544552,-0.17782371466211028,0.28003154795214924,0,0.0036484000000000004,1,Shared Control,0.01,Good Visuals,0.15527347028437993,0.09040462047316022,0.0,5.298242780866255,0.9964067866785793,-0.9580054021156715,0.2704661946674767,0.055524146165251774,0.5653734788115756,0.0014666370098367824,29.03162512179813,1.0099327624242393,0.9661442509606458,-0.00990920613559339
6146,24.9078027,-0.19383626672649024,0.21404994584319276,-0.01601255206437996,-0.06598160210895648,0.30797563134234535,-0.17662082629831258,0.28058230073433055,0,0.0042913000000000005,1,Shared Control,0.01,Good Visuals,0.15821699499271968,0.08993027949001602,0.0,5.299187816549579,0.9964262737313803,-0.9540285994286496,0.2744429973544987,0.06005131729140683,0.5518775834161516,0.0014857741731152051,29.036681037273446,1.0098797042009797,0.9612023379939351,-0.009857213852943063
6147,24.9137768,-0.19320794819577225,0.21272626035660203,-0.016587121897459672,-0.06785604037772852,0.2461208046367816,-0.17494238818431895,0.28131655971361386,0,0.0059741,1,Shared Control,0.01,Good Visuals,0.15060623592878214,0.08972821909836341,0.0,5.299585943435309,0.9964344300294509,-0.952537629232168,0.2759339675509803,0.050506366961190256,0.415810077943394,0.0014400132824981227,29.038797662006065,1.0098572138529431,0.9590959706289047,-0.009835066112459835
6148,24.917398700000003,-0.1924225500323748,0.20450786798592868,-0.017480161848055842,-0.07680869172768517,0.16294037795146865,-0.1739227088411566,0.2817445990409788,0,0.0036219000000000004,1,Shared Control,0.01,Good Visuals,0.15552606086754156,0.08949267038810615,0.0,5.299980045981822,0.9964425482882937,-0.9509000166775368,0.27757158010561156,0.05928833784616795,0.4762716829430007,0.001488332907826523,29.040904029371095,1.0098350661124598,0.956627672690376,-0.009809247733789628
6149,24.9209135,-0.19163715186897737,0.20331828666334162,-0.01771444302782077,-0.0784263123776372,0.11732999755036472,-0.17293171991279374,0.28214848975631635,0,0.0035148,1,Shared Control,0.01,Good Visuals,0.1691887398131175,0.0891387527124857,0.0,5.300440656227615,0.9964520623211778,-0.9485409239246314,0.2799306728585169,0.08101184339257836,0.6566716083243926,0.00156434636259881,29.043372327309623,1.0098092477337897,0.9528950550804954,-0.009770454990847974
6150,24.9249188,-0.19069467407290042,0.20740059038792757,-0.017762954160106675,-0.07474789936838877,0.08392150629581743,-0.17180073028653148,0.2825958143919143,0,0.0040053,1,Shared Control,0.01,Good Visuals,0.1720558423484887,0.0886712776774878,0.0,5.301134956678782,0.9964664511995732,-0.9456207774175962,0.28285081936555206,0.08672084485183697,0.6674162930622298,0.001579043356496332,29.047104944919504,1.009770454990848,0.9479794149839612,-0.009719215281408419
6151,24.9287278,-0.18990927590950296,0.21162518630451366,-0.018108545622971484,-0.07097062808740062,0.04970137314778893,-0.1707235317976771,0.2830092994455981,0,0.0038090000000000003,1,Shared Control,0.01,Good Visuals,0.1686652734680099,0.08830080401290202,0.0,5.302050675873914,0.9964853994197875,-0.9435153038495516,0.2849562929335967,0.08311634405550905,0.5838968268794571,0.001575063840703306,29.052020585016038,1.0097192152814085,0.9441477071829593,-0.009678607844631678
6152,24.932478800000002,-0.18912387774610553,0.21564996585454776,-0.01840034594842843,-0.06735933359105034,0.021932374262930182,-0.16966121683531213,0.28340596144167807,0,0.0037510000000000004,1,Shared Control,0.01,Good Visuals,0.16674770332887812,0.08795081379569163,0.0,5.302770455468498,0.9965001651216444,-0.941664560262261,0.2868070365208874,0.0810376155782974,0.5402999904509491,0.0015989991380126998,29.05585229281704,1.0096786078446316,0.940501299507734,-0.009640245588481191
6153,24.9358827,-0.18849555921538758,0.21635493984587972,-0.018834342380075447,-0.06705102159579834,-0.011406922609616461,-0.16869593074116368,0.28375753976968743,0,0.0034039,1,Shared Control,0.01,Good Visuals,0.1647099018222805,0.08758299493592842,0.0,5.303452903803245,0.996514218484221,-0.9398500199394045,0.28862157684374384,0.07857200278886518,0.49683487291397443,0.0016183254002865377,29.059498700492266,1.0096402455884812,0.9366553586354158,-0.009599929143559722
6154,24.940857700000002,-0.18708184252127216,0.20103043828961648,-0.018385911780108483,-0.08272710148007095,-0.11290444896177258,-0.1672829852158945,0.2842582849197971,0,0.004975,1,Shared Control,0.01,Good Visuals,0.1761134064033877,0.08676242512879354,0.0,5.304904395317717,0.9965441578651042,-0.9359583113840839,0.2925132853990644,0.09742854159012909,0.6159335739909995,0.001671884032015315,29.0672666615461,1.0095587828774528,0.9280604592425519,-0.009509986889225965
6155,24.946293400000002,-0.18629644435787474,0.20197846475332593,-0.019013459141980243,-0.08227982016647117,-0.1260203542865571,-0.16573639171344406,0.28478947520524317,0,0.0054357,1,Shared Control,0.01,Good Visuals,0.17999422336258866,0.08629251834656697,0.0,5.305775684070963,0.9965621692919548,-0.933866011098421,0.29460558568472733,0.10715548524753049,0.6096801345250089,0.0015952062942462652,29.071939540757448,1.0095099868892259,0.9231438898435176,-0.009458480637164668
6156,24.949982900000002,-0.18566812582715678,0.20604718761770274,-0.019931734113712712,-0.07874228758754043,-0.13829271968786278,-0.16468500931614358,0.285141657983916,0,0.0036895,1,Shared Control,0.01,Good Visuals,0.1828971228886196,0.08577082897692465,0.0,5.306693900037881,0.9965811188618486,-0.9315849675772938,0.2968866292058546,0.11020499442607044,0.6367894590121108,0.0016407192718410316,29.076856110156484,1.0094584806371647,0.9176757049694657,-0.009401298521079482
6157,24.9534187,-0.18472564803107983,0.2099196399453228,-0.02004063871493625,-0.07522201803859319,-0.1490979971128572,-0.16370476403361123,0.2854642442134211,0,0.0034358,1,Shared Control,0.01,Good Visuals,0.18426668515116906,0.08525042220228955,0.0,5.307714215976285,0.9966021949706968,-0.9293687769529817,0.29910281983016673,0.11035922488050313,0.6514184251821198,0.0017095613578807878,29.082324295030535,1.0094012985210794,0.9122373901678136,-0.009344256989604335
6158,24.957734900000002,-0.1839402498676824,0.21727946415585142,-0.02023548583407117,-0.06818478005756967,-0.13523527701537882,-0.16247178028586826,0.2858629926565379,0,0.0043162,1,Shared Control,0.01,Good Visuals,0.181358355012137,0.08465647510873363,0.0,5.308730505120115,0.9966231547470702,-0.927019571783683,0.30145202499946544,0.10609578253681258,0.5851362880588626,0.0017084729116518648,29.087762609832186,1.0093442569896043,0.9060035425091875,-0.009279154739820215
6159,24.9608102,-0.18315485170428494,0.2215931201387572,-0.020683071418416688,-0.06426987251778071,-0.12575431545917976,-0.16159223416080631,0.28614322411436666,0,0.0030753,1,Shared Control,0.01,Good Visuals,0.17540443187099536,0.08417315678216379,0.0,5.309892920000058,0.9966471821207418,-0.9252990311295806,0.30317256565356787,0.0959502893498493,0.48139130245444406,0.001713064902825178,29.093996457490814,1.00927915473982,0.9009860188260076,-0.009226178454957514
6160,24.964502000000003,-0.182212373908208,0.22499841419800895,-0.020620139747401678,-0.061144809916357706,-0.10766529811158881,-0.16053523525940658,0.28647596207751047,0,0.0036918000000000003,1,Shared Control,0.01,Good Visuals,0.173899982970397,0.08371996040491127,0.0,5.31083371082205,0.9966665177437247,-0.9237544478932367,0.30471714888991175,0.09186321717550935,0.45123670357695,0.0017409594132390786,29.099013981173993,1.0092261784549574,0.8962546077443799,-0.009176503822194327
6161,24.9678854,-0.18158405537749003,0.22944410935687376,-0.021048820118083456,-0.05703185272063671,-0.08008863723398545,-0.15956546097258736,0.28677789260280034,0,0.0033834000000000004,1,Shared Control,0.01,Good Visuals,0.17047047414467442,0.08327676520132524,0.0,5.311718337270801,0.9966847523882967,-0.9223804086083623,0.3060911881747861,0.08569845347822655,0.38191096916847567,0.0017263172831962054,29.10374539225562,1.0091765038221943,0.891620461199345,-0.00912792541317436
6162,24.971492400000002,-0.1806415775814131,0.23012542153319437,-0.021076116608825746,-0.05665247106960597,-0.06403144985153714,-0.15853047659659247,0.2870971519136313,0,0.0036070000000000004,1,Shared Control,0.01,Good Visuals,0.16866742384640432,0.08287426771840557,0.0,5.312584107580985,0.996702612524011,-0.9211768276380389,0.3072947691451096,0.08030881017491248,0.3525324303106303,0.0017528776507385669,29.108379538800655,1.0091279254131744,0.8874211794662886,-0.009083807861367452
6163,24.975485600000003,-0.17985617941801565,0.2306333445294893,-0.02132570282142318,-0.05646380738414197,-0.03813076975829806,-0.15738333880056082,0.28744809355728246,0,0.003993200000000001,1,Shared Control,0.01,Good Visuals,0.16845177824369084,0.08241348488195259,0.0,5.313369515209083,0.996718796007798,-0.9198552558024373,0.3086163409807111,0.07867155277518101,0.33167821197176894,0.001746667730304159,29.112578820533713,1.0090838078613675,0.882578578918211,-0.009033301680530029
6164,24.978906400000003,-0.1790707812546182,0.22863712152199295,-0.021687442454057376,-0.05881097203528951,-0.01773377188814964,-0.15639952447255412,0.2877471773113036,0,0.0034208000000000003,1,Shared Control,0.01,Good Visuals,0.16961017576690657,0.0819984547515516,0.0,5.31427192410495,0.9967374608361594,-0.9186590537108735,0.3098125430722749,0.07800134804756252,0.33438685365046594,0.001757525487070373,29.11742142108179,1.00903330168053,0.8782479183939638,-0.008987810431375937
6165,24.9824723,-0.17812830345854128,0.22752287302292545,-0.021728778985987157,-0.06022430428837816,0.009094798774454852,-0.15537289251674977,0.28805793201891344,0,0.0035659000000000003,1,Shared Control,0.01,Good Visuals,0.173890612255129,0.08157272491926341,0.0,5.31508185113493,0.9967541504816567,-0.9173447651668611,0.3111268316162873,0.08185791462523478,0.38213838397708244,0.0017783367687459028,29.121752081606036,1.0089878104313759,0.8737855289827519,-0.008941146393142762
6166,24.9858368,-0.1776570645605028,0.22637764656694778,-0.02228417204375302,-0.06168028545196566,0.03187181050884936,-0.15440322914701532,0.288350621241208,0,0.0033645000000000003,1,Shared Control,0.01,Good Visuals,0.17553819278024496,0.08112884862963471,0.0,5.315914521982579,0.9967713489264874,-0.9159774995683362,0.31249409721481225,0.08227812967983848,0.3839123935881892,0.0017724757110554018,29.12621447101725,1.0089411463931428,0.8691299392439735,-0.00889249333061551
6167,24.990839100000002,-0.1759291886010284,0.21670226315204086,-0.02152595945401309,-0.07164835808916717,0.044539457206488595,-0.1529597247300371,0.288785735693435,0,0.0050023,1,Shared Control,0.01,Good Visuals,0.1878556596361065,0.08013558761185303,0.0,5.317717635661314,0.9968086145157136,-0.9126432954652226,0.3158283013179258,0.0970559655287555,0.5158989188481631,0.0017994419940356716,29.135883485459843,1.0088401592722085,0.8586985673771633,-0.008783622477332408
6168,24.9962601,-0.17514379043763095,0.22143629490183714,-0.022184065707593847,-0.06734944079159788,0.07602434546264406,-0.1513929367396874,0.2892584998057097,0,0.0054210000000000005,1,Shared Control,0.01,Good Visuals,0.18591191020625045,0.07964622977512398,0.0,5.318727546884589,0.9968294960253775,-0.9111297746646276,0.3173418221185207,0.0948478839215447,0.43956807638096485,0.001724995409756262,29.141301432622836,1.0087836224773323,0.8535767145382949,-0.008729984204721597
6169,24.9999538,-0.1743583922742335,0.22467973062951538,-0.022965455534546098,-0.06457876917619434,0.09204531388518608,-0.15032390541237284,0.28958211700687736,0,0.0036937000000000003,1,Shared Control,0.01,Good Visuals,0.18514945768543745,0.07914697236680998,0.0,5.319683988629664,0.9968492351077949,-0.9095942767263738,0.3188773200567745,0.09012600967775619,0.42828794439747364,0.001766877194693468,29.146423285461704,1.0087299842047215,0.8483380065312995,-0.008675260844921925
6170,25.0034522,-0.17341591447815657,0.22899429301009216,-0.023092009065783736,-0.060587823996785195,0.1171373982934785,-0.14931029291249184,0.2898902185131156,0,0.0034984,1,Shared Control,0.01,Good Visuals,0.18656800432656168,0.07866120254375572,0.0,5.320661009099155,0.9968694251830521,-0.9080658167254467,0.3204057800577016,0.08909837282776724,0.44857075803459434,0.0018176462745839233,29.1516619934687,1.0086752608449219,0.8432467713924543,-0.008622015852731238
6171,25.00769,-0.17247343668207965,0.23692325529625852,-0.023163143769587807,-0.052966963216857066,0.1593470264546736,-0.14808100089344745,0.29026605674167766,0,0.0042378,1,Shared Control,0.01,Good Visuals,0.18328602957938195,0.07812947394005257,0.0,5.321611088127631,0.9968890464025946,-0.90651100577573,0.32196059100741836,0.08231578143399343,0.3874435459049972,0.0018164452022658578,29.156753228607545,1.0086220158527313,0.8376535643560744,-0.008563733341121668
6172,25.010824000000003,-0.1716880385186822,0.24141271490965793,-0.02360703762523475,-0.048853341832019725,0.18958843317597124,-0.14717086862521622,0.29054619225462264,0,0.003134,1,Shared Control,0.01,Good Visuals,0.17609270246598108,0.07772971252140402,0.0,5.322652937002096,0.9969106032074296,-0.905528247097021,0.3229433496861273,0.06910858064484851,0.27455194264812177,0.0018097242375157015,29.162346435643926,1.0085637333411217,0.8334984734974196,-0.008519915687978356
6173,25.0145486,-0.17074556072260524,0.242157443700512,-0.02357469209738902,-0.04838874855411063,0.21406342361967123,-0.14608807606419183,0.2908819108697708,0,0.0037246000000000002,1,Shared Control,0.01,Good Visuals,0.17437364655424623,0.07737122030273473,0.0,5.3234315917456,0.9969266143554424,-0.9046673393114926,0.32380425747165564,0.06360841427366185,0.25168326770985794,0.0018349682480914655,29.16650152650258,1.0085199156879783,0.8297471026341077,-0.008480621531615464
6174,25.017911,-0.16996016255920782,0.2439813859201974,-0.023872086495015987,-0.04690052494957336,0.24800050490920172,-0.14510950113181253,0.29118788801808837,0,0.0033624,1,Shared Control,0.01,Good Visuals,0.17375550812732907,0.07701347240483757,0.0,5.32413220032906,0.9969410712251024,-0.9038543074819373,0.3246172893012109,0.061076769427792235,0.2283989745077626,0.0018240026958362256,29.17025289736589,1.0084806215316156,0.8259908915113491,-0.008441408959887556
6175,25.0214868,-0.16901768476313087,0.24514490006076892,-0.02390818363131833,-0.04604298795731945,0.2763257348826401,-0.1440676848114273,0.2915166195053681,0,0.0035758,1,Shared Control,0.01,Good Visuals,0.17387260114115466,0.0766678698828376,0.0,5.324832525346347,0.9969555474034756,-0.9030498582255858,0.32542173855756246,0.05835913591389299,0.22636948992642303,0.0018384722745298093,29.17400910848865,1.0084414089598877,0.822365096674682,-0.008403527636858326
6176,25.025430000000004,-0.16791812733437442,0.24928207352691367,-0.02385044252294713,-0.04223454597845444,0.314844828871789,-0.14291745475571155,0.29188346754195993,0,0.0039432,1,Shared Control,0.01,Good Visuals,0.1732266981629662,0.07630944697516019,0.0,5.325508808604984,0.9969695207267207,-0.9022524016606044,0.3262191951225439,0.05541319176375172,0.20577931127433757,0.0018329895117809014,29.17763490332532,1.0084035276368584,0.8185963957896358,-0.00836424107763928
6177,25.0288827,-0.16728980880365646,0.2517442028791772,-0.02437235404794491,-0.040139264662782725,0.34123348328392833,-0.1419091083451664,0.2922087099929621,0,0.0034527000000000004,1,Shared Control,0.01,Good Visuals,0.1691396568368391,0.07602858671726818,0.0,5.326210958900973,0.9969840451927882,-0.9017578646033847,0.3267137321797635,0.0471342594332202,0.1382353758825039,0.00182001407903894,29.181403604210363,1.0083642410776392,0.8156689295247589,-0.00833345612244361
6178,25.032482100000003,-0.16603317174222057,0.25231933431692927,-0.02412406339705417,-0.039889375676032846,0.3636567621787309,-0.14085671576458708,0.292552042007168,0,0.0035994000000000004,1,Shared Control,0.01,Good Visuals,0.16984431036938302,0.07576397776426382,0.0,5.3267587880064085,0.9969953260552469,-0.901221756746252,0.3272498400368961,0.045203427622807914,0.15590422460016762,0.001852995633238142,29.184331070475242,1.0083334561224435,0.8128930490668926,-0.008304452464810621
6179,25.0358638,-0.16556193284418208,0.25455236753353194,-0.024705217079595,-0.03799967447363606,0.3966986838104421,-0.13986684120040543,0.2928787986101504,0,0.0033817,1,Shared Control,0.01,Good Visuals,0.16828550547563603,0.07551304898908978,0.0,5.3272765672677505,0.9970060237649472,-0.9008044497056086,0.3276671470775396,0.04182478634061465,0.11720461750974542,0.0018277350027981027,29.187106950933106,1.0083044524648106,0.8102600133726681,-0.008276948284763877
6180,25.0408356,-0.16351989761934874,0.25601782198532225,-0.023653056418943302,-0.03686097662482818,0.44500267274474997,-0.13840949676588052,0.2933669711550537,0,0.0049718,1,Shared Control,0.01,Good Visuals,0.16993399055196595,0.07503093883097742,0.0,5.32825261053322,0.9970261987963632,-0.89983816462953,0.3286334321536181,0.04008735223210661,0.13097584709724996,0.0018393700421404367,29.192342002140617,1.008249803522505,0.8051972331756855,-0.008224104426653578
6181,25.046329600000004,-0.16257741982327178,0.26129355925833286,-0.024167923057391266,-0.03207341189672086,0.47611373318993777,-0.1367962312226914,0.2939177510758273,0,0.005494000000000001,1,Shared Control,0.01,Good Visuals,0.16279202285936267,0.07486251271857806,0.0,5.328711505864751,0.9970356820691718,-0.8998157380679989,0.3286558587151493,0.029590711662765435,0.006511210269478651,0.0017747110293353926,29.194802766824314,1.0082241044266536,0.8034458615734057,-0.008205643323032473
6182,25.049866700000003,-0.16179202165987433,0.26014739840078493,-0.02499579043718292,-0.03377035267504236,0.4789849772806538,-0.13575597753593235,0.29427892747224005,0,0.0035371,1,Shared Control,0.01,Good Visuals,0.16077037267297947,0.07472108723615015,0.0,5.329039645373954,0.9970424305579897,-0.8998326036843761,0.328638993098772,0.02339137020542509,-0.004711592462088188,0.0018092714472655697,29.196554138426595,1.0082056433230324,0.8019665133315321,-0.008190141745227386
6183,25.0534846,-0.1608495438637974,0.25612349461271655,-0.025093566327865052,-0.0381554328595235,0.4788516572099862,-0.13469062926719486,0.2946538611676225,0,0.0036179000000000003,1,Shared Control,0.01,Good Visuals,0.16688113267866803,0.07454364056625294,0.0,5.3293159895746784,0.9970481313514747,-0.8994973325264102,0.328974264256738,0.02969722138364919,0.09800384623384728,0.0018677126377932725,29.198033486668468,1.0081901417452275,0.8000899855305496,-0.00817069190272063
6184,25.057722700000003,-0.15990706606772045,0.25121350829110173,-0.0252164368005256,-0.04344035287652076,0.4792263675827653,-0.13344091345973508,0.2951003213806892,0,0.0042381,1,Shared Control,0.01,Good Visuals,0.17178337127980592,0.07425400150030029,0.0,5.3296646056820745,0.9970553638301238,-0.8987832918841911,0.32968830489895706,0.036102690129251,0.15601307512215157,0.0018705657888698002,29.19991001446945,1.0081706919027207,0.7970115039916348,-0.008138944706676622
6185,25.0613908,-0.15865042900628457,0.2523435521499381,-0.025209515546549488,-0.04275676923075111,0.5079019916831606,-0.13235773729700218,0.29549317704480826,0,0.0036681,1,Shared Control,0.01,Good Visuals,0.17772248813966737,0.07398736522031509,0.0,5.330235072662709,0.9970672296571876,-0.8980143245446758,0.33045727223847243,0.043902397718290874,0.22292785397905557,0.0018724213360184552,29.202988496008366,1.0081389447066766,0.7942142282747015,-0.008109718834727019
6186,25.064922900000003,-0.1578650308428871,0.26278207293730865,-0.025507293545884935,-0.03271110410749961,0.5666771293329251,-0.13131334930670663,0.29587720070092016,0,0.0035321000000000003,1,Shared Control,0.01,Good Visuals,0.1770176317404518,0.07373395313528089,0.0,5.33075683797168,0.9970780095346516,-0.8973085110375292,0.331163085745619,0.04081345257366109,0.20010589338471196,0.0018651856337697681,29.2057857717253,1.008109718834727,0.7915522455781198,-0.008081942460303767
6187,25.0684477,-0.15676547341413066,0.27248850087000853,-0.025452124107424035,-0.02338869983091163,0.613118687136301,-0.13026975763067114,0.29626609505685797,0,0.0035248000000000002,1,Shared Control,0.01,Good Visuals,0.16860169453168208,0.0735845902258304,0.0,5.331253045023618,0.9970882681821177,-0.8969925720356249,0.3314790247475232,0.024501245477885826,0.09237712403270182,0.0018807535869201325,29.20844775442188,1.0080819424603038,0.7900108333352505,-0.0080655708650135
6188,25.0720087,-0.1561371548834127,0.27288097604553607,-0.025867397252741564,-0.023385119011321898,0.6312545003448297,-0.1292140459612777,0.29666476569217476,0,0.0035610000000000004,1,Shared Control,0.01,Good Visuals,0.15901983026744465,0.07353262492280145,0.0,5.331542962254636,0.9970942068893748,-0.8971285888302079,0.33134300795294025,0.007933769417005916,-0.03695405618034053,0.0018728841228217768,29.209989166664748,1.0080655708650135,0.7894917447345811,-0.008059874973620809
6189,25.0758647,-0.15503759745465628,0.2630259300511365,-0.025823551493378588,-0.033638835641038256,0.6216865136774231,-0.128069263837555,0.2971030351803797,0,0.003856,1,Shared Control,0.01,Good Visuals,0.16123292122778907,0.07346975576300678,0.0,5.331642238316444,0.9970962058594774,-0.8971084607293347,0.3313631360538134,0.00885585996722951,0.005127656002739345,0.00190209761991495,29.21050825526542,1.0080598749736207,0.788826711141556,-0.008052983915832874
6190,25.0795914,-0.15409511965857933,0.2560263762131369,-0.026025855821024346,-0.04107665896724283,0.6238725364833825,-0.12696125057949242,0.2975330959566067,0,0.0037267000000000003,1,Shared Control,0.01,Good Visuals,0.1712263695315947,0.07332702303026101,0.0,5.331765770453243,0.9970987689818498,-0.8966801238054061,0.33179147297774203,0.02330861495404127,0.12621531777370376,0.001897250021151954,29.211173288858443,1.008052983915833,0.787301875190445,-0.008037339050961234
6191,25.082962000000002,-0.15315264186250238,0.2580731285332285,-0.026191391283009957,-0.039459967423378206,0.6443188683575353,-0.12595772224129245,0.2979275291216389,0,0.0033706,1,Shared Control,0.01,Good Visuals,0.17972882998479334,0.07310141174154233,0.0,5.332047614968106,0.9971046466914211,-0.8958446015865984,0.33262699519654965,0.03447343054307888,0.23203794123739852,0.0019083985291705047,29.212698124809556,1.0080373390509612,0.7849042326531911,-0.008012609908194754
6192,25.0864794,-0.15236724369910495,0.2588104281960286,-0.0264095214578125,-0.03911710092561027,0.6426431427206599,-0.12490906002679705,0.2983446321414502,0,0.0035174000000000004,1,Shared Control,0.01,Good Visuals,0.17901146469473078,0.07290407404179697,0.0,5.332491949189832,0.997113888053762,-0.8951089635312147,0.33336263325193327,0.031522534693177125,0.2149605678755313,0.0019146276782631537,29.21509576734681,1.0080126099081947,0.7828357797939351,-0.007990979819656512
6193,25.0907875,-0.15126768627034853,0.25639484944060986,-0.02635862624355148,-0.04194978270084032,0.6272150186262566,-0.12362264779318012,0.2988630430992424,0,0.0043081000000000005,1,Shared Control,0.01,Good Visuals,0.17984327088296037,0.07266779094116281,0.0,5.332877943781143,0.9971218590291973,-0.8942228716567082,0.33424872512643977,0.03194131272249406,0.22094850252007703,0.0019253617077687885,29.217164220206065,1.0079909798196565,0.7803375269071211,-0.007965080944817076
6194,25.093816500000003,-0.15048228810695108,0.25355408423325065,-0.026859640313770958,-0.04530895886599173,0.6086189761402708,-0.12271683321117922,0.29923242840412156,0,0.003029,1,Shared Control,0.01,Good Visuals,0.18240902060550485,0.07243097837606466,0.0,5.333342112946661,0.997131487417997,-0.8933783155424804,0.33509328124066756,0.03610436209105411,0.23699520547418285,0.0019154231413626465,29.21966247309288,1.007965080944817,0.7778446211385032,-0.007939124035637275
6195,25.0974369,-0.14922565104551516,0.25698606409094127,-0.026508817834335938,-0.042246364313180296,0.6119595939695576,-0.12163268520076029,0.29967912777424555,0,0.0036204,1,Shared Control,0.01,Good Visuals,0.1884435438455092,0.07214751922069275,0.0,5.333806310671639,0.9971410945718808,-0.8922953766893303,0.3361762200938176,0.044213842818339615,0.31671361189426106,0.0019454700267556187,29.222155378861498,1.0079391240356372,0.774847051166969,-0.007908054216562758
6196,25.100868100000003,-0.1484402528821177,0.2683337834495453,-0.02680756768135742,-0.031345344324700264,0.6406819264092845,-0.12060369251846657,0.3001075839796401,0,0.0034312,1,Shared Control,0.01,Good Visuals,0.18353373648188226,0.0719008080288365,0.0,5.334363205208029,0.9971526472798866,-0.8914897729033846,0.3369818238797634,0.037291744962227154,0.22540046052034834,0.0019125454442205949,29.22515294883303,1.0079080542165628,0.7722597757427025,-0.007881012323756103
6197,25.104531400000003,-0.14734069545336131,0.2763878639046429,-0.02673700293489474,-0.023719720074997175,0.6533059018928808,-0.11950346243931466,0.3005703465454685,0,0.0036633000000000004,1,Shared Control,0.01,Good Visuals,0.1742706480916858,0.07176143185646869,0.0,5.3348458986749625,0.9971626175028016,-0.89112053190587,0.33735106487727795,0.021400751907405025,0.1062105558793498,0.0019274857775773214,29.227740224257296,1.007881012323756,0.7708220639471403,-0.007865735369822177
6198,25.108323000000002,-0.14639821765728436,0.27669498803719067,-0.026894755217969704,-0.023875358508277822,0.6532703779388801,-0.11836290303903947,0.30105491140864876,0,0.0037916000000000004,1,Shared Control,0.01,Good Visuals,0.16629757176828577,0.07168529999288863,0.0,5.335116376930682,0.9971681565170386,-0.8911372504015876,0.33733434638156035,0.009010574874974931,-0.0036986185827199147,0.0019186856141586522,29.22917793605286,1.0078657353698222,0.7700376181895686,-0.007857390593573427
6199,25.1123665,-0.1454557398612074,0.27008810678936573,-0.02709283682216794,-0.030966804619283028,0.6498258620591502,-0.11714453263896434,0.30157768002140495,0,0.0040435,1,Shared Control,0.01,Good Visuals,0.16729843976089045,0.07162279017406337,0.0,5.335264039888661,0.9971711786691864,-0.8910946700590436,0.3373769267241043,0.009653691326065883,0.01236398924009885,0.001927958596035465,29.22996238181043,1.0078573905935735,0.7693828177766603,-0.007850538922973006
6200,25.115889600000003,-0.14467034169780998,0.2603134163047235,-0.02752580905884565,-0.04126426371668146,0.6432501414609277,-0.1160812347437694,0.3020379861773978,0,0.0035231000000000004,1,Shared Control,0.01,Good Visuals,0.1754300328694097,0.07148380002601126,0.0,5.335386272727124,0.9971737019308211,-0.8906718295789329,0.33779976720421506,0.02056757396782508,0.11846594013133172,0.0019404645669342721,29.23061718222334,1.007850538922973,0.7678973044284614,-0.007835304280975102
6201,25.1194807,-0.14357078426905354,0.25572353867349706,-0.027489549525284138,-0.046314447503900735,0.6515131424669649,-0.11499573711327866,0.30251154618402765,0,0.0035911000000000003,1,Shared Control,0.01,Good Visuals,0.1880162550239574,0.07123535686439521,0.0,5.3356607910902385,0.997179427898135,-0.8896936310006033,0.3387779657825447,0.03753233740837287,0.2840380319781708,0.0019676494303166917,29.232102695571538,1.0078353042809751,0.7652498771889465,-0.007808072547812052
6202,25.124274900000003,-0.14184290830957913,0.25854825647861945,-0.026847171196300465,-0.04396328970540819,0.6770369866855789,-0.1135439082143469,0.30315017893664176,0,0.0047942,1,Shared Control,0.01,Good Visuals,0.19328042542588064,0.07066016411856954,0.0,5.336745064502398,0.9972019656988136,-0.8874180930172011,0.3410535037659468,0.04209372757551771,0.32596838019240537,0.001971202638130832,29.237950353771303,1.007774929254491,0.759183423026674,-0.007745025952889653
6203,25.129773900000004,-0.14011503235010475,0.28001688490713167,-0.02657112413575785,-0.023133294029510088,0.7686455523578847,-0.11187485251496468,0.30389091725023026,0,0.005499,1,Shared Control,0.01,Good Visuals,0.1818080791322869,0.07032913698484382,0.0,5.337665241046764,0.9972209610594601,-0.8864145260796739,0.3420570707034741,0.02369239943465135,0.13419735588282955,0.0019165385124068025,29.242879829641794,1.0077233511536765,0.7557329673426675,-0.007708742231024611
6204,25.135746100000002,-0.13854423602330987,0.27131463594591054,-0.02666938350834519,-0.03257628130431972,0.7235159826256099,-0.11005753114661099,0.3047040725765362,0,0.0059722,1,Shared Control,0.01,Good Visuals,0.1700274551088424,0.07032190197567356,0.0,5.337897504961798,0.9972256564178749,-0.8867672437395683,0.34170435304357955,0.0033862425855820896,-0.0087405097999107,0.0019312048495063467,29.244099001266054,1.0077100746765617,0.7556873800977083,-0.007707949205215911
6205,25.142400700000003,-0.13760175822723295,0.26109044429794537,-0.027544227080621958,-0.04361362827859083,0.6973312867626987,-0.10802680812501748,0.3056188657775829,0,0.0066546,1,Shared Control,0.01,Good Visuals,0.17484540316021663,0.07020671611421833,0.0,5.337936393427734,0.9972264801271732,-0.8866609603384163,0.3418106364447314,0.01360879533201199,0.02340064755980964,0.0018754417728254955,29.244312619902292,1.007707949205216,0.7544469530058132,-0.007695323739403523
6206,25.146419100000003,-0.136345121165797,0.25700819217938,-0.028318313040779516,-0.048610673598202925,0.6946288629045086,-0.10679759314692082,0.30617474367944897,0,0.0040184,1,Shared Control,0.01,Good Visuals,0.19052849591757437,0.06997746653413024,0.0,5.338164760585747,0.9972312617608217,-0.8858178570171594,0.3426537397659884,0.03492685718474176,0.24700533831100469,0.0019337897312347906,29.245553046994186,1.0076953237394035,0.7519993375976604,-0.007670195805303456
6207,25.149917300000002,-0.13555972300239957,0.26442866708705637,-0.028762129855478755,-0.0417460765923926,0.7275913820239013,-0.10572568383270489,0.30666024680377646,0,0.0034982000000000004,1,Shared Control,0.01,Good Visuals,0.19965717828582424,0.06965397162089058,0.0,5.338617314758409,0.9972406957833635,-0.8844766364050071,0.34399496037814076,0.045689399219437876,0.3743184985493968,0.0019816438031141728,29.24800066240234,1.0076701958053034,0.7485634736365184,-0.0076347376864337535
6208,25.1534152,-0.13461724520632262,0.2690477628888582,-0.02889156137361773,-0.03761248391491828,0.7360438996866695,-0.10465216630500467,0.3071467669046266,0,0.0034979000000000004,1,Shared Control,0.01,Good Visuals,0.1951997634818686,0.06940508996135257,0.0,5.339254254826106,0.9972539378881218,-0.8833991928620445,0.34507240392110333,0.036060708434872066,0.31350196198864366,0.002003396576709887,29.25143652636348,1.0076347376864339,0.7459599102780243,-0.007607457889728419
6209,25.1577522,-0.1333606081448867,0.27137755339467223,-0.02870844183988204,-0.03576921350995438,0.7415799238848965,-0.10331876104944032,0.3077508423479767,0,0.004337000000000001,1,Shared Control,0.01,Good Visuals,0.1917830184631387,0.06916371339245689,0.0,5.339740605639251,0.9972639701478504,-0.8823674227110125,0.3461041740721353,0.029966298207815142,0.2584724061906807,0.0020052214162598774,29.254040089721975,1.0076074578897285,0.7434161969272285,-0.00758100072232955
6210,25.1608145,-0.13257520998148925,0.2748982787756885,-0.02925644893204893,-0.03285256357228822,0.753028714853323,-0.10237568232085445,0.30817751936680426,0,0.0030623,1,Shared Control,0.01,Good Visuals,0.18898092200329206,0.06898062770134904,0.0,5.340214016284317,0.9972737727192025,-0.8816503175003182,0.3468212792828296,0.025527793791767023,0.20051034858916816,0.0019855824433576193,29.256583803072772,1.0075810007223296,0.7415009568037407,-0.007560932789472027
6211,25.164540700000003,-0.13163273218541233,0.2714394211673767,-0.029257049864557877,-0.03673809819942758,0.7344985916441094,-0.10122638438985623,0.30869636950206086,0,0.0037262000000000003,1,Shared Control,0.01,Good Visuals,0.1890094083361152,0.06881634342916401,0.0,5.340571790955327,0.9972811526259717,-0.8809303389141903,0.34754125786895756,0.023260425528097844,0.20836331137581188,0.0020181282116451976,29.25849904319626,1.0075609327894721,0.7397729340719351,-0.0075429256709265684
6212,25.167932200000003,-0.13084733402201487,0.2633156054367359,-0.02962094963215864,-0.045380764065324986,0.7050027059736035,-0.10017864086372977,0.30916785311571227,0,0.0033915000000000004,1,Shared Control,0.01,Good Visuals,0.1928972508610055,0.06860321883356496,0.0,5.3408937000991425,0.997287811606773,-0.8800593580718469,0.348412238711301,0.02939698043239534,0.24549885628937096,0.0020133631912035914,29.260227065928063,1.0075429256709265,0.7375114001837458,-0.007519565188472212
6213,25.171629000000003,-0.12959069696057895,0.2616459677444819,-0.029412056096849187,-0.047521885371230366,0.7010603534516029,-0.09903476119486301,0.3096804195590005,0,0.0036968,1,Shared Control,0.01,Good Visuals,0.20347284588348086,0.06828171502721116,0.0,5.34131313924912,0.9972965274680514,-0.878751681744218,0.3497199150389298,0.04488715795048536,0.37745023167233804,0.0020320924896729846,29.262488599816255,1.0075195651884723,0.7340904358976713,-0.007484325313852269
6214,25.1755366,-0.12864821916450203,0.2702497901108758,-0.029613457969639018,-0.0394306294481247,0.7283998041354257,-0.09782359884377147,0.3102200364739045,0,0.003907600000000001,1,Shared Control,0.01,Good Visuals,0.20451167506015133,0.06790290333052795,0.0,5.341946741952167,0.9973097121303536,-0.8773108587585714,0.3511607380245765,0.04651740593078273,0.36313808645983126,0.0020083056327694047,29.26590956410233,1.0074843253138523,0.7300781907119286,-0.007442803949464459
6215,25.178901800000002,-0.12786282100110458,0.2722898870421928,-0.03003922215733311,-0.03793014943171169,0.7251473573337296,-0.09677886769373767,0.31068241944199526,0,0.0033652,1,Shared Control,0.01,Good Visuals,0.19754073181268045,0.06765187707121355,0.0,5.342691575427675,0.9973251746017671,-0.8763828172265467,0.3520887795566012,0.03412641929295739,0.2608983531597968,0.002010839773795051,29.26992180928807,1.0074428039494645,0.7274630038517411,-0.007415289084228872
6216,25.182487400000003,-0.12660618393966866,0.27010359115579163,-0.02982731624593099,-0.04057882828620363,0.7203532405889523,-0.0956640058299793,0.3111721522310251,0,0.0035856000000000004,1,Shared Control,0.01,Good Visuals,0.19833407992794894,0.06740604335479339,0.0,5.343181124659625,0.9973352508282578,-0.8754493695185243,0.3530222272646236,0.034049430170736125,0.27122492678476373,0.002032209764702774,29.272536996148258,1.007415289084229,0.724868971763389,-0.007388343371074647
6217,25.1859144,-0.1258207857762712,0.2753406007006063,-0.0301567799462919,-0.03583155153041884,0.7496647877239722,-0.0945968215655206,0.31163686458939466,0,0.0034270000000000004,1,Shared Control,0.01,Good Visuals,0.19985824540956343,0.06713563315006725,0.0,5.343663592393513,0.9973452471798993,-0.8744947366994574,0.35397686008369045,0.03643118297546329,0.26785432633748574,0.0020105413720303577,29.27513102823661,1.0073883433710746,0.7220076704710632,-0.007358703841084089
6218,25.190841000000002,-0.12362167091875835,0.27315823282625806,-0.02902484935323775,-0.038478631763136595,0.741873015860539,-0.09305987899416392,0.3122981029932384,0,0.004926600000000001,1,Shared Control,0.01,Good Visuals,0.19819025711233032,0.0666636038061484,0.0,5.3446331494945625,0.9973653296863124,-0.8727764954081383,0.3556951013750095,0.03069589457774568,0.23476137824525312,0.0020261913554623532,29.28034246666411,1.0073341789842798,0.7170290496066485,-0.007306964936076137
6219,25.196735200000003,-0.12267919312268141,0.281480334312231,-0.029619314128517496,-0.030817768681007385,0.7723599998696536,-0.0912168298744028,0.31307658641265124,0,0.0058942000000000005,1,Shared Control,0.01,Good Visuals,0.1935189812250094,0.0664985919340623,0.0,5.345121220673272,0.9973754590967567,-0.8724166083281317,0.35605498845501604,0.02677819562846271,0.11838390789689468,0.001934901057817384,29.282970950393352,1.0073069649360762,0.7153081325125107,-0.007288878065662176
6220,25.200050100000002,-0.12189379495928396,0.28793202813288105,-0.030676965084881158,-0.02514455827977019,0.7789250456662239,-0.09017829679917193,0.31350736248180233,0,0.0033149000000000004,1,Shared Control,0.01,Good Visuals,0.189065451744645,0.06637480292841721,0.0,5.345443197314674,0.9973820897090988,-0.872147596490714,0.3563240002924338,0.016907076119117206,0.07603930053075647,0.001969642683599091,29.28469186748749,1.0072888780656621,0.7140110920374061,-0.0072753096134322215
6221,25.203488300000004,-0.12095131716320703,0.2823674142623498,-0.030773020364035106,-0.03113994821945254,0.7440588730423419,-0.08909963625571493,0.3139481048094427,0,0.0034382,1,Shared Control,0.01,Good Visuals,0.18906825895038454,0.06627452908126921,0.0,5.34568529674032,0.9973870874357775,-0.871781608262121,0.35668998852102674,0.01368240763629431,0.1070704547987209,0.0020361775119509228,29.285988907962594,1.0072753096134321,0.7129578645212031,-0.0072643186461984885
6222,25.207721600000003,-0.11969468010177112,0.27719632960067236,-0.030595043846056186,-0.03675177520877032,0.7244155344834114,-0.08776946707390043,0.3144814279856947,0,0.004233300000000001,1,Shared Control,0.01,Good Visuals,0.1955676333496824,0.06606577035707728,0.0,5.345881644633948,0.9973911458285171,-0.8710418019361723,0.35742979484697546,0.024216861429967873,0.18451336225183024,0.0020394674330347345,29.287042135478796,1.0072643186461985,0.7107242641938762,-0.0072414367047690074
6223,25.2108366,-0.11890928193837366,0.27601453040614743,-0.03113981486447323,-0.03846689757954724,0.7116483985100955,-0.08678925576154095,0.3148666646586947,0,0.003115,1,Shared Control,0.01,Good Visuals,0.2002263169586036,0.06582346995347599,0.0,5.346294197514515,0.9973997545289652,-0.8702438810150285,0.35822771576811935,0.031815220734890265,0.22387097276917123,0.0020212851407982583,29.289275735806125,1.007241436704769,0.7081560001417956,-0.0072148782763009015
6224,25.2144723,-0.11796680414229672,0.2703545497159096,-0.031177548380755774,-0.044512114942785064,0.6713163672207109,-0.08564369009763378,0.31530789315930763,0,0.0036357000000000004,1,Shared Control,0.01,Good Visuals,0.20486470775215337,0.06554232191786666,0.0,5.346770799808019,0.9974096518706507,-0.869250833376506,0.3592207634066419,0.03748673854025053,0.28791500348570165,0.0020497306680884587,29.291843999858205,1.0072148782763009,0.7051753419265184,-0.0071840617779306976
6225,25.217916300000002,-0.11702432634621979,0.26467902780922725,-0.031380636248586,-0.050628865350080376,0.6340092508694182,-0.08455706285630771,0.31571686624716155,0,0.003444,1,Shared Control,0.01,Good Visuals,0.21111377314694918,0.06517001845181859,0.0,5.347323873919222,0.9974211384323043,-0.8679995110701909,0.36047208571295697,0.048117216149301104,0.3519102048245335,0.002043448912581357,29.29482465807348,1.0071840617779306,0.7012175223673419,-0.007143253777512606
6226,25.2215212,-0.11592476891746335,0.26651190107143985,-0.031367706061155645,-0.049204965175721704,0.6218393709491526,-0.08341817849897587,0.3161348637726683,0,0.0036049000000000003,1,Shared Control,0.01,Good Visuals,0.2183245123711221,0.06471814095070826,0.0,5.348057263765115,0.99743639110057,-0.8665086447786771,0.36196295200447076,0.05956561051753777,0.4301651253718619,0.0020450766433501573,29.29878247763266,1.0071432537775127,0.6964210853857355,-0.00709372370611688
6227,25.225424800000003,-0.11466813185602744,0.2774928538222331,-0.031249953357051566,-0.03864200995043521,0.634824391760611,-0.08218325099479737,0.3165750104920604,0,0.0039036,1,Shared Control,0.01,Good Visuals,0.21686392120931344,0.06421931181773138,0.0,5.348946731608576,0.9974548751363189,-0.8649738415850886,0.36349775519805916,0.05769381741213847,0.3884495946922142,0.0020300596221662567,29.303578914614263,1.0070937237061168,0.6911354761175557,-0.007039047289366979
6228,25.2288764,-0.11403981332530949,0.2832375844229852,-0.03185656233051212,-0.03333742606907519,0.6212553458559117,-0.08108990577437236,0.316952624279524,0,0.0034516000000000004,1,Shared Control,0.01,Good Visuals,0.2057294416260677,0.06389875190134675,0.0,5.349927771878165,0.997475243671845,-0.864179236942038,0.36429235984110975,0.04081795464249477,0.22078484108101515,0.002006850498926056,29.308864523882445,1.0070390472893669,0.6877904652652852,-0.007003910874063881
6229,25.232559300000002,-0.11278317626387357,0.2789345980219199,-0.03169327048950121,-0.03801802625760409,0.5843659737453812,-0.07992187834636083,0.31734277321149695,0,0.0036829000000000002,1,Shared Control,0.01,Good Visuals,0.20370392613790292,0.06361695020463705,0.0,5.35055344432582,0.997488131420207,-0.8634817155633637,0.364989881219784,0.03696423506654373,0.20359643277123607,0.0020355945727871826,29.312209534734716,1.0070039108740638,0.6848189004231893,-0.0069730227282208766
6230,25.235898000000002,-0.11199777810047612,0.27797941578538415,-0.03207589975411529,-0.0393633574261128,0.5778817281404613,-0.07886179247522042,0.31768438268758004,0,0.0033387,1,Shared Control,0.01,Good Visuals,0.20751702566979716,0.06326660759485483,0.0,5.3511063313611125,0.9974995817754174,-0.8626488851310021,0.3658227116521455,0.04429060995330957,0.23301170397894566,0.0020162292105526916,29.31518109957681,1.006973022728221,0.6810953525656948,-0.006934621846493328
6231,25.240843700000003,-0.10995574287564276,0.28394209905324547,-0.031093950400422343,-0.03374228363433457,0.5773250188615601,-0.07728941368990919,0.31816792740989736,0,0.0049457,1,Shared Control,0.01,Good Visuals,0.20750689071696155,0.06255186424914233,0.0,5.352555487540554,0.9975296966059336,-0.8609525914648184,0.36751900531832915,0.043227742857892,0.20896658487265185,0.00200459796146235,29.32299586041513,1.0068923302966395,0.6735373842063203,-0.006856279178722143
6232,25.246290400000003,-0.10869910581420685,0.2882461274431983,-0.03140969212429766,-0.02992179996669908,0.5783130591379955,-0.07555507241545559,0.31866716099716125,0,0.0054467000000000005,1,Shared Control,0.01,Good Visuals,0.20011153634640133,0.062297111573486746,0.0,5.353200655162605,0.9975430547627987,-0.8606858611694783,0.36778573561366923,0.034358393733731715,0.07813524777810121,0.0019449845644167831,29.32646261579368,1.0068562791787221,0.6708588070902539,-0.006828355862818012
6233,25.249881300000002,-0.1077566280181299,0.2950278050184495,-0.032201555602674306,-0.02363935597871175,0.5917662568908897,-0.07441021118088169,0.3189758918970375,0,0.0035909,1,Shared Control,0.01,Good Visuals,0.19800665377603108,0.062058952844312995,0.0,5.353699760934865,0.9975533755442666,-0.8604863757077744,0.3679852210753731,0.03007006908981729,0.05527444214572341,0.0019567330947562393,29.329141192909745,1.006828355862818,0.6683413156410658,-0.006802251401253746
6234,25.253452300000003,-0.10681415022205296,0.29690067892066785,-0.03240393904117127,-0.022075212976369663,0.5882140823533637,-0.07327062531233072,0.31926588672851447,0,0.0035710000000000004,1,Shared Control,0.01,Good Visuals,0.19599427412836673,0.06187249543281812,0.0,5.354167593191867,0.9975630762275564,-0.860310861409555,0.3681607353735925,0.024259458008632443,0.05139209950204293,0.001998394820659888,29.331658684358935,1.0068022514012538,0.6663796256036973,-0.006781813895777348
6235,25.2577311,-0.10555751316061704,0.2908814549476867,-0.032286887848286316,-0.02838443178082778,0.5624997943135468,-0.07190384796506048,0.3195898631036731,0,0.0042788,1,Shared Control,0.01,Good Visuals,0.1955295454143286,0.06163377282652339,0.0,5.3545330082280165,0.9975706347812574,-0.8600944438165826,0.3683771529665649,0.02296874788474627,0.047159049262909036,0.002004912570330186,29.333620374396304,1.0067818138957774,0.6638388639953244,-0.006755647627918252
6236,25.261366900000002,-0.10430087609918114,0.2900873705409635,-0.03239702813412065,-0.029502492562709592,0.5650696879281359,-0.07074141505671568,0.31984403470365086,0,0.0036358000000000002,1,Shared Control,0.01,Good Visuals,0.20121215250265964,0.06138313200297751,0.0,5.355003547315698,0.9975804258455564,-0.8597256806042739,0.3687459161788736,0.03226764135308735,0.10709898126994721,0.0019899627109167175,29.336161136004677,1.0067556476279182,0.6611816681370796,-0.006728175010108321
6237,25.264999000000003,-0.10351547793578367,0.29409959360410287,-0.03277406287906799,-0.025744441099547988,0.5765781357722809,-0.06957927899955971,0.32007765627178697,0,0.0036321,1,Shared Control,0.01,Good Visuals,0.20293358576703102,0.061110641347052165,0.0,5.355496617516796,0.9975906650800055,-0.8592878901901884,0.3691837065929591,0.033865231079366544,0.12315125997511567,0.0019886310544609044,29.33881833186292,1.0067281750101083,0.658290176542688,-0.006698307442881611
6238,25.268519400000002,-0.10225884087434776,0.29556076787670854,-0.03267956187478806,-0.02451688839507843,0.5735578789566792,-0.06845210861596354,0.32028391457461003,0,0.0035204000000000004,1,Shared Control,0.01,Good Visuals,0.2012216605773639,0.06087797124824769,0.0,5.356032917203259,0.9976018072125572,-0.8589252982903621,0.3695462984927853,0.029644160306123945,0.10580137720702121,0.0020028440020884598,29.34170982345731,1.0066983074428817,0.6558349632596389,-0.006672804587401709
6239,25.2721844,-0.10131636307827083,0.2981483353363782,-0.032864254462307285,-0.02213557923823184,0.5825037059663158,-0.0672779078603819,0.32047667224691845,0,0.0036650000000000003,1,Shared Control,0.01,Good Visuals,0.199506056704821,0.06065094107099584,0.0,5.356489578043899,0.997611267520712,-0.8586615509919914,0.36981004579115606,0.027147327951246428,0.07202471350139605,0.0019894654282186786,29.34416503674036,1.0066728045874016,0.6534308041434851,-0.006647919920958617
6240,25.275755900000004,-0.10037388528219389,0.29451987579873806,-0.03309597742181199,-0.025956796448180386,0.5684340021076248,-0.06613302330737764,0.32064209595623083,0,0.0035715,1,Shared Control,0.01,Good Visuals,0.19813461455366915,0.060436190816425435,0.0,5.356935950941839,0.9976205314516285,-0.8584502466731431,0.37002135011000437,0.023961668422640626,0.05415421175537061,0.0019932479607356114,29.346569195856514,1.0066479199209586,0.6511581398053802,-0.006624381250821276
6241,25.2795057,-0.09911724822075796,0.2880902411646224,-0.03298422491338032,-0.03255185479160844,0.5512440427462877,-0.06493039225706883,0.3207910383939828,0,0.0037498,1,Shared Control,0.01,Good Visuals,0.20320226130841457,0.06018825316409414,0.0,5.357358046080635,0.9976292885935997,-0.8580415058465455,0.370430090936602,0.03109800931431978,0.11856151605442067,0.002000194806720737,29.34884186019462,1.0066243812508213,0.6485226705553411,-0.006597204926283136
6242,25.283031200000003,-0.09833185005736052,0.2881007870635915,-0.03340145780029169,-0.03269025133039133,0.5588706799378069,-0.06379923191593034,0.32090709831857783,0,0.0035255000000000004,1,Shared Control,0.01,Good Visuals,0.2091994264073913,0.0598577477267026,0.0,5.357846441747292,0.9976394441835581,-0.8574049999953336,0.37106659678781384,0.04042147960743648,0.1793529970446759,0.001985262879507956,29.35147732944466,1.0065972049262832,0.6450001912999547,-0.006560978387297559
6243,25.2864854,-0.0970752129959246,0.28947567323458423,-0.03327598107999426,-0.0314314250839936,0.5608520974504433,-0.06269059176622044,0.3209974753425575,0,0.0034542,1,Shared Control,0.01,Good Visuals,0.2115951842808795,0.059519260547429516,0.0,5.358498346021922,0.997653018133129,-0.8566790947329879,0.37179250205015957,0.04221060315284014,0.21119087115842738,0.0019993360347139626,29.354999808700047,1.0065609783872975,0.6414102607758106,-0.0065238769734968305
6244,25.290895900000002,-0.09487609813841175,0.30912253939383183,-0.03218550637219131,-0.011874935948725684,0.6303983998833168,-0.06127464006773233,0.3210780718900008,0,0.0044105,1,Shared Control,0.01,Good Visuals,0.20101280084689097,0.05898141197152424,0.0,5.359879609608258,0.9976817155495425,-0.8558861400392979,0.3725854567438496,0.025287943766739162,0.04119351292458351,0.00195971842737636,29.362447310393847,1.0064840581642498,0.6357453417023091,-0.006464923654734069
6245,25.2967237,-0.0940906999750143,0.3118916341287134,-0.03281605990728197,-0.009186437761287414,0.6354613813499321,-0.059403297549645906,0.32112216256314186,0,0.0058278,1,Shared Control,0.01,Good Visuals,0.1843688529956325,0.05897288677993841,0.0,5.360219033228475,0.9976886777724165,-0.8565000112082496,0.3719715855748978,0.0012463503938366445,-0.20195787898136608,0.001898346610850334,29.36425465829769,1.006464923654734,0.6356929816996669,-0.006463989212663218
6246,25.299908600000002,-0.09314822217893737,0.302828017828902,-0.03374492462929146,-0.018294144734239848,0.603237535529687,-0.05838056094126745,0.32111503633053956,0,0.0031849,1,Shared Control,0.01,Good Visuals,0.18506691094424527,0.0589700259981682,0.0,5.360232296609546,0.9976888778784201,-0.8571000455059278,0.3713715512772196,0.0003484591128679879,-0.1676963465744863,0.0019352577854758158,29.364307018300334,1.0064639892126632,0.6356635397407961,-0.0064636756437756815
6247,25.3035387,-0.09189158511750145,0.2951158058212965,-0.033511024176234,-0.025999230509243076,0.5848646790437331,-0.05721493748875285,0.32107903148132205,0,0.0036301000000000003,1,Shared Control,0.01,Good Visuals,0.1991326888035379,0.0588102958736505,0.0,5.360237842706021,0.9976889912861926,-0.8569604053071364,0.37151119147601097,0.019791459164674854,0.040810181720019933,0.001989939082695544,29.364336460259203,1.0064636756437757,0.6339329978661046,-0.0064461677031236895
6248,25.307712000000002,-0.09063494805606552,0.29814601409654695,-0.03342001056731267,-0.0229330173847751,0.6053951643524226,-0.055875129366156365,0.3209998223010111,0,0.0041733000000000004,1,Shared Control,0.01,Good Visuals,0.20557702450061544,0.058487296647276386,0.0,5.360555502172712,0.9976956610327256,-0.8564769985961739,0.37199459818697345,0.030150583511111956,0.10566035954677977,0.0019707932468333764,29.366067002133896,1.0064461677031238,0.6304695635686366,-0.0064107639162483444
6249,25.3114281,-0.0893783109946296,0.30566000414852795,-0.03350318162847324,-0.015339818152483142,0.6384413437859882,-0.05468244778502403,0.3208941975155479,0,0.0037161000000000004,1,Shared Control,0.01,Good Visuals,0.20205165617380613,0.058297194169101105,0.0,5.361194539060469,0.9977090079814915,-0.8563193231034918,0.3721522736796555,0.023890426573308962,0.046279862835940655,0.001954646072005528,29.369530436431365,1.0064107639162483,0.6284837608918553,-0.006389926876799843
6250,25.3148832,-0.08859291283123216,0.3094058302693427,-0.033910465046208135,-0.011488367246205167,0.6599712085637537,-0.05357394005332039,0.32076546272204637,0,0.0034551,1,Shared Control,0.01,Good Visuals,0.19493430468959796,0.05820107289696452,0.0,5.361565793209466,0.9977166583434751,-0.856490304703318,0.3719812920798293,0.0114878907750072,-0.04785915015008735,0.001953141484677765,29.371516239108146,1.0063899268767997,0.6274851280312689,-0.006379391071277606
6251,25.3184973,-0.08749335540247574,0.3035473891141404,-0.03391941534915535,-0.017218073607905948,0.6517854711135964,-0.05241495326799157,0.32059847407796355,0,0.0036141000000000003,1,Shared Control,0.01,Good Visuals,0.19328171753204026,0.05814466912539383,0.0,5.36175300779921,0.9977205053616292,-0.8566868863867092,0.371784710396438,0.0069096788616115476,-0.05709107059833496,0.0019736254481243273,29.372514871968733,1.0063793910712775,0.626895511688842,-0.006373208681523701
6252,25.3220832,-0.0863937979737193,0.2973324772777216,-0.03397884470572773,-0.02326599680024194,0.6518996620578285,-0.0512656662555975,0.3203992719219159,0,0.0035859000000000004,1,Shared Control,0.01,Good Visuals,0.19905012910596181,0.05801143358901936,0.0,5.3618631990293055,0.9977227768876558,-0.8566444274800604,0.37182716930308685,0.015301705431533467,0.01156130882200479,0.001972233182403443,29.373104488311157,1.0063732086815238,0.6254640681948441,-0.006358604799690993
6253,25.325880400000003,-0.08513716091228338,0.2981670125987246,-0.033871494656685874,-0.02223225932319134,0.6719497755618085,-0.05004950521429674,0.32015099449932044,0,0.0037972,1,Shared Control,0.01,Good Visuals,0.20541202584400448,0.05778883732309181,0.0,5.362127057098499,0.9977282932589561,-0.8563087200553201,0.3721628767278271,0.023990987361633805,0.08591360837883233,0.001971161493077926,29.374535931805156,1.006358604799691,0.6230817261359832,-0.006334206132094746
6254,25.3296412,-0.08419468311620645,0.30010459884859797,-0.03414517790190971,-0.02004639565072247,0.6802181732698563,-0.04884600447509298,0.31986627811014295,0,0.0037608000000000003,1,Shared Control,0.01,Good Visuals,0.20382011905175013,0.057620770258408,0.0,5.362567038777956,0.9977374736954381,-0.8561326065603966,0.3723389902227506,0.020618157219148715,0.051142262435675434,0.0019573942946051934,29.376918273864018,1.0063342061320948,0.621310639838644,-0.0063157843835177415
6255,25.332998500000002,-0.08325220532012952,0.296398022745843,-0.03440620084503654,-0.023468255364299972,0.6618927213240686,-0.04777259126531817,0.31957868360225117,0,0.0033573,1,Shared Control,0.01,Good Visuals,0.20311823842001955,0.05746421457887335,0.0,5.362896687819424,0.9977442974464154,-0.8559793074562448,0.37249228932690226,0.01842048182791526,0.04304461845108687,0.001967471451318409,29.378689360161356,1.0063157843835178,0.6196514280235359,-0.006298624392224296
6256,25.336522100000003,-0.0819955682586936,0.29387589129426006,-0.034222976993375426,-0.025702792307991107,0.6532468051891988,-0.04664710616613657,0.319242156621022,0,0.0035236000000000004,1,Shared Control,0.01,Good Visuals,0.20794296362188888,0.05725414734056728,0.0,5.363204628648277,0.9977506905437206,-0.8556262435090887,0.3728453532740585,0.025581259725623157,0.10337108685586438,0.0019771253082029932,29.380348571976462,1.0062986243922243,0.6174094534401772,-0.00627559902520417
6257,25.3408687,-0.07995353303386023,0.30437387346961503,-0.03330642686772366,-0.01486828315140698,0.6918880512890302,-0.04526047898612244,0.3187769437315789,0,0.0043466,1,Shared Control,0.01,Good Visuals,0.20337144499791426,0.056855643303804104,0.0,5.364149357294619,0.9977703700584699,-0.8551725194754147,0.37329907730773243,0.018317046684670414,0.01666564867807674,0.0019516906509721367,29.385455697990785,1.0062461517433838,0.6131968891488353,-0.0062319191930729715
6258,25.3466962,-0.07885397560510381,0.3101499403516068,-0.03359349661898137,-0.008627003379972076,0.723918018467761,-0.043404833265273904,0.31806403401755734,0,0.0058275,1,Shared Control,0.01,Good Visuals,0.19350427626604125,0.056818710645880524,0.0,5.36440211435969,0.9977755604993451,-0.8556011878154299,0.3728704089677172,0.005230887576018365,-0.14136272919640858,0.0018936583257155336,29.386803110851165,1.0062319191930729,0.6128251889273661,-0.00622787102254159
6259,25.3499222,-0.07791149780902687,0.3169775345060152,-0.034506664543752966,-0.0010864995115421605,0.7658372321140651,-0.04237945922502585,0.3176243004335298,0,0.003226,1,Shared Control,0.01,Good Visuals,0.1888192291019719,0.056851449432957786,0.0,5.364472941437783,0.9977769918519027,-0.856289737534612,0.3721818592485352,-0.0038899882129779504,-0.1921551974945035,0.001908739163977268,29.387174811072633,1.0062278710225416,0.613188211631869,-0.006231459504945255
6260,25.353516300000003,-0.07665486074759094,0.3189755100695767,-0.034275401522565085,0.0013512096360469017,0.7913350234432545,-0.041238823373928674,0.3170956660056505,0,0.0035941000000000002,1,Shared Control,0.01,Good Visuals,0.1861918777471371,0.056949292118078296,0.0,5.364407064571953,0.9977755924394667,-0.8569543676027861,0.3715172291803611,-0.01184745526260893,-0.19416028400399865,0.001961753894409209,29.38681178836813,1.0062314595049453,0.6142415917939322,-0.006242183993700859
6261,25.357788300000003,-0.07571238295151402,0.31486550999999097,-0.03447355957758534,-0.0022301560056595116,0.8095836479688489,-0.03988562733865756,0.31641317685882325,0,0.004272000000000001,1,Shared Control,0.01,Good Visuals,0.18251235918186676,0.05714801559263855,0.0,5.364213095237497,0.997771533027554,-0.8580850306807388,0.3703865661024084,-0.018082343024698223,-0.24655205694688354,0.0019519598537729847,29.38575840820607,1.0062421839937008,0.6163741629039132,-0.006263965976337283
6262,25.3614235,-0.0744557458900781,0.30564932745344964,-0.03457011855142054,-0.010763849405373616,0.8310631753774971,-0.03873653031054136,0.31578518051321264,0,0.0036352000000000003,1,Shared Control,0.01,Good Visuals,0.18713512825478892,0.05725421584801005,0.0,5.363819770032197,0.9977633149909785,-0.8586800642790035,0.36979153250414376,-0.01296803995476129,-0.17512835102117652,0.0019700955202736014,29.383625837096087,1.0062639659763373,0.6174806349988645,-0.006275606534271391
6263,25.364893400000003,-0.07351326809400116,0.30089784407128617,-0.0347767377834598,-0.014887336441926469,0.8775570945144164,-0.03764188718821937,0.3151444472297294,0,0.0034699,1,Shared Control,0.01,Good Visuals,0.1961604528255395,0.05726784440341621,0.0,5.363612634595147,0.9977590524749137,-0.8589017356181051,0.3695698611650421,-0.0015756883301368393,-0.06193839981604521,0.001979285029434328,29.382519365001137,1.0062756065342713,0.6176046735989982,-0.006277100353549025
6264,25.368503,-0.07225663103256524,0.3030152690703901,-0.034614743844345874,-0.012129178159339282,0.9350296619199562,-0.03650560986595802,0.31443437269542884,0,0.0036096,1,Shared Control,0.01,Good Visuals,0.20138205093926578,0.05724402007467407,0.0,5.363587709141953,0.9977585754034383,-0.8588860991739133,0.36958549760923387,0.0028663574099005522,0.004573129443072421,0.001991588808241581,29.382395326401003,1.0062771003535491,0.6173435228231039,-0.006274488980553791
6265,25.3720481,-0.07147123286916779,0.30390756070982267,-0.03496562300320977,-0.010526811985606177,0.9740153158384347,-0.035392209642334936,0.3136930444559677,0,0.0035451000000000002,1,Shared Control,0.01,Good Visuals,0.19776286811583013,0.057289490249429226,0.0,5.363635369379702,0.997759582001021,-0.8590892356495685,0.3693823611335787,-0.005118646162891092,-0.055333953217070686,0.001981487091505436,29.382656477176894,1.0062744889805537,0.6178419580841837,-0.006279472944120167
6266,25.3758237,-0.07021459580773187,0.29754652947184246,-0.034822386165396936,-0.016146514984125226,0.9814091236751472,-0.0342093966283202,0.3128548360673304,0,0.0037756,1,Shared Control,0.01,Good Visuals,0.19804287895351813,0.05736162582355789,0.0,5.363544405712412,0.9977576607965157,-0.859267705081012,0.3692038917021352,-0.0075259065065287,-0.04551282264644341,0.0020031627181076044,29.382158041915815,1.0062794729441202,0.618613610694147,-0.006287379689041047
6267,25.3795667,-0.06895795874629596,0.2969899800331526,-0.03474856211797576,-0.01586485603417781,1.0087964987419948,-0.03304001463389413,0.31197349743961417,0,0.0037430000000000002,1,Shared Control,0.01,Good Visuals,0.2028767116608939,0.05736786519289072,0.0,5.363401857803365,0.9977546872558525,-0.8592598884655901,0.3692117083175571,-0.000746597366645455,0.0022765735902008366,0.001997468685502938,29.381386389305852,1.006287379689041,0.618664901464316,-0.006288063583255211
6268,25.383006400000003,-0.0681725605828985,0.3024491482575424,-0.03513254594900437,-0.00952434918207179,1.0421132171436316,-0.03196837714791717,0.3111186707860192,0,0.0034397000000000004,1,Shared Control,0.01,Good Visuals,0.20219935505619405,0.057393994322604426,0.0,5.363390953505142,0.9977544902538237,-0.859328705669149,0.36914289111399823,-0.003011279521113631,-0.019263038085062245,0.0019934508272308224,29.381335098535683,1.0062880635832552,0.6189469304550673,-0.006290927584355172
6269,25.386627100000002,-0.06691592352146258,0.3021998402428284,-0.03494754637354541,-0.008918830543190759,1.044495887155192,-0.030843609405597317,0.31017171537147165,0,0.0036207,1,Shared Control,0.01,Good Visuals,0.19793070872912902,0.05749134386070488,0.0,5.363339087109221,0.9977534033570603,-0.859560660150592,0.36891093663255525,-0.011576240464880167,-0.06774371537470536,0.002016397142735796,29.381053069544933,1.0062909275843552,0.6199963980160204,-0.006301598019507639
6270,25.3909017,-0.06471680866394973,0.30882003348926546,-0.033873199258352416,-0.0013516818822061905,1.1029928777949034,-0.029520249311580905,0.3089905681953862,0,0.0042746,1,Shared Control,0.01,Good Visuals,0.19420409640318792,0.05775179208235851,0.0,5.362885899811416,0.997743940228009,-0.8603602778867367,0.3681113188964104,-0.017524009483544083,-0.13187787201952705,0.002015238639988032,29.378597390516145,1.0063160396956163,0.6227678123833661,-0.006330145621416777
6271,25.3970111,-0.06298893270447535,0.3076754206847905,-0.033468683392894445,-0.0013151475105956933,1.1261992296408152,-0.027637955171098322,0.3071815943692542,0,0.0061094,1,Shared Control,0.01,Good Visuals,0.18053078901355266,0.05832890251585255,0.0,5.3621528840940025,0.9977286608820066,-0.8624103532746935,0.3660612435084537,-0.039629371487448925,-0.3170732026352949,0.001995651603981556,29.37463228264659,1.0063567280651808,0.6289392465715372,-0.0063934024131444955
6272,25.4034611,-0.061732295643039434,0.3007106649466783,-0.03409434047194111,-0.006470929422575877,1.1124306245057223,-0.025663212869468977,0.3051143682476711,0,0.00645,1,Shared Control,0.01,Good Visuals,0.18075423410842298,0.05862532940957008,0.0,5.361492405820533,0.9977148981662985,-0.8635568609514522,0.3649147358316949,-0.03692199392502489,-0.33419059572646104,0.0019521915709580732,29.371060753428463,1.0063934024131445,0.6320754460846548,-0.006425893619662559
6273,25.407780100000004,-0.06047565858160352,0.30545597719858253,-0.03481244571213454,0.00034160895091145393,1.1404760823937181,-0.024348585210649136,0.30363804167243014,0,0.004319,1,Shared Control,0.01,Good Visuals,0.18923274991554878,0.05886368103228365,0.0,5.360909842832029,0.997702814085598,-0.864393551497971,0.3640780452851762,-0.025037785839079958,-0.20950784918839394,0.0019987919411695847,29.367924553915344,1.0064258936196626,0.6345907070072593,-0.006452019224193172
6274,25.4110657,-0.05984734005088556,0.3039880109823907,-0.03549875484023642,0.00034996930996056275,1.1275859836345157,-0.02335286759475291,0.30246475019597285,0,0.0032856,1,Shared Control,0.01,Good Visuals,0.1862692757356628,0.059140894447747165,0.0,5.360442014897543,0.9976931227758079,-0.8652158644206028,0.3632557323625444,-0.031795819208521724,-0.22956168801312526,0.0020491887003527783,29.36540929299274,1.0064520192241933,0.637540316188729,-0.006482404450777862
6275,25.4145603,-0.05859070298944964,0.29082580694903,-0.03523783539469673,-0.011638943246942868,1.0776141356979967,-0.022298124367864346,0.3011686877711445,0,0.0034946,1,Shared Control,0.01,Good Visuals,0.18992046450141242,0.059371419230479894,0.0,5.359895673910809,0.9976817568103741,-0.8657759275055706,0.3626956692775766,-0.026930701434335725,-0.16237948594350904,0.002099428113032876,29.36245968381127,1.0064824044507779,0.6399741915962298,-0.00650767215921473
6276,25.4179466,-0.057648225193372704,0.28584325552254647,-0.03535010082550836,-0.015325432248598059,1.068353647561137,-0.021280470850849487,0.2998649934851023,0,0.0033863,1,Shared Control,0.01,Good Visuals,0.20046702589753043,0.05944499842271419,0.0,5.359443098154785,0.9976723789385847,-0.8659337714430945,0.3625378253400528,-0.008427576650756583,-0.044533330753812495,0.0020921202979931825,29.36002580840377,1.0065076721592148,0.6407178808703519,-0.006515737138408537
6277,25.421557200000002,-0.05639158813193679,0.29175719588152815,-0.0351111172810873,-0.008107797603574163,1.082446730282257,-0.020200365889630544,0.2984226263092778,0,0.0036106000000000003,1,Shared Control,0.01,Good Visuals,0.2047415721542554,0.059459996948200984,0.0,5.3593017041799405,0.9976695149054874,-0.8659242539632009,0.36254734281994627,-0.0017650079582544485,0.0027673528417873072,0.002101386687815132,29.35928211912965,1.0065157371384086,0.6408636171871354,-0.006517381119435179
6278,25.4255096,-0.05529203070318035,0.3012206079145848,-0.035091664813549805,0.0027979816053070317,1.0982250545270227,-0.01902410243153116,0.2967812210331096,0,0.0039524,1,Shared Control,0.01,Good Visuals,0.19625897564235553,0.05959621913061374,0.0,5.359273422777294,0.997668953926768,-0.866421572556822,0.36205002422632526,-0.0138520616059878,-0.12413103874326925,0.002087706926381378,29.359136382812864,1.0065173811194352,0.642336575904084,-0.006532312366076152
6279,25.428911600000003,-0.054506632539782905,0.3002622553305573,-0.035482530108251746,0.0034810342974476716,1.0782434018566969,-0.01801693181439463,0.29531561083511854,0,0.003402,1,Shared Control,0.01,Good Visuals,0.18526488585829942,0.05986054787224197,0.0,5.35900278185023,0.9976632769762251,-0.867385896998036,0.36108569978511124,-0.029970461451153833,-0.26824791822138283,0.002091330545886362,29.357663424095914,1.006532312366076,0.6451689703324122,-0.006561285309877557
6280,25.4327064,-0.05340707511102648,0.2886369391345909,-0.03539014329663184,-0.006678671700527661,1.0340943017916926,-0.016899460876265367,0.29362266231850076,0,0.0037948,1,Shared Control,0.01,Good Visuals,0.18665956591910335,0.06009048073879732,0.0,5.358480002043308,0.997652361658584,-0.8681969680227155,0.36027462876043176,-0.02724298912975528,-0.2383820317068701,0.0021240036921732707,29.354831029667587,1.0065612853098775,0.6475981445794479,-0.006586488138672367
6281,25.4359202,-0.05230751768227006,0.2850030702473261,-0.03540805680600469,-0.008619592071174687,1.0289554319324141,-0.015958185962895537,0.2921406115223591,0,0.0032138,1,Shared Control,0.01,Good Visuals,0.1962843246296635,0.06018414447337008,0.0,5.358028447569802,0.99764300170825,-0.8686411497478574,0.3598304470352898,-0.010570048292339713,-0.12401768068514962,0.002126610724109533,29.352401855420553,1.0065864881386724,0.648558847607927,-0.006596754574706867
6282,25.440847,-0.050422562090116176,0.2924666300829416,-0.03446437612722064,0.00032601856058250833,1.023852146902989,-0.01452463481064713,0.2897818926388744,0,0.0049268,1,Shared Control,0.01,Good Visuals,0.19031789466679197,0.06040085317692548,0.0,5.3577267054694735,0.9976368144311646,-0.8697761865774121,0.3586954102057351,-0.018361230167890378,-0.220177110572219,0.002123648157090547,29.350795694402372,1.0066035042270434,0.6508707912628091,-0.006620507909477463
6283,25.4463748,-0.04932300466135975,0.28764404783453285,-0.03479836985071262,-0.0021378448043415377,0.9852871137764775,-0.012930379668897183,0.28700940105031314,0,0.0055278,1,Shared Control,0.01,Good Visuals,0.18431487498914684,0.06060279672890417,0.0,5.357419508536972,0.9976303919623257,-0.8708536174854586,0.3576179792976885,-0.02439281300956432,-0.3135986576379082,0.0020816777222945897,29.349129208737192,1.0066205079094774,0.6530219099060285,-0.006642642843221307
6284,25.450005700000002,-0.0485376064979623,0.2815040270544092,-0.035607226829065114,-0.0055053739959039505,0.9477291556692984,-0.011891698486070888,0.2851151783107754,0,0.0036309000000000003,1,Shared Control,0.01,Good Visuals,0.18854836951734188,0.06074405936170517,0.0,5.35702129405715,0.9976221025337508,-0.8717614114383417,0.3567101853448054,-0.016256346433548736,-0.25416299042000245,0.0021088785345599642,29.346978090093973,1.0066426428432214,0.6545042797239906,-0.006658126571158612
6285,25.453522800000002,-0.047280969436526384,0.2789749924856912,-0.03538927095045549,-0.006140185825084188,0.9221194902577758,-0.010892228360611104,0.28322466290547094,0,0.0035171000000000004,1,Shared Control,0.01,Good Visuals,0.19623107856143035,0.06077869087080731,0.0,5.356744801819625,0.9976163911316092,-0.8722403198618323,0.3562312769213149,-0.00405499753069053,-0.13958682080227014,0.0021629275002104324,29.34549572027601,1.0066581265711587,0.654845922031167,-0.006661922513895651
6286,25.457686900000002,-0.046181412007769956,0.28306970018562594,-0.035289183647158856,-0.00015496271984499765,0.9232524780305,-0.009717634172823227,0.280915164980004,0,0.0041641000000000004,1,Shared Control,0.01,Good Visuals,0.19569450743602848,0.06080640133362463,0.0,5.356679027213656,0.9976150758040073,-0.8729899167129554,0.35548168007019165,-0.002441081283097833,-0.1633713687255065,0.0021509135592409755,29.345154077968832,1.0066619225138957,0.655138167931473,-0.006664959844141963
6287,25.461432700000003,-0.04508185457901353,0.28706164568729775,-0.035364220406190305,0.006146480707293733,0.931344498565952,-0.008669377610357083,0.27877137170565397,0,0.0037458,1,Shared Control,0.01,Good Visuals,0.18918550415145102,0.060899694266820265,0.0,5.356624655035395,0.9976139497463317,-0.8738595539859052,0.3546120427972419,-0.011033742168379893,-0.2537531069854331,0.0021458082635851246,29.344861832068528,1.006664959844142,0.6561423803493264,-0.006675185636819275
6288,25.4649642,-0.0439822971502571,0.29155068409258744,-0.03531291953990002,0.012779312386933472,0.9507888704411167,-0.007688550812024176,0.27669246305876893,0,0.0035315000000000004,1,Shared Control,0.01,Good Visuals,0.1832945239494003,0.06106972405357971,0.0,5.356439725818699,0.9976100794800269,-0.8750391088607821,0.3534324879223651,-0.01932929996517312,-0.3315218872616148,0.002153670210721436,29.343857619650674,1.0066751856368192,0.6579621031267406,-0.006693822518400904
6289,25.468552600000002,-0.042882739721500675,0.2996473369644098,-0.035194188909476495,0.022954873905640882,0.9840708457281182,-0.006699543673568422,0.2745224143696327,0,0.0035884000000000003,1,Shared Control,0.01,Good Visuals,0.1763909761547363,0.0613198114650317,0.0,5.35610365401632,0.9976030666518263,-0.8764855510078154,0.3519860457753317,-0.029470779219841474,-0.42074645035585956,0.002156550251827957,29.342037896873258,1.006693822518401,0.6606306517810034,-0.006721234476982496
6290,25.4721052,-0.042254421190782716,0.29768294329835515,-0.0355548775172143,0.023160528928722446,0.9753474193089956,-0.005728176611838758,0.2723165880658971,0,0.0035526000000000004,1,Shared Control,0.01,Good Visuals,0.1655867363995143,0.06173307646931212,0.0,5.355610081702968,0.9975927829344132,-0.8785283275584426,0.34994326922470465,-0.04578634688391917,-0.556584532348938,0.0021581010285938083,29.339369348218998,1.0067212344769825,0.6650475461575425,-0.006766532251527739
6291,25.475851900000002,-0.0409977841293468,0.2830258240148224,-0.035269607517508045,0.01070923594892531,0.9270712268420792,-0.0047123424917111,0.26992815738114717,0,0.0037467000000000004,1,Shared Control,0.01,Good Visuals,0.16728465548839438,0.06214747382811358,0.0,5.354793802128535,0.9975757612155018,-0.8805175770969841,0.3479540196861632,-0.04290503663346028,-0.5116777371045811,0.0021949119726272165,29.334952453842458,1.0067665322515278,0.669436123848672,-0.0068119541428969775
6292,25.4795076,-0.039741147067910876,0.2803739871898983,-0.03502880457619978,0.01044582980875114,0.9264312444441435,-0.0037299198014723554,0.26753615303136913,0,0.0036557000000000004,1,Shared Control,0.01,Good Visuals,0.17814964555090718,0.06234719667958773,0.0,5.353979018846751,0.9975588502989872,-0.8818157589661167,0.34665583781703047,-0.023517575573724185,-0.3768854315960788,0.002191917010122169,29.330563876151327,1.006811954142897,0.6714983387466521,-0.00683384566674706
6293,25.482990400000002,-0.03911282853719292,0.2865313873030978,-0.03538290873572056,0.018995234271728667,0.932133805283917,-0.0028021959669941275,0.26520059142140406,0,0.0034828000000000003,1,Shared Control,0.01,Good Visuals,0.17710965331455006,0.06255441183856139,0.0,5.353591210853047,0.997550906157052,-0.8832408235138867,0.3452307732692605,-0.023719966578095695,-0.39945747659985065,0.0021839477683631703,29.32850166125335,1.0068338456667472,0.6736945532784765,-0.006856558418749591
6294,25.4865014,-0.03785619147575701,0.28492325503545185,-0.035053995508762884,0.019722663614047786,0.8981843528596172,-0.001875291917808563,0.2627900486091107,0,0.0035110000000000002,1,Shared Control,0.01,Good Visuals,0.1704626553029372,0.06283697841705961,0.0,5.3531836266158415,0.9975424431256739,-0.8848430025180744,0.3436285942650728,-0.0334208329938705,-0.46859670796048136,0.0022133570451004954,29.326305446721523,1.0068565584187497,0.6767042538730191,-0.006887530402910505
6295,25.4908055,-0.03675663404700058,0.2874145387130205,-0.034881342129192014,0.02462449010390977,0.8977119458467295,-0.0007507117818914763,0.25975810334026994,0,0.0043041,1,Shared Control,0.01,Good Visuals,0.16795697852848077,0.06316685776383874,0.0,5.352626458075097,0.9975308446145157,-0.8868718327849311,0.3415997639982161,-0.03371087500929101,-0.5079186528281374,0.002202687159215838,29.32329574612698,1.0068875304029106,0.6802072402001362,-0.006923688316410952
6296,25.4938748,-0.03612831551628262,0.2846659432212415,-0.035377603734391146,0.02490783988097156,0.8768164538976909,4.3177276264228653e-05,0.25754423710703633,0,0.0030693,1,Shared Control,0.01,Good Visuals,0.16212078419380427,0.06352316001494787,0.0,5.351976982589764,0.9975173455295195,-0.8889394730767575,0.33953212370638974,-0.04085237856144009,-0.5777952471220855,0.002203344776886468,29.319792759799864,1.006923688316411,0.6839841723810196,-0.006962742431503051
6297,25.497494000000003,-0.03502875808752619,0.27051087976727595,-0.03507193536379041,0.012966642660239613,0.8193156608546716,0.0009704753008288602,0.25487837513705713,0,0.0036192000000000004,1,Shared Control,0.01,Good Visuals,0.16446968551842814,0.0638323054280965,0.0,5.351276099373814,0.9975027909793942,-0.890747729203293,0.3377238675798541,-0.036307569518872464,-0.5249386380630021,0.002247297182965146,29.31601582761898,1.006962742431503,0.6872431440268701,-0.006996627708701603
6298,25.500961600000004,-0.03408628029144925,0.2643635864926229,-0.03505675559227811,0.009485211355565792,0.8013625604860201,0.0018497815820740122,0.2522680106418043,0,0.0034676000000000004,1,Shared Control,0.01,Good Visuals,0.17472424068717704,0.06398275469015206,0.0,5.350669649432517,0.9974902331793205,-0.8921761340664415,0.3362954627167057,-0.017160479962749917,-0.3994309060564458,0.002238722490095928,29.31275685597313,1.0069966277087017,0.6887949601131056,-0.007013118378568406
6299,25.5046424,-0.03314380249537231,0.26599997465623304,-0.03499358407744632,0.013731964014428721,0.7944864173123191,0.00277313857865958,0.249437069661155,0,0.0036808,1,Shared Control,0.01,Good Visuals,0.1781055333983034,0.06407070331218853,0.0,5.350377672247143,0.9974842551605112,-0.8934103286624749,0.3350612681206722,-0.010396173192204365,-0.3575406576185449,0.0022430277932933467,29.311205039886893,1.0070131183785684,0.6897099759163278,-0.007022758383919234
6300,25.508280300000003,-0.032044245066615885,0.26591068396294115,-0.034817383645275465,0.01647361430178615,0.7694203243375336,0.003675384226897588,0.24657841684843068,0,0.0036379000000000003,1,Shared Control,0.01,Good Visuals,0.17352552324418602,0.06424265335148235,0.0,5.350206264031322,0.997480729885519,-0.8953084492073732,0.33316314757577403,-0.015538407026132016,-0.41956687553010363,0.0022420635432561877,29.310290024083674,1.0070227583839193,0.6915500112678261,-0.007041605743439886
6301,25.5124025,-0.03078760800517997,0.27001029895036543,-0.034462992232077556,0.023431882101934753,0.7674194704237803,0.004685029950256776,0.2432664204693993,0,0.0041222,1,Shared Control,0.01,Good Visuals,0.16983635576004563,0.06439393448101953,0.0,5.349866424533978,0.9974736383229759,-0.8969124131265428,0.3315591836566045,-0.018097046364986095,-0.4669472836010411,0.0022367611081290026,29.308449988732175,1.00704160574344,0.6931444748452403,-0.007058187593893585
6302,25.5160771,-0.03015928947446201,0.2764504151411683,-0.034844319424718787,0.033183994671768996,0.7737362219535537,0.005573411640080753,0.2402490400514271,0,0.0036746,1,Shared Control,0.01,Good Visuals,0.16098963786987702,0.06464299615893969,0.0,5.349569687852689,0.9974674943255163,-0.8990208054638631,0.3294507913192841,-0.028921720801744398,-0.5896116606505573,0.002219207663812287,29.30685552515476,1.0070581875938935,0.6958031425200878,-0.007085487122325545
6303,25.519541800000002,-0.029059732045705583,0.27449689185560244,-0.034633143685786336,0.03424785180417533,0.7496460591931969,0.006400792647606355,0.23734807160372495,0,0.0034647000000000002,1,Shared Control,0.01,Good Visuals,0.15328536822891908,0.06497598110533014,0.0,5.349078050813492,0.9974572479526579,-0.9013128740374262,0.32715872274572094,-0.039844956004227404,-0.6674243123764381,0.002252441206732964,29.304196857479912,1.0070854871223256,0.6993450668417874,-0.007121985439077089
6304,25.524289000000003,-0.027331856086231197,0.2672067999819936,-0.03373264873383755,0.02985872837826864,0.7257801069736997,0.007517928475373295,0.23328545997508304,0,0.0047472,1,Shared Control,0.01,Good Visuals,0.1514221162368698,0.06563374920910658,0.0,5.347658653941152,0.9974277420069296,-0.9060940299648641,0.32237756681828306,-0.0375514957229255,-0.675818773060409,0.002256233202908488,29.296540431769547,1.00716450198206,0.706281562932608,-0.007194083078507745
6305,25.5297793,-0.025761059759436305,0.2676864706911193,-0.0332789882348096,0.03440101071603624,0.7320565532822564,0.008785553338151,0.22846099301405573,0,0.0054903,1,Shared Control,0.01,Good Visuals,0.14858115843118957,0.06616746398826304,0.0,5.346614651511427,0.9974061575958039,-0.9102791629166661,0.31819243386648105,-0.038533474370031136,-0.7062808237570999,0.0022343863126293474,29.290938865252937,1.0072229266149346,0.7119219981166418,-0.00725258329383517
6306,25.535819500000002,-0.024347343065320895,0.25343031025173146,-0.0331328964034719,0.02496931723767573,0.6506448001268439,0.01014908740058791,0.22299848708571293,0,0.006040200000000001,1,Shared Control,0.01,Good Visuals,0.14596926925353493,0.06675721461452912,0.0,5.345462773913466,0.997382249501291,-0.9147564459115762,0.3137151508715709,-0.03871207555186876,-0.717871294789711,0.0022445400348774357,29.28473491161203,1.0072871469073468,0.7181529369273252,-0.00731722557089667
6307,25.542390100000002,-0.023090706003884978,0.2480915008375144,-0.03323979340447289,0.02509301375180148,0.6119254396329007,0.011594303789426651,0.2168739559749765,0,0.0065706,1,Shared Control,0.01,Good Visuals,0.15218916791590945,0.06699428787775198,0.0,5.344924925790231,0.9973711214280341,-0.9172655821582274,0.3112060146249197,-0.025826921803133455,-0.6328850947513482,0.0022118598760075335,29.281847063072675,1.0073172255708966,0.720647112934973,-0.007343211055070133
6308,25.545809900000002,-0.02261946710584651,0.24464782523488518,-0.03421377089527316,0.027773869259908684,0.5612361484956486,0.012330405992020293,0.21361190071821406,0,0.0034198,1,Shared Control,0.01,Good Visuals,0.15262195125716155,0.0671718853407616,0.0,5.344460333725686,0.9973615103320844,-0.919518112918361,0.30895348386478605,-0.021266592868199676,-0.626520946828812,0.0022268762883362585,29.279352887065027,1.0073432110550702,0.7225070156707729,-0.007362677425936025
6309,25.549575800000003,-0.021676989309769572,0.23480633371048093,-0.03400739530178987,0.021194432992266865,0.48030716841046117,0.013127992354704167,0.2099613443615122,0,0.0037659000000000004,1,Shared Control,0.01,Good Visuals,0.15514187163076892,0.06729102026111687,0.0,5.344113086503676,0.9973543437566404,-0.9214748538738764,0.3069967429092707,-0.014524838691407882,-0.5702456593563352,0.002298203495652375,29.27749298432923,1.007362677425936,0.7237497253710194,-0.007375735746158699
6310,25.5530189,-0.020734511513692634,0.23104327248824796,-0.0338625038683968,0.02108192812673576,0.43165664243108637,0.013845087428715678,0.20657061189582154,0,0.0034431,1,Shared Control,0.01,Good Visuals,0.1605932018477903,0.06729620769239017,0.0,5.343880604815726,0.997349555586537,-0.9232773675135498,0.30519422926959733,-0.0006096868685468343,-0.5035094945873866,0.0022883923262805527,29.276250274628982,1.0073757357461588,0.7237745776998067,-0.007376304337957794
6311,25.5574498,-0.019792033717615697,0.23707506043069013,-0.03363712114633138,0.030504448534868583,0.4124584588560035,0.014750580875189236,0.20213321653567,0,0.004430900000000001,1,Shared Control,0.01,Good Visuals,0.15993087675591983,0.06726978857040768,0.0,5.343873185504426,0.9973494613038192,-0.9253454118213992,0.3031261849617479,0.00278844929498323,-0.5165719907701956,0.0022788180933119967,29.276225422300193,1.0073763043379578,0.7234876631262148,-0.0073734085509473985
6312,25.5604532,-0.018849555921538756,0.24364782741945984,-0.03360013679672799,0.041514610883789826,0.38800542495654794,0.015353090068066459,0.1990785959245624,0,0.0030034000000000003,1,Shared Control,0.01,Good Visuals,0.14933065005433863,0.06734749589357021,0.0,5.343925787393201,0.9973505673585467,-0.927587037777734,0.30088455900541305,-0.009639553771250274,-0.6534019169075866,0.002262762027630901,29.276512336873786,1.0073734085509474,0.7243357252471495,-0.007381926012548726
6313,25.564116600000002,-0.01806415775814131,0.24687586873019451,-0.033417247826207766,0.04779727280563212,0.3608735941422506,0.016075494032089757,0.1953020626019269,0,0.0036634000000000002,1,Shared Control,0.01,Good Visuals,0.13814694101519917,0.06755817251067392,0.0,5.343770684293948,0.9973472978784296,-0.9307510123858779,0.29772058439726923,-0.022573384912920807,-0.7950883570748983,0.0022628850749410357,29.27566427475285,1.0073819260125487,0.7265948701670071,-0.007405018173280156
6314,25.567941200000003,-0.01743583922742335,0.23865417661001095,-0.03351133325951311,0.04335211400808406,0.3032229987558968,0.016814813316073696,0.1913006001185081,0,0.0038246,1,Shared Control,0.01,Good Visuals,0.1308901161430432,0.06780679692191095,0.0,5.343353879676633,0.9973385902390327,-0.9338516569583246,0.29461993982482243,-0.029943637831946788,-0.8705763062799792,0.002257608193474887,29.273405129832994,1.00740501817328,0.7292291845110863,-0.007432269773125318
6315,25.5715928,-0.016493361431346415,0.22657182289357575,-0.03330817474742011,0.03527122277506764,0.2472573517735962,0.01750630653037263,0.18742482409982533,0,0.0036516,1,Shared Control,0.01,Good Visuals,0.13581023120547825,0.06795427899681995,0.0,5.342864933759747,0.9973284380606814,-0.9365439908727393,0.2919276059104077,-0.018441186628736603,-0.7873472479645434,0.0022722961689102855,29.270770815488913,1.0074322697731253,0.7307588527360492,-0.007448435211063439
6316,25.575563700000004,-0.015707963267948963,0.22273522621742647,-0.033214269798321594,0.03531040211760114,0.22555962998437856,0.018242084328244392,0.1831496478081022,0,0.0039709,1,Shared Control,0.01,Good Visuals,0.1427747340957773,0.06798590405348182,0.0,5.342577943557442,0.9973225446216165,-0.9393338705793609,0.289137726203786,-0.0033876748594210285,-0.6951585245612419,0.002263432999661019,29.26924114726395,1.0074484352110635,0.7310620660878582,-0.0074519016180222
6317,25.579135800000003,-0.015079644737231005,0.21784563489388642,-0.0333217290654754,0.034695987085784225,0.189170900649946,0.018889364385979282,0.179250733485825,0,0.0035721000000000004,1,Shared Control,0.01,Good Visuals,0.14223203845395482,0.06799643891125205,0.0,5.342518695063143,0.9973213776825107,-0.9418203823842937,0.2866512143988533,-0.0012643779374584497,-0.6922167548043558,0.0022581021597151505,29.26893793391214,1.0074519016180221,0.7311680078667777,-0.007453056338618426
6318,25.5825822,-0.014137166941154067,0.21245460100889263,-0.033026531327133346,0.03320386752306764,0.15332670643854746,0.019500584144082365,0.17544205221405673,0,0.0034464,1,Shared Control,0.01,Good Visuals,0.14341825213860537,0.06796534522790669,0.0,5.34249850220439,0.9973209696845642,-0.944097739965449,0.284373856817698,0.003910716440382691,-0.6665566882735208,0.00226575891481789,29.268831992133222,1.0074530563386184,0.7308287983157402,-0.00744964817522842
6319,25.5860464,-0.013665928043115599,0.21077659461708206,-0.03316651218719796,0.03533454240302533,0.13225385080880056,0.020101653242965464,0.17156790408245373,0,0.0034642,1,Shared Control,0.01,Good Visuals,0.14333128667614553,0.0678999370729498,0.0,5.342560552486306,0.9973222774318212,-0.9465077112288197,0.28196388555432733,0.007901057332683143,-0.6715443651937143,0.0022446596033288933,29.26917120168426,1.0074496481752284,0.7301294520989988,-0.007442478819425316
6320,25.5909401,-0.012252211349000192,0.20466815453473236,-0.03235386459196565,0.03310025045227863,0.07271533666547957,0.020927712245131277,0.16601823190815213,0,0.0048937,1,Shared Control,0.01,Good Visuals,0.13936399521303466,0.06776475957105879,0.0,5.342822203621721,0.9973277181175009,-0.9513462463584884,0.2771253504246587,0.008511852936040502,-0.7123181477373064,0.002226608330176374,29.27058291024946,1.0074350853976053,0.7287021867584045,-0.00742766207970425
6321,25.5963886,-0.011309733552923255,0.20319879292348758,-0.03223744579805453,0.037180561015335456,0.04909712563055846,0.02181519667361728,0.1597358370013925,0,0.0054485,1,Shared Control,0.01,Good Visuals,0.13985335880976285,0.06767368613357629,0.0,5.342955144090678,0.9973304730937689,-0.9537098105093212,0.27476178627382586,0.011750422751213348,-0.6891661274879934,0.0021924518552691448,29.271297813241596,1.0074276620797042,0.7277346666888447,-0.0074176795648641025
6322,25.60002,-0.010838494654884786,0.20286783765936917,-0.032653691328502064,0.04313200065797668,0.029865548143235512,0.022387565448597595,0.15548950025920627,0,0.0036314000000000003,1,Shared Control,0.01,Good Visuals,0.1351675631956754,0.06760300675834738,0.0,5.343134484658108,0.9973342018672551,-0.9564163350422141,0.272055261740933,0.008761471744099669,-0.7552740429448523,0.00218162678868572,29.272265333311154,1.0074176795648642,0.7269940798769713,-0.007409932433190825
6323,25.6035292,-0.010053096491487338,0.19987192026708178,-0.032440661940084936,0.04438242000787551,0.0026527451128727578,0.02292594473462276,0.15134213820772546,0,0.0035092,1,Shared Control,0.01,Good Visuals,0.13146043541517757,0.06755531059029697,0.0,5.343272715954733,0.9973370555362753,-0.9590989041146762,0.26937269266847086,0.006162467593517752,-0.7899202215730581,0.002207487715565714,29.27300592012303,1.0074099324331909,0.7264966157789148,-0.007404704479590493
6324,25.6077766,-0.009110618695410399,0.19856624037989293,-0.03203656343003316,0.047224102172167465,-0.01002944610427698,0.023557996490403098,0.14626586559063742,0,0.0042474,1,Shared Control,0.01,Good Visuals,0.12907800590021695,0.06748866932301695,0.0,5.343365785139157,0.9973389722742568,-0.9628670939740148,0.26560450280913234,0.0063843695439116405,-0.8173061184987591,0.0021915389931172636,29.273503384221087,1.0074047044795904,0.7257880135773503,-0.007397399962950096
6325,25.611456800000003,-0.008482300164692442,0.20002665642961814,-0.03204029665509554,0.05376079083898072,-0.010545407363329375,0.02408811453233252,0.14181865152504022,0,0.0036802000000000002,1,Shared Control,0.01,Good Visuals,0.12408871643398303,0.06747030722858131,0.0,5.343497073303705,0.9973417032132839,-0.9658394166883286,0.26263218009481853,0.0024029344784803172,-0.8694561265763219,0.0021621050355753652,29.27421198642265,1.0073973999629502,0.7256070207791713,-0.007395387302779724
6326,25.614979700000003,-0.008011061266653971,0.19412103222738084,-0.03209917579898649,0.05230238070234061,-0.04164671319605889,0.02458016753386289,0.13752010680231028,0,0.0035229000000000003,1,Shared Control,0.01,Good Visuals,0.11759043208972876,0.06750927529260531,0.0,5.34353193095044,0.9973424000493258,-0.9692157574694862,0.259255839313661,-0.004871562816251994,-0.9429802488919347,0.0021617686590141823,29.274392979220828,1.0073953873027797,0.7260334385732529,-0.007399658573176058
6327,25.6185329,-0.007225663103256524,0.18492382206929253,-0.03180583063711941,0.047403715266982255,-0.07625449616731979,0.025061042148985416,0.13314457045292352,0,0.0035532000000000003,1,Shared Control,0.01,Good Visuals,0.11935717488161854,0.06750080102752232,0.0,5.343454045935631,0.997340756045939,-0.9722959227224209,0.2561756740607262,0.0011050465033940263,-0.899108311324293,0.002166992095679513,29.273966561426747,1.0073996585731761,0.7259312148481775,-0.00739872971313422
6328,25.6221889,-0.0067544242052180545,0.1796932316040205,-0.03181546635420347,0.04654866115109699,-0.0935122575743044,0.025539526568435354,0.12860158098929697,0,0.0036560000000000004,1,Shared Control,0.01,Good Visuals,0.12267588508000137,0.06741770838869181,0.0,5.343471860453151,0.9973411506147255,-0.975418839396506,0.2530527573866412,0.01019467614498986,-0.8502822571566704,0.0021469190453512707,29.274068785151822,1.0073987297131342,0.7250344027468046,-0.007389621969722295
6329,25.625888300000003,-0.006126105674500096,0.17270778409744497,-0.03166563224293545,0.044106203108148,-0.12593794764170702,0.026006709013408336,0.12396365434353543,0,0.0036994000000000003,1,Shared Control,0.01,Good Visuals,0.12358524019568755,0.06729440221384546,0.0,5.343636786315415,0.9973446075649463,-0.9786185145868713,0.24985308219627586,0.014263659989053757,-0.8216936801143577,0.0021449258329179254,29.274965597253196,1.0073896219697223,0.723722222935339,-0.007376106440339516
6330,25.629583500000003,-0.005497787143782138,0.1659997517473541,-0.031504496157190476,0.04203609740381867,-0.15906937452267458,0.026456158495619213,0.11929104409163016,0,0.0036952,1,Shared Control,0.01,Good Visuals,0.1252280258113024,0.06713790777985078,0.0,5.3438798061843675,0.9973496647154044,-0.9813251766019039,0.24714642018124328,0.02063693068694762,-0.7888383116788826,0.0021309197925118116,29.27627777706466,1.0073761064403395,0.7220613178894816,-0.007358953162139685
6331,25.6330348,-0.005026548245743669,0.16291085881347464,-0.03148270674136288,0.04361981472184448,-0.1823619442232946,0.026860285851547587,0.11489190564483566,0,0.0034513,1,Shared Control,0.01,Good Visuals,0.1264409880594894,0.06692930578709289,0.0,5.344187824494231,0.997356065617658,-0.9840770580607521,0.24439453872239508,0.02650152439451586,-0.7688752644095409,0.0021151459576521175,29.27793868211052,1.0073589531621396,0.7198450941516084,-0.007336088399965862
6332,25.636535100000003,-0.004241150082346221,0.16333063610001713,-0.031101435933893806,0.048438730455181475,-0.1968239639099039,0.027254584779110684,0.11039694943560881,0,0.0035003,1,Shared Control,0.01,Good Visuals,0.12475757149193092,0.0667243141539208,0.0,5.344598615033557,0.9973646067248845,-0.986740613601086,0.24173098318206113,0.027356883451921103,-0.781101331476235,0.002107115706498047,29.28015490584839,1.0073360883999658,0.7176814881315293,-0.007313619367536516
6333,25.640840400000002,-0.0037699111843077513,0.16735198922978733,-0.031024495963418434,0.05695503979417853,-0.19480003189592382,0.027717897032560838,0.10482383050134862,0,0.004305300000000001,1,Shared Control,0.01,Good Visuals,0.11792572629454395,0.06654329165826965,0.0,5.3450009787603285,0.9973729443151054,-0.9902205125812649,0.2382510842018823,0.02090040189325222,-0.8718273782234314,0.0020752219818911716,29.28231851186847,1.0073136193675365,0.7157759277514881,-0.007293777580521667
6334,25.6439333,-0.0032986722862692825,0.1642024066174475,-0.03101656931883012,0.05937857611609888,-0.21442885820390545,0.028035876260610163,0.10079101946554053,0,0.0030929,1,Shared Control,0.01,Good Visuals,0.10903113636091107,0.06646620253696492,0.0,5.345355828051307,0.9973802872368133,-0.9936863881322927,0.2347852086508545,0.009959544382441168,-0.9683651060400075,0.0020644720834445624,29.284224072248513,1.0072937775805217,0.714988762278493,-0.007285327879722943
6335,25.647536300000002,-0.002670353755551324,0.1566684627685893,-0.030706230016161486,0.05587744330304878,-0.23683953181666043,0.028390519228783752,0.0960636131892322,0,0.0036030000000000003,1,Shared Control,0.01,Good Visuals,0.10657601556835045,0.06639292748077809,0.0,5.345504694816525,0.997383319309696,-0.9970691890008847,0.23140240778226256,0.009874094784830957,-0.9852913723216593,0.0020615535783471747,29.285011237721505,1.007285327879723,0.7142154319216927,-0.007277296236732217
6336,25.6509916,-0.0021991148575128553,0.1536228523276621,-0.030589634086296606,0.05755923913842989,-0.238426419413235,0.028714573759293788,0.09150136336907141,0,0.0034553,1,Shared Control,0.01,Good Visuals,0.10841331653221076,0.06626755085586773,0.0,5.345648516272009,0.9973862993647223,-1.0005109414331455,0.22796065535000185,0.016150657380035068,-0.9491085768581512,0.002038676502671101,29.285784568078306,1.0072772962367322,0.7128774581157336,-0.007263553766332814
6337,25.6546212,-0.001727875959474386,0.15007027187423116,-0.030442449718768173,0.05856890850515975,-0.25039659960112365,0.029037946219851153,0.0866800976808367,0,0.0036296,1,Shared Control,0.01,Good Visuals,0.1061199081238815,0.06615660695883993,0.0,5.345895965722386,0.9973914560077268,-1.0038097018294156,0.2246618949537317,0.015188343400212443,-0.9629168066641753,0.0020271001324760453,29.287122541884266,1.0072635537663328,0.7117093731385943,-0.007251393260161994
6338,25.6582408,-0.0012566370614359172,0.14249738239508963,-0.03029458328128707,0.05581728471425293,-0.27692718419653983,0.029342949425304393,0.08184402500537248,0,0.0036196,1,Shared Control,0.01,Good Visuals,0.1043323977704197,0.06600829357146659,0.0,5.346113464231786,0.9973959571081928,-1.0081850969267674,0.22028649985638,0.015530026312499072,-0.9720724039349723,0.002013969180908793,29.288290626861407,1.0072513932601619,0.7101327488469811,-0.007235136702472148
6339,25.6624592,-0.0007853981633974482,0.13353787763211059,-0.03012834758870184,0.051693852626738104,-0.30312625600353876,0.02967625421358075,0.07617440559391223,0,0.004218400000000001,1,Shared Control,0.01,Good Visuals,0.10629485697658461,0.06584620262469136,0.0,5.346405617612084,0.9974020332001176,-1.0113570205614135,0.21711457622173377,0.022240740786108437,-0.9192382874416689,0.0019996937468564407,29.28986725115302,1.0072351367024721,0.7084167376222389,-0.007217369993249735
6340,25.6659629,-0.0003141592653589793,0.12818147609641872,-0.02999041347893973,0.0520070705025065,-0.31667076194029414,0.02993485827410282,0.07143950641888111,0,0.0035037000000000002,1,Shared Control,0.01,Good Visuals,0.10952807132751306,0.06561437661621763,0.0,5.346724257404243,0.9974086461073108,-1.0144563561172428,0.21401524066590458,0.03084139343004187,-0.8664864983167565,0.0019838372800727927,29.29158326237776,1.0072173699932498,0.7059492045955119,-0.00719195965809723
6341,25.669605,0.00015707963267948965,0.12770224427289673,-0.02977777864142333,0.056262737854015615,-0.31985816452220983,0.030186049519128993,0.06649424150616426,0,0.0036421,1,Shared Control,0.01,Good Visuals,0.10849137903229308,0.06538031695536368,0.0,5.34718120809075,0.9974181557229786,-1.0174328010709321,0.21103879571221534,0.032849263462790546,-0.873805875492248,0.001967802284883241,29.294050795404488,1.0071919596580972,0.7034753902506593,-0.007166304493402219
6342,25.6742564,0.0009424777960769378,0.12216745154478305,-0.029243571723052055,0.05567321003861879,-0.35283392326980395,0.030480591039205578,0.06014636862304758,0,0.0046514,1,Shared Control,0.01,Good Visuals,0.09918176429393155,0.06499660726643255,0.0,5.348054763955406,0.997436257512251,-1.0241024938104466,0.20436910297270103,0.02501180535778373,-0.9707783055022235,0.0019364950635049776,29.29874832490572,1.0071431811357539,0.6994353892205132,-0.007124246262485008
6343,25.679811200000003,0.0012566370614359172,0.1193153233870292,-0.02922395397776966,0.059168954763981624,-0.3636712152151095,0.030793538253323614,0.05252256169614204,0,0.0055548,1,Shared Control,0.01,Good Visuals,0.10087525215068058,0.06481420986191044,0.0,5.34839319670442,0.9974432561317861,-1.0268877158216938,0.2015838809614539,0.02957383522952607,-0.920795428209175,0.0019007329463509668,29.300564610779485,1.007124246262485,0.6975046399504524,-0.007104253772382764
6344,25.683148600000003,0.0015707963267948964,0.11541900625539936,-0.02922274192652872,0.06289644455925732,-0.38406825366291636,0.03096115367872975,0.04792175636542709,0,0.0033374000000000003,1,Shared Control,0.01,Good Visuals,0.09729355941346346,0.06461191898462473,0.0,5.348751735229127,0.9974506964134296,-1.0303344893683108,0.1981371074148369,0.027802164391691725,-0.9648611669280311,0.0018941274861099752,29.302495360049548,1.0071042537723827,0.6953609276458664,-0.007082080768482269
6345,25.6865923,0.0018849555921538756,0.10772428991648006,-0.029076198086575876,0.05980253355105297,-0.4203515472790171,0.031117986861120148,0.043160038721604205,0,0.0034437,1,Shared Control,0.01,Good Visuals,0.09358019623754991,0.06442429569751353,0.0,5.349149598890805,0.9974589574474907,-1.0337869361906662,0.19468466059248146,0.02690152961463502,-1.007748860841073,0.00188813743386547,29.304639072354135,1.0070820807684824,0.6933808808544748,-0.007061515471951053
6346,25.690841100000004,0.0020420352248333652,0.09643003598877668,-0.029075951636286783,0.05326999726717248,-0.46647626531059644,0.03128885276945157,0.03726702575483093,0,0.0042488000000000005,1,Shared Control,0.01,Good Visuals,0.09589261175744387,0.06414316246124067,0.0,5.3495178548081315,0.9974665873596837,-1.0376338603949953,0.19083773638815227,0.03462887177765275,-0.9601947394990993,0.0018732135832890413,29.306619119145527,1.007061515471951,0.6903843309910606,-0.007030700595728867
6347,25.6939506,0.0025132741228718345,0.0860921422701926,-0.028775578646579737,0.04882511651536167,-0.5063213518530152,0.03139801407987387,0.032942992033746746,0,0.0031095000000000003,1,Shared Control,0.01,Good Visuals,0.10242278841164007,0.06378830584856901,0.0,5.350072386840385,0.9974781356241802,-1.0406725951067692,0.18779900167637842,0.048819008322646455,-0.8477429799899167,0.0018650234895215198,29.309615669008938,1.0070307005957289,0.6866130554105468,-0.006991804936357276
6348,25.6975306,0.0028274333882308137,0.08516752640944258,-0.02857058069164306,0.05222453437569584,-0.5155655703529796,0.03150702360740057,0.027954490359927225,0,0.0035800000000000003,1,Shared Control,0.01,Good Visuals,0.10526884502265532,0.06338658953669037,0.0,5.350771315445899,0.9974926689524212,-1.0434453718623717,0.18502622492077583,0.058454939136670415,-0.810113873726177,0.0018355454116775797,29.313386944589453,1.0069918049363573,0.6823521498868248,-0.0069477730083252615
6349,25.701051600000003,0.003141592653589793,0.08895942242212254,-0.028365430953810777,0.061004932062195316,-0.5207916500921262,0.0315968002014522,0.023039074663418008,0,0.0035210000000000003,1,Shared Control,0.01,Good Visuals,0.10080277961574832,0.06299436437449035,0.0,5.351561767543572,0.9975090886480148,-1.0465359600836797,0.18193563669946788,0.05481808816493461,-0.8608161494326236,0.0018109916711260697,29.317647850113175,1.0069477730083252,0.6782047538574089,-0.0069047814005571565
6350,25.7046564,0.003455751918948772,0.09068383853179526,-0.028141048282503432,0.06764476386837726,-0.5357391765849924,0.03167076923327437,0.017998950975228578,0,0.0036048,1,Shared Control,0.01,Good Visuals,0.09096726487238538,0.06269937497459938,0.0,5.352332360402646,0.9975250702094305,-1.049908565028444,0.1785630317547034,0.04342108989440227,-0.9812641678104435,0.0017868622931438035,29.321795246142592,1.0069047814005572,0.6751069989293416,-0.006872447757032792
6351,25.708318100000003,0.0037699111843077513,0.08984140988246293,-0.027900858048966623,0.07184245890723436,-0.550968174964649,0.0317272928359784,0.012873023492623065,0,0.0036617000000000004,1,Shared Control,0.01,Good Visuals,0.08315834174793624,0.062384090116509305,0.0,5.352909936330344,0.9975370060205535,-1.0547598121079056,0.17371178467524193,0.03553720983711532,-1.071388489280357,0.0017644261384429883,29.32489300107066,1.0068724477570328,0.6717646064068453,-0.006837889538283637
6352,25.7124504,0.003926990816987241,0.08386272603915625,-0.027800302018991162,0.07098970254653318,-0.5774432541227393,0.03176852652428265,0.007083016892240168,0,0.0041323,1,Shared Control,0.01,Good Visuals,0.0777016483836643,0.062175975054524664,0.0,5.353530160339524,0.9975498858323967,-1.0585793008886946,0.16989229589445304,0.031200195047842785,-1.1117384971442834,0.001740569642854668,29.328235393593154,1.0068378895382837,0.6695877672798123,-0.006815078148353187
6353,25.715996,0.0040840704496667305,0.07257451735009568,-0.02768445607461592,0.06549150045785551,-0.6175801513788063,0.031784828791862355,0.0021125199217687796,0,0.0035456000000000003,1,Shared Control,0.01,Good Visuals,0.07802469623345386,0.06192883991281573,0.0,5.353936845464834,0.9975582728305389,-1.0624665142767196,0.16600508250642798,0.03567469393730726,-1.0856621667434867,0.001728510884841046,29.33041223272019,1.0068150781483531,0.666961376825182,-0.006787989786610991
6354,25.719568100000004,0.004241150082346221,0.060437105825361034,-0.027543678709516135,0.058324585903592255,-0.6588691782682768,0.03178342990357344,-0.0028957021599702037,0,0.0035721000000000004,1,Shared Control,0.01,Good Visuals,0.08290205417318136,0.06161330953500075,0.0,5.354423604711495,0.9975683937548913,-1.0658907688281092,0.1625808279550383,0.047903433171776165,-1.0023870938759578,0.0017144662483182683,29.33303862317482,1.006787989786611,0.6636037177890635,-0.006753404656565137
6355,25.724151900000003,0.004555309347705199,0.04522713329558317,-0.027228120555868242,0.048122835455553375,-0.7239447722157292,0.03175543033485641,-0.00932041851977386,0,0.0045838,1,Shared Control,0.01,Good Visuals,0.09296786505264688,0.060724884062991084,0.0,5.355984116335568,0.9976008906820127,-1.07198869000339,0.15648290677975754,0.07210016750024877,-0.8352749632213005,0.0016742692955901675,29.341471401370047,1.0067012778995241,0.654170540559862,-0.0066560247760658955
6356,25.729805700000004,0.005026548245743669,0.056315786367887095,-0.02672888208911274,0.06563620488766095,-0.7055617520122365,0.03168035036505668,-0.017236678700641744,0,0.0056538000000000005,1,Shared Control,0.01,Good Visuals,0.08757466664253834,0.059866806432826526,0.0,5.357728105745679,0.9976370924023842,-1.076880710824581,0.1515908859585665,0.06990930976055963,-0.890684478299387,0.0016199035234744207,29.350866388506805,1.0066040721549123,0.6450841773652473,-0.0065619713076354134
6357,25.735848700000002,0.0051836278784231585,0.0624414317336811,-0.026496722486633525,0.07967811043432285,-0.7011514102355427,0.031550665315128325,-0.025680357218426375,0,0.006043000000000001,1,Shared Control,0.01,Good Visuals,0.07774408716019134,0.059555527568151086,0.0,5.358481637248813,0.9976526950420631,-1.079906909379555,0.14856468740359247,0.05473304422126879,-0.9906047841088196,0.0016001728101947563,29.35491582263475,1.0065619713076355,0.6418012626051269,-0.0065278521838607806
6358,25.740827300000003,0.005340707511102648,0.05286496613560228,-0.02620995780402568,0.07854532335402865,-0.7413282045067898,0.031405536876749914,-0.03261711247953053,0,0.0049786000000000006,1,Shared Control,0.01,Good Visuals,0.053743040349701024,0.05910111182417542,0.0,5.359632721527804,0.9976765477920388,-1.089272054262249,0.13919954252089864,0.028812566790673753,-1.2988945025476915,0.0015537395749708272,29.361106394854733,1.0064977072635914,0.6370134470419024,-0.00647804389690878
6359,25.7463993,0.005497787143782138,0.0408015498970467,-0.025907749732967778,0.07341866237657724,-0.7746433137649731,0.03120222698527511,-0.0403530339361597,0,0.0055720000000000006,1,Shared Control,0.01,Good Visuals,0.06212154889587759,0.05883478140374232,0.0,5.35998363510283,0.9976837915253985,-1.093149170209438,0.13532242657370944,0.04253862051886825,-1.1284135007390206,0.0015490376470826408,29.3629865529581,1.0064780438969088,0.6341684625006483,-0.006448851550074755
6360,25.749987100000002,0.005497787143782138,0.030980362274198498,-0.025704439841492975,0.0713333962103582,-0.7997582928012956,0.031048541311106074,-0.045315582893354966,0,0.0035878000000000004,1,Shared Control,0.01,Good Visuals,0.06562932571348214,0.058492326703613894,0.0,5.360509557997686,0.9976947547831161,-1.096969682370368,0.13150191441277936,0.05339869074684125,-1.0738713665936102,0.0015242767922020227,29.365831537499353,1.0064488515500747,0.6305187050116934,-0.006411315258257869
6361,25.753560600000004,0.005654866776461627,0.024729268508321366,-0.025393674534644445,0.07004485140167634,-0.8188996341837558,0.030877799191506232,-0.05024164244299399,0,0.0035735000000000003,1,Shared Control,0.01,Good Visuals,0.06663629959965632,0.05812089865676394,0.0,5.361185029677625,0.997708818810879,-1.1005961202136565,0.12787547656949086,0.0603180548824809,-1.0535844983406477,0.0015035124929419965,29.369481294988308,1.0064113152582579,0.6265718224407762,-0.00637060321210897
6362,25.757715,0.005654866776461627,0.021633126857338647,-0.025222932415044606,0.07187476930033264,-0.8298775085567661,0.030657219088136872,-0.05594500348491038,0,0.0041544,1,Shared Control,0.01,Good Visuals,0.06627333316556573,0.05760711759897122,0.0,5.36191657505316,0.9977240271734965,-1.1053483907252797,0.12312320605786777,0.06383952105039524,-1.0438356385492327,0.001475903184150917,29.373428177559223,1.006370603212109,0.6210876973879824,-0.006314287922209127
6363,25.761463600000003,0.005654866776461627,0.017596359730246224,-0.025002352311675247,0.07354136321515661,-0.843199914218079,0.03043789553757046,-0.06106724961570298,0,0.0037486000000000004,1,Shared Control,0.01,Good Visuals,0.06355613692669995,0.057224956856150214,0.0,5.362930760011529,0.9977451597789375,-1.1089525189264011,0.11951907785674633,0.06313901045382209,-1.0452808007892818,0.0014530204338243779,29.37891230261202,1.0063142879222091,0.6170616584155496,-0.006272399470515786
6364,25.7650365,0.005654866776461627,0.01118210674882273,-0.024783028761108834,0.0722493563645257,-0.8616729046183538,0.030211021177911704,-0.06592611428605422,0,0.0035729000000000004,1,Shared Control,0.01,Good Visuals,0.06072794284266293,0.05683543057217435,0.0,5.363680229297882,0.9977606714025,-1.1127579318162513,0.11571366496689621,0.06289383557794664,-1.0689061795595958,0.0014307585323378835,29.38293834158445,1.0062723994705158,0.6129244167355323,-0.0062297036854668955
6365,25.768527100000004,0.005654866776461627,0.005517124573903163,-0.024556154401450078,0.07144323885995738,-0.87531918297092,0.029972649115280962,-0.07064922921816276,0,0.0034906000000000004,1,Shared Control,0.01,Good Visuals,0.06085853229357294,0.056440898961080524,0.0,5.364447245089818,0.9977766127801035,-1.116335202859554,0.11213639392359351,0.06699484269922809,-1.0477012193365445,0.0014085541105202013,29.38707558326447,1.0062297036854668,0.6087340249598572,-0.006186459268966113
6366,25.7721583,0.005654866776461627,0.0016899742820588749,-0.024317782338819337,0.07233920350022163,-0.8844975703268543,0.029707227239178867,-0.0755356483251168,0,0.0036312000000000002,1,Shared Control,0.01,Good Visuals,0.060463725424827974,0.05600098760917435,0.0,5.365224117444464,0.9977927588257236,-1.120144586110062,0.10832701067308544,0.06995789208078255,-1.035411717677711,0.0013859714294449366,29.39126597504014,1.0061864592689662,0.6040518092561046,-0.0061382408013190976
6367,25.7758478,0.005654866776461627,-0.0003458701868158181,-0.02405236046271724,0.07518977813830098,-0.8895532623976443,0.029419425550450826,-0.0804703162565433,0,0.0036895,1,Shared Control,0.01,Good Visuals,0.058310600651973646,0.05553527026328535,0.0,5.366091256290513,0.9978108001772444,-1.1242408821843035,0.10423071459884402,0.07006227386794929,-1.042924885872501,0.0013618198274388206,29.395948190743894,1.006138240801319,0.5990988225943084,-0.006087193751321187
6368,25.779572100000003,0.005654866776461627,-0.0010929469643156757,-0.023764558773989197,0.07937736929222762,-0.8908176836240206,0.02911050507374445,-0.08541848603842493,0,0.0037243000000000003,1,Shared Control,0.01,Good Visuals,0.054062625177473025,0.0551521241404283,0.0,5.3670089060112565,0.9978298845159853,-1.1279172884722097,0.10055430831093774,0.06701146855547552,-1.075884898863444,0.001335754338766961,29.400901177405693,1.0060871937513212,0.5950456396914354,-0.006045197292605107
6369,25.783059700000003,0.005497787143782138,-0.004078962666055697,-0.023612717929962314,0.08133952337236923,-0.9002869425917963,0.02880456595010924,-0.09002011771071361,0,0.0034876000000000004,1,Shared Control,0.01,Good Visuals,0.04835614147470374,0.05478877266159357,0.0,5.367761863477827,0.9978455008139011,-1.1319619029977406,0.09650969378540684,0.06169639709814748,-1.1346615400131554,0.0013106658956455568,29.404954360308565,1.006045197292605,0.5911879784890809,-0.006005370515117391
6370,25.786522100000003,0.005497787143782138,-0.010156047267154154,-0.023306778806327103,0.07986407044355945,-0.9167303107619011,0.028485018178528537,-0.09455599636593974,0,0.0034624,1,Shared Control,0.01,Good Visuals,0.045598851461898404,0.05444724288321867,0.0,5.368477201926114,0.997860364254211,-1.1358765918785496,0.09259500490459778,0.06086811096503135,-1.1449806612486286,0.0012937118345870396,29.40881202151092,1.0060053705151173,0.5875620665101708,-0.005967935603520531
6371,25.790910600000004,0.005340707511102648,-0.018860998294942453,-0.023144310667425887,0.07569499807099729,-0.922789830091487,0.028057531729590676,-0.10025576395370947,0,0.0043885,1,Shared Control,0.01,Good Visuals,0.04543664938141166,0.053704571543942606,0.0,5.369974854636258,0.9978915274695005,-1.1436552253284507,0.08481637145469674,0.0673765030034378,-1.0917476591114554,0.0012504667703512767,29.416899985903733,1.005922105510718,0.5796685785446898,-0.005886531762064566
6372,25.796834,0.0051836278784231585,-0.0235120263163073,-0.02287390385116752,0.07674373763740217,-0.9134549277954283,0.027441113624042824,-0.1078555371434634,0,0.0059234000000000005,1,Shared Control,0.01,Good Visuals,0.04404788256750536,0.05302978006778899,0.0,5.371307838804631,0.9979192212344634,-1.1498494586112276,0.07862213817191999,0.06828263408131545,-1.0604821610029422,0.0012203683042044384,29.42408783030223,1.005847885542187,0.5724907043104392,-0.005812568199132153
6373,25.802916200000002,0.004869468613064179,-0.028755105877950576,-0.022571645010978643,0.07910043126551282,-0.9064578646805703,0.026761685348328703,-0.11553863237273838,0,0.0060822,1,Shared Control,0.01,Good Visuals,0.03777239594727663,0.05232829511048733,0.0,5.372629040899966,0.997946700390501,-1.1568795597072148,0.07159203707593279,0.06302726680358153,-1.1105018297244003,0.0011808345703677955,29.431219913058147,1.0057744014328607,0.5650192864119461,-0.0057356787768156935
6374,25.809184400000003,0.004869468613064179,-0.03187400124162018,-0.021892216735264522,0.0836646311311182,-0.9040261665521583,0.026013006404790994,-0.12331880927245809,0,0.006268200000000001,1,Shared Control,0.01,Good Visuals,0.04234563488365174,0.05196438073783659,0.0,5.373325487067027,0.9979611902986676,-1.1601881680141926,0.06828342876895503,0.0694610411814656,-0.9911057445339693,0.0011811357012636494,29.434980713588054,1.0057356787768157,0.5611433597420113,-0.005695790300812723
6375,25.812899,0.0043982297150257105,-0.04388596920453898,-0.021614776689765282,0.0794328400679191,-0.9375256327552443,0.025546477010026932,-0.12785907700580823,0,0.0037146,1,Shared Control,0.01,Good Visuals,0.02671041282100428,0.0514262117780117,0.0,5.374607934313737,0.9979878454111953,-1.1671775378070004,0.061294058976147314,0.05638892278988996,-1.21531571269018,0.0011088723546115817,29.441899150721778,1.0056643056763919,0.5554361069654373,-0.005636801864925578
6376,25.8188393,0.004241150082346221,-0.05347822966905298,-0.02130532692768071,0.07438084733675525,-0.9640155867961632,0.024765661162075937,-0.1350043714630218,0,0.005940300000000001,1,Shared Control,0.01,Good Visuals,0.03690780523362358,0.051090872813185625,0.0,5.375102010602521,0.9979981118952204,-1.1703239978602082,0.05814759892293955,0.07279397402145199,-1.0264770342895506,0.0011115660835823002,29.444563893034562,1.0056368018649255,0.5518475836479966,-0.0056000455253671965
6377,25.8223118,0.0040840704496667305,-0.05638917365721534,-0.020681590712409208,0.07861519780580646,-0.9654418435079495,0.02428971080937343,-0.13911241159259602,0,0.0034725000000000003,1,Shared Control,0.01,Good Visuals,0.04029945331393958,0.050649284645740825,0.0,5.37576481843536,0.9980119383833332,-1.1738435422802012,0.054628054502946735,0.08209790736423082,-0.9700524833230848,0.001088507748305474,29.448152416352002,1.0056000455253673,0.5471226349901088,-0.005551643262790932
6378,25.825907400000002,0.0040840704496667305,-0.051673366193952054,-0.0202056403597067,0.08743904539864397,-0.9480596092413318,0.02378195416781379,-0.14331016051609025,0,0.0035956,1,Shared Control,0.01,Good Visuals,0.03273708071381014,0.05022320492311347,0.0,5.376637580358261,0.9980301433054788,-1.178037358912689,0.050434237870459045,0.07595955647616208,-1.0752824553837468,0.0010475077749195238,29.45287736500989,1.005551643262791,0.5425863123040409,-0.005504940873249189
6379,25.8296594,0.003926990816987241,-0.04180218224494185,-0.01985496335082655,0.1015079782711484,-0.9182121645547304,0.02323613434818722,-0.14762769585115532,0,0.003752,1,Shared Control,0.01,Good Visuals,0.02138704728870408,0.04992832454105287,0.0,5.3774776027862465,0.9980476204618528,-1.1821515556127626,0.04632004117038527,0.06144077215738097,-1.202770478884926,0.0010147920163882816,29.457413687695958,1.0055049408732493,0.539469731519786,-0.005472619179115773
6380,25.8331541,0.0037699111843077513,-0.03560493647402976,-0.01946622316387947,0.11202275937712555,-0.9017778907774886,0.022713280170770726,-0.1515894833928379,0,0.0034947000000000003,1,Shared Control,0.01,Good Visuals,0.005470106834986971,0.04973481544789519,0.0,5.378056854701031,0.9980596268319053,-1.187117621965601,0.04135397481754696,0.03932922208541074,-1.387944760435523,0.0009913250539307786,29.460530268480213,1.0054726191791157,0.5374268821413231,-0.005451408742268903
6381,25.8365611,0.003455751918948772,-0.03862521396253946,-0.019257528251821955,0.11296426943029844,-0.9080014473017051,0.02219031640998515,-0.15539465796259108,0,0.0034070000000000003,1,Shared Control,0.01,Good Visuals,-0.007108424742146888,0.049628499317112,0.0,5.378436761586698,0.9980674966201288,-1.1923397317433704,0.03613186503977757,0.022991533682000465,-1.519203403086458,0.0009681490165230878,29.46257311785868,1.0054514087422688,0.5363104782435397,-0.005439755483287721
6382,25.840844800000003,0.0032986722862692825,-0.04741342910570435,-0.01889164412371587,0.10798122885688674,-0.923500099338138,0.021514548813973598,-0.16009623474108378,0,0.0042837000000000005,1,Shared Control,0.01,Good Visuals,-0.009167044558283766,0.04950850317552972,0.0,5.378644937946427,0.9980717971789601,-1.1982895742388249,0.030182022544323055,0.02274127336321117,-1.5003259186157583,0.000955722227694811,29.46368952175646,1.0054397554832877,0.5350284118674166,-0.005426602765028506
6383,25.8439626,0.003141592653589793,-0.05271543730637827,-0.018372956160383806,0.10738079743470552,-0.9236928450253539,0.021010146151630764,-0.16345843600713716,0,0.0031178,1,Shared Control,0.01,Good Visuals,-0.006157629342641566,0.04936486215541783,0.0,5.378881928620926,0.9980767366934912,-1.2033356549632255,0.02513594181992241,0.030693442097213402,-1.4089687620485416,0.0009352970230899645,29.464971588132585,1.0054266027650285,0.5334924195289034,-0.00541085834322389
6384,25.8475599,0.0028274333882308137,-0.05546472295388224,-0.01818271276339995,0.10799371305325492,-0.9235370112693999,0.020415254544199284,-0.16727330611145863,0,0.0035973000000000003,1,Shared Control,0.01,Good Visuals,-0.008343735079773998,0.049230150077721316,0.0,5.379165737379482,0.9980826545570696,-1.2081494326289095,0.02032216415423842,0.030984972304044348,-1.407290436088402,0.0009069784482448813,29.466507580471095,1.005410858343224,0.5320578807649317,-0.005396092618420641
6385,25.850992700000003,0.0028274333882308137,-0.056983290509532256,-0.01758782115596847,0.11029001560192637,-0.9232532735991437,0.019834885032480022,-0.17084764344085407,0,0.0034328,1,Shared Control,0.01,Good Visuals,-0.009974593512202687,0.049092218935248774,0.0,5.379431354097299,0.9980881813094844,-1.2130986644382715,0.015372932344876387,0.030685180637530184,-1.3847878593626284,0.0008951376781622785,29.46794211923507,1.0053960926184207,0.5305864895249592,-0.005380974053505211
6386,25.854761300000003,0.0025132741228718345,-0.05445739838104996,-0.01732161090960819,0.11639024505980411,-0.9082114114936726,0.019183753117205816,-0.17469525314203285,0,0.0037686000000000004,1,Shared Control,0.01,Good Visuals,-0.015462522301951276,0.048981687941686315,0.0,5.379703555123221,0.9980938501169597,-1.2181140722294412,0.010357524553706577,0.025852864572513352,-1.426452727863996,0.0008634251667828044,29.46941351047504,1.0053809740535051,0.529413127265269,-0.00536885880548083
6387,25.8586759,0.0021991148575128553,-0.05548999737059455,-0.01698463825969296,0.11920525577143831,-0.9106650191271217,0.018492209319997795,-0.17860494989791964,0,0.0039146,1,Shared Control,0.01,Good Visuals,-0.022980012963868784,0.04889349779729209,0.0,5.379921155035741,0.9980983704955461,-1.224776341791303,0.0036952549918448947,0.016405369031810235,-1.4821841557902693,0.0008484417402217375,29.47058687273473,1.0053688588054808,0.528476900413544,-0.005359192326982758
6388,25.862571000000003,0.0020420352248333652,-0.05948051054525126,-0.01645017409516443,0.11912443935266838,-0.918642748744598,0.017789095185823785,-0.1824047606642283,0,0.0038951000000000003,1,Shared Control,0.01,Good Visuals,-0.02760003792243898,0.048843272402060434,0.0,5.380094775694677,0.9981019773037934,-1.229870302799123,-0.001398706015975179,0.012458390307300645,-1.4808026185523468,0.0008304383733381007,29.471523099586456,1.0053591923269827,0.5279485346152566,-0.005353687146030864
6389,25.8660193,0.0018849555921538756,-0.05892654663400344,-0.01590413959366991,0.12347821403022487,-0.9046515105811133,0.017154420955910812,-0.18569147493453037,0,0.0034483,1,Shared Control,0.01,Good Visuals,-0.030393465947835638,0.04879488088537305,0.0,5.38019321031232,0.9981040126543235,-1.2351559575055102,-0.006684360722362508,0.011961181710291521,-1.4829848791839202,0.0008034803343914342,29.472051465384745,1.005353687146031,0.5274327140755828,-0.005348382975607278
6390,25.8696218,0.0015707963267948964,-0.057095185349819305,-0.015583624629115916,0.12859628958471106,-0.8889394938581585,0.016479400824099093,-0.18904579312119288,0,0.0036025000000000002,1,Shared Control,0.01,Good Visuals,-0.037675484186178845,0.04877871431124582,0.0,5.3802886721947525,0.9981059999202571,-1.2413539445878252,-0.012882347804677471,0.003667924279747806,-1.5416344349604425,0.0007760405970574685,29.472567285924416,1.0053483829756074,0.5272664910758981,-0.005346610965341711
6391,25.874418900000002,0.0012566370614359172,-0.058708802828462366,-0.015222763762663176,0.13033699029273052,-0.8839475935086666,0.015562065898186355,-0.19338326037019302,0,0.0047971,1,Shared Control,0.01,Good Visuals,-0.044507923230200974,0.048804386262205804,0.0,5.380320002040667,0.9981066400984785,-1.2491758660234475,-0.020704269240299698,-0.004810371129712561,-1.5724351551186526,0.0007601491737173395,29.4727335089241,1.0053466109653417,0.5275482993061599,-0.005349424855302577
6392,25.878437100000003,0.0009424777960769378,-0.06346469779119251,-0.014619588102109417,0.1299185625790005,-0.8859775860315573,0.014777911830921385,-0.19689995623788056,0,0.0040182,1,Shared Control,0.01,Good Visuals,-0.04818751592881132,0.04883315298342147,0.0,5.380268607243438,0.9981055541053622,-1.2544957136135841,-0.026024116830436383,-0.007955506845432657,-1.5411807144494716,0.000742937642651323,29.47245170069384,1.0053494248553025,0.5278556368091397,-0.005352577961514175
6393,25.8821079,0.0006283185307179586,-0.07078432219309351,-0.014149593300203427,0.12611563404478704,-0.896113506475111,0.014049381546487737,-0.20001742565609487,0,0.0036708,1,Shared Control,0.01,Good Visuals,-0.051015804721780536,0.048863381069321477,0.0,5.380211794336614,0.9981043700221215,-1.260003072243342,-0.03153147546019415,-0.008423324763430773,-1.544148104569552,0.0007139205823449175,29.47214436319086,1.0053525779615142,0.5281783082901815,-0.005355891247192495
6394,25.885571000000002,0.0004712388980384689,-0.07582961309905922,-0.013578142648449268,0.12418781255703565,-0.8964303774574793,0.013351731897254446,-0.20287336494776786,0,0.0034631,1,Shared Control,0.01,Good Visuals,-0.049749444281975544,0.04887392035738907,0.0,5.380152121000939,0.998103126870564,-1.265070881539477,-0.03659928475632922,-0.0031633603725255213,-1.4827260294727953,0.0006913969694037582,29.471821691709817,1.0053558912471925,0.5282869126359759,-0.005357046453391444
6395,25.889266600000003,0.00015707963267948965,-0.07533961817743468,-0.013194652264574957,0.1275337467703332,-0.8793164287679821,0.01259650364821114,-0.20582799455510165,0,0.0036956000000000003,1,Shared Control,0.01,Good Visuals,-0.050899996745269904,0.04888067325076696,0.0,5.380131674358385,0.9981027085908355,-1.2704582979397574,-0.04198670115660961,-0.001956422724514162,-1.4607169893933065,0.0006636170624015774,29.471713087364023,1.0053570464533914,0.5283582370582761,-0.005357786634724466
6396,25.8930171,-0.00015707963267948965,-0.07486347884628233,-0.012753583280890629,0.1309645157088193,-0.8677615463077177,0.01181907880723267,-0.20872632029724522,0,0.0037505000000000004,1,Shared Control,0.01,Good Visuals,-0.056302951439152774,0.048910508252701816,0.0,5.380118413428021,0.9981024338272068,-1.2762119981851872,-0.04774040140203945,-0.008463438074147138,-1.4831417862117449,0.0006449634860021808,29.471641762941722,1.0053577866347245,0.528680889938506,-0.005361056834662046
6397,25.8968336,-0.0006283185307179586,-0.08037799922552089,-0.012447397337950628,0.12834832107172434,-0.8772875070448792,0.011017014209197876,-0.21156994752171782,0,0.0038165000000000004,1,Shared Control,0.01,Good Visuals,-0.06210080686700281,0.048955965724079675,0.0,5.380059131363916,0.998101190597279,-1.281399809996904,-0.05292821321375617,-0.01505684120398274,-1.5079533214303162,0.0006237842403115211,29.471319110061494,1.005361056834662,0.5291686674371249,-0.005366039405817464
6398,25.900008000000003,-0.0009424777960769378,-0.09083611732063417,-0.011959492005274814,0.12073383020108365,-0.8994426208396711,0.010341763775603391,-0.2138524160325433,0,0.0031744000000000004,1,Shared Control,0.01,Good Visuals,-0.0611377570631724,0.04898944342901386,0.0,5.3799691598549115,0.9980993112501947,-1.2865714552865435,-0.058099858503395704,-0.010925184002351184,-1.4464926830306655,0.0006093743574307115,29.470831332562874,1.0053660394058175,0.5295233551805874,-0.005369708880645223
6399,25.903641200000003,-0.0012566370614359172,-0.09793133131998219,-0.011598400837039308,0.1159210847125611,-0.9068294621218208,0.009560189498130929,-0.21637091083964624,0,0.0036332,1,Shared Control,0.01,Good Visuals,-0.056163277080975196,0.04898906670250173,0.0,5.3799033175662565,0.9980979448416332,-1.2911500157184446,-0.06267841893529688,0.00013345030435081315,-1.338095225151586,0.000585888857032154,29.470476644819414,1.0053697088806453,0.5295128136109095,-0.005369667587836892
6400,25.907745600000002,-0.001727875959474386,-0.09968148929732432,-0.011288065457605315,0.11668942154232192,-0.901617754566822,0.0086664847895951,-0.2190933686054528,0,0.0041044,1,Shared Control,0.01,Good Visuals,-0.05330231041809114,0.04896437961562135,0.0,5.37990466176976,0.9980979856878097,-1.2969248553638846,-0.06845325858073698,0.006720241351079239,-1.2592049116766098,0.0005681948322480705,29.47048718638909,1.005369667587837,0.5292448987806336,-0.005366961648345031
6401,25.911481100000003,-0.0020420352248333652,-0.0997932306361518,-0.010708520014428465,0.11930013796930101,-0.8961493171006418,0.00784361429975551,-0.22145596071295737,0,0.0037355,1,Shared Control,0.01,Good Visuals,-0.05573832639244228,0.048951375646994956,0.0,5.379953800988189,0.9980990180386489,-1.301118932250855,-0.07264733546770727,0.0049043087798236054,-1.232899314177876,0.0005527131221921692,29.470755101219368,1.005366961648345,0.5291085161290356,-0.0053655362897181685
6402,25.9150387,-0.0025132741228718345,-0.10119057696589709,-0.010356888422627344,0.12026538374706028,-0.8946408195914728,0.007051914540947682,-0.22360221490393228,0,0.0035576,1,Shared Control,0.01,Good Visuals,-0.061461797774798925,0.048954065136230344,0.0,5.379979248430715,0.9980995433925625,-1.3056989473996803,-0.07722735061653262,-0.001017499708523464,-1.280478402154258,0.0005241967858496516,29.470891483870965,1.0053655362897183,0.5291402096118518,-0.005365831083314928
6403,25.918567600000003,-0.0028274333882308137,-0.10462487806796866,-0.009879347929178495,0.11897733683596362,-0.8966935139255036,0.006259237668761776,-0.2256294797867328,0,0.0035289,1,Shared Control,0.01,Good Visuals,-0.06431702294874064,0.04896196887924696,0.0,5.379973664248414,0.9980994211808615,-1.3100913547720554,-0.08161975798890776,-0.0032135841863037166,-1.276157753675336,0.000507011790449969,29.470859790388147,1.005365831083315,0.5292254806367306,-0.005366697408712728
6404,25.922360800000003,-0.003455751918948772,-0.11058655631392238,-0.009714989587710547,0.11504292347281043,-0.90408194780824,0.005399426724378716,-0.22769388585862735,0,0.0037932,1,Shared Control,0.01,Good Visuals,-0.06560069522619291,0.04896884783081539,0.0,5.379957978380971,0.998099092625538,-1.3146946076962607,-0.08622301091311302,-0.00275478940680713,-1.2569295044658428,0.0004837123258556904,29.47077451936327,1.0053666974087128,0.5292986352169154,-0.005367451407222224
6405,25.9259592,-0.003926990816987241,-0.12067116047909038,-0.009326417541365956,0.10702272537953697,-0.9254674980258558,0.004576737336437677,-0.22954076479412827,0,0.0035984000000000003,1,Shared Control,0.01,Good Visuals,-0.06255810104694992,0.04895950868337983,0.0,5.3799444239797465,0.9980988107931076,-1.3192416981351085,-0.09077010135196088,0.0035720767363879562,-1.1671775858226467,0.00047573184679855377,29.470701364783086,1.0053674514072222,0.5291959049743925,-0.0053664277478496685
6406,25.929573,-0.004241150082346221,-0.12633541393641515,-0.008817887418783898,0.10320535085771312,-0.9295924567195816,0.00374403818378935,-0.23128465265646725,0,0.0036138000000000003,1,Shared Control,0.01,Good Visuals,-0.05664351469560255,0.048925443417797865,0.0,5.379963140288152,0.9980992066897258,-1.322841642144923,-0.09437004536177532,0.015365366515582056,-1.04798812547362,0.00045661682060133246,29.470804095025606,1.0053664277478496,0.5288278634336404,-0.005362693870787316
6407,25.933082900000002,-0.004869468613064179,-0.12697819515339157,-0.00861350679685353,0.10430645750307568,-0.9238584672170396,0.0029294377519104367,-0.23287052267644434,0,0.0035099000000000003,1,Shared Control,0.01,Good Visuals,-0.05556881931614714,0.04888344210793246,0.0,5.380030794716753,0.998100624797706,-1.3264337164573359,-0.09796211967418826,0.019301666822279157,-1.0081034778886795,0.0004314190519722233,29.47117213656636,1.0053626938707874,0.5283784386971802,-0.00535809012780114
6408,25.9365211,-0.005497787143782138,-0.1352759184969498,-0.008427224895692574,0.09759460417949453,-0.953808946571595,0.002126261498261419,-0.23431954372371155,0,0.0034382,1,Shared Control,0.01,Good Visuals,-0.057766874152817456,0.04884813519679236,0.0,5.380113808970304,0.9981023563297493,-1.3298712625975637,-0.1013996658144162,0.01722899465554384,-1.0004499826041724,0.00042105786085027227,29.47162156130282,1.0053580901278012,0.5280031937416259,-0.005354220154577789
6409,25.940826200000004,-0.005811946409141117,-0.14407709245205239,-0.007938207907402536,0.09024245127165917,-0.9790484242291712,0.0011138456457845357,-0.23598614366617154,0,0.0043051,1,Shared Control,0.01,Good Visuals,-0.052069530351449254,0.04878171675396516,0.0,5.380183357304481,0.9981038019721076,-1.3334240603724046,-0.10495246358925697,0.02848922745399679,-0.8904255074788897,0.0004116542210385653,29.471996806258375,1.0053542201545778,0.5272888171303131,-0.0053469400616164425
6410,25.9438916,-0.006440264939859076,-0.14364918744991212,-0.007554110585643612,0.09233695621625942,-0.9765727044624476,0.0003887686695825468,-0.2370713858757243,0,0.0030654000000000002,1,Shared Control,0.01,Good Visuals,-0.047361523259415735,0.04870561581909687,0.0,5.3803149704269835,0.9981065544289202,-1.336288897771739,-0.10781730098859156,0.03862597616102559,-0.8014203707540752,0.00038723940967299697,29.472711182869688,1.0053469400616164,0.5264753448830218,-0.005338598675448628
6411,25.9475349,-0.006911503837897544,-0.14298013616332111,-0.007300272507480091,0.09409124971240318,-0.9866063257366321,-0.0004771375454253081,-0.23825009051616552,0,0.0036433000000000004,1,Shared Control,0.01,Good Visuals,-0.05151778068780875,0.04864380947947543,0.0,5.380465305429315,0.9981096885129059,-1.339156796325059,-0.11068519954191142,0.03427824369284689,-0.8339096139454666,0.0003679276080393306,29.47352465511698,1.0053385986754486,0.5258188786571378,-0.005331824112858909
6412,25.951072900000003,-0.0075398223686155025,-0.14624673751254996,-0.0070626848231901945,0.09200335300361556,-1.006288217666273,-0.0013219186846298026,-0.23927788983603657,0,0.0035380000000000003,1,Shared Control,0.01,Good Visuals,-0.05463387444480215,0.048586375975858166,0.0,5.3805870146376575,0.998112217543286,-1.342203384524979,-0.11373178774183146,0.03151416980550901,-0.8467213807064959,0.0003551130650021139,29.474181121342863,1.0053318241128588,0.5252070832584784,-0.005325528854680133
6413,25.9546992,-0.008168140899333461,-0.15317612420034707,-0.006846222214703658,0.0861017656356895,-1.0314574223936979,-0.002191340203814989,-0.24021048050764987,0,0.0036263000000000003,1,Shared Control,0.01,Good Visuals,-0.05382769735983897,0.048526923573779614,0.0,5.380700276308395,0.9981145745400042,-1.3449921131614346,-0.116520516378287,0.035023236553102716,-0.8053392157951799,0.00034315026021850616,29.47479291674152,1.00532552885468,0.5245725244752001,-0.005319012306030636
6414,25.958320500000003,-0.00863937979737193,-0.15800208691134324,-0.006448039593556941,0.08220839359630663,-1.0480543455879205,-0.003062714569027406,-0.24101831970582105,0,0.0036213,1,Shared Control,0.01,Good Visuals,-0.04910136444337116,0.04843150346013545,0.0,5.380817635195387,0.9981170192762311,-1.348222278661109,-0.11975068187796144,0.04440680796706514,-0.7150813556350036,0.0003322261021820366,29.4754274755248,1.0053190123060307,0.5235477863620557,-0.00530855335414706
6415,25.9624856,-0.009267698328089888,-0.15594534398082815,-0.006204983759062482,0.0850729757249929,-1.0500967077490566,-0.004068251237060755,-0.24179316124423567,0,0.004165100000000001,1,Shared Control,0.01,Good Visuals,-0.04735697791443207,0.04835510257693365,0.0,5.3810065728204455,0.9981209674538012,-1.3505133642348477,-0.12204176745170002,0.04933506563561427,-0.663256107963577,0.0003122882518864434,29.476452213637945,1.005308553354147,0.5227364655369994,-0.005300179090789439
6416,25.966027200000003,-0.009896016858807848,-0.1565190123959842,-0.005827765621747093,0.08527414884825146,-1.072933636813674,-0.004925555918441283,-0.2423207256229438,0,0.0035416,1,Shared Control,0.01,Good Visuals,-0.05152339490262545,0.048286895679501396,0.0,5.381157007217854,0.9981240930359451,-1.3529836801653836,-0.12451208338223597,0.04449869944100981,-0.6949631268035646,0.00030004262615767366,29.477263534463,1.0053001790907894,0.522010358379456,-0.005292702966195496
6417,25.9696122,-0.010524335389525807,-0.16301378302979758,-0.005598779471084524,0.07930694259314622,-1.110100195553432,-0.005795047877692548,-0.24273057398456654,0,0.003585,1,Shared Control,0.01,Good Visuals,-0.053753515571766684,0.04822597176168533,0.0,5.3812914733943655,0.9981268903953463,-1.3553912206697258,-0.12691962388657815,0.04391750708591352,-0.7028494495072599,0.0002814047106218865,29.477989641620542,1.0052927029661956,0.5213617656269883,-0.0052860251254273185
6418,25.9741877,-0.011623892818282234,-0.17205726549489603,-0.005828844940589686,0.07067330848967052,-1.148745837782678,-0.006906517590962412,-0.2430702817071493,0,0.004575500000000001,1,Shared Control,0.01,Good Visuals,-0.0438031320056087,0.04807015825597986,0.0,5.38156307892124,0.9981325501656444,-1.3593875243463842,-0.1309159275632366,0.06383328365045501,-0.5239947268662759,0.00025796524840255506,29.47945870067073,1.0052776266495933,0.5196959178513194,-0.005268946483443489
6419,25.979825,-0.012723450247038663,-0.17306459186012374,-0.005816932656076251,0.07000568984702557,-1.1718576549288657,-0.008277300329039908,-0.24320274725628535,0,0.0056373000000000005,1,Shared Control,0.01,Good Visuals,-0.04291152410207125,0.04791077166725952,0.0,5.38188876389957,0.9981393366086543,-1.362064275829565,-0.13359267904641728,0.06639256340861313,-0.46886277957033695,0.0002565099742284664,29.481220207626684,1.0052595479299649,0.5179963294533161,-0.005251476197581853
6420,25.985879800000003,-0.01335176877775662,-0.17639903909598348,-0.005074468448716712,0.06680370816030187,-1.187547144017344,-0.009749383623640646,-0.2429886414560031,0,0.006054800000000001,1,Shared Control,0.01,Good Visuals,-0.038568715384017384,0.04782090424735644,0.0,5.382033897718281,0.998142354892216,-1.363217515372196,-0.13474591858904827,0.07266424982903577,-0.3778264071785231,0.00027869373228909476,29.482003670546685,1.005251476197582,0.5170342942406598,-0.005241625873737422
6421,25.989370700000002,-0.013823007675795088,-0.17723030339008558,-0.004073624052154442,0.06575833806591752,-1.1909805928661465,-0.010597157336283112,-0.24269551044437077,0,0.0034909000000000003,1,Shared Control,0.01,Good Visuals,-0.039367995445051956,0.047723859241136125,0.0,5.38221155832987,0.9981460613250781,-1.3646659240777628,-0.1361943272946151,0.07433869299346162,-0.39235255866475593,0.00024266566979231323,29.48296570575934,1.0052416258737373,0.5159973803723691,-0.005230988818175062
6422,25.9930726,-0.014451326206513048,-0.17077612644944312,-0.0038541688702299366,0.07191938399492764,-1.1686352481743854,-0.011494806750605185,-0.24224778343154582,0,0.0037019,1,Shared Control,0.01,Good Visuals,-0.04371080158488929,0.04763815047351617,0.0,5.382403228255841,0.9981500561664198,-1.366611676567587,-0.13814007978443937,0.07062563232804815,-0.45522132040901986,0.00019440906086632515,29.48400261962763,1.005230988818175,0.5150848631741193,-0.005221594322168899
6423,25.9970387,-0.015079644737231005,-0.16231593832606261,-0.0035848379866258197,0.0799318451054832,-1.1398450634395052,-0.012454376140870992,-0.24161058325798346,0,0.0039661,1,Shared Control,0.01,Good Visuals,-0.051041247760878615,0.047581152340258615,0.0,5.3825722073493205,0.9981535716333748,-1.3684939455528613,-0.14002234876971353,0.059327556087241023,-0.5258469018785159,0.00018360547659035552,29.48491513682588,1.005221594322169,0.5144819424186872,-0.0052153467847218405
6424,26.0006416,-0.015865042900628453,-0.16409545141338794,-0.0034106667597574615,0.07751513184459552,-1.1433801705383293,-0.013323616656942643,-0.2408894597640147,0,0.0036029,1,Shared Control,0.01,Good Visuals,-0.06048839146465307,0.04754302978870963,0.0,5.382684220884089,0.9981558942421644,-1.3706360986745543,-0.1421645018914064,0.04464793415431147,-0.6255557533269661,0.0001705707223567891,29.485518057581313,1.0052153467847218,0.5140785721949092,-0.005211168190533441
6425,26.004032600000002,-0.016336281798666922,-0.17221265080575238,-0.0030126651417242793,0.06867680895826234,-1.153729815242952,-0.014139145098520996,-0.2400861819713008,0,0.0033910000000000004,1,Shared Control,0.01,Good Visuals,-0.05901350848382707,0.04750282594963565,0.0,5.382759150337786,0.9981574481326125,-1.3726978660664304,-0.14422626928328247,0.04730514029056551,-0.5757197006243917,0.00016215343135851076,29.485921427805092,1.0052111681905334,0.5136490605678105,-0.005206761467439629
6426,26.0080911,-0.01712167996206437,-0.17296243424948082,-0.002982534863543374,0.06712374772181998,-1.1270748344273693,-0.015111318710657386,-0.23896496379854276,0,0.0040585000000000005,1,Shared Control,0.01,Good Visuals,-0.052333691954995015,0.0474419134600698,0.0,5.382838549866934,0.998159102869349,-1.3750234833683155,-0.14655188658516752,0.05829399813423698,-0.4671508952624469,0.00014311010787186287,29.48635093943219,1.0052067614674396,0.5129950564573821,-0.005200084879316355
6427,26.012513400000003,-0.01774999849278233,-0.16910345958742265,-0.0026386797821249426,0.06986150421112011,-1.0894961619491854,-0.016165027776652564,-0.23754369484700616,0,0.0044223000000000005,1,Shared Control,0.01,Good Visuals,-0.05094548561539988,0.04739997328549664,0.0,5.382959147115047,0.9981616225954612,-1.376434747426076,-0.1479631506429282,0.058752548056277394,-0.4108961910442821,0.00014149716088786583,29.48700494354262,1.0052000848793163,0.5125509970078118,-0.005195487837339595
6428,26.016155100000002,-0.01837831702350029,-0.16897889746572553,-0.0022132892468477265,0.06856479738128063,-1.0676080109421264,-0.01702771648328109,-0.23621607621397786,0,0.0036417000000000003,1,Shared Control,0.01,Good Visuals,-0.05552906885273491,0.047366544888771636,0.0,5.3830416073283445,0.9981633332371032,-1.3780636871736072,-0.14959209039045918,0.050520766321108385,-0.452508402558747,0.00012507335118170236,29.48744900299219,1.0051954878373397,0.512195753437987,-0.005191823767160474
6429,26.0196204,-0.01900663555421825,-0.17167808640860405,-0.001978919070937158,0.06453798980537381,-1.0488760315362904,-0.01784389488013637,-0.23482017848338668,0,0.0034653,1,Shared Control,0.01,Good Visuals,-0.056524586691450496,0.04734114735217896,0.0,5.383107452483534,0.9981647017795049,-1.3795796636015103,-0.15110806681836236,0.048407094912272484,-0.44556090639054635,0.0001048358644626484,29.487804246562014,1.0051918237671604,0.5119261504738921,-0.005189039955623896
6430,26.024205600000002,-0.020106192982974676,-0.16828245156245253,-0.0022622981028383067,0.06653772692093415,-0.9741480964156964,-0.018915987061526043,-0.232773390477373,0,0.0045852,1,Shared Control,0.01,Good Visuals,-0.05396095876870024,0.04729635429441445,0.0,5.3832081685113,0.9981667970179011,-1.3822259661058673,-0.15375436932271944,0.04977619619058312,-0.37071468507080174,7.73124934253121e-05,29.488348116125543,1.0051862242661769,0.5114491866865354,-0.005184130210518956
6431,26.029833000000004,-0.020734511513692634,-0.16944381401814124,-0.0018185244521665908,0.06332957645923176,-0.9558056168759574,-0.020218110019458328,-0.22994859289569897,0,0.0056274,1,Shared Control,0.01,Good Visuals,-0.05423729502663824,0.047274742486355804,0.0,5.383245769512649,0.9981675778771344,-1.3832342452536628,-0.15476264847051496,0.0456953109937109,-0.3361154569623028,0.0001069984525914222,29.488550813313466,1.005184130210519,0.5112180162661009,-0.0051817613508313085
6432,26.033011100000003,-0.021362830044410593,-0.17688389143871427,-0.0011447200249522643,0.05306470145698469,-0.95667339360213,-0.020946160694475694,-0.22820019786545126,0,0.0031781,1,Shared Control,0.01,Good Visuals,-0.053423944615214915,0.04725379526077048,0.0,5.383288477384227,0.9981684684895745,-1.3843485562652675,-0.15587695948211963,0.04616100288749721,-0.3113383285196457,8.597027518131684e-05,29.4887819837339,1.0051817613508314,0.510994544246505,-0.005179465335702797
6433,26.036563400000002,-0.02199114857512855,-0.18238157884171619,-0.0010449878806528569,0.045818619023735074,-0.9452172750140223,-0.021753133040045045,-0.22611460702319394,0,0.0035523000000000004,1,Shared Control,0.01,Good Visuals,-0.04680515202611575,0.04723834907851772,0.0,5.383329817659666,0.9981693294223082,-1.3850790739057728,-0.15660747712262493,0.056285265853901346,-0.21270604487110256,5.409236568999838e-05,29.489005455753496,1.005179465335703,0.5108306878864648,-0.005177772287237469
6434,26.040847300000003,-0.022776546738526,-0.1851826163465808,-0.0010234136984809544,0.040931990676613156,-0.9293505969473717,-0.022716074155369442,-0.22341445503984275,0,0.0042839,1,Shared Control,0.01,Good Visuals,-0.0401092229652523,0.04721934333788215,0.0,5.383360215880701,0.9981699606516894,-1.385508582307955,-0.15703698552480716,0.06496194861277114,-0.10716277499556326,4.9363502289100064e-05,29.489169312113535,1.0051777722872375,0.5106271350755931,-0.005175689077322624
6435,26.044165500000002,-0.023090706003884978,-0.1810991895851695,-0.0003746318485155359,0.04231526545467326,-0.8909091484452146,-0.02345374036463721,-0.22118351380643414,0,0.0033182000000000003,1,Shared Control,0.01,Good Visuals,-0.03534767257233631,0.04720143311816024,0.0,5.383397797587232,0.9981707448717696,-1.3856007338486043,-0.15712913706545642,0.07029891651060317,-0.025868551399169215,4.8324922805263986e-05,29.489372864924405,1.0051756890773227,0.5104361574709378,-0.0051737259469181235
6436,26.047537000000002,-0.02403318379996192,-0.17426429919196226,-0.0005794434353247092,0.04691921461447188,-0.8501065723797528,-0.02419546402025083,-0.21879169147742428,0,0.0033715000000000004,1,Shared Control,0.01,Good Visuals,-0.0402210856645836,0.0471959260540254,0.0,5.383433135495107,0.998171480614668,-1.3859113930052729,-0.15743979622212503,0.06154558929862007,-0.0908838443240958,1.7683160141638804e-05,29.489563842529062,1.0051737259469182,0.5103796797953314,-0.005173122320317753
6437,26.051018900000003,-0.024504422698000385,-0.17640505985089946,-0.00030895867774955593,0.04238663162652481,-0.8466332793110123,-0.024952782706366035,-0.21618895241433586,0,0.0034819,1,Shared Control,0.01,Good Visuals,-0.04371403095987077,0.047188207908859754,0.0,5.383443794608793,0.9981716981181301,-1.3863057030032127,-0.1578341062200649,0.053007102539918416,-0.10960057757452546,2.7347369526075426e-05,29.48962032020467,1.0051731223203177,0.5102968570569709,-0.0051722763382094205
6438,26.054607700000002,-0.025132741228718343,-0.17820912204375727,-0.00017995852235230814,0.03797983037057859,-0.8298838544801675,-0.02572361728931534,-0.21336502205105468,0,0.0035888,1,Shared Control,0.01,Good Visuals,-0.04064588319709167,0.047183953629508696,0.0,5.383459071183084,0.9981720172113635,-1.3865055246630908,-0.15803392787994316,0.05694831373590952,-0.0577452490689655,1.4579206320892448e-05,29.48970314294303,1.0051722763382094,0.5102520918422329,-0.005171810028735111
6439,26.058295400000002,-0.025761059759436305,-0.1736026333784202,-3.7442470120965105e-05,0.039762388672634486,-0.7921961021108542,-0.026504863782427418,-0.21031360607386462,0,0.0036877000000000004,1,Shared Control,0.01,Good Visuals,-0.03694160960325978,0.04718051191013233,0.0,5.38346741003193,0.9981721896490767,-1.3864797673746625,-0.15800817059151487,0.06069284218612303,0.005713557469512076,8.491154573906211e-06,29.489747908157767,1.005171810028735,0.5102154972177436,-0.005171432783561327
6440,26.0624906,-0.02638937829015426,-0.16816915058170756,0.00011548549227315824,0.04214445549215706,-0.7624162039444473,-0.02737957121240797,-0.20665752562967354,0,0.0041952000000000005,1,Shared Control,0.01,Good Visuals,-0.03948814560109285,0.04718002178686456,0.0,5.383474191114743,0.9981723306265087,-1.3865277566551166,-0.15805615987196892,0.05417098073361908,-0.013879762965741338,1.766554907486968e-06,29.489784502782257,1.0051714327835612,0.5102108137074424,-0.005171379061390195
6441,26.066134,-0.027017696820872218,-0.1662542935563764,0.00036187439153575335,0.04040323207329716,-0.7447450316206665,-0.028126477139677072,-0.20332261716784533,0,0.0036434,1,Shared Control,0.01,Good Visuals,-0.04268914339423779,0.04718138729632556,0.0,5.383475108190405,0.998172348651099,-1.3866720690913519,-0.15820047230820405,0.047052643349013726,-0.04012803054115299,-5.448608041514385e-06,29.48978918629256,1.00517137906139,0.5102257314665252,-0.005171528734212871
6442,26.069629900000002,-0.027646015351590177,-0.16889554785687377,0.0004804617880868958,0.03442706931097156,-0.7364339925198371,-0.028831475109085174,-0.19998302876717958,0,0.0034959,1,Shared Control,0.01,Good Visuals,-0.04227752752144549,0.04718532518754703,0.0,5.383472381067176,0.9981722911680452,-1.3867329234137253,-0.1582613266305776,0.04578222055670555,-0.017892541346485547,-1.7073735819670535e-05,29.489774268533473,1.005171528734213,0.5102682447907201,-0.005171960364539383
6443,26.074137200000003,-0.028745572780346604,-0.1661753800412073,8.59023287385699e-05,0.03380764872597228,-0.6920393495264912,-0.029722785179439527,-0.19547527434834658,0,0.0045073000000000005,1,Shared Control,0.01,Good Visuals,-0.0347094199174578,0.04720017952949338,0.0,5.383450706109849,0.9981718375822102,-1.3861396267832917,-0.15766803000014393,0.053182607926313144,0.10719714817450399,-3.3705737970297586e-05,29.48965654116736,1.005172726850742,0.5104275365807419,-0.005173588541678833
6444,26.0797819,-0.029059732045705583,-0.16365656490118047,0.0006630531337339443,0.03181870944716611,-0.6801037788729952,-0.030809513704726975,-0.18950911649296875,0,0.005644700000000001,1,Shared Control,0.01,Good Visuals,-0.03420828152008481,0.047201123257383015,0.0,5.383435171915762,0.9981715136633956,-1.3857397774728106,-0.15726818068966278,0.0513742656564567,0.1307380690822464,-4.054605338462058e-06,29.489572463419258,1.0051735885416788,0.5104363202322123,-0.00517369198323022
6445,26.083263700000003,-0.02968805057642354,-0.15848981445753582,0.0011214631283034335,0.031019302035432933,-0.6483937164236026,-0.031462669613028724,-0.18565117381479515,0,0.0034818,1,Shared Control,0.01,Good Visuals,-0.035330030700847635,0.04720916816645377,0.0,5.383433427677202,0.9981714798683295,-1.385313823679287,-0.15684222689613916,0.048518210492433156,0.11911126465244748,-3.129685269156997e-05,29.489563679767787,1.0051736919832301,0.5105235335592119,-0.005174573781770018
6446,26.086659800000003,-0.03015928947446201,-0.15222185297255172,0.0013033801385667135,0.033429320842243426,-0.6080546535849342,-0.03208658450814006,-0.18175756232552293,0,0.0033961000000000004,1,Shared Control,0.01,Good Visuals,-0.03699987633757601,0.047222550160781716,0.0,5.383417422936994,0.9981711438290182,-1.384866279658854,-0.15639468287570607,0.042921529581932655,0.11257836203478522,-5.294334141655411e-05,29.489476466440788,1.00517457378177,0.5106673678258246,-0.005176040575608728
6447,26.0913724,-0.031101767270538948,-0.1491113541604586,0.0009848172376011113,0.03264620816506433,-0.5741412516347008,-0.032929998597635325,-0.17614114611137743,0,0.0047126,1,Shared Control,0.01,Good Visuals,-0.04038476969322699,0.04723833216134353,0.0,5.3833909143952985,0.9981705896668267,-1.3844676652152705,-0.15599606843212258,0.03460887249445414,0.07966393740301958,-6.154893397203324e-05,29.489332632174175,1.0051760405756087,0.5108362763625135,-0.005177770432954299
6448,26.095464900000003,-0.031730085801256906,-0.15334137072515797,0.001199912796378419,0.022799775386219467,-0.5522310018622103,-0.033640528340079655,-0.17106281615142813,0,0.004092500000000001,1,Shared Control,0.01,Good Visuals,-0.03788808905680804,0.04724639592421297,0.0,5.383359718114785,0.9981699389233469,-1.3839843741232658,-0.1555127773401178,0.03409344878200607,0.14071248238652456,-4.652112378801807e-05,29.489163723637486,1.0051777704329543,0.5109209112168487,-0.0051786542980497285
6449,26.099031200000002,-0.032201324699295375,-0.16000473324626352,0.0014392036407842798,0.011058082905164607,-0.5268232939807357,-0.034242469555346114,-0.16648545349133598,0,0.0035663,1,Shared Control,0.01,Good Visuals,-0.029217586243186745,0.0472594663901119,0.0,5.383343932089036,0.9981696129130423,-1.383010100754941,-0.15453850397179295,0.04362131812119501,0.2729668744606256,-5.669155505222432e-05,29.48907908878315,1.0051786542980496,0.5110613804134275,-0.00518008694541004
6450,26.102666600000003,-0.03282964323001333,-0.1621325153440692,0.0014128263253327805,0.004352938147266783,-0.4874486593649455,-0.03483900948985512,-0.16167405161290305,0,0.0036354000000000004,1,Shared Control,0.01,Good Visuals,-0.018785527274231634,0.04727867250428073,0.0,5.383318042194958,0.9981690717158394,-1.3815839407202033,-0.15311234393705533,0.05577148744515584,0.41716442938474346,-6.801599609017136e-05,29.488938619586573,1.00518008694541,0.5112675342804093,-0.0051821921181696455
6451,26.107561200000003,-0.03377212102609027,-0.15126706154956215,0.001066888463764848,0.010406990063340893,-0.38745862820030536,-0.03561402825014105,-0.15496499830708915,0,0.004894600000000001,1,Shared Control,0.01,Good Visuals,-0.012056905044528603,0.04732353023074005,0.0,5.383235842359764,0.9981673559781246,-1.3780225349128816,-0.14955093812973363,0.05736486645585148,0.5060385677246504,-8.018502892824744e-05,29.488493283976098,1.0051846421967299,0.511746964763731,-0.0051871089515785245
6452,26.112925500000003,-0.034400439556808236,-0.13792903281904503,0.0012135886933328163,0.01703596548804412,-0.2841232515295647,-0.036424913088129736,-0.14730866131710155,0,0.005364300000000001,1,Shared Control,0.01,Good Visuals,-0.017497341064211344,0.04734722007401,0.0,5.383170200927601,0.998165992812036,-1.3753543705513032,-0.14688277376815503,0.04114340262503015,0.43837447429897397,-7.231499822396909e-05,29.48813943036874,1.0051882978883535,0.5119980476470802,-0.0051897055836870746
6453,26.118902400000003,-0.03549999698556466,-0.14053901040807118,0.0009249161025650793,0.006769650909030367,-0.23410695346096994,-0.037278952092107076,-0.13840612880771413,0,0.0059769,1,Shared Control,0.01,Good Visuals,-0.021936498727151185,0.04736192871167101,0.0,5.383130472466067,0.9981651664860569,-1.373079094339348,-0.14460749755619992,0.02499202603870236,0.3967051721424848,-6.611426728167146e-05,29.48792493687752,1.0051905070896634,0.5121540356564128,-0.005191317790251229
6454,26.1255583,-0.03597123588360313,-0.1477387504091482,0.0013077162085039437,-0.009332621601434055,-0.2217287718725863,-0.03816591850568445,-0.12803406330833933,0,0.0066559,1,Shared Control,0.01,Good Visuals,-0.011736158216672656,0.04737329978132606,0.0,5.383115869478359,0.9981648622390127,-1.370685110379653,-0.14221351359650475,0.038836728395527056,0.5293496870525535,-4.380581051396388e-05,29.487845964343588,1.0051913177902512,0.5122761532169954,-0.0051925641676222566
6455,26.129463100000002,-0.036285395148962105,-0.1415504002789045,0.001880523356722348,-0.013516336970565174,-0.1686345148376047,-0.038653603476005556,-0.12172596826080592,0,0.0039048000000000004,1,Shared Control,0.01,Good Visuals,0.0022759321334805014,0.04739081422669311,0.0,5.3830933538604375,0.9981643917484267,-1.3682142278541112,-0.1397426310709631,0.055530724894899255,0.7170707892337442,-6.195083197435642e-05,29.487723846783005,1.0051925641676223,0.5124642434685616,-0.005194483917393721
6456,26.1330908,-0.03675663404700058,-0.12904414174340859,0.0018969694290049757,-0.007318173482602663,-0.11238904257612212,-0.03908433502241381,-0.11571863709786029,0,0.0036277,1,Shared Control,0.01,Good Visuals,0.0033685489086866943,0.047414736314538894,0.0,5.383058674149433,0.9981636670802387,-1.3655859973879303,-0.13711440060478222,0.05096370002333866,0.7369214821760477,-8.911953304738614e-05,29.48753575653144,1.0051944839173936,0.5127207724207506,-0.005197106005716386
6457,26.136721500000004,-0.03738495257771854,-0.12537272239047065,0.001699382444695273,-0.00965408529261036,-0.0925723254165157,-0.03949334706675029,-0.10956548691725548,0,0.0036307,1,Shared Control,0.01,Good Visuals,-0.002906680303574571,0.047431181624462214,0.0,5.383011341333427,0.9981626787459167,-1.3633386359660218,-0.13486703918287377,0.03604375906729257,0.6540252086340866,-8.994430527301233e-05,29.48727922757925,1.0051971060057163,0.5128948942249443,-0.005198908568075931
6458,26.140938300000002,-0.03785619147575701,-0.13158632337447967,0.0016371555909932833,-0.02202083645722419,-0.09751397486138166,-0.03993999083040055,-0.10224328077346495,0,0.004216800000000001,1,Shared Control,0.01,Good Visuals,0.000488601135273237,0.04744864988594518,0.0,5.382979007556947,0.9981620079796429,-1.3605180464441111,-0.13204644966096316,0.036848467646288664,0.7077128395209175,-8.06037173837641e-05,29.487105105775054,1.005198908568076,0.5130815469219234,-0.0052008232556544996
6459,26.144111300000002,-0.0380132711084365,-0.12988023459757536,0.0019267197219640514,-0.02763695382411041,-0.06539103991700852,-0.04025549928081856,-0.09660982413459773,0,0.003173,1,Shared Control,0.01,Good Visuals,0.01316762880639051,0.04747036847074715,0.0,5.3829445059964245,0.998161288881387,-1.3573865961342535,-0.1289149993511056,0.052747838355710966,0.871154039352799,-7.768082244585797e-05,29.486918453078076,1.0052008232556544,0.5133141541972169,-0.005203203819088643
6460,26.147580100000003,-0.03848451000647496,-0.11730334480177981,0.001770989274343604,-0.02069352066718208,-0.007288688858253067,-0.040579764793112684,-0.09033042065097191,0,0.0034688,1,Shared Control,0.01,Good Visuals,0.017214770085572817,0.04749537212233191,0.0,5.382901560014952,0.9981603927194982,-1.3542692037523205,-0.12579760696917255,0.05428419592023297,0.9121049745254347,-9.146209514148902e-05,29.486685845802782,1.0052032038190886,0.513581635754621,-0.005205944457082578
6461,26.151090000000003,-0.038955748904513435,-0.11088182070923894,0.0016240158885992492,-0.020551400058267028,0.01510215646912752,-0.04088547847219306,-0.0838490620410662,0,0.0035099000000000003,1,Shared Control,0.01,Good Visuals,0.011122457973904584,0.04751286448880601,0.0,5.38285214664831,0.9981593622081766,-1.3513095111706936,-0.12283791438754565,0.03940028171011896,0.826083672442476,-8.411379460960802e-05,29.486418364245377,1.0052059444570827,0.513766921505891,-0.005207861786797409
6462,26.1546276,-0.039269908169872414,-0.11144498748989966,0.0016155703023206444,-0.027595925448833464,0.024053143466155176,-0.04117035823171894,-0.07718766111355825,0,0.0035376,1,Shared Control,0.01,Good Visuals,0.011771776158862742,0.047527111055271326,0.0,5.382817747065711,0.9981586484313348,-1.348408451751915,-0.11993685496876706,0.03601243642138967,0.8333025273678958,-7.7161646842684e-05,29.48623307849411,1.0052078617867974,0.513918379995415,-0.005209423345964301
6463,26.158303500000002,-0.039741147067910876,-0.10971310967400257,0.001429211163808064,-0.032525448560444314,0.053210404305704825,-0.04144116267957593,-0.07012981325742358,0,0.0036759,1,Shared Control,0.01,Good Visuals,0.018848820396540074,0.04754895872594354,0.0,5.382789679546331,0.9981580649478661,-1.344257199378636,-0.1157856025954881,0.04293591024314449,0.9219064099311445,-7.678338917599154e-05,29.486081620004583,1.0052094233459643,0.5141529920822882,-0.005211818058437407
6464,26.162480300000002,-0.04021238596594935,-0.10888945541763521,0.0012287767136265754,-0.03875964216021163,0.07572228740070454,-0.04171704590563438,-0.06194342290810356,0,0.0041768000000000005,1,Shared Control,0.01,Good Visuals,0.024772428119729926,0.04756489565055141,0.0,5.38274642102953,0.9981571610390032,-1.340885357802588,-0.11241376101944021,0.04659637014632288,0.9852559904297973,-6.795750263856736e-05,29.485847007917712,1.0052118180584375,0.5143219629575452,-0.0052135648969317255
6465,26.1660387,-0.040369465598628834,-0.10775493783426629,0.001347580307005547,-0.04581151492616273,0.09948121699520412,-0.041924847505374424,-0.05483037763756404,0,0.0035584,1,Shared Control,0.01,Good Visuals,0.03207403422302382,0.047581064361928944,0.0,5.382715065487808,0.9981565101056895,-1.3370077339967266,-0.10853613721357859,0.052415164303534344,1.0796068173459974,-5.8446636161475544e-05,29.485678037042454,1.0052135648969318,0.5144945816316139,-0.00521533714146025
6466,26.1696388,-0.04084070449666731,-0.10134410776420869,0.0010841430087071141,-0.04651373012664464,0.14367537162508115,-0.04210909556743461,-0.04750535183874138,0,0.0036001,1,Shared Control,0.01,Good Visuals,0.038473433591299074,0.047602545889342984,0.0,5.3826831443165215,0.9981558450780731,-1.33240356866539,-0.10393197188224196,0.057026828394861596,1.1505523480862205,-6.411930532049889e-05,29.485505418368387,1.0052153371414603,0.5147248451453874,-0.005217691721150304
6467,26.174478,-0.04131194339470578,-0.097381797487953,0.0007971521727288336,-0.04987644564921162,0.17571422175891846,-0.042314764427542624,-0.03745749681442029,0,0.0048392,1,Shared Control,0.01,Good Visuals,0.040592358109878914,0.04762059224485066,0.0,5.38264064914619,0.9981549579365598,-1.3272660406680075,-0.09879444388485957,0.053916504447110214,1.16233665099149,-5.160796732259077e-05,29.485275154854612,1.0052176917211504,0.5149167919128482,-0.005219669773331551
6468,26.177928500000004,-0.04146902302738527,-0.09476112906546375,0.0008457414001573557,-0.05730363225104346,0.20821535213166759,-0.042431443315361375,-0.03015337816064817,0,0.0034505,1,Shared Control,0.01,Good Visuals,0.04549362928691343,0.047631612483425595,0.0,5.382605087125477,0.9981542184701306,-1.322957216402907,-0.09448561961975926,0.05537561265743928,1.2051643960227985,-3.796085857461654e-05,29.48508320808715,1.0052196697733315,0.5150330898303233,-0.005220877696279858
6469,26.1816171,-0.04162610266006476,-0.08432254083411653,0.0008053406552966172,-0.05416916267346836,0.2721440804429387,-0.04252807226890065,-0.022218143876822777,0,0.0036886,1,Shared Control,0.01,Good Visuals,0.05264556292515067,0.04764365724603296,0.0,5.38258345514304,0.9981537704693342,-1.3185320846461315,-0.09006048786298358,0.05957983890181867,1.2916321531744566,-4.0284026633484944e-05,29.48496691016968,1.0052208776962799,0.5151618405457832,-0.005222197916805158
6470,26.185027,-0.04194026192542374,-0.07234437464033464,0.0005878103434769147,-0.05012623076351186,0.333974613097758,-0.042591161295921574,-0.014766902552623501,0,0.0034099,1,Shared Control,0.01,Good Visuals,0.049734332971651043,0.04765337422731114,0.0,5.382559661003657,0.9981532744403951,-1.3141296957463722,-0.08565809896322435,0.04840474897877035,1.2326787533626118,-3.8369374147247606e-05,29.484838159454217,1.0052221979168052,0.5152651037285207,-0.005223262990359997
6471,26.188809600000003,-0.042254421190782716,-0.06881516783965311,0.000336740105138858,-0.054048265287029607,0.3663135557289277,-0.04263118522825082,-0.006372847569189682,0,0.0037826,1,Shared Control,0.01,Good Visuals,0.04686972843857802,0.0476587190705806,0.0,5.382540521053668,0.9981528766263776,-1.309932863982938,-0.0814612671997901,0.036717872314052234,1.1833394697553283,-2.8011146272389715e-05,29.48473489627148,1.00522326299036,0.5153213266612752,-0.005223848836010831
6472,26.192552600000003,-0.042254421190782716,-0.06667467592426915,0.00037676403746810666,-0.06030182835507947,0.4046446830893005,-0.04263928849210168,0.0020646563754131153,0,0.0037430000000000002,1,Shared Control,0.01,Good Visuals,0.052135906033743684,0.04766224138124715,0.0,5.382530046234194,0.9981526600516462,-1.3051184832640117,-0.07664688648086393,0.03867296949281386,1.2423567090540277,-1.6048602070610607e-05,29.484678673338724,1.0052238488360108,0.5153585818643434,-0.005224234914756428
6473,26.196027200000003,-0.04256858045614169,-0.05967673803935198,7.070803595999459e-05,-0.061741394414765095,0.45820211673753813,-0.04261833870541505,0.01001256576304449,0,0.0034746000000000004,1,Shared Control,0.01,Good Visuals,0.058162480580133576,0.047666168115610474,0.0,5.382523124459325,0.99815251653477,-1.3004560776568752,-0.07198448087372733,0.041607985471399,1.2982139575476412,-1.7957418497578146e-05,29.484641418135656,1.0052242349147564,0.5154005678561039,-0.005224665322185188
6474,26.199633900000002,-0.042725660088821185,-0.05558912318734356,-0.00010732138340613373,-0.06560168895038805,0.49252346185643764,-0.04256717465202657,0.01837867597536505,0,0.0036067,1,Shared Control,0.01,Good Visuals,0.061246731132290795,0.04766681852810681,0.0,5.382515366209611,0.998152354777756,-1.2959174796164425,-0.06744588283329468,0.03861504860084373,1.3286294029369572,-3.370381129193733e-06,29.484599432143895,1.0052246653221852,0.5154068919603112,-0.005224736613580093
6475,26.203179900000002,-0.042725660088821185,-0.05100696937020662,-0.00015848543679461424,-0.06938564534557168,0.534111618882745,-0.042487251888429764,0.026717683391016683,0,0.003546,1,Shared Control,0.01,Good Visuals,0.0660581375699294,0.04766575292628315,0.0,5.382514139195885,0.9981523304350914,-1.290977723409922,-0.0625061266267741,0.03970188536227806,1.376705277589974,5.11566890700555e-06,29.48459310803969,1.00522473661358,0.5153952021643028,-0.0052246198134865375
6476,26.207576500000002,-0.04319689898685965,-0.037424195998476475,-0.000709647098429883,-0.06414187938949316,0.6304484821468207,-0.04234677907586033,0.0372112028538987,0,0.0043966000000000005,1,Shared Control,0.01,Good Visuals,0.0698220103541371,0.04766108802583443,0.0,5.382519717370423,0.9981524474957784,-1.2806456492275091,-0.052174052444361206,0.031103444132728867,1.376608421553711,1.8850537277463897e-05,29.484623489094663,1.0052244291178232,0.5153450714125687,-0.005224108496034991
6477,26.2139509,-0.04319689898685965,-0.04087430522538206,-0.0008501199109993141,-0.07808550807928076,0.6448280351387943,-0.04206032743265856,0.0527224451244567,0,0.0063744000000000006,1,Shared Control,0.01,Good Visuals,0.06784307528076292,0.047656540295298436,0.0,5.382525511705266,0.9981525686265421,-1.2759974194031622,-0.0475258226200143,0.025656823327566854,1.2973373033986182,3.382255282554465e-05,29.48465492858743,1.005224108496035,0.5152962337110251,-0.005223610021520143
6478,26.217704200000004,-0.043353978619539144,-0.04057364462737171,-0.0012936511868805803,-0.0932960897518284,0.6768154927137846,-0.041845039041842835,0.06201673861364129,0,0.0037533,1,Shared Control,0.01,Good Visuals,0.08251706491855547,0.04764820561443363,0.0,5.382534516391555,0.9981527567880538,-1.2709111853230615,-0.042439588539913586,0.041149690627530974,1.4852920453512175,4.051377379437433e-05,29.484703766288973,1.0052236100215202,0.5152065742258971,-0.00522269646123604
6479,26.221063400000002,-0.043353978619539144,-0.03569034777132263,-0.0015089395776963083,-0.09770708638496392,0.7143214045944505,-0.041622600198921514,0.07043435704958617,0,0.0033592,1,Shared Control,0.01,Good Visuals,0.10008692494499233,0.04762950211750529,0.0,5.382551033573057,0.9981531022326713,-1.2645389173561978,-0.03606732057305005,0.05688767663350938,1.739963401923254,6.1640157745842e-05,29.484793425774104,1.005222696461236,0.5150050211742577,-0.00522064638010579
6480,26.225035700000003,-0.043353978619539144,-0.02713872707040582,-0.0017313784206176297,-0.09757308411999199,0.7569495018713706,-0.04132284997496749,0.08050715625231775,0,0.003972300000000001,1,Shared Control,0.01,Good Visuals,0.10564870752327558,0.04760324655417748,0.0,5.382588131485934,0.9981538787983587,-1.256854873959612,-0.02838327717646424,0.058138953591776676,1.7802384905094204,7.187004081107385e-05,29.484994978825743,1.0052206463801059,0.5147234089279266,-0.005217768520679362
6481,26.2290065,-0.043353978619539144,-0.016286003308614933,-0.002031128644571653,-0.09679315956093268,0.8049252118429389,-0.040982971722804136,0.09070248848938314,0,0.0039708,1,Shared Control,0.01,Good Visuals,0.10671244513792781,0.04758039551789964,0.0,5.382640086866024,0.9981549637788016,-1.2505982699910707,-0.02212667320792292,0.05290776548488662,1.739104950117111,8.241923383524342e-05,29.485276591072072,1.0052177685206793,0.5144801825648139,-0.0052152638297940515
6482,26.2326623,-0.043353978619539144,-0.0074116743410873685,-0.0023710068967350076,-0.09811416283047052,0.8457802019942487,-0.04063405543481728,0.10019851075689745,0,0.0036558000000000003,1,Shared Control,0.01,Good Visuals,0.10754758933170963,0.04755814039422992,0.0,5.382685133116302,0.9981559008031639,-1.2446861465954628,-0.016214549812315127,0.04608717537996382,1.7245561506352585,9.664190425645465e-05,29.485519817435186,1.005215263829794,0.5142427672351157,-0.0052128244565976135
6483,26.236089800000002,-0.043353978619539144,-0.0017485110706420698,-0.002719923184721862,-0.10194702182753952,0.879965524079726,-0.04027523291857407,0.10919498172485839,0,0.0034275000000000004,1,Shared Control,0.01,Good Visuals,0.11069580803164782,0.04753287605481504,0.0,5.382729053620705,0.998156815458684,-1.238426067862717,-0.009954471079569385,0.042888900436517344,1.7469662144180782,0.00011276067887061089,29.485757232764882,1.0052128244565977,0.5139725601908521,-0.005210055244738405
6484,26.240862800000002,-0.042882739721500675,0.01751500159075747,-0.0026075068029266027,-0.09167998013410092,0.9893143103820594,-0.039723862635170096,0.12187049942199549,0,0.004773,1,Shared Control,0.01,Good Visuals,0.12067903426296576,0.047473289972494885,0.0,5.382837219582665,0.9981590712353667,-1.2258416633998521,0.002629933383295587,0.04347997172693601,1.815994101560319,0.0001387890921273308,29.486342746180778,1.0052068251473616,0.5133356976607846,-0.005203524043463153
6485,26.2464632,-0.042882739721500675,0.03371321695891938,-0.003158877086330579,-0.08815728246307611,1.06201480411536,-0.03899920158307871,0.1369562770758984,0,0.0056004,1,Shared Control,0.01,Good Visuals,0.10554725711021752,0.04746197852912632,0.0,5.382896680443887,0.9981603100552033,-1.220611893331718,0.007859703451429698,0.018183004743929084,1.5216532538433212,0.0001237869265605877,29.486664302339214,1.0052035240434631,0.5132184927493654,-0.00520228420170016
6486,26.2500213,-0.042725660088821185,0.04046230609996911,-0.0037264585057424776,-0.0964939709759293,1.09883660020356,-0.03849466604293489,0.1466568155126485,0,0.0035581000000000002,1,Shared Control,0.01,Good Visuals,0.10499911868311967,0.047457160921493186,0.0,5.3829186846156345,0.9981607614726846,-1.2151802062163386,0.013291390566809141,0.006155164451015593,1.5226752397901555,0.00014992655644757106,29.486781507250633,1.0052022842017,0.5131682586089616,-0.005201756146088983
6487,26.253645700000003,-0.042725660088821185,0.0382714667237107,-0.004230994045886297,-0.1083853487889378,1.114390368979652,-0.03794507985436364,0.1566283458900116,0,0.0036244000000000003,1,Shared Control,0.01,Good Visuals,0.11637577236705389,0.04744616139072098,0.0,5.382928085404382,0.9981609549618918,-1.2093633528377212,0.01910824394542648,0.012370198341884646,1.690650868632604,0.0001768471409742878,29.48683174139104,1.005201756146089,0.5130496876201963,-0.0052005504929127835
6488,26.257961,-0.042254421190782716,0.03695620422536097,-0.004309341336419074,-0.11967214166465062,1.1331424024827574,-0.037243360093818706,0.16861643566974985,0,0.0043153,1,Shared Control,0.01,Good Visuals,0.1309613017684063,0.04740979538452564,0.0,5.382949906172908,0.9981614118044562,-1.2008143036648844,0.02765729311826327,0.027143353621065215,1.8678689009672027,0.00020074442634430075,29.486950312379804,1.0052005504929127,0.5126567959320207,-0.005196564432799574
6489,26.2615686,-0.042254421190782716,0.04033212580574613,-0.00501106109696401,-0.12828430986400371,1.147876630972673,-0.036616837464056334,0.17873248474866332,0,0.0036076000000000003,1,Shared Control,0.01,Good Visuals,0.14264957481597,0.047370997305635716,0.0,5.383022129680592,0.9981629256072988,-1.1941470769392755,0.034324519843872234,0.038299154893002195,1.9572647738401143,0.00020430499100170657,29.48734320406798,1.0051965644327996,0.5122422649882841,-0.005192311794390464
6490,26.2650186,-0.04209734155810323,0.040752341061325074,-0.005480504094046892,-0.13798014368733824,1.132775025738046,-0.03598340980170553,0.18848447632691928,0,0.0034500000000000004,1,Shared Control,0.01,Good Visuals,0.15502388367535258,0.04731136950007471,0.0,5.383098756444727,0.998164522626062,-1.1866011904419649,0.04187040634118291,0.04833310817320662,2.1107374817652236,0.00023737896172265808,29.487757735011716,1.0051923117943904,0.5116019143270709,-0.005185776019851235
6491,26.268661,-0.04162610266006476,0.04510257982034192,-0.005642692858359229,-0.14338189650657734,1.1349271689083142,-0.035278001461208575,0.19886071469180308,0,0.0036424,1,Shared Control,0.01,Good Visuals,0.167229966507613,0.047232210729083283,0.0,5.383216823167459,0.9981669897459322,-1.178921286508982,0.04955031027416575,0.061154370416135875,2.233569082417067,0.0002592901542401247,29.48839808567293,1.0051857760198513,0.5107533445147399,-0.005177099465764852
6492,26.272260900000003,-0.04162610266006476,0.05618234483631998,-0.006348101198856183,-0.1426783698554831,1.1602975261079405,-0.03454354519807194,0.20919475232427212,0,0.0035999,1,Shared Control,0.01,Good Visuals,0.17349626753746786,0.04713913228917141,0.0,5.38337342190671,0.9981702590272871,-1.1705661192946515,0.05790547748849624,0.06517452966482085,2.264211597065253,0.00026651685816551636,29.48924665548526,1.005177099465765,0.5097572015875156,-0.005166897183591233
6493,26.2759603,-0.04131194339470578,0.06026317133769042,-0.006768398196633836,-0.1489315809865817,1.1539601647730384,-0.033749884720250076,0.21989367391238984,0,0.0036994000000000003,1,Shared Control,0.01,Good Visuals,0.1765932201894328,0.047033963650161964,0.0,5.383557406480549,0.9981740967989443,-1.1617148696593789,0.06675672712376882,0.061781601525880685,2.2643837486946636,0.00029924398219792925,29.490242798412485,1.0051668971835912,0.5086322804665775,-0.005155369700620892
6494,26.2796248,-0.0409977841293468,0.06275908472938792,-0.007247899409096724,-0.15713458918300194,1.1508858180976025,-0.03292454853175483,0.23056839676826654,0,0.0036645000000000002,1,Shared Control,0.01,Good Visuals,0.18509975868055656,0.04692565249529977,0.0,5.3837652329018555,0.9981784306746704,-1.1538225295870161,0.07464906719613155,0.06868731016618948,2.319775460690947,0.00031834459475029765,29.49136771953342,1.0051553697006208,0.5074754097329679,-0.005143497768028329
6495,26.2831338,-0.040526545231308324,0.0735968415311379,-0.007601996699553491,-0.15697155523712863,1.1800763857217142,-0.03209744791947275,0.24085941567283475,0,0.0035090000000000004,1,Shared Control,0.01,Good Visuals,0.1958715970233531,0.04678639472024331,0.0,5.3839791162452775,0.9981828875720065,-1.1451368253836005,0.08333477139954726,0.07841610918266716,2.421507207732499,0.0003401124089921614,29.49252459026703,1.0051434977680282,0.5059829109273151,-0.005128233791565663
6496,26.286638200000002,-0.040369465598628834,0.08526760225606718,-0.008272017679156085,-0.1555918134167676,1.2025967171847574,-0.03123527607418589,0.2512023386660366,0,0.0035044000000000004,1,Shared Control,0.01,Good Visuals,0.19761830840923594,0.046656090051154155,0.0,5.384254578776787,0.9981886376491583,-1.1369755130434995,0.09149608373964828,0.07345345493171318,2.3891429567040454,0.00035567001824729657,29.494017089072685,1.0051282337915657,0.5045933237103591,-0.005113951160659446
6497,26.290860300000002,-0.039741147067910876,0.09276756577412446,-0.008505870993724986,-0.15843477289191213,1.2081112561579441,-0.03014822355768923,0.2637471245962919,0,0.0042221,1,Shared Control,0.01,Good Visuals,0.19985158910249423,0.04650032567354651,0.0,5.384511691101303,0.9981939909914586,-1.1274848823109334,0.10098671447221445,0.06906321903718267,2.378842674094189,0.0003859400017434455,29.49540667628964,1.0051139511606595,0.5029253747462045,-0.00509687790358234
6498,26.294067300000002,-0.03958406743523139,0.09813399985206997,-0.009435843877542163,-0.16561312474422193,1.2078487679511203,-0.029287026242186272,0.2733346366253011,0,0.003207,1,Shared Control,0.01,Good Visuals,0.20395223780176513,0.046355950104103726,0.0,5.384819670933305,0.9982004169263219,-1.1190106095102919,0.10946098727285586,0.06926294806021242,2.3611793816220117,0.00039552577134538457,29.497074625253795,1.0050968779035823,0.5013857380808152,-0.005081052968185625
6499,26.2976041,-0.03911282853719292,0.09968222041717194,-0.009825802295006646,-0.17365241620812916,1.1954748178611887,-0.028301515299049614,0.28396467766398936,0,0.0035368,1,Shared Control,0.01,Good Visuals,0.2161290782535667,0.04618208342741767,0.0,5.38510454740752,0.9982063482909719,-1.110462159726131,0.11800943705701669,0.07899144049602146,2.4965537759296836,0.00043740750797745714,29.498614261919183,1.0050810529681857,0.49952347977717776,-0.005061995526979905
6500,26.301044500000003,-0.038955748904513435,0.09790396075812549,-0.01065423360546382,-0.18606071690586387,1.176753150083125,-0.027306696790664,0.29435974559320993,0,0.0034404,1,Shared Control,0.01,Good Visuals,0.22625854100690895,0.04596940212098968,0.0,5.385448362861477,0.998213522786274,-1.101253566995257,0.1272180297878907,0.08898638709227448,2.5722326063893934,0.0004537760213293089,29.500476520222822,1.00506199552698,0.49724486871977086,-0.005038683633234298
6501,26.304740600000002,-0.03848451000647496,0.09522487095478752,-0.011177813215810958,-0.19913487463842242,1.1573573406682074,-0.026197986794756396,0.305585054507551,0,0.0036961000000000003,1,Shared Control,0.01,Good Visuals,0.24311226339714861,0.0457032277445115,0.0,5.385868989916409,0.9982223012938541,-1.0918340051638955,0.13663759161925212,0.10767885861971485,2.7465482363428446,0.0004897687489005281,29.502755131280228,1.0050386836332343,0.4943919791227702,-0.005009508390301683
6502,26.308843900000003,-0.03785619147575701,0.10053951943870515,-0.011658204681000612,-0.20504553506884587,1.1667552511721464,-0.024918398534616266,0.318113750805828,0,0.0041033,1,Shared Control,0.01,Good Visuals,0.25899118453710235,0.045325469263529976,0.0,5.386395520060387,0.9982332922263124,-1.080281682553875,0.14818991422927255,0.1257537636563616,2.893940882792762,0.0005108621430878187,29.50560802087723,1.0050095083903017,0.49033620733538447,-0.004968102468370669
6503,26.3121413,-0.03738495257771854,0.11503008680547588,-0.012466554043102273,-0.2030836640003521,1.1995039642735157,-0.02385278286235723,0.32823015925303034,0,0.0032974000000000002,1,Shared Control,0.01,Good Visuals,0.2674909040004538,0.04495951843645806,0.0,5.387143416135499,0.9982489174441957,-1.0698846046046637,0.15858699217848385,0.13115817925758336,2.9179046781576377,0.0005284135979366345,29.509663792664615,1.0049681024683708,0.48642810577321355,-0.004927990777596821
6504,26.315606100000004,-0.03691371367968006,0.12769424495649917,-0.013060930817322833,-0.20053591429653117,1.217718189580044,-0.022697051918022515,0.3389042638520853,0,0.0034648,1,Shared Control,0.01,Good Visuals,0.26989922808807343,0.04459982350858512,0.0,5.387866012769641,0.9982639729335159,-1.0599494424164249,0.16852215436672277,0.12504995889399295,2.89435477137998,0.0005604902663399574,29.513571894226786,1.0049279907775968,0.4825848907718574,-0.004888564792867661
6505,26.3190427,-0.03659955441432109,0.13185034732735854,-0.013902502496298576,-0.20705391652472674,1.212851817893993,-0.021514120380505153,0.3495339068243293,0,0.0034366,1,Shared Control,0.01,Good Visuals,0.27057057156725867,0.04422726697584545,0.0,5.3885764347665965,0.9982787783982436,-1.0498323979428308,0.17863919884031682,0.11884992502720278,2.836209939052467,0.0005825152093104388,29.517415109228143,1.0048885647928676,0.4786000683444961,-0.00484772905393355
6506,26.3241888,-0.03502875808752619,0.15459942737638813,-0.013514637707021035,-0.19493447944794115,1.2878264241906907,-0.01967427440005359,0.36552517367205284,0,0.005146100000000001,1,Shared Control,0.01,Good Visuals,0.28848082722976387,0.043318378190542454,0.0,5.39015804780077,0.9983117724551905,-1.0280996664086999,0.2003719303744479,0.13185219400058232,2.928750747524833,0.0006194589658066095,29.525979706392857,1.0048008770199646,0.4688622915319184,-0.004748106199694918
6507,26.3298829,-0.03408628029144925,0.16628814560248145,-0.01441200589139566,-0.1992370280695714,1.3138601155080727,-0.01754233556772077,0.3833144823426892,0,0.0056941000000000005,1,Shared Control,0.01,Good Visuals,0.27930720243393664,0.04273202729127981,0.0,5.391646341915344,0.9983427518546965,-1.0126729458954877,0.21579865088766,0.10380760268360166,2.661812083589237,0.000647417252282187,29.534021761157888,1.0047181886294825,0.46261798341173355,-0.004683836565043788
6508,26.335883900000002,-0.03345796176073129,0.17044509150643117,-0.015915626193010523,-0.21286939083625805,1.3521607863129996,-0.015185567430506614,0.4021595791767092,0,0.006001,1,Shared Control,0.01,Good Visuals,0.27662279725404926,0.042430851834520125,0.0,5.392266412703401,0.9983556965963972,-1.0050301434285254,0.22344145335462234,0.10150029278982856,2.498791102779811,0.0006158542290732048,29.537382016588268,1.004683836565044,0.45939729160675774,-0.004650824870858321
6509,26.340803400000002,-0.032201324699295375,0.18497015342734235,-0.01701575726878876,-0.21718942574936684,1.4328433654002108,-0.013169004159007645,0.41767411288297734,0,0.0049195,1,Shared Control,0.01,Good Visuals,0.31731183202607294,0.041463024758146866,0.0,5.393784695493124,0.9983874120164518,-0.9847298489918488,0.24374174779129898,0.13108016961226762,3.066639313724995,0.0007404355808861349,29.545614876918034,1.004599775131154,0.44900443916078475,-0.004544741819425805
6510,26.345852800000003,-0.03141592653589793,0.1921791854586457,-0.01824692237689028,-0.22549492742433164,1.4775580328530595,-0.011019682208793027,0.43365212074585335,0,0.0050494,1,Shared Control,0.01,Good Visuals,0.3086399207123711,0.04105202799582109,0.0,5.39477784033065,0.9984081394114394,-0.9761759243833503,0.25229567239979744,0.11825422324228246,2.7986927785952393,0.0007055247649144059,29.550995560839215,1.0045447418194258,0.4446184108675479,-0.0044996926657693646
6511,26.349098,-0.03078760800517997,0.2029569906158535,-0.01976792579638694,-0.23069513012999984,1.5375173536461695,-0.009595695908179075,0.44394635728251874,0,0.0032452,1,Shared Control,0.01,Good Visuals,0.3235926763468561,0.040503939232874306,0.0,5.395589109520526,0.9984250344761734,-0.9655819019250771,0.2628896948580707,0.12739476115295462,2.9920700591050458,0.0007490731682536742,29.555381589132452,1.0044996926657694,0.43872579592853594,-0.0044396169251245095
6512,26.3526911,-0.029845130209103034,0.2124244490799116,-0.02024943430092396,-0.23152190820260715,1.590558760964775,-0.007980045064908303,0.45536445625053046,0,0.0035931,1,Shared Control,0.01,Good Visuals,0.33701810078694633,0.039905436225275495,0.0,5.396674995947094,0.9984477339857557,-0.9547589758561248,0.273712620927023,0.1326508953134669,3.150412199147792,0.000800678865216825,29.561274204071463,1.0044396169251244,0.43230578359894084,-0.004374015303835364
6513,26.3575245,-0.02811725424962865,0.23288601724524302,-0.020137209184720346,-0.22247843900528744,1.713199335310717,-0.005741909475000938,0.4707529194675247,0,0.004833400000000001,1,Shared Control,0.01,Good Visuals,0.3465197712637079,0.03868021501611623,0.0,5.399128581988785,0.9984989643413023,-0.9329789812756876,0.29549261550746014,0.12710369478678626,3.1204516123074737,0.0008276757664512035,29.574573718555495,1.0043037230644776,0.4191750679356629,-0.004239719407677439
6514,26.3629487,-0.027331856086231197,0.24476434047204526,-0.02158994661123026,-0.22598857899547942,1.7830854586261191,-0.0031415415942558367,0.48805435219879756,0,0.0054242000000000005,1,Shared Control,0.01,Good Visuals,0.33089647687902407,0.03825695116101557,0.0,5.400283021768814,0.9985230434293552,-0.9245666764051987,0.3039049203779489,0.10306846520877534,2.7502876615845917,0.0007789115810894937,29.58082493206434,1.0042397194076775,0.41466032195107866,-0.004193325663995018
6515,26.366307900000002,-0.026075219024795284,0.2591468819354907,-0.022933677430539447,-0.22890747026330688,1.8580941103996917,-0.0014840534031097252,0.498782117252411,0,0.0033592,1,Shared Control,0.01,Good Visuals,0.34226858959078255,0.037660846689673004,0.0,5.401118313734863,0.9985404331465036,-0.9131140641082431,0.3153575326749045,0.10529854240302558,2.907566147136409,0.0008259655330747697,29.58533967804892,1.004193325663995,0.4082397169060908,-0.004127986945089206
6516,26.3699751,-0.025132741228718343,0.27330217111232974,-0.023648687825608618,-0.22547994614008127,1.9255813350428421,0.00036656719248400957,0.510501689150966,0,0.0036672000000000002,1,Shared Control,0.01,Good Visuals,0.35247364115817464,0.03708891921499837,0.0,5.402300423619828,0.9985651652044462,-0.9023336416841548,0.3261379550989929,0.10490722793815702,3.0149124434623666,0.00086370170974196,29.591760283093908,1.0041279869450892,0.4021065559021112,-0.004065298254937104
6517,26.3744149,-0.023719024534602937,0.28147022077012784,-0.024085591727086946,-0.2290314683808382,1.9690517759405266,0.0026646041489635855,0.5246976843821204,0,0.004439800000000001,1,Shared Control,0.01,Good Visuals,0.3529458254253929,0.03633457487630906,0.0,5.4034321065716275,0.9985887889574272,-0.8874960156966591,0.34097558108648846,0.09539407780423509,2.9542899783958974,0.0008771042723047135,29.59789344409789,1.0040652982549372,0.39398301826200055,-0.003982614941737316
6518,26.3785464,-0.02246238747316702,0.2894938224105955,-0.025126991622130605,-0.23520386197152487,2.0175073239427306,0.004859687522441716,0.5379108565091002,0,0.004131500000000001,1,Shared Control,0.01,Good Visuals,0.35889630960842495,0.03581490348954834,0.0,5.404927887371717,0.998620079658794,-0.8775908568323546,0.350880739950793,0.09512779860745965,2.9030360094679133,0.0008751397360480508,29.606016981737998,1.0039826149417372,0.3884366486203386,-0.003925654015766608
6519,26.382103,-0.021362830044410593,0.30412460367174404,-0.02622251756685231,-0.23378625283735616,2.089639009494033,0.006793047557179497,0.5492843954314922,0,0.0035566,1,Shared Control,0.01,Good Visuals,0.3707196783872888,0.035216055878377214,0.0,5.405953748216597,0.9986414418427416,-0.8667769103238628,0.36169468645928476,0.10060420085251165,3.0260651747514484,0.0008999207799292974,29.61156335137966,1.0039256540157666,0.38199290913786593,-0.003860014622648818
6520,26.385731200000002,-0.019792033717615697,0.32539779314089856,-0.026585081274795194,-0.22388660229059365,2.181375610125448,0.008807003852815205,0.5608830049446424,0,0.0036282000000000003,1,Shared Control,0.01,Good Visuals,0.37526328555412725,0.03465146729464198,0.0,5.407140718668271,0.9986662613341643,-0.8563540126090523,0.3721175841740953,0.09478035837776741,3.0433595289682662,0.000923453643905999,29.618007090862132,1.0038600146226488,0.3759314437265927,-0.0037981303447352116
6521,26.3892814,-0.01869247628885927,0.3489660901355498,-0.027499480141674474,-0.21191691480909258,2.282943565071533,0.010818387491297342,0.5722257371037849,0,0.0035502000000000003,1,Shared Control,0.01,Good Visuals,0.36737221569459355,0.03417356262906482,0.0,5.408258533840698,0.9986896077288316,-0.8456613605312719,0.38281023625187566,0.0725976544893768,2.876533971209607,0.0009212120743189646,29.624068556273407,1.0037981303447352,0.3708067558235214,-0.0037457474486002527
6522,26.393122,-0.01743583922742335,0.3572948175511976,-0.02825422671872069,-0.2149309195525873,2.3332096184393762,0.013039624826465576,0.5844859071299543,0,0.0038406000000000004,1,Shared Control,0.01,Good Visuals,0.360393705809711,0.033816790918791625,0.0,5.40920416416514,0.9987093456208999,-0.8350578271427518,0.3934137696403958,0.05009900304395231,2.7410643647296458,0.0009397552068882369,29.629193244176477,1.0037457474486002,0.3669874278613044,-0.0037066418763192998
6523,26.3967315,-0.015865042900628453,0.3544598467032224,-0.02890466772709403,-0.2300260604267319,2.358653767324411,0.015170102948904383,0.5959955788010839,0,0.0036095000000000003,1,Shared Control,0.01,Good Visuals,0.3675094897481981,0.033431220913705435,0.0,5.409909519935454,0.9987240555757086,-0.823909288751721,0.4045623080314267,0.050766232531774515,2.7728543976100175,0.0009554672775191136,29.633012572138696,1.0037066418763192,0.36283740710002155,-0.003664379737060221
6524,26.4006313,-0.014137166941154067,0.3663694094866472,-0.02930726989005845,-0.2296261693144367,2.4427936673887225,0.01751858701542986,0.6084137318281935,0,0.0038998,1,Shared Control,0.01,Good Visuals,0.3861299670835127,0.032979931402277445,0.0,5.410673869864001,0.9987400395817305,-0.8138663108823558,0.4146052859007918,0.06876282403986429,2.9382615182460894,0.0009663183322217324,29.63716259289998,1.0036643797370601,0.3579749820117185,-0.0036149141149253564
6525,26.404191100000002,-0.013037609512397642,0.3876755449390761,-0.030556196527827505,-0.2207381868891174,2.537108451316092,0.019704566969358763,0.6197307086896356,0,0.0035598,1,Shared Control,0.01,Good Visuals,0.3879394620288944,0.032556252609599094,0.0,5.411568965785024,0.9987587673681994,-0.8034688420611715,0.42500275472197613,0.06069553144278136,2.900351145411111,0.0009665517505621589,29.64202501798828,1.0036149141149253,0.35342072211270836,-0.0035684748901384385
6526,26.408150000000003,-0.010995574287564275,0.39500847714981724,-0.03070014125692304,-0.2247222315398184,2.5603838604290177,0.022182892960538336,0.6322923518301526,0,0.0039589000000000004,1,Shared Control,0.01,Good Visuals,0.38585068357941343,0.03210336310195819,0.0,5.412408319127419,0.9987763077987697,-0.7892838016865381,0.4391877950966096,0.044630450365171465,2.848516079889445,0.000994795252948507,29.64657927788729,1.0035684748901383,0.34854364497246965,-0.003518833893202961
6527,26.4125534,-0.009110618695410399,0.40439141502373643,-0.031293511655948736,-0.2279009368064162,2.5965075850310853,0.024997830203289467,0.6462302326734459,0,0.0044034,1,Shared Control,0.01,Good Visuals,0.3906407315388296,0.03178874863666713,0.0,5.413306353434525,0.9987950915377962,-0.7797084180621104,0.44876317872103727,0.044703173842516895,2.7807932928000505,0.0009855777820524073,29.65145635502753,1.003518833893203,0.34517499446509176,-0.003484349155879893
6528,26.4162111,-0.007853981633974482,0.42445939565975754,-0.03285181183726395,-0.22177083701368838,2.6630956020480943,0.027382672742060143,0.657776933243385,0,0.0036577000000000003,1,Shared Control,0.01,Good Visuals,0.39705012598380274,0.03145560707885698,0.0,5.4139284245256345,0.9988080651015079,-0.7696668347646229,0.4588047620185247,0.04495112654997553,2.8188482995501345,0.0009947815759895672,29.654825005534907,1.0034843491558798,0.34158626576656664,-0.003447833673027404
6529,26.419626500000003,-0.006126105674500096,0.43664879541978263,-0.03350877841656024,-0.2211281378236024,2.6896464203997046,0.02964761639553176,0.6685307367202464,0,0.0034154000000000003,1,Shared Control,0.01,Good Visuals,0.399388628833377,0.03118863550815498,0.0,5.414589121846002,0.9988218866339204,-0.759880632363897,0.46859096441925063,0.03548042114597982,2.847723672552276,0.0010333736849815174,29.658413734233434,1.0034478336730275,0.3387200240802124,-0.0034185710500266838
6530,26.4242427,-0.0028274333882308137,0.46583555124565534,-0.032475049783762575,-0.2026951854745911,2.7873459609510585,0.03276714826826247,0.6830181898123814,0,0.0046162,1,Shared Control,0.01,Good Visuals,0.4007956027336048,0.030758585417236348,0.0,5.415677460239383,0.9988446367748213,-0.7404012131604655,0.4880703836226822,0.02192466019069902,2.7370542165361735,0.001042526040426283,29.6643208731164,1.0033876387146274,0.33410324608281877,-0.0033714334703627267
6531,26.429916100000003,-0.0014137166941154068,0.46942810300327553,-0.03418086496237788,-0.21359008680910585,2.7807149050890096,0.03669250415229234,0.7007414082211665,0,0.0056734,1,Shared Control,0.01,Good Visuals,0.378346096269407,0.03082206012245177,0.0,5.415969133543381,0.9988507055864135,-0.7334114416268431,0.4950601551563045,-0.009625567982568814,2.312120516563253,0.0009988865927028638,29.66589675391718,1.0033714334703627,0.3348126519010262,-0.003378390901687405
6532,26.433215200000003,0.00015707963267948965,0.46531484966179276,-0.03653542451961285,-0.23542655855937372,2.757087457537124,0.03902125505691691,0.7110019582506473,0,0.0032991,1,Shared Control,0.01,Good Visuals,0.3984621515306306,0.030747082487555793,0.0,5.4158408950721455,0.9988479728889296,-0.7241174894775907,0.504354107305557,0.00918714952361094,2.6029833774688154,0.001053524674907816,29.665187348098975,1.0033783909016873,0.3339879965620191,-0.0033701726398789387
6533,26.4366336,0.0020420352248333652,0.4659877439681065,-0.03697921983208355,-0.24501421428254078,2.755396593542552,0.041469861919172936,0.7215954547560898,0,0.0034184000000000003,1,Shared Control,0.01,Good Visuals,0.43303162448619587,0.030362332505524697,0.0,5.415991151218885,0.9988511492540111,-0.7135549139384961,0.5149166828446515,0.04629456899085437,3.07579148513282,0.0011233577114224047,29.66601200343798,1.003370172639879,0.3298061195957507,-0.0033280003829449707
6534,26.440948100000004,0.0040840704496667305,0.478909432841199,-0.037385791469506206,-0.24268602191489075,2.7876834042033245,0.044611926297337304,0.7349070563699349,0,0.004314500000000001,1,Shared Control,0.01,Good Visuals,0.44504414652483937,0.02980319629436863,0.0,5.416757617673606,0.9988672556015595,-0.7010386289713055,0.5274329678118421,0.05767131453502804,3.1484341115838816,0.001122775368336614,29.67019388040425,1.003328000382945,0.3237616116264468,-0.003266713736917127
6535,26.4440382,0.005654866776461627,0.4909179042063245,-0.03895705952087568,-0.24398915216361045,2.8000671915646436,0.04689753642407111,0.7443982511325924,0,0.0030901,1,Shared Control,0.01,Good Visuals,0.4449680711651952,0.029357423696644618,0.0,5.417868473224904,0.9988905347874208,-0.6900966227185197,0.538374974064628,0.05040108044424984,3.053526330520148,0.0011142160817860258,29.67623838837355,1.0032667137369171,0.3189711789284175,-0.0032178528209890786
6536,26.4476666,0.007853981633974482,0.5001783746071795,-0.03904355479009663,-0.24421987652541288,2.807127167694061,0.049618658347737,0.7554947298074525,0,0.0036284000000000004,1,Shared Control,0.01,Good Visuals,0.454821580049898,0.02887227622328118,0.0,5.418751484851135,0.9989089833071222,-0.6791942103614635,0.5492773864216841,0.05468637277936319,3.1584716255449763,0.0011436789023297504,29.681028821071582,1.0032178528209892,0.31373698764618746,-0.0031646760442429404
6537,26.4512208,0.009267698328089888,0.5113125960728163,-0.040350960019647115,-0.24418213373463615,2.8281671204431063,0.052323075968042,0.7663114428179972,0,0.0035542000000000004,1,Shared Control,0.01,Good Visuals,0.4555632670642249,0.02840397067675051,0.0,5.419714386452469,0.9989291409895021,-0.6682276933788713,0.5602439034042763,0.0510056867637284,3.0762481367197427,0.0011272762986384828,29.686263012353812,1.003164676044243,0.30868960256852335,-0.0031133453028413783
6538,26.454660200000003,0.011466813185602744,0.516979281786355,-0.04085626278243926,-0.24933216103164224,2.827152049219864,0.054976653513750764,0.776726585626387,0,0.0034394,1,Shared Control,0.01,Good Visuals,0.4626535603618796,0.027917274392706165,0.0,5.420643394045056,0.9989485789041721,-0.6573310501225821,0.5711405466605656,0.05246082184409123,3.126098991964083,0.001146127485176789,29.691310397431476,1.0031133453028414,0.3034385522426494,-0.0030599987617157005
6539,26.458322000000003,0.013823007675795088,0.5269710896842209,-0.04115364583795568,-0.24975549594216606,2.856193339057794,0.0578410839972788,0.7877561893434275,0,0.0036618,1,Shared Control,0.01,Good Visuals,0.47058174773577344,0.02721738419450291,0.0,5.421609385966605,0.9989688010098827,-0.6431317303357962,0.5853398664473515,0.05778876092690606,3.15183232043372,0.0011405954987578654,29.69656144775735,1.0030599987617157,0.2958648372231434,-0.0029832841401622994
6540,26.462544400000002,0.016179202165987432,0.5481491771357045,-0.04166188183129137,-0.23960701220772296,2.9343122271808624,0.06119401992849542,0.8003953244265156,0,0.0042224,1,Shared Control,0.01,Good Visuals,0.4726814784912891,0.02671363649665216,0.0,5.4230005883988115,0.9989979678167928,-0.6326046894762002,0.5958669073069475,0.05399921354812736,3.0550353646746893,0.0011200945897761453,29.704135162776858,1.0029832841401622,0.2904497512541085,-0.0029280686019275506
6541,26.466136700000003,0.01774999849278233,0.5661958828037879,-0.04344402143571309,-0.23419944162272777,2.9957189477624637,0.06408848864748921,0.8110787370242005,0,0.0035923,1,Shared Control,0.01,Good Visuals,0.4653459033973996,0.026379050035937383,0.0,5.4239985983512655,0.9990188205856014,-0.6222063774846371,0.6062652192985105,0.03403383603097872,2.9123661190799357,0.0011129403670075947,29.70955024874589,1.0029280686019275,0.286855715122323,-0.0028913947439759466
6542,26.469677700000002,0.020106192982974676,0.5716085360763328,-0.04398229566451454,-0.23947020094786775,3.0177526813130657,0.06697906727326235,0.8215443358639691,0,0.0035410000000000003,1,Shared Control,0.01,Good Visuals,0.4696419900375954,0.026095382896221434,0.0,5.424661230420491,0.999032660541664,-0.6117829388412902,0.6166886579418575,0.028066824487723303,2.9679494998140465,0.0011460120152150118,29.71314428487768,1.002891394743976,0.2837981927887212,-0.0028603021278394295
6543,26.4741454,0.024504422698000385,0.6055347161558956,-0.04247464457526196,-0.21600961970807353,3.170881006728644,0.07067880366331218,0.8346526637784754,0,0.004467700000000001,1,Shared Control,0.01,Good Visuals,0.4788334089308488,0.025505553225012977,0.0,5.425958648029362,0.9990598374131813,-0.5913548946096567,0.6371167021734909,0.025347502968412105,2.932352480201374,0.001141186660962252,29.720201616381043,1.0028197934618428,0.2774346874333786,-0.0027956511867005406
6544,26.479886800000003,0.02638937829015426,0.6223980027594616,-0.04428942537315792,-0.2122546610190138,3.2262830055105662,0.07551885427029097,0.8513332932920636,0,0.005741400000000001,1,Shared Control,0.01,Good Visuals,0.4462926858027424,0.025683866651537934,0.0,5.42639465182386,0.9990689393050005,-0.5841536360088321,0.6443179607743156,-0.020677282404650638,2.368056100238286,0.0010833393079278527,29.722565312566623,1.0027956511867004,0.2794012542782993,-0.0028151960339763984
6545,26.4830696,0.02811725424962865,0.6207158291919794,-0.04740160002066232,-0.2306174641000842,3.21677768133765,0.0782430773320293,0.8604971543678523,0,0.0031828000000000004,1,Shared Control,0.01,Good Visuals,0.45237148416068185,0.02593664870157506,0.0,5.426036816465656,0.9990613656621791,-0.5752818948107203,0.6531897019724273,-0.023990853622906115,2.493182665836268,0.0011375236953574288,29.720598745721702,1.0028151960339764,0.2821391312468338,-0.0028429033505724503
6546,26.486679900000002,0.03078760800517997,0.6119919278804447,-0.04745546932684933,-0.2485052264874077,3.198092177753051,0.08136838385705167,0.8708173355533273,0,0.0036103000000000003,1,Shared Control,0.01,Good Visuals,0.48757756557774135,0.02580642124849064,0.0,5.425534123346917,0.9990508223800727,-0.5649230086533282,0.6635485881298194,0.011988248200127056,2.9979701205082483,0.0012294386476284919,29.717860868753167,1.0028429033505724,0.28069320954795646,-0.0028286291832746633
6547,26.491018500000003,0.03345796176073129,0.6255338615982663,-0.047910422096320376,-0.245283473955061,3.2661384241002036,0.08517322452930395,0.8831112704922606,0,0.004338600000000001,1,Shared Control,0.01,Good Visuals,0.5057544469551851,0.025389005284958105,0.0,5.425796348747658,0.9990563911380749,-0.5525188432976259,0.6759527534855218,0.033589416178508864,3.116311264119778,0.0012246558319935004,29.719306790452045,1.0028286291832746,0.27615574593628106,-0.0027828764241205088
6548,26.494082300000002,0.03549999698556466,0.643461094600958,-0.0496732275437393,-0.23965017589130255,3.319695820373045,0.0878921037685782,0.8917196729678867,0,0.0030638,1,Shared Control,0.01,Good Visuals,0.5050483437869558,0.025120963326831725,0.0,5.426627947701629,0.9990738646248112,-0.5417094729033949,0.6867621238797528,0.023721407424046857,3.0196302467332514,0.0012163979598080515,29.723844254063717,1.0027828764241205,0.2732753061236135,-0.002753496476478884
6549,26.497715000000003,0.03817035074111599,0.6523354707005123,-0.049721753027462214,-0.23938420226737434,3.3381546632817205,0.09114987310543782,0.9018456995696699,0,0.0036327000000000004,1,Shared Control,0.01,Good Visuals,0.5090153846875713,0.024919580549176014,0.0,5.427158904460118,0.9990849563110313,-0.5312686028214678,0.6972029939616798,0.018020673010684253,3.065074589574644,0.0012478393274516423,29.726724693876385,1.0027534964764788,0.2711060324404904,-0.002731423008933702
6550,26.501064300000003,0.040369465598628834,0.6655496160395167,-0.05078040750680898,-0.2362960835301532,3.3892532425910002,0.09418594774835738,0.9111021028215489,0,0.0033493000000000004,1,Shared Control,0.01,Good Visuals,0.5090348678476195,0.024763054607125076,0.0,5.427558292221532,0.9990933095597262,-0.5205863967639557,0.707885200019192,0.013277316492380717,2.9758764367929897,0.001239045229614081,29.72889396755951,1.0027314230089337,0.2694190536207481,-0.002714266277151269
6551,26.504744000000002,0.042882739721500675,0.6752944831505179,-0.05130320802685671,-0.23580761967103103,3.4202502291875376,0.09755710364164158,0.9211812484998535,0,0.0036797,1,Shared Control,0.01,Good Visuals,0.5117127607425227,0.024668063893231645,0.0,5.427868801226601,0.9990998056157588,-0.5101841265238778,0.7182874702592699,0.00806458778666293,2.9659757755696474,0.001257478004063175,29.730580946379252,1.0027142662771513,0.26839854216171344,-0.002703854391563887
6552,26.508355100000003,0.046652650905808425,0.6917396392768356,-0.050904452735833154,-0.22944160922301793,3.472470313490145,0.10090129860492797,0.9309782103889196,0,0.0036111000000000003,1,Shared Control,0.01,Good Visuals,0.5140730079988347,0.024595497002181586,0.0,5.42805694028721,0.9991037352326901,-0.497036034718773,0.7314355620643747,0.004761732091354635,2.9278490669839394,0.0012655508135342559,29.731601457838288,1.0027038543915638,0.26761645487779434,-0.002695900370206675
6553,26.5125631,0.04869468613064179,0.7135758747071381,-0.05220661247428618,-0.21740233568178147,3.5194477707673557,0.10484266681565836,0.942273702967104,0,0.004208,1,Shared Control,0.01,Good Visuals,0.5055562556299862,0.02474845709319403,0.0,5.428200894171334,0.9991067468029113,-0.48777128594564084,0.7407003108375069,-0.01318625177316901,2.6970041840743395,0.0012520203146618785,29.732383545122207,1.0026959003702067,0.2692916799737672,-0.0027126662508046855
6554,26.516127100000002,0.05167919915155209,0.7230023399052802,-0.05316346766410627,-0.21927136306182382,3.5027784781618396,0.10821782132387946,0.9517362613363085,0,0.0035640000000000003,1,Shared Control,0.01,Good Visuals,0.5005787493023166,0.025105650316649193,0.0,5.427895012468591,0.9991002955607174,-0.4783305876817239,0.7501410091014239,-0.02861100782040754,2.6319203412090806,0.0012920331088008797,29.73070832002623,1.0027126662508048,0.2731719619548632,-0.002751818024938897
6555,26.519695100000003,0.054035393641744436,0.7310164161092523,-0.05418242768213502,-0.22071984522705623,3.4937757572422345,0.11163037105027838,0.9611114125650924,0,0.0035680000000000004,1,Shared Control,0.01,Good Visuals,0.5075987083062617,0.02540058328466801,0.0,5.4271836240820415,0.9990853531495664,-0.46920888736872823,0.7592627094144195,-0.02455315599549374,2.6891012390541746,0.0013347034287955386,29.726828038045138,1.0027518180249388,0.2763524489205659,-0.002784145482993416
6556,26.5241815,0.05937610115284708,0.7415004307687593,-0.0522542698974313,-0.2196109817963331,3.4350404632988303,0.11596848531629007,0.9727572932983519,0,0.004486400000000001,1,Shared Control,0.01,Good Visuals,0.5199562941021468,0.025873282515354704,0.0,5.426015432113316,0.9990608953293865,-0.45007719217069253,0.7783944046124552,-0.01647334121947269,2.725842465448898,0.001403166869522463,29.720476662885424,1.0028163179802572,0.2814470871636039,-0.002835957813961627
6557,26.529927,0.061732295643039434,0.7521466708257538,-0.05423618967325064,-0.2206106224725981,3.424635552493219,0.12159975373263361,0.9874337443257503,0,0.005745500000000001,1,Shared Control,0.01,Good Visuals,0.5029170538160008,0.026227237205092093,0.0,5.425660661209518,0.9990534874834142,-0.4430450085673711,0.7854265882157767,-0.03361706021514119,2.3245351062149373,0.001351989487689835,29.718552912836397,1.0028359578139616,0.2852880462831699,-0.0028747546140024953
6558,26.5331279,0.06471680866394973,0.7680476912478424,-0.05688294506868388,-0.21938605307790782,3.4249767021914876,0.1247733494044608,0.9954915100457351,0,0.0032009,1,Shared Control,0.01,Good Visuals,0.5146274968602065,0.02655497705475423,0.0,5.424956104206946,0.9990386961115403,-0.4340650355439575,0.7944065612391903,-0.02540193230874475,2.5127239978212597,0.0014224654116607107,29.71471195371683,1.0028747546140024,0.2888243365469072,-0.002910678018272686
6559,26.536684700000002,0.06707300315414208,0.7788802366220624,-0.057700346250318724,-0.2166112734236727,3.398822620983521,0.12832988782987095,1.0043433945863032,0,0.0035568,1,Shared Control,0.01,Good Visuals,0.5277226452803101,0.026792346110313784,0.0,5.424305581633155,0.9990250782563833,-0.4246708861753093,0.8038007106078385,-0.01825837107614386,2.7366648319539157,0.0015105253011057458,29.711175663453094,1.0029106780182726,0.2913775749125396,-0.0029366959240991813
6560,26.540936700000003,0.07052875507309085,0.7807587225048649,-0.0578011327567801,-0.22358467208143828,3.338495330425572,0.13262260464559544,1.0147822102035027,0,0.004252000000000001,1,Shared Control,0.01,Good Visuals,0.529355131600384,0.027087798453686272,0.0,5.423835164084959,0.9990152461029678,-0.4138943243789594,0.8145772724041884,-0.019322713899615134,2.710471037085921,0.0015459276474234854,29.70862242508746,1.0029366959240993,0.2945732563665671,-0.0029690803106316296
6561,26.544140600000002,0.07367034772668066,0.7935199779320607,-0.058952256918914786,-0.22126223227144193,3.3184044090863924,0.13588632208731147,1.022543021432308,0,0.0032039000000000004,1,Shared Control,0.01,Good Visuals,0.5368316232084727,0.027225478894073393,0.0,5.423248016196498,0.9990029395664364,-0.40420937117775296,0.8242622256053949,-0.009994107773123167,2.7004665405996056,0.001565705434510423,29.70542674363343,1.0029690803106317,0.29604227550557793,-0.002984171396214366
6562,26.5477057,0.07618362184955248,0.8107409038731173,-0.05970270023775899,-0.21180211755919065,3.2944732786195017,0.13954702573451044,1.031070995591436,0,0.0035651000000000003,1,Shared Control,0.01,Good Visuals,0.540737058323706,0.027359458364213534,0.0,5.422976256014043,0.99899728274829,-0.3948363494864204,0.8336352472967274,-0.009926827679937519,2.723053278908978,0.0016050034265039067,29.703957724494423,1.0029841713962144,0.29748792613505276,-0.0029988568202624698
6563,26.5511166,0.07963937376850125,0.8222599170601101,-0.059907651966009196,-0.20881107853132574,3.2461584841710747,0.14307766697969687,1.0391222235358863,0,0.0034109,1,Shared Control,0.01,Good Visuals,0.5353390096307943,0.027646439820840328,0.0,5.422710322274095,0.9989917155796689,-0.3855344905166973,0.8429371062664506,-0.020251033029984076,2.616483072128239,0.0016334335413860886,29.70251207386495,1.0029988568202626,0.3006015948159682,-0.0030303127170509753
6564,26.5546876,0.0821526478913731,0.8338014836628039,-0.060925019088323776,-0.20532073987308241,3.2092044509858506,0.146803252918787,1.0474365800294314,0,0.0035710000000000004,1,Shared Control,0.01,Good Visuals,0.5334256574718886,0.027985591290968666,0.0,5.422139127595435,0.9989797245040655,-0.376654207293556,0.851817389489592,-0.0241066237751043,2.527690772839958,0.00165623329488612,29.69939840518403,1.003030312717051,0.3042667324152156,-0.003067486943446727
6565,26.558346600000004,0.0863937979737193,0.8393071075506042,-0.06040945494506769,-0.20812947247882718,3.137416210601785,0.15065122162926906,1.055832227947019,0,0.0036590000000000004,1,Shared Control,0.01,Good Visuals,0.5354112430802589,0.028433305524039852,0.0,5.421465432519107,0.9989656098265142,-0.3653212920058543,0.8631503047772937,-0.02442232083541426,2.5208344168208976,0.0017050226836002936,29.695733267584785,1.0030674869434468,0.30910881892469666,-0.0031165606810734294
6566,26.5625761,0.08890707209659114,0.8402394892135462,-0.061744149532677914,-0.21559273873347273,3.0291508232855757,0.15513711252462867,1.065378609399295,0,0.004229500000000001,1,Shared Control,0.01,Good Visuals,0.5353643305631232,0.028755750552721334,0.0,5.420575745114273,0.9989469623696196,-0.3571512442614448,0.8713203525217033,-0.023354088201106085,2.390020987716329,0.0017176404889938297,29.690891181075305,1.0031165606810735,0.31257234114712557,-0.003151903722611342
6567,26.5661035,0.09236282401553991,0.8415935115332049,-0.06277428850908875,-0.22378509786609002,2.910980664584991,0.15890897418546102,1.0732085527022799,0,0.0035274000000000004,1,Shared Control,0.01,Good Visuals,0.5500122470075645,0.028809522384072053,0.0,5.419937170877402,0.9989336242786632,-0.34800774642747684,0.8804638503556712,-0.0036356419937544323,2.544029891758144,0.0017754993620516116,29.687427658852876,1.0031519037226113,0.3131215910693117,-0.003157797626687858
6568,26.5696876,0.09519025740377073,0.850056208809258,-0.06371871678169029,-0.22315234389302185,2.815733059474371,0.1627695328476118,1.0810399089988583,0,0.0035841000000000002,1,Shared Control,0.01,Good Visuals,0.5637721637012976,0.028590358881529835,0.0,5.419833280875348,0.9989315096853958,-0.33887006996723595,0.8896015268159121,0.015344852569188943,2.6672338539481313,0.0018084972699467896,29.68687840893069,1.0031577976266879,0.31072736577754567,-0.0031337752226036084
6569,26.574149100000003,0.098803088955399,0.86140913067145,-0.06396644389221282,-0.2196307783274083,2.7210677414539237,0.16761401625593003,1.0906107234125544,0,0.0044615,1,Shared Control,0.01,Good Visuals,0.5682886778205676,0.028224250377686243,0.0,5.420270993992432,0.9989407307378214,-0.32817425480421447,0.9002973419789336,0.021659086982306633,2.678104853277956,0.0018217409802590832,29.689272634222455,1.0031337752226037,0.30676277960808773,-0.003093646248956107
6570,26.5770775,0.10225884087434776,0.876596652291032,-0.06535517538158227,-0.21401407112152238,2.640558107692154,0.17081682110396454,1.0967842567518693,0,0.0029284000000000003,1,Shared Control,0.01,Good Visuals,0.5661635107517258,0.027917762159728236,0.0,5.420998981304177,0.9989559989962923,-0.3190064531716791,0.909465143611469,0.020151154494102128,2.564778747387151,0.0018054049281840334,29.69323722039191,1.0030936462489561,0.3034637219003653,-0.0030600522256198966
6571,26.580806700000004,0.10508627426257858,0.8937716536996393,-0.06573054684138596,-0.20301260305223,2.5705771834568645,0.17492141715641066,1.1045200278023923,0,0.0037292000000000002,1,Shared Control,0.01,Good Visuals,0.5681234088258506,0.0276089529033531,0.0,5.421606591354405,0.998968703681843,-0.3102255845955678,0.9182460121875803,0.02080461945687416,2.5773021943384995,0.0018245702422103399,29.696536278099636,1.00306005222562,0.3001320163628446,-0.0030262037944005097
6572,26.5840588,0.10869910581420685,0.9050244943378937,-0.06622231134220381,-0.19949553346449866,2.4849920994598893,0.178524236473838,1.1111497008046147,0,0.0032521000000000004,1,Shared Control,0.01,Good Visuals,0.5592112949103683,0.02745919096003363,0.0,5.4222195065912775,0.9989815341460192,-0.3015910494540765,0.9268805473290715,0.009515964237436,2.4144441422435303,0.00181475157205547,29.699867983637155,1.0030262037944004,0.298533528885598,-0.0030097884612034606
6573,26.587637400000002,0.11152653920243766,0.9131767594119474,-0.06699769727140034,-0.1979729413926673,2.4028611758546075,0.1825134633197625,1.1183182816763195,0,0.0035786000000000004,1,Shared Control,0.01,Good Visuals,0.5583850695565843,0.027323217779662796,0.0,5.422515164785379,0.9989876895755702,-0.293494875306291,0.9349767214768571,0.008901348542143885,2.352923406023282,0.0018184110929603755,29.7014664711144,1.0030097884612035,0.2970676837517449,-0.002994884507554246
6574,26.5915588,0.11623892818282233,0.9187361045498496,-0.06627453513694018,-0.19958217712646997,2.3061514513351873,0.18691398935623824,1.126019516902684,0,0.0039214,1,Shared Control,0.01,Good Visuals,0.5610877522898573,0.02705996123975653,0.0,5.422784934769069,0.9989933344982572,-0.2827909683403681,0.9456806284427799,0.012824614728276517,2.3431344875274407,0.0018305926732823915,29.702932316248255,1.0029948845075543,0.29421294179507046,-0.0029660290872580157
6575,26.5955562,0.11890928193837366,0.920270125368051,-0.06800470741786457,-0.20574939153463312,2.1743464649887474,0.19143055226854144,1.1337024265578588,0,0.0039974,1,Shared Control,0.01,Good Visuals,0.5588107263927482,0.026863647177230502,0.0,5.423308769379041,0.9990043282858727,-0.27532238204991766,0.9531492147332303,0.012887581621240122,2.1782559834486577,0.0017933863519884834,29.70578705820493,1.002966029087258,0.29210136216722016,-0.002944511199093619
6576,26.599085600000002,0.12299335238804039,0.92451493432037,-0.06843719988050105,-0.20918749223748878,2.0467814366121218,0.19544360097155458,1.1403437655463196,0,0.0035294000000000002,1,Shared Control,0.01,Good Visuals,0.574383189008154,0.026303085636493497,0.0,5.423697818706116,0.9990124597259642,-0.26689957890969296,0.961572017873455,0.03457663243582323,2.3622400550327356,0.0018268544664643037,29.70789863783278,1.0029445111990936,0.28601182869778063,-0.0028830683233890754
6577,26.6027802,0.1256637061435917,0.9362129357615081,-0.06977989482796287,-0.20413082978481145,1.9455102638211195,0.19966933718885507,1.1471518361268611,0,0.0036946,1,Shared Control,0.01,Good Visuals,0.5802449128062847,0.025594515942186178,0.0,5.424814233190554,0.9990359107014671,-0.25874391901500304,0.969727677768145,0.04505588445687185,2.369591462226131,0.0018001095291786417,29.71398817130222,1.0028830683233891,0.278346067995903,-0.0028054023465222165
6578,26.607514600000002,0.13257520998148925,0.947155226671913,-0.06709412720736582,-0.19999660945494813,1.6853695352382956,0.20512064636349178,1.155658348552368,0,0.004734400000000001,1,Shared Control,0.01,Good Visuals,0.5853523942778963,0.0238989809002685,0.0,5.427888391695643,0.999100346112009,-0.24227030698107302,0.986201289802075,0.055764911030655194,2.3380453392033225,0.0017348861691293324,29.73072100048712,1.0027135232928839,0.260013163291918,-0.002619555581693727
6579,26.613011300000004,0.13854423602330987,0.9621015921726005,-0.06657641034018191,-0.19355675637976744,1.470972150419627,0.21149939830458872,1.165224557178385,0,0.0054967,1,Shared Control,0.01,Good Visuals,0.5789050312179302,0.022582508434650223,0.0,5.43064749659957,0.9991580933478725,-0.2303822510038292,0.9980893457793188,0.05712697912011044,2.1070488506222294,0.0016253640848907477,29.74571780537702,1.0025611413997526,0.24578525548234484,-0.002475257680044803
6580,26.6189387,0.1415287490442202,0.9742647197614009,-0.06997064926036853,-0.19095983741698408,1.4039954811461257,0.21843579881214428,1.1751627405627871,0,0.0059274,1,Shared Control,0.01,Good Visuals,0.5550569512126696,0.022095592043077327,0.0,5.432206645529487,0.9991908117522662,-0.22536674306601218,1.0031048537171359,0.035435568471526305,1.6326523235081423,0.0015034623480558924,29.754214744517654,1.0024752576800449,0.24054385905436032,-0.002421887013040813
6581,26.622424900000002,0.1456128194938869,0.9915603243380477,-0.07282297931825737,-0.18360241622473938,1.3606607464176246,0.22254255759467612,1.1808230390146155,0,0.0034862,1,Shared Control,0.01,Good Visuals,0.5709717402916344,0.021231287087358993,0.0,5.433171986741063,0.9992109933538579,-0.2183190718249221,1.010152524958226,0.050503361184539235,1.9369183864920796,0.0015460429210463534,29.75945614094564,1.0024218870130408,0.23115723604237812,-0.0023271509705088873
6582,26.6260273,0.14985396957623312,1.0212879754010167,-0.072688588018443,-0.15953506361359882,1.3721926199693135,0.22680667285713244,1.1865269916981993,0,0.0036024000000000004,1,Shared Control,0.01,Good Visuals,0.5792492978431463,0.020181507044643533,0.0,5.434893118707377,0.9992471364756411,-0.210074274193666,1.018397322589482,0.05472517700162717,2.108697826352616,0.0015461255804627289,29.768842763957622,1.002327150970509,0.21977596075074818,-0.0022120850946072473
6583,26.629668900000002,0.15299556222982294,1.0423771303129683,-0.0738111106273095,-0.144149861385231,1.3538603707245846,0.23113779996555953,1.1921422578793353,0,0.0036416,1,Shared Control,0.01,Good Visuals,0.5546284765740537,0.01986176348652328,0.0,5.436981797500658,0.9992909584935,-0.20409453323657245,1.0243770635465757,0.01905046871395851,1.7587473403216318,0.0014669652511593988,29.78022403924925,1.0022120850946072,0.21637058273377516,-0.002177038159933346
6584,26.633078400000002,0.15692255304681016,1.0415984172713568,-0.07421524691874937,-0.15054384060797843,1.278953719709282,0.23521117397748112,1.1972614244077278,0,0.0034095,1,Shared Control,0.01,Good Visuals,0.5454057511903186,0.019798849800069927,0.0,5.437612369014239,0.999304069308948,-0.1981476071277003,1.0303239896554477,0.003488147369970488,1.6600396686221934,0.0014660188219572262,29.783629417266226,1.0021770381599333,0.2157089355836364,-0.002170142221600178
6585,26.6368389,0.16006414570039995,1.032390147766152,-0.07514702827708117,-0.16487127664157586,1.2026132285584212,0.23972385005183394,1.2027517092568112,0,0.0037605000000000004,1,Shared Control,0.01,Good Visuals,0.5540023515905508,0.01953112903944992,0.0,5.4377356722043215,0.9993066165407939,-0.19228552811394106,1.036186068669207,0.015487378365673168,1.7134569781828723,0.0014693765266194211,29.784291064416365,1.0021701422216003,0.21279169919404076,-0.0021407974802597827
6586,26.640954,0.1643052957827462,1.019091971779965,-0.07541855426908775,-0.18365973747684627,1.1077762490691123,0.24468533539201856,1.2085712877118124,0,0.0041151,1,Shared Control,0.01,Good Visuals,0.5734286155828734,0.018688202674576826,0.0,5.438269688671609,0.9993178488455223,-0.18464123741780855,1.0438303593653395,0.0412101267716601,1.903411442975151,0.0014677063062108642,29.787208300805958,1.0021407974802599,0.20361222120101174,-0.0020484047345910622
6587,26.644043900000003,0.1685464458650924,1.0233098602818955,-0.07613888952692616,-0.18526142742991691,1.0679887261550556,0.24842627866886938,1.21281094183512,0,0.0030899,1,Shared Control,0.01,Good Visuals,0.5938141506604268,0.01742339709017544,0.0,5.439950549589416,0.999353192139907,-0.1773371293490887,1.0511344674340595,0.06986763733453431,2.0492980384714246,0.0014094372276042832,29.796387778798987,1.002048404734591,0.18986841191899098,-0.001909770014466288
6588,26.6476766,0.1718451181513617,1.045435214734559,-0.07658116051750768,-0.16737572710056114,1.0676183013767866,0.25284089704946544,1.217652010276617,0,0.0036327000000000004,1,Shared Control,0.01,Good Visuals,0.5995350188946419,0.016096108741437135,0.0,5.442469931798885,0.9994061072093955,-0.1702281114161876,1.0582434853669607,0.07534650215637133,2.0678974730644946,0.0013265981062326345,29.81013158808101,1.0019097700144663,0.1754642604050898,-0.0017642865891702992
6589,26.651117300000003,0.17608626823370788,1.0622238092198826,-0.07675462881575756,-0.1554282010567345,1.0320095410760337,0.25703815378654044,1.2220937633941535,0,0.0034407,1,Shared Control,0.01,Good Visuals,0.5842786075461344,0.015126223020381725,0.0,5.445112074830361,0.9994615623520139,-0.16361495014667424,1.064856646636474,0.05231881957308049,1.8496801022329192,0.0012326586872352559,29.82453573959491,1.0017642865891703,0.16495676185257735,-0.001657977890703278
6590,26.6547437,0.17938494051997717,1.0721585448393582,-0.07765321326656327,-0.1499352185547953,0.990121897804316,0.2614782152150255,1.2266235917069137,0,0.0036264,1,Shared Control,0.01,Good Visuals,0.5734364190132287,0.01446203435748173,0.0,5.447041116119849,0.9995020140815608,-0.1578724148882804,1.0705991818948677,0.03711300268715973,1.673720564964687,0.0011610076333137666,29.835043238147424,1.0016579778907033,0.15775974197363876,-0.0015851764969343149
6591,26.658686600000003,0.1836260906023234,1.0684112075450942,-0.0778521246127021,-0.15821238416181949,0.9082578548399107,0.26632409043534055,1.2313715044409375,0,0.0039429,1,Shared Control,0.01,Good Visuals,0.5729475446046258,0.013724058263114363,0.0,5.448362272579744,0.999529720522094,-0.1512910465901548,1.0771805501929932,0.03500407995079611,1.6498378827619282,0.0011230234382298941,29.84224025802636,1.0015851764969343,0.14973563231008652,-0.0015042872989712815
6592,26.662183700000003,0.18802432031734911,1.0696229493744684,-0.07829977011799144,-0.161748555066469,0.8593135486973016,0.2706374544502707,1.2354275370918788,0,0.0034971000000000004,1,Shared Control,0.01,Good Visuals,0.5824239237085908,0.012794392949968305,0.0,5.449832724407409,0.9995606106782062,-0.14524880159295073,1.0832227951901974,0.04906028664916538,1.6852829601997277,0.0010684470940919633,29.850264367689913,1.0015042872989712,0.13961829926628763,-0.0014023871396999946
6593,26.665679500000003,0.1913229926036184,1.0840060317316977,-0.0793144618466523,-0.15142150536018106,0.8497688731805867,0.2749631361352338,1.2393359303329805,0,0.0034958000000000003,1,Shared Control,0.01,Good Visuals,0.5885495406676634,0.011774028148939769,0.0,5.451685948054531,0.9995995581726651,-0.1394375157289815,1.0890340810541665,0.05637325498342116,1.7046893118126256,0.0010017980267817686,29.86038170073371,1.0014023871397,0.12851523536199894,-0.001290545454020917
6594,26.6690821,0.19572122231864408,1.0933274233724688,-0.07924191381658974,-0.1460085069605117,0.8047712827302587,0.27918637271171814,1.2429994484978402,0,0.0034026000000000004,1,Shared Control,0.01,Good Visuals,0.583926197148646,0.010864016118244018,0.0,5.453719855515817,0.9996422990641551,-0.13354974463149397,1.0949218521516542,0.04695388943800752,1.6387695105454023,0.0009338507064004936,29.871484764638,1.0012905454540209,0.11861662767564,-0.0011907994814053767
6595,26.674258100000003,0.2034181243199391,1.0853053447076486,-0.07576824839177904,-0.15769410379019155,0.6500149888158082,0.28563400907349545,1.2483055454610559,0,0.005176,1,Shared Control,0.01,Good Visuals,0.5852230161180402,0.009080732005790708,0.0,5.457053565710472,0.9997123426145624,-0.12216996214435716,1.1063016346387908,0.04856438189412695,1.5627043242455612,0.0008097919352038066,29.88968114572661,1.0011072071415714,0.09919054163668378,-0.000995334583968251
6596,26.679915200000003,0.20687387623888787,1.0821318462619982,-0.07876013283460759,-0.16617369919905767,0.5870627932727812,0.29271133968566077,1.2537356450741541,0,0.0056571,1,Shared Control,0.01,Good Visuals,0.5712811891153782,0.008431181936833497,0.0,5.4590900698306895,0.9997551774104965,-0.11875644013162537,1.1097151566515226,0.04172630631301759,1.1284743339389047,0.0006880311581939282,29.900809458363316,1.0009953345839682,0.09212424800545925,-0.0009241377193058214
6597,26.683301300000004,0.21127210595391357,1.10301644952898,-0.08143923373174719,-0.1507191955451741,0.6032416262810806,0.29696184288665084,1.2568010228133162,0,0.0033861000000000004,1,Shared Control,0.01,Good Visuals,0.5961981578560551,0.007092539459625899,0.0,5.460384671319103,0.9997823760058031,-0.11340634688973567,1.1150652498934124,0.07023232270509745,1.496906421725666,0.0006640410092977504,29.907875751994542,1.0009241377193059,0.07750629160812061,-0.0007774097735538715
6598,26.6866677,0.21472785787286236,1.1253288216287491,-0.08223398501378848,-0.13147220118456704,0.601873581429763,0.30119767463997626,1.2597111567142112,0,0.0033664000000000003,1,Shared Control,0.01,Good Visuals,0.5956021111760043,0.0059354104135094995,0.0,5.463057733842541,0.9998386400251563,-0.10808757259907105,1.120384024184077,0.06115130331171588,1.5566992392263357,0.0005776109788041135,29.92249370839188,1.0007774097735538,0.06488620862288204,-0.0006505774260097091
6599,26.690949300000003,0.21912608758788807,1.1247281512138994,-0.0820715870520882,-0.13498300550031184,0.5220040507715239,0.306598832708688,1.2632143376868257,0,0.0042816,1,Shared Control,0.01,Good Visuals,0.5808962728571943,0.005067098740204329,0.0,5.465366904435655,0.9998872123425613,-0.10260196121805572,1.1258696355650923,0.0387183600042347,1.3749777875013356,0.00048809245099522427,29.93511379137712,1.0006505774260097,0.05541278300208366,-0.0005554022091271004
6600,26.694027700000003,0.22383847656827274,1.1267393063175217,-0.08276035614041524,-0.13647503136930395,0.48583500740583485,0.3104912068945241,1.2655959205607001,0,0.0030784000000000002,1,Shared Control,0.01,Good Visuals,0.5836662771969727,0.004165222748139645,0.0,5.467100012422208,0.9999236726484001,-0.09785208320994042,1.1306195135732076,0.04493839581390314,1.3265962877015207,0.00041586483535820606,29.944587216997917,1.0005554022091272,0.045560727756732665,-0.0004565480237177942
6601,26.697675,0.22729422848722153,1.1430075509951083,-0.08319697840730256,-0.12258836956559183,0.4990152909559618,0.31511213881327005,1.268269107159356,0,0.0036473,1,Shared Control,0.01,Good Visuals,0.5890780044457904,0.0031799151969105228,0.0,5.468901250566775,0.9999615891849988,-0.09317311964774605,1.135298477135402,0.05052784202823312,1.35551409762859,0.00034471531804019617,29.954439272243267,1.0004565480237178,0.03479139625482005,-0.0003485489460048935
6602,26.701268000000002,0.2318495378349267,1.1513609017657414,-0.08326260097834334,-0.11690820539361457,0.46650675643223743,0.3196735244590607,1.2707450035103534,0,0.0035930000000000003,1,Shared Control,0.01,Good Visuals,0.5777485662861372,0.002518372633371973,0.0,5.470869656701937,1.0000030347311812,-0.08890582482925025,1.1395657719538979,0.03256557190112248,1.1970978815877373,0.00026455933597441803,29.96520860374518,1.000348548946005,0.027561719049087073,-0.0002760375898898754
6603,26.704818900000003,0.2353052897538755,1.1522360812583408,-0.08436823470518523,-0.1185089222520126,0.42158751061415906,0.32418992979973227,1.2730383720298108,0,0.0035509,1,Shared Control,0.01,Good Visuals,0.5725406830833915,0.0020214696890365476,0.0,5.472191174287963,1.0000308572680074,-0.08517898003356392,1.1432926167495843,0.025439876628089865,1.0896251193422604,0.00020968625568723034,29.972438280950914,1.0002760375898898,0.022127823522576553,-0.00022157230173278555
6604,26.708754300000003,0.2400176787342602,1.143797626622318,-0.08417225106547208,-0.12924074540749286,0.3445446549605074,0.32920455713149305,1.275401902141401,0,0.0039354,1,Shared Control,0.01,Good Visuals,0.5802779398151666,0.0012241387369740283,0.0,5.473184121228726,1.000051768580115,-0.08049828610009666,1.1479733106830516,0.03451821748792341,1.1719313804374734,0.00017054782917405324,29.977872176477423,1.0002215723017327,0.01340137191042184,-0.00013417724691230657
6605,26.7122281,0.24473006771464487,1.1476827633637305,-0.08447448941684818,-0.12771913877767038,0.3144702280230039,0.33363844405855203,1.2773327079546974,0,0.0034738000000000004,1,Shared Control,0.01,Good Visuals,0.5900761698508219,0.0001931597859729285,0.0,5.474778064203164,1.0000853499834461,-0.07619598427466456,1.1522756125084836,0.04996378097864935,1.1999503055257694,0.0001030385131075478,29.986598628089578,1.0001341772469123,0.002115051228964451,-2.11721494575723e-05
6606,26.7156404,0.24818581963359365,1.1647806328193517,-0.08545262442495838,-0.11255207513534571,0.31305535447621935,0.33800012041720034,1.2790875552176293,0,0.0034123,1,Shared Control,0.01,Good Visuals,0.590388793315187,-0.0007842966353820932,0.0,5.476839338390551,1.0001287810818613,-0.07224648525518629,1.1562251115279618,0.049537740645453826,1.1564812214805622,1.6317074295930807e-05,29.997884948771034,1.0000211721494576,-0.008590318210043727,8.596636975828916e-05
6607,26.719091900000002,0.2528982086139783,1.1718916794999776,-0.08510191180322202,-0.10719587571765166,0.26079989208966814,0.3424177492780801,1.2807198389469836,0,0.0034515,1,Shared Control,0.01,Good Visuals,0.5807485370498011,-0.001491484400902314,0.0,5.478794056879623,1.0001699752777005,-0.06851910216531971,1.1599524946178283,0.03382321179341148,1.0454906007703828,-6.702020582106453e-05,30.008590318210043,0.9999140336302417,-0.01634084721746639,0.000163480874088187
6608,26.7242722,0.2610663495133118,1.1670143231965806,-0.0813513997647683,-0.113705515750403,0.1457396577068192,0.3490580506381692,1.282900892652656,0,0.0051803000000000005,1,Shared Control,0.01,Good Visuals,0.5815097152912208,-0.0027894613914653684,0.0,5.4812947474923215,1.0002226964872913,-0.06193905776687374,1.1665325390162742,0.03685562912012005,0.9781954756135898,-0.00017507278861746318,30.022291776292494,0.9997770300050335,-0.030571939051889017,0.00030575149578240644
6609,26.7295665,0.26452210143226057,1.1673055808360462,-0.08453594920590862,-0.11559531181660976,0.11470968672548448,0.35585528151723794,1.2847975367863547,0,0.0052943,1,Shared Control,0.01,Good Visuals,0.5597683914891202,-0.0031388022470880787,0.0,5.482805859190537,1.0002545562974925,-0.060273659654662526,1.1681979371284854,0.018164828785013323,0.48367742571189876,-0.000226926588785486,30.03057193905189,0.9996942485042176,-0.03440903462280356,0.0003440425757275706
6610,26.733151000000003,0.26954864967800424,1.1747087509323035,-0.0863066318392337,-0.11008878585405113,0.10350460090587205,0.3604626447861707,1.285891542876295,0,0.0035845,1,Shared Control,0.01,Good Visuals,0.579179784409602,-0.003930965126877868,0.0,5.483505476722654,1.0002693201130302,-0.05741511046967592,1.171056486313472,0.038346402005804095,0.8023772483541807,-0.00026534162732722965,30.034409034622804,0.9996559574242724,-0.04309548511725238,0.00043087116067951753
6611,26.7366856,0.2728473219642735,1.1837065734893137,-0.08761532282189716,-0.10218496938698118,0.08760225582949784,0.36500944256462325,1.2868205238800994,0,0.0035346,1,Shared Control,0.01,Good Visuals,0.5835218093267855,-0.004739889135952853,0.0,5.485090599511203,1.000302741969773,-0.05440020274588305,1.174071394037265,0.03978882877068231,0.8787256554336542,-0.0003392683599783148,30.043095485117252,0.9995691288393205,-0.05197497613565941,0.0005195369247964568
6612,26.741045600000003,0.2778738702100172,1.1778243959588794,-0.08713557235460606,-0.10899612792121993,0.0035374887412046307,0.3706221148326546,1.2877622663322992,0,0.00436,1,Shared Control,0.01,Good Visuals,0.5829392731195521,-0.005617308847541994,0.0,5.4867101045498075,1.0003369056376974,-0.05087425531217314,1.1775973414709748,0.03647593434358468,0.8829879379219454,-0.0004152869167865124,30.05197497613566,0.9994804630752036,-0.061609536269682706,0.0006157104692908001
6613,26.7442479,0.2824291795577224,1.1694103291707272,-0.08819293527493222,-0.118351937161572,-0.08378803173495857,0.37474682656388913,1.288310841663148,0,0.0032023000000000004,1,Shared Control,0.01,Good Visuals,0.5872776057828333,-0.0067134231968362205,0.0,5.48846703234247,1.0003739733680763,-0.04750510574746735,1.1809664910356805,0.045992185109435396,0.8457974505964234,-0.0004894674215231642,30.061609536269682,0.9993842895307092,-0.07364773372897776,0.0007358550258244229
6614,26.748039400000003,0.28745572780346607,1.184374331822701,-0.08729109876042307,-0.103936509840447,-0.07862499368592898,0.3796324459519134,1.2888043027154332,0,0.0037915,1,Shared Control,0.01,Good Visuals,0.6026392838734653,-0.00817398096768254,0.0,5.490662073921056,1.000420287248705,-0.043950990248288135,1.1845206065348597,0.06757201304674744,0.9934634519019472,-0.0005920764974718054,30.07364773372898,0.9992641449741756,-0.0896943206195541,0.000895946047151765
6615,26.7516795,0.2909114797224148,1.2054537149478117,-0.0887209662294986,-0.0833505877676215,-0.07278114123735742,0.38432444323087006,1.289119535264019,0,0.0036401000000000003,1,Shared Control,0.01,Good Visuals,0.5835278955913569,-0.009046980357056388,0.0,5.493587468990661,1.0004820197089588,-0.041573245724981105,1.1868983510581668,0.04230495651526628,0.6913253832956414,-0.0007135157799157952,30.089694320619554,0.9991040539528482,-0.0993189079898783,0.0009916350822948403
6616,26.7552038,0.2959380279681585,1.2121945558068488,-0.08838641526271157,-0.07692497945717025,-0.12127972049298724,0.3888680079566263,1.2892774646161476,0,0.0035243,1,Shared Control,0.01,Good Visuals,0.5709456413793705,-0.009539283008822733,0.0,5.495339057511117,1.0005190445780803,-0.03945900207849921,1.1890125947046486,0.02205650858431132,0.5796895279891139,-0.000802656838737337,30.09931890798988,0.9990083649177052,-0.10475219107774907,0.0010455961346384013
6617,26.7589861,0.3004933373158637,1.2197448957703463,-0.0883746706407626,-0.06953256884580128,-0.13450581226708702,0.39374451152040013,1.2892865612723576,0,0.0037823,1,Shared Control,0.01,Good Visuals,0.5627671854897449,-0.009858020627453497,0.0,5.496327340606636,1.0005399453625405,-0.03775465342388717,1.1907169433592606,0.013279480251242981,0.4333787613120865,-0.0008431430293263347,30.10475219107775,0.9989544038653616,-0.1082686360271824,0.0010805328087779501
6618,26.762751400000003,0.30442032813285097,1.2204189312675005,-0.08932418338754916,-0.06886763000485718,-0.157872226723285,0.3985988216074325,1.2891315573492441,0,0.0037653,1,Shared Control,0.01,Good Visuals,0.555363708308318,-0.009925320236851798,0.0,5.496967078829033,1.0005534722580356,-0.03667578149330199,1.1917958152898458,0.003220352996726381,0.31537663497476665,-0.0008711993261210466,30.108268636027184,0.998919467191222,-0.10901980519581576,0.0010879094859752253
6619,26.766304700000003,0.3089756374805562,1.2098305213113272,-0.08962318412687631,-0.07930103603791694,-0.20609726373522408,0.40317901047514487,1.2888360069687876,0,0.0035533,1,Shared Control,0.01,Good Visuals,0.5599301771349721,-0.010101884049239836,0.0,5.497102947868161,1.0005563617406252,-0.035334577295030874,1.193137019488117,0.007950091874069625,0.3728570788332588,-0.0008865711250167029,30.109019805195814,0.9989120905140247,-0.11096014511085302,0.0011072625589031598
6620,26.769684,0.31290262829754334,1.204782710276025,-0.09027638217760153,-0.08405329669276274,-0.22264623387084342,0.40753370976266995,1.2884212291843156,0,0.0033793,1,Shared Control,0.01,Good Visuals,0.5720453164778458,-0.010628312780578466,0.0,5.4974566377691225,1.000563825718583,-0.03371717084127041,1.1947544259418774,0.02489416007149075,0.47306418653421023,-0.0009053630141733767,30.11096014511085,0.9988927374410969,-0.11674441625519318,0.0011649641541007427
6621,26.7742225,0.3213849284622358,1.194090563791197,-0.08614878130043413,-0.09433066539311863,-0.2881387688130036,0.41337957111083207,1.2876604299702679,0,0.0045385,1,Shared Control,0.01,Good Visuals,0.5853797466499288,-0.01228394767853416,0.0,5.500245499932953,1.000622695126979,-0.02995337864490386,1.1985182181382439,0.042997618503811626,0.5311625990270548,-0.0010334978515246869,30.12626429250173,0.9987401819379699,-0.13497856050996976,0.001346437483707782
6622,26.779919600000003,0.32986722862692824,1.2040267514299599,-0.08351234248390382,-0.08363367854030801,-0.2843381599163919,0.4207120193801882,1.286377511836647,0,0.0056971,1,Shared Control,0.01,Good Visuals,0.5802472041210913,-0.013618124388710129,0.0,5.502877623656452,1.0006783582120025,-0.028248500814965445,1.2002230959681823,0.03906780339754137,0.3545211123964487,-0.0011337224326762702,30.14073569031821,0.9985964725885501,-0.14969229063773995,0.0014926759389244212
6623,26.786632800000003,0.33363713981123605,1.2290979501295396,-0.08707487956895216,-0.05727956170710735,-0.21208837336442693,0.4293413780329171,1.2844024222346966,0,0.006713200000000001,1,Shared Control,0.01,Good Visuals,0.5433876971180593,-0.013565704741615574,0.0,5.504508557091729,1.000712807966457,-0.02921258870994855,1.1992590080731993,-0.0026551284424968288,-0.2815348367547905,-0.0011372814679383636,30.14969229063774,0.9985073240610756,-0.14916104732126884,0.0014869302471014108
6624,26.790990500000003,0.3383495287916207,1.235184910784366,-0.09099184924129639,-0.0492175114503306,-0.22450557686216155,0.43493512247555394,1.2828551261910528,0,0.0043577,1,Shared Control,0.01,Good Visuals,0.5366159056698012,-0.013036744788000256,0.0,5.504407632503372,1.0007107642382094,-0.030054171287275742,1.1984174254958722,-0.021952693653330076,-0.21060098028757857,-0.0011812321066441394,30.149161047321268,0.9985130697528986,-0.14334915831346687,0.0014289512058708329
6625,26.794188000000002,0.3433760770373644,1.2309871783892905,-0.09155904543818955,-0.05186794780176229,-0.2477724743865416,0.43903505601002285,1.28158836266865,0,0.0031975000000000003,1,Shared Control,0.01,Good Visuals,0.5500112167122371,-0.012789169568408672,0.0,5.503348130768592,1.000688409950891,-0.029785599527850173,1.1986859972552977,-0.01080007355050031,0.07383416066682358,-0.0011862375163469757,30.143349158313466,0.9985710487941292,-0.14060294201851936,0.0014018146074076365
6626,26.797798200000003,0.34683182895631315,1.2323103462102016,-0.0922032270537097,-0.049278016458448315,-0.2441205152747343,0.443659067400354,1.2800255428413956,0,0.0036102,1,Shared Control,0.01,Good Visuals,0.5557387877223297,-0.012711830422047384,0.0,5.502849870952019,1.0006778472645637,-0.029377009487032913,1.199094587296115,-0.0036232719166687188,0.12134055202009275,-0.0011709641576306406,30.140602942018518,0.9985981853925924,-0.1397409981623759,0.001393337501485021
6627,26.8011644,0.3518583772020568,1.2265117343411,-0.09180069019829717,-0.05351380850029552,-0.28816640862524756,0.44796525919310115,1.278442719332092,0,0.0033662,1,Shared Control,0.01,Good Visuals,0.5566773866300689,-0.012618770913903624,0.0,5.5026938512300445,1.000674532012315,-0.028912990739430655,1.1995586060437171,-0.004061970117762732,0.12931076457537038,-0.0011720717866722894,30.139740998162377,0.9986066624985149,-0.1387152328566584,0.001383137294413224
6628,26.804834000000003,0.3553141291210056,1.2188443349207918,-0.09265113007209558,-0.059598384411300165,-0.3395056897586429,0.4526532589693373,1.2765803354166478,0,0.0036696000000000003,1,Shared Control,0.01,Good Visuals,0.5586836487614083,-0.012641292546936099,0.0,5.502507154682382,1.0006705865496677,-0.028589151047673598,1.1998824457354742,0.0010256722574710254,0.09371446109418269,-0.0011584118793505499,30.138715232856658,0.9986168627055868,-0.13895780309064068,0.0013856058795702762
6629,26.808802600000003,0.36034067736674924,1.2010757259088587,-0.09231258160258804,-0.07550460950778914,-0.4447132193529454,0.4577152375737855,1.274406997456957,0,0.0039686,1,Shared Control,0.01,Good Visuals,0.5694560503486392,-0.01305547273601979,0.0,5.502551820539901,1.0006715196132518,-0.02774543544452878,1.200726161338619,0.01617698245816661,0.21116117808209456,-0.001171230040045589,30.13895780309064,0.9986143941204297,-0.14350638517482855,0.0014310039670732025
6630,26.812250000000002,0.3652101459798134,1.1989325170105896,-0.09250509159397213,-0.0754744804463674,-0.4984773146578191,0.46210518022877334,1.272386140249048,0,0.0034474,1,Shared Control,0.01,Good Visuals,0.583587961452058,-0.013972870451876195,0.0,5.503381221773431,1.0006890151408963,-0.026687558165866626,1.2017840386172813,0.04036835479429134,0.2965817036256002,-0.0012051843923041902,30.143506385174827,0.9985689960329268,-0.15360082460959165,0.001531559481018892
6631,26.8157059,0.36882297753144166,1.2148717916863363,-0.09328220269733167,-0.05751434856271165,-0.5132546141651206,0.4664987419662005,1.27023748835915,0,0.0034559,1,Shared Control,0.01,Good Visuals,0.5847903028733721,-0.014933471129852448,0.0,5.505220093598753,1.0007278410311833,-0.02577769529918562,1.2026939014839624,0.0440100710054637,0.26613515463934867,-0.0012925616609815141,30.15360082460959,0.9984684405189811,-0.164201082102495,0.0016368504504653426
6632,26.819131400000003,0.37369244614450586,1.2205094479855503,-0.09280629582169464,-0.04972804037359979,-0.584683102427279,0.47084612094395717,1.2679875916786978,0,0.0034255,1,Shared Control,0.01,Good Visuals,0.5712774818102329,-0.015520252359112545,0.0,5.507148333156146,1.0007686108055118,-0.025362268837524973,1.203109327945623,0.025526830386089775,0.11660766340892792,-0.0013930270809096468,30.164201082102494,0.9983631495495346,-0.1707037855860083,0.0017011672533765547
6633,26.8242584,0.3821747463091983,1.2079014888673691,-0.08867137463475888,-0.060086102811328646,-0.7468406568824542,0.47733800718176156,1.264399303817683,0,0.0051270000000000005,1,Shared Control,0.01,Good Visuals,0.5687010908556132,-0.016553166392430554,0.0,5.5090690948456045,1.000809308788745,-0.02542160356140505,1.2030499932217429,0.02951226484358396,0.03645550091278871,-0.0014886976719839377,30.174783163807298,0.9982584947768207,-0.18211106747113665,0.001814384454255508
6634,26.829626700000002,0.3856304982281471,1.2080761610489703,-0.09170750895361446,-0.05632314276871275,-0.7852392500396421,0.4841149733855034,1.2603624541098648,0,0.0053683,1,Shared Control,0.01,Good Visuals,0.5487514257661542,-0.01686842250708752,0.0,5.510402916320874,1.0008374910489266,-0.02682895813007704,1.201642638653071,0.014931020923203251,-0.4090314670479822,-0.0014677920185747098,30.182111067471137,0.9981856155457445,-0.18561906547569787,0.0018489395224510498
6635,26.833298600000003,0.39065704647389077,1.200222789032804,-0.09345792691161264,-0.0601396650770607,-0.8738802575937008,0.48873757095676884,1.2574389872777352,0,0.0036719,1,Shared Control,0.01,Good Visuals,0.561774675043154,-0.017607273286096584,0.0,5.511038387948055,1.0008509817745583,-0.02749262436831643,1.2009789724148316,0.029171021855189834,-0.16628238079760216,-0.0015469610081020803,30.1856190654757,0.998151060477549,-0.19375870190096986,0.0019299245941689076
6636,26.837100200000002,0.39536943545427544,1.1990086679992438,-0.0933681355024934,-0.058430319278491405,-0.9397104231085053,0.4935118814231138,1.2542753574835155,0,0.0038016,1,Shared Control,0.01,Good Visuals,0.5753814408303843,-0.018744749869616675,0.0,5.512520258764,1.0008822847767076,-0.027466532536029757,1.2010050642471184,0.04884802325502801,0.007240892569981838,-0.0016455392598848043,30.19375870190097,0.9980700754058311,-0.20631026115577708,0.0020546028449211183
6637,26.841368000000003,0.40149554112877556,1.2194655396908727,-0.09201634029433825,-0.034809817792642805,-0.9251034566245968,0.4988570109024592,1.2505600779135035,0,0.0042678,1,Shared Control,0.01,Good Visuals,0.5733916109077019,-0.02034115646265697,0.0,5.514803485618673,1.0009305530932333,-0.027762848452620198,1.2007087483305279,0.04970947319735156,-0.05958134771488588,-0.0017501623457867152,30.206310261155778,0.9979453971550789,-0.22394119847731264,0.0022295841890588673
6638,26.845566400000003,0.4049512930477243,1.2213137955844044,-0.0939057178547349,-0.029246282329099094,-0.9859403443731809,0.5040993979177102,1.2467387531079472,0,0.004198400000000001,1,Shared Control,0.01,Good Visuals,0.542591591248907,-0.020568334994627017,0.0,5.518009294966804,1.0009983511974774,-0.029416553151259323,1.1990550436318888,0.010394720542314976,-0.48270664603144375,-0.0018717187750482216,30.223941198477313,0.9977704158109412,-0.22656947096023453,0.0022544851165898997
6639,26.849118400000002,0.4098207616607885,1.2034159527325516,-0.09427863625692168,-0.0433228003753956,-1.0828576892420458,0.5085218808284748,1.2433787660518103,0,0.003552,1,Shared Control,0.01,Good Visuals,0.5474922589069445,-0.020970803144530797,0.0,5.51847634871809,1.0010084559386072,-0.030745981078577782,1.1977256157045704,0.017257772831169985,-0.3711308805780016,-0.0019314842627471149,30.226569470960236,0.9977455148834101,-0.2310139877489056,0.002298599453219314
6640,26.852767200000002,0.41343359321241674,1.19399750681402,-0.09508828761605809,-0.04938125923779024,-1.127753014163603,0.5130522428812451,1.2398077630345439,0,0.0036488000000000002,1,Shared Control,0.01,Good Visuals,0.5637178478512326,-0.021935308405608075,0.0,5.519284523034796,1.0010255461280677,-0.031492730837897026,1.1969788659452512,0.04318078469403073,-0.21828405709419663,-0.001977098721678728,30.231013987748906,0.9977014005467807,-0.2416532586272863,0.0024043184021055224
6641,26.857542600000002,0.4219158933771092,1.1916167683203096,-0.09113634950413585,-0.04819099471423427,-1.2216723369941576,0.5189613125244252,1.234954182739534,0,0.0047754,1,Shared Control,0.01,Good Visuals,0.5721245955584997,-0.024613025570814958,0.0,5.5240676383803855,1.0011267031767492,-0.032480476540754595,1.1959911202423936,0.058187266627067045,-0.1839544678303815,-0.0022126235615253435,30.257322474324397,0.9974403516600964,-0.27132223504898606,0.002697821668022438
6642,26.863041600000003,0.42882739721500673,1.1656927391538334,-0.0901339153094185,-0.06926144358570063,-1.4197612175114465,0.5257363970548637,1.2291171660349773,0,0.005499,1,Shared Control,0.01,Good Visuals,0.5693882892033051,-0.02659897553834355,0.0,5.5281571340571665,1.001213501624987,-0.035053547464706354,1.1934180493184419,0.06401305022069415,-0.29733917235027274,-0.002375414624462141,30.279899181205572,0.9972179831351147,-0.29337912726212256,0.0029155006704917677
6643,26.8690141,0.4325973083993145,1.162565167400811,-0.09313908865554926,-0.06655199863416628,-1.4504360749906051,0.5330576406431283,1.2224837465904106,0,0.0059725,1,Shared Control,0.01,Good Visuals,0.5678441998184436,-0.02797843566615503,0.0,5.53060539202823,1.0012653247365353,-0.03646327831202492,1.1920083184711232,0.07286361381825561,-0.4638187955907638,-0.002397469808490352,30.293379127262124,0.9970844993295083,-0.3086925814491787,0.003066702618918443
6644,26.872635600000002,0.43730969737969916,1.1725513512619707,-0.09574794326342917,-0.04993239532843985,-1.4366857221541571,0.5374773512538235,1.2183158206605993,0,0.0036215,1,Shared Control,0.01,Good Visuals,0.582014341933838,-0.030296092737584556,0.0,5.5333826328447335,1.0013241930502184,-0.03739450176860789,1.1910770950145402,0.08866768395665292,-0.22926938389909868,-0.002605885999953595,30.30869258144918,0.9969332973810816,-0.33436189355924334,0.003320739874450412
6645,26.8765086,0.44217916599276336,1.1846920505636702,-0.0952981852610601,-0.03362377009692907,-1.4147849917155813,0.5421870653401852,1.213739268396083,0,0.003873,1,Shared Control,0.01,Good Visuals,0.5802597020045208,-0.03241000480625879,0.0,5.538043340641608,1.0014228659660571,-0.038150372398118165,1.1903212243850299,0.08179762820479483,-0.19377323357010745,-0.0029007885685418348,30.334361893559244,0.9966792601255496,-0.3579256141633863,0.0035524447401019473
6646,26.880103300000002,0.44689155497314803,1.2053687675372655,-0.0952955103670372,-0.00837050085881752,-1.348017596665473,0.5465422956128521,1.209383291914301,0,0.0035947,1,Shared Control,0.01,Good Visuals,0.5618465529283303,-0.03376542633921231,0.0,5.542308009540551,1.001513434222334,-0.03975033515792905,1.188721261625219,0.05724086511674191,-0.4461816447226319,-0.0030886146423386982,30.357925614163385,0.996447555259898,-0.37313668167486697,0.003701011829929463
6647,26.883769100000002,0.4503473068920968,1.218446488677804,-0.09619498872075527,0.009063196763502868,-1.3093609246614766,0.550967349920797,1.2048357538504162,0,0.0036658000000000003,1,Shared Control,0.01,Good Visuals,0.5368021935667641,-0.03424108275777688,0.0,5.545051735876279,1.0015718923171817,-0.04227380316835133,1.1861977936147967,0.021076715215358765,-0.7391312528696528,-0.003217693535755838,30.37313668167487,0.9962989881700706,-0.3785646990201631,0.0037531482968114153
6648,26.887200900000003,0.45882960705678927,1.2519184030526227,-0.09213774286400772,0.047082649202206506,-1.0505346065255226,0.5550946636492091,1.200483771482221,0,0.0034318,1,Shared Control,0.01,Good Visuals,0.5082309695270351,-0.03375959443754414,0.0,5.546101369062715,1.0015945368691634,-0.04856739962403895,1.179904197159109,-0.022024726625096386,-1.0492550381054473,-0.0032820676880665773,30.379030037720803,0.9962428859285388,-0.3733285556415436,0.0037003725980462913
6649,26.893314000000004,0.462285358975738,1.2375420303103195,-0.0928093046734711,0.037058258828098545,-1.0007237002190323,0.5624091111789736,1.1925098036369572,0,0.006113100000000001,1,Shared Control,0.01,Good Visuals,0.46375292175494587,-0.03191309392471897,0.0,5.545063275587596,1.0015726237763718,-0.05412062320035816,1.17435097358279,-0.08490365728013698,-1.6294192002345023,-0.003110532831479627,30.373328555641542,0.9962996274019537,-0.35290180470082566,0.0034979785819517746
6650,26.896975200000004,0.46684066832344323,1.1893337395806811,-0.0955684428555304,-0.003176064056276129,-1.0381153889154873,0.5667661725237099,1.187601329387815,0,0.0036612000000000003,1,Shared Control,0.01,Good Visuals,0.4771754248402236,-0.03029560272931964,0.0,5.541352289547505,1.001494114323765,-0.05924222200902952,1.1692293747741187,-0.07038952241238178,-1.4336577115304427,-0.0029618320571323424,30.352901804700824,0.9965020214180482,-0.33483939154994136,0.0033206861648846864
6651,26.9009809,0.470610579507751,1.1628400556998546,-0.09615559301595888,-0.024761273687960328,-0.9814074280841578,0.5715124070922676,1.182119944209364,0,0.0040057,1,Shared Control,0.01,Good Visuals,0.5324468630818131,-0.0303141628252331,0.0,5.53808619561633,1.0014246912832268,-0.061831786893962654,1.1666398098891855,0.0008134576102682118,-0.7523867990392041,-0.002895303578210835,30.33483939154994,0.9966793138351153,-0.3348459448803836,0.0033227205278999867
6652,26.904236200000003,0.47532296848813566,1.151200007139363,-0.09618943860413193,-0.030919937070000847,-0.9366588934796389,0.5753531956397063,1.1775817226845944,0,0.0032553,1,Shared Control,0.01,Good Visuals,0.557316365579457,-0.03111365635228186,0.0,5.538105452747915,1.0014247206363422,-0.06378394402530087,1.1646876527578474,0.029912169070818773,-0.48681008736395803,-0.0029148763032426244,30.334845944880385,0.9966772794721,-0.3436533601873861,0.0034103526215046582
6653,26.908689000000003,0.4811349148972768,1.1543075162236294,-0.09421828074242955,-0.023274206460965008,-0.8828961619494626,0.5805826968360178,1.1712553546441895,0,0.004452800000000001,1,Shared Control,0.01,Good Visuals,0.5638265240365363,-0.032221334544418716,0.0,5.539708887425174,1.0014585752450142,-0.06584361762118127,1.162627979161967,0.03650072764485205,-0.45237724486720676,-0.0029928051374478754,30.343653360187385,0.9965896473784953,-0.3559554122810089,0.0035317646851839054
6654,26.9126547,0.48459066681622553,1.1631632575740587,-0.09599203001979228,-0.00809209707013081,-0.8448212475219298,0.5852161832936894,1.1655083087778175,0,0.0039657,1,Shared Control,0.01,Good Visuals,0.5454612603645168,-0.03251435241322938,0.0,5.541939442277411,1.0015058590106638,-0.06845917967674314,1.160012417106405,0.012994953323299452,-0.7578922823337111,-0.003035838744001786,30.35595541228101,0.9964682353148161,-0.35932796104511555,0.003563882230152961
6655,26.916200200000002,0.48914597616393074,1.1602791115648199,-0.09607020712975867,-0.005229197212997638,-0.8635610817803404,0.5893392531702082,1.1602825381977677,0,0.0035455,1,Shared Control,0.01,Good Visuals,0.5401440754023461,-0.03256362390102752,0.0,5.542540227502921,1.0015188186377464,-0.07118746821402748,1.1572841285691207,0.0020738447219280243,-0.7645262952654628,-0.00312111869292482,30.359327961045114,0.9964361177698471,-0.35991000124787376,0.0035692828537786546
6656,26.919748900000002,0.4926017280828795,1.1538468358540397,-0.09673752508732869,-0.006435702343728034,-0.8808587629629314,0.5934473472014542,1.1549711477391482,0,0.0035487,1,Shared Control,0.01,Good Visuals,0.5377199743300252,-0.03257790657458721,0.0,5.542642606170649,1.001521054889297,-0.07396759270839372,1.1545040040747545,0.0006258956110115874,-0.8117862862049918,-0.003128394093067274,30.359910001247872,0.9964307171462213,-0.3600740660035254,0.003570848370626461
6657,26.924209400000002,0.5006127893495335,1.1253103896697192,-0.09283455785192074,-0.029660758069429027,-0.9912310029991305,0.5985840028715044,1.1481831933710138,0,0.0044605,1,Shared Control,0.01,Good Visuals,0.5499563328676539,-0.03321961371603573,0.0,5.543089148003153,1.0015305003575454,-0.07907277068737459,1.1493988260957737,0.021897992772605557,-0.709748745429021,-0.0031569597376274994,30.362367514234847,0.9964063589556562,-0.3671750178449861,0.003641185575849104
6658,26.929948200000002,0.5075242931874311,1.1410056970941793,-0.09105970968407329,-0.007177496276834505,-0.9689221809627956,0.6051477219130982,1.1392724345924536,0,0.0057388000000000005,1,Shared Control,0.01,Good Visuals,0.5414461845997444,-0.03399540930345778,0.0,5.544862399460023,1.0015681070325737,-0.08445750593356482,1.1440140908495835,0.017052157406225385,-0.8953381484074576,-0.003176668104850566,30.372152492849047,0.9963098876160753,-0.3758440457482833,0.0037262201499075297
6659,26.9360308,0.5142787173926491,1.1346791531611293,-0.0908690045204491,-0.004593281431324314,-1.0425048145608513,0.6120482060762105,1.129618239050913,0,0.0060826000000000005,1,Shared Control,0.01,Good Visuals,0.5201944734791707,-0.03350921850580199,0.0,5.544884474824244,1.0015687741414883,-0.09181080112189108,1.1366607956612573,-0.008301140909663794,-1.122861219078116,-0.0031761239065431794,30.372326704466584,0.9963092045220407,-0.3704866231877599,0.003672929014897123
6660,26.942255900000003,0.5188340267403543,1.1316141507818036,-0.09321417933585618,0.0019959117308905316,-1.0501703290850544,0.6190488846873875,1.1195245361675814,0,0.006225100000000001,1,Shared Control,0.01,Good Visuals,0.5084285152763883,-0.033107999227768956,0.0,5.544553537953117,1.0015617028996382,-0.09722926472685271,1.1312423320562957,-0.015969948361370456,-1.360602552471283,-0.003044949327880438,30.37048662318776,0.9963270709851029,-0.3660420088928849,0.0036289515665012895
6661,26.946033500000002,0.5230751768227005,1.1366949464917366,-0.09597370786468695,0.017170410324155227,-1.0281331344735083,0.6232662643517308,1.1132985409635345,0,0.0037776000000000003,1,Shared Control,0.01,Good Visuals,0.5147567981539982,-0.03289364799433702,0.0,5.543746632680871,1.0015446205997096,-0.10158706171140854,1.1268845350717398,-0.009227615950140605,-1.213532994863777,-0.0030861349774686433,30.366042008892887,0.9963710484334987,-0.36362610853201616,0.0036054566328753436
6662,26.949756500000003,0.5265309287416493,1.1366484341413718,-0.09673533561008152,0.02334989317783731,-1.0338399352295171,0.6273995409026875,1.1070908339769892,0,0.003723,1,Shared Control,0.01,Good Visuals,0.5148154136666218,-0.03260058269629578,0.0,5.543311790078514,1.0015353362322428,-0.10545903870680712,1.1230125580763413,-0.012858422034881257,-1.130570250933947,-0.003156925363212347,30.363626108532017,0.9963945433671246,-0.36036759085547393,0.0035733338892115734
6663,26.9532525,0.5310862380893545,1.1319529954743195,-0.09631330281333295,0.024862161497330337,-1.048935571071084,0.6312596486968068,1.1011988480820656,0,0.0034960000000000004,1,Shared Control,0.01,Good Visuals,0.5127915550714516,-0.03223644697620704,0.0,5.542721306314571,1.0015228125426436,-0.10947975896600928,1.118991837817139,-0.015237792066241217,-1.1281482208760298,-0.0031536283082103885,30.360367590855475,0.9964266661107885,-0.3563160944761556,0.0035334211514244235
6664,26.9575618,0.5356415474370597,1.1418907934766303,-0.09561810125974712,0.040691945394564666,-0.9965317067307866,0.6359892536828873,1.0938553283855796,0,0.0043093,1,Shared Control,0.01,Good Visuals,0.5088674734180528,-0.03176262676776963,0.0,5.541987374467368,1.0015072410081678,-0.11427287347541827,1.1141987233077302,-0.017739307706073765,-1.197979132569106,-0.0031047986792453798,30.356316094476156,0.9964665788485756,-0.35104728859460843,0.003481485950634436
6665,26.9606463,0.5387831400906495,1.1397008079199924,-0.09720611359223774,0.04584547953441276,-1.0000702809676638,0.6393550732925272,1.0885460020176791,0,0.0030845,1,Shared Control,0.01,Good Visuals,0.4890705667707891,-0.030759849456827942,0.0,5.541032646748076,1.0014869904690407,-0.11916707653191691,1.1093045202512315,-0.0443017441024333,-1.4317652214547119,-0.0030370820625561508,30.351047288594607,0.9965185140493655,-0.33993649176007273,0.0033715720211227557
6666,26.964133,0.5433384494383546,1.1178969754010404,-0.09601662385417253,0.029350973383361234,-1.0605952065316497,0.6431399696474398,1.08249294366767,0,0.0034867,1,Shared Control,0.01,Good Visuals,0.4925144971616764,-0.029783027158179157,0.0,5.539015713167109,1.0014442843197418,-0.12393096437931332,1.1045406324038352,-0.04055946708732332,-1.330583428035756,-0.002990045420380549,30.339936491760074,0.9966284279788773,-0.3290502821229694,0.0032645030077858906
6667,26.967720300000003,0.5464800420919445,1.1025864878469835,-0.09665992755549535,0.020093544179313527,-1.0846230145531028,0.6470119438682422,1.0762101565906363,0,0.0035873000000000003,1,Shared Control,0.01,Good Visuals,0.5022562556792425,-0.029290647830190336,0.0,5.537045260866467,1.001402441173003,-0.12830691298376237,1.1001646837993861,-0.021536289740044467,-1.2735960314470853,-0.002859665715885493,30.32905028212297,0.9967354969922141,-0.32350934346141585,0.0032105335509991693
6668,26.971147000000002,0.5507211921742907,1.0871124806675139,-0.09629075169395152,0.010902324076877523,-1.138364836892138,0.6506894380654188,1.070158309397012,0,0.0034267000000000004,1,Shared Control,0.01,Good Visuals,0.5149926211821112,-0.029209875157667847,0.0,5.536047160107794,1.001381144020818,-0.13232844039208166,1.0961431563910669,-0.0033356492441506476,-1.1128559117578387,-0.002831231897319725,30.323509343461417,0.9967894664490008,-0.322561276020694,0.003201680097957068
6669,26.975178800000002,0.5552765015219959,1.0773525778186814,-0.09541293654342287,0.007194268421669481,-1.1755072140371319,0.6549896475871514,1.0629772398235582,0,0.0040318,1,Shared Control,0.01,Good Visuals,0.5221366924641114,-0.029524900380679245,0.0,5.5358798755142695,1.0013775007597436,-0.1370035144672383,1.0914680823159102,0.010737947935799333,-1.0641130047700234,-0.0028126408358183177,30.322561276020693,0.9967983199020429,-0.32602088394544265,0.0032362098582325175
6670,26.979010300000002,0.5595176516043422,1.081645410379163,-0.0954719959828092,0.01866817055560488,-1.1568537331329936,0.6590492773895533,1.056094712134869,0,0.0038315000000000003,1,Shared Control,0.01,Good Visuals,0.5210504699375005,-0.02985227146708716,0.0,5.536510700588263,1.001390799933112,-0.14098701913794642,1.087484577645202,0.013825763976819892,-1.1134261315113445,-0.0028170574464726305,30.326020883945443,0.9967637901417675,-0.3296636827170428,0.003272092842543173
6671,26.9828322,0.5626592442579319,1.0834257635576152,-0.09639003313162142,0.027331051422746278,-1.159992377925997,0.6630723600803237,1.0491753805864643,0,0.0038219,1,Shared Control,0.01,Good Visuals,0.5099503307684031,-0.02984138367731085,0.0,5.537170569952192,1.0014048021748512,-0.14524081191598673,1.0832307848671616,-0.00048106966780443695,-1.2443084239280164,-0.002850055941583475,30.329663682717044,0.9967279071574568,-0.32958315474953825,0.0032708994372427605
6672,26.9861566,0.5669003943402781,1.0759789184047222,-0.0961719657400456,0.02680353781825784,-1.1949931506656013,0.6665501752827163,1.043114724878349,0,0.0033244000000000004,1,Shared Control,0.01,Good Visuals,0.5063568571628471,-0.029720189029896173,0.0,5.537152312154953,1.0014044918090814,-0.14970005210452705,1.0787715446786212,-0.005086277607183557,-1.2501724714851372,-0.0028764119613494195,30.32958315474954,0.9967291005627572,-0.328247137173171,0.00325761535134674
6673,26.990887,0.5744402167088937,1.07437893153936,-0.09210995857382265,0.03126420666101093,-1.1844978553753398,0.67146400517055,1.034426669526716,0,0.0047304,1,Shared Control,0.01,Good Visuals,0.4949410937814117,-0.02932836778877685,0.0,5.536781611283994,1.0013966355775195,-0.15963078830698457,1.0688408084761636,-0.014588428847088004,-1.4133620135379763,-0.002829556459646496,30.32753931256463,0.996749284695147,-0.3239093817665932,0.003214668017170296
6674,26.997014500000002,0.5807234020160732,1.0384143933529204,-0.09074060315447685,0.003987723826204492,-1.2658571596623343,0.6777677110751847,1.023067368469581,0,0.0061275,1,Shared Control,0.01,Good Visuals,0.49921624937452486,-0.028700050945450868,0.0,5.534912453630772,1.001357083632187,-0.16880440079665548,1.0596671959864927,-0.0014309579496170825,-1.3898197565681984,-0.002696979050414096,30.317250036518608,0.9968512181764788,-0.3168808458713558,0.0031457985159612186
6675,27.003016700000003,0.583864994669663,1.0350342191307897,-0.09390271640552172,0.011966850661208728,-1.2466553858284142,0.6838747035378511,1.0118338566911542,0,0.0060022,1,Shared Control,0.01,Good Visuals,0.49824263988652323,-0.02876601189203171,0.0,5.5348515689111215,1.0013556657897016,-0.1733645360357216,1.0551070607474267,0.0034206304953693935,-1.4898020971172246,-0.0026042599333544253,30.316880845871356,0.9968542014840388,-0.31760372866368286,0.0031530284629832568
6676,27.0074768,0.5909335781402401,1.0253013245547768,-0.09294112539761101,0.013467467863622629,-1.2576213575539534,0.6883688476513641,1.0034236759459176,0,0.004460100000000001,1,Shared Control,0.01,Good Visuals,0.5120093703396661,-0.029417475285647265,0.0,5.535623944198363,1.0013719793973161,-0.18205057597100505,1.0464210208121434,0.01685043505197091,-1.1877861193340813,-0.0027945708703073797,30.321124628797996,0.9968120016849389,-0.32482277328600356,0.0032244350462236155
6677,27.0130543,0.5940751707938299,1.0252667268197637,-0.0942936768575342,0.02184305087384608,-1.2290772573337505,0.6939359548883277,0.9928373716663664,0,0.0055775,1,Shared Control,0.01,Good Visuals,0.5010632509246218,-0.029570679853928496,0.0,5.536293918528055,1.0013861946352411,-0.18629718100247186,1.0421744157806765,0.007828227168383174,-1.3993492046880451,-0.0027340932594044653,30.324822773286005,0.9967755649537764,-0.32654952497706535,0.00324122772385522
6678,27.0162258,0.5981592412434966,1.0369529607843189,-0.09577671364483109,0.044115589117952436,-1.1608040261172654,0.6970751485124663,0.9867860295845875,0,0.0031715000000000003,1,Shared Control,0.01,Good Visuals,0.5001933420546159,-0.02968191674655275,0.0,5.536604722792478,1.001392831551118,-0.1911913944206464,1.0372802023625018,0.004761654367735211,-1.3700071151535491,-0.0027883281306039305,30.326549524977064,0.9967587722761447,-0.3277930646992449,0.0032534203451297468
6679,27.0197456,0.6011437542644069,1.0449332232955264,-0.09593139424805941,0.058147193710938905,-1.1194916872294947,0.7005365822043058,0.9800451763563612,0,0.0035198,1,Shared Control,0.01,Good Visuals,0.4861220842774675,-0.029284794647078758,0.0,5.536829461608698,1.0013976113789564,-0.19626808271840288,1.0322035140647454,-0.017517390504860772,-1.4848459484517322,-0.002842836440664299,30.327793064699247,0.9967465796548702,-0.32343222836069113,0.003209891986467418
6680,27.0241928,0.6083694173676635,1.0134988097419488,-0.09216716483664233,0.0334536333855876,-1.1939566874493264,0.7048760372176912,0.9714933944292159,0,0.0044472,1,Shared Control,0.01,Good Visuals,0.47744579133170445,-0.02783506847642193,0.0,5.534110062899127,1.0013401322370363,-0.2073590772579729,1.0211125195251753,-0.025039605085815462,-1.5637255718255085,-0.0026998485049698176,30.312840381460237,0.9968950484822936,-0.3073098740766187,0.0030509882115274207
6681,27.029953,0.6111968507558942,1.0074459345307312,-0.09367918646179696,0.03595254010151527,-1.1976968625858304,0.710440007596098,0.9603643707646071,0,0.0057602,1,Shared Control,0.01,Good Visuals,0.4764735797586263,-0.02745653706040822,0.0,5.533112960201205,1.0013188737349985,-0.21235081983125378,1.0161207769518945,-0.01963785566804446,-1.654867581647295,-0.002565479344505607,30.30730987407662,0.9969490117884726,-0.30308638067502924,0.003009497568566406
6682,27.033158900000004,0.615280921205561,1.0076910384816289,-0.09515908639053705,0.047326667717021764,-1.2048339719363452,0.7135088782854849,0.9541473433150199,0,0.0032059000000000002,1,Shared Control,0.01,Good Visuals,0.48226657359121483,-0.027171584912340792,0.0,5.532348928570195,1.0013026383779164,-0.2178531614737997,1.0106184353093486,-0.012272568706888932,-1.5385140483575483,-0.00257210605487722,30.30308638067503,0.9969905024314336,-0.2999070823280367,0.0029782641032943674
6683,27.0367192,0.6181083545937918,1.0088954677970188,-0.09540052369169316,0.05474812448199884,-1.222413328265556,0.7168936126978518,0.9472257120355998,0,0.0035603,1,Shared Control,0.01,Good Visuals,0.47901080062198,-0.026811262983553425,0.0,5.531773784649825,1.0012904168061065,-0.22311123475174216,1.0053603620314062,-0.015978546104880594,-1.535831661976415,-0.0025856231960412505,30.299907082328037,0.9970217358967056,-0.29590883958877295,0.00293876939330232
6684,27.041040800000005,0.6221924250434584,0.9943743352483501,-0.09470118765439339,0.04714862321275026,-1.3086774274063107,0.720968949524063,0.9388019683512127,0,0.0043216,1,Shared Control,0.01,Good Visuals,0.4728469936341539,-0.026228384966762955,0.0,5.531048511087194,1.0012750465223392,-0.22943034914255697,0.9990412476405914,-0.022046680330841967,-1.577058172356391,-0.0025578085294667044,30.295908839588773,0.9970612306066977,-0.28945301105930726,0.0028748804195966294
6685,27.044273600000004,0.6259623362277662,0.9842292055852531,-0.09500661329629678,0.04542723723404041,-1.3701725441094685,0.7239937031766718,0.9324864638141153,0,0.0032328,1,Shared Control,0.01,Good Visuals,0.4764782883255019,-0.025997922766738964,0.0,5.529876351473824,1.001250227986442,-0.2349888370427573,0.9934827597403911,-0.009805966506126416,-1.5504847699303559,-0.0024838592066090894,30.289453011059308,0.9971251195804034,-0.28685470460228013,0.0028496195708197897
6686,27.047747200000003,0.629732247412074,0.9889294347621791,-0.09426145576459777,0.05644297094806383,-1.383605236144065,0.7272209852052803,0.9256887507078764,0,0.0034736000000000003,1,Shared Control,0.01,Good Visuals,0.4798468197852739,-0.025983470266817646,0.0,5.529408737578808,1.0012402398303424,-0.24098443072152237,0.9874871660616261,-0.0005515203439464489,-1.504918092059504,-0.002469974594806559,30.28685470460228,0.9971503804291802,-0.2866713143248147,0.00284803543938773
6687,27.051715700000003,0.6327167604329843,0.980905636774061,-0.09450422477229603,0.05521688606618458,-1.454618751754528,0.7308791493901646,0.9179095688933203,0,0.003968500000000001,1,Shared Control,0.01,Good Visuals,0.46469424383533,-0.02559813128097379,0.0,5.529377555288528,1.0012395352161734,-0.24677569492150903,0.9816959018616395,-0.01710847980116661,-1.676343589888166,-0.002449239733166373,30.286671314324813,0.9971519645606123,-0.2824282007996134,0.0028057986220345627
6688,27.0552694,0.636486671617292,0.9623566217697864,-0.09439247777287263,0.04444705287646611,-1.5431277703260817,0.7341287318446118,0.9109335775002194,0,0.0035537000000000003,1,Shared Control,0.01,Good Visuals,0.4671920912865313,-0.025388571928558944,0.0,5.528604897143128,1.0012232222591104,-0.25275677301846877,0.9757148237646797,-0.008704891279807331,-1.6241013650201666,-0.002419131552327889,30.282428200799615,0.9971942013779654,-0.2800821866068315,0.002782828924138019
6689,27.059145,0.6402565828015998,0.9569702683917549,-0.093872149043012,0.0460366908915355,-1.571455584296391,0.737644389248433,0.9033170186396886,0,0.0038756000000000003,1,Shared Control,0.01,Good Visuals,0.4773177009080521,-0.025679181847964534,0.0,5.528181205327651,1.001214203423889,-0.2586298266549735,0.9698417701281749,0.011461324144835784,-1.5139857796722982,-0.002396490211451478,30.280082186606833,0.9972171710758619,-0.28325892053983626,0.0028146825349531115
6690,27.062848800000005,0.6430840161898306,0.95253298528997,-0.09456037305860243,0.049215966650281384,-1.6155569122869053,0.7409766045036006,0.896031522619833,0,0.0037038,1,Shared Control,0.01,Good Visuals,0.47290360096476275,-0.02589256400368157,0.0,5.528761803517412,1.0012264171404746,-0.2639911825688531,0.9644804142142953,0.009610363561222468,-1.5695295277612273,-0.002410559985734735,30.283258920539836,0.9971853174650469,-0.2856372128466843,0.002838071248445749
6691,27.0662186,0.6470110070068179,0.9450438626254762,-0.09396559749678268,0.04901234000564325,-1.670422447896213,0.7439848772487507,0.8893989898480815,0,0.0033698,1,Shared Control,0.01,Good Visuals,0.4735657076862865,-0.026209421431968263,0.0,5.5291922685189006,1.0012355601537148,-0.26945590317187107,0.9590156936112774,0.013548606638122233,-1.529320404952824,-0.00244841051163187,30.285637212846684,0.9971619287515543,-0.2891469269161865,0.0028728018358433146
6692,27.0697001,0.6498384403950487,0.9466471761378416,-0.09414643685370205,0.05724818628976003,-1.6864271665169508,0.7470693876442192,0.8825440526044352,0,0.0034815000000000002,1,Shared Control,0.01,Good Visuals,0.4705401730796865,-0.02654832307354453,0.0,5.529829490140207,1.0012490530143403,-0.2748823387833204,0.953589257999828,0.015185766878747557,-1.5815900936896954,-0.0024627839448998793,30.289146926916185,0.9971271981641567,-0.2929105862336952,0.0029099486786539346
6693,27.0741304,0.6561216257022282,0.9197303004955106,-0.09094776194199095,0.037186247891075386,-1.8516642006727406,0.7509599964893506,0.8738194927011566,0,0.0044303,1,Shared Control,0.01,Good Visuals,0.4620583243158862,-0.02698985983941433,0.0,5.5309236397440396,1.0012722815712516,-0.28632880825532553,0.9421427885278228,0.01233969042605835,-1.6493053181386887,-0.002504475773629047,30.295189304417114,0.9970677217773503,-0.29782925510423874,0.0029583453071287593
6694,27.079954700000002,0.6591061387231385,0.9113272780035988,-0.09185385776621213,0.037507785302442254,-1.8966327076108427,0.7560159853942708,0.862351868459368,0,0.0058243,1,Shared Control,0.01,Good Visuals,0.4658347344597915,-0.027511656889907116,0.0,5.5314024268295015,1.0012824302659757,-0.2914576863595292,0.9370139104236191,0.02684522782658535,-1.6638156440030092,-0.0024546673475227565,30.29782925510424,0.9970416546928712,-0.3035992001090376,0.003015539226059183
6695,27.083291200000005,0.6625618906420874,0.9196141413672625,-0.09345409475218347,0.05726227290789454,-1.884716687858127,0.7588822678440937,0.8557859348372351,0,0.0033365,1,Shared Control,0.01,Good Visuals,0.4706202398474659,-0.028319026872360584,0.0,5.532450901911037,1.0013046116262458,-0.29700540846785506,0.9314661883152933,0.03617480837191705,-1.582666849720681,-0.002527051818878358,30.303599200109037,0.9969844607739409,-0.312545284239471,0.0031040346540798895
6696,27.086733100000004,0.6652322443976386,0.925962657830841,-0.09365002344645512,0.07017672299360589,-1.891864687143517,0.761816146654391,0.8490167691880538,0,0.0034419000000000003,1,Shared Control,0.01,Good Visuals,0.45984300877633394,-0.028790955834014753,0.0,5.534074856140708,1.0013390018126707,-0.30265493758617423,0.9258166591969741,0.0213784139571994,-1.6543277066820363,-0.002646529020619216,30.31254528423947,0.9968959653459201,-0.3178336903927212,0.003155762556237015
6697,27.091012400000004,0.6688450759492669,0.9116159393631276,-0.09297107070512411,0.06259917017507377,-1.970845817487813,0.7654313500014188,0.8406085619402762,0,0.004279300000000001,1,Shared Control,0.01,Good Visuals,0.4480835236438019,-0.02898443815198959,0.0,5.535029473146032,1.0013593296390748,-0.3096740940237328,0.9187975027594155,0.00747425580553836,-1.7535178089781307,-0.0026962736889013356,30.31783369039272,0.9968442374437629,-0.3200193412126949,0.003176970058269218
6698,27.094067100000004,0.6726149871335747,0.9048973935156808,-0.09281636286784412,0.06428883157540455,-1.9970692317061578,0.7679899982821549,0.8346131100391208,0,0.0030547,1,Shared Control,0.01,Good Visuals,0.4519493618358922,-0.02943796191504354,0.0,5.53542243733692,1.0013677304854975,-0.3158270645674215,0.9126445322157268,0.019608408350190273,-1.7098234156862886,-0.002694714248776921,30.320019341212696,0.9968230299417308,-0.3250365161862919,0.0032266805756296204
6699,27.097774300000005,0.675285340889126,0.912624052811408,-0.09270465739302891,0.07801094277228726,-1.9831933386515797,0.7710706021087717,0.8273457884834029,0,0.0037072000000000003,1,Shared Control,0.01,Good Visuals,0.449484376969494,-0.02987935869963911,0.0,5.5363339215086045,1.0013870165192509,-0.32178929658247923,0.9066823002006691,0.020032344406226914,-1.7359319906416366,-0.0027323245551964565,30.32503651618629,0.9967733194243704,-0.32995143816716876,0.003275061860825593
6700,27.101212500000003,0.6787410928080747,0.9107072520218983,-0.09232950930069694,0.08336146353849538,-2.0217632000583263,0.7739036097369377,0.8206156625441192,0,0.0034382,1,Shared Control,0.01,Good Visuals,0.4352058282096331,-0.02992546582309806,0.0,5.537223928838999,1.0014059085262006,-0.32842244096043,0.9000491558227183,0.0020282381953942987,-1.866125862414063,-0.0027699557113734616,30.329951438167168,0.9967249381391744,-0.33051247736989503,0.003280115640027173
6701,27.104816,0.6814114465636261,0.9002233015497143,-0.09249216317331166,0.07960763900559509,-2.0738183968748634,0.7768480063145385,0.8135734967842958,0,0.0036035000000000004,1,Shared Control,0.01,Good Visuals,0.42777930941304865,-0.029854126970324683,0.0,5.537321221611371,1.001408064052468,-0.33507993128195424,0.893391665501194,-0.0032623340702683944,-1.9376827293568444,-0.0027630035750414207,30.330512477369894,0.9967198843599728,-0.32973251275375826,0.0032722962233435087
6702,27.108908,0.6848671984825748,0.8818757402568,-0.09198080783196372,0.06830224347250424,-2.1479662376460684,0.7801608141697455,0.8055926593159034,0,0.004092,1,Shared Control,0.01,Good Visuals,0.4324261414309257,-0.030035488985414877,0.0,5.537178684471075,1.001405065754472,-0.34246568109219333,0.8860059156909549,0.007127591078521076,-1.8517148398533583,-0.002761272783136035,30.329732512753758,0.9967277037766565,-0.33172160817681706,0.003292175224917647
6703,27.112245700000003,0.6883229504015236,0.8705879799016086,-0.0918378637682219,0.06499532058570523,-2.193800644927621,0.7828387966057517,0.7990968364154829,0,0.0033377000000000003,1,Shared Control,0.01,Good Visuals,0.4409488163696685,-0.03060593010213144,0.0,5.537541615970238,1.0014127119839993,-0.3487404063834389,0.8797311903997093,0.02499768307239799,-1.747493606050511,-0.0027626885405065086,30.331721608176817,0.9967078247750824,-0.3380265003146417,0.0033547009961025468
6704,27.1157399,0.690679144891716,0.8657810251456362,-0.09215965171403573,0.06668418873015325,-2.231346908124584,0.7856191406909975,0.7923109689510837,0,0.0034942000000000003,1,Shared Control,0.01,Good Visuals,0.4435725180127893,-0.03132510347551306,0.0,5.538687558334596,1.0014369471177613,-0.35459767836436845,0.8738739184187797,0.03312363809403009,-1.7126025499048394,-0.002810783239219269,30.33802650031464,0.9966452990038974,-0.3460186596589843,0.003433529237035036
6705,27.1191568,0.6942919764433442,0.8562442626907538,-0.0913271642476533,0.06393329373967016,-2.297989888360501,0.7883150730969976,0.7856906749100998,0,0.0034169,1,Shared Control,0.01,Good Visuals,0.44379496565739657,-0.032155319854833414,0.0,5.540136220383295,1.001467666221224,-0.36058341825445855,0.8678881785286896,0.0364748769565583,-1.6748481742886239,-0.0028869106262094137,30.346018659658984,0.996566470762965,-0.3552557398165788,0.0035245288474174924
6706,27.1242247,0.7001039228524853,0.8395278790032739,-0.0882111502445122,0.05383720409317405,-2.40265640935163,0.7922720547591291,0.775901909378773,0,0.0050679,1,Shared Control,0.01,Good Visuals,0.4420136448185946,-0.03414908539897603,0.0,5.543694716226643,1.001543178366975,-0.37313710097060593,0.8553344958125423,0.04419346329467183,-1.6776716721564573,-0.0030280905903997744,30.36566568738379,0.9963729847121616,-0.377458048546965,0.0037430645114084507
6707,27.129971500000003,0.7026171969753572,0.8290103699680194,-0.08965485778377191,0.05310846058924634,-2.4572274932872094,0.7966992243681484,0.7648494131183312,0,0.005746800000000001,1,Shared Control,0.01,Good Visuals,0.43528130055559466,-0.03495888879497349,0.0,5.545829791733529,1.001588498915758,-0.37857671100503926,0.8498948857781089,0.04411926743163255,-1.8106081398107197,-0.0030123301028417526,30.377458048546966,0.9962569354885915,-0.3865299700243476,0.0038318266646949054
6708,27.133234300000005,0.7056017099962675,0.8286911626586749,-0.09109751437188096,0.06384174954034372,-2.476474834937337,0.7991845722452777,0.7585984262146582,0,0.0032628,1,Shared Control,0.01,Good Visuals,0.4441627423038049,-0.036270545594723196,0.0,5.547467582115112,1.0016233617131356,-0.3845509446241109,0.8439206521590373,0.05886445918925376,-1.6645492237807837,-0.0031342342031920457,30.38652997002435,0.996168173335305,-0.40110379926697115,0.0039755967235685155
6709,27.136750900000003,0.7081149841191393,0.8230879707895036,-0.09106958812613841,0.06448954457484535,-2.525111112969955,0.8018404434630554,0.7518819626806635,0,0.0035166000000000004,1,Shared Control,0.01,Good Visuals,0.4416522110970218,-0.03749653671796973,0.0,5.550109439844787,1.0016793685194894,-0.3901818234065686,0.8382897733765796,0.05684307026716613,-1.6444843265260136,-0.00330415654859126,30.40110379926697,0.9960244032764315,-0.4148137745339389,0.00410997700963215
6710,27.1410676,0.7114136564054085,0.8093162175973738,-0.09042678705764684,0.05743425491671028,-2.5942558266456883,0.8050683516761542,0.7436682133464899,0,0.004316700000000001,1,Shared Control,0.01,Good Visuals,0.4410705421755573,-0.03901644877797292,0.0,5.552586723179091,1.0017320507520715,-0.39671994454672826,0.8317516522364199,0.06022137714496803,-1.6311049646142282,-0.003414794155062129,30.41481377453394,0.9958900229903679,-0.4317621476650948,0.004276573825499735
6711,27.144173900000006,0.7145552490589984,0.805244529332314,-0.09051310261715584,0.06157631598582414,-2.6172406983068472,0.8073692573997334,0.7377795426416022,0,0.0031063,1,Shared Control,0.01,Good Visuals,0.44484242233279236,-0.040614097231313095,0.0,5.5556535068904935,1.0017971746008125,-0.40238702225572,0.8260845745274282,0.07161739985175283,-1.589776898193871,-0.003528132105391342,30.431762147665093,0.9957234261745003,-0.44962619853075764,0.00445169128933622
6712,27.1477542,0.7170685231818702,0.8100283976483862,-0.09030073421786322,0.07224885500678402,-2.6177257172585664,0.8099986140524098,0.7310160078011939,0,0.0035803000000000002,1,Shared Control,0.01,Good Visuals,0.4414604105858419,-0.04212378866540026,0.0,5.558881552096528,1.0018658113598096,-0.4079474794946463,0.8205241172885019,0.0701593509140784,-1.6178699522611448,-0.003676107950400987,30.44962619853076,0.9955483087106638,-0.46654788986148543,0.004617167827407088
6713,27.1512228,0.72021011583546,0.810897995218038,-0.08978849821694979,0.07988198741684405,-2.6359665277514255,0.812522888327294,0.7244885306126839,0,0.0034686,1,Shared Control,0.01,Good Visuals,0.4298585126000823,-0.04338154062662074,0.0,5.561935588304311,1.0019308221488474,-0.414119497469073,0.8143520993140753,0.056475309102986565,-1.7286628877511427,-0.003803809044523748,30.466547889861484,0.9953828321725929,-0.4806887113062032,0.004755029403352542
6714,27.154766600000002,0.7225663103256524,0.8068201381005857,-0.08995657800164159,0.0823316074879018,-2.658463503051739,0.8150785526315356,0.7178458447166304,0,0.0035438,1,Shared Control,0.01,Good Visuals,0.4195860831767928,-0.04436593651272943,0.0,5.564483846269342,1.001985144842934,-0.4204238289151368,0.8080477678680115,0.04630956245357055,-1.837515359253774,-0.003895163383201871,30.480688711306204,0.9952449705966474,-0.49177873777673664,0.004862928553898472
6715,27.158813900000006,0.7255508233465627,0.7900873159685264,-0.08952772928497288,0.07224147125189606,-2.7208260856852506,0.8179685934471302,0.710292953611287,0,0.0040473,1,Shared Control,0.01,Good Visuals,0.4182429645545165,-0.04552647740551484,0.0,5.566480302776742,1.0020277450424326,-0.42764488723925964,0.8008267095438886,0.047051153869658704,-1.8164813533878812,-0.0039910078285232235,30.491778737776738,0.9951370714461015,-0.5047718193202626,0.004990134872283608
6716,27.162216100000002,0.7286924160001524,0.7764995163823071,-0.0892761774469778,0.0662065627710201,-2.7582676952985246,0.8203743928299588,0.703972451602766,0,0.0034022,1,Shared Control,0.01,Good Visuals,0.42617283803265266,-0.0469357406296453,0.0,5.568826621292789,1.0020776556581878,-0.43379903165836126,0.7946725651247869,0.06331764824382573,-1.7101971430044856,-0.004075882144459367,30.50477181932026,0.9950098651277164,-0.5205510400684714,0.005144603523488948
6717,27.1657394,0.7308915308576653,0.7731794105767964,-0.08948286197229349,0.0692069589740304,-2.7662164337974144,0.8228432093236266,0.6974552051504043,0,0.0035233,1,Shared Control,0.01,Good Visuals,0.4310697977610294,-0.04850033934229747,0.0,5.5716759158611335,1.00213826550566,-0.4394435406554815,0.7890280561276666,0.07412060263284807,-1.650682555087084,-0.004190243509057539,30.520551040068472,0.994855396476511,-0.5381040623328239,0.0053160984214489174
6718,27.169201900000004,0.7337189642458961,0.7623228286991914,-0.08912424507773054,0.06486762354878717,-2.818312226641816,0.8252471010294989,0.6910790917573845,0,0.0034625000000000003,1,Shared Control,0.01,Good Visuals,0.42949324354440316,-0.05012298625664719,0.0,5.5748423795393345,1.0022056834954154,-0.4452826682927487,0.7831889284903994,0.0735703362646384,-1.6373528229676344,-0.0043399491709762,30.538104062332824,0.9946839015785511,-0.5563431821939648,0.005493955954342932
6719,27.174239400000005,0.7389025921243193,0.7353803453021508,-0.08634450890517964,0.04430125354476633,-2.9094252781591963,0.8287051518553284,0.6818547257488498,0,0.0050375,1,Shared Control,0.01,Good Visuals,0.43891892427034335,-0.05418614504281033,0.0,5.581872605806191,1.0023554644678243,-0.45681942862631414,0.771652168156834,0.09541675147669679,-1.5088667470067718,-0.004626230847232758,30.57710584123499,0.9943034356249534,-0.6019841789428073,0.005939316797218118
6720,27.179966900000004,0.743300821839345,0.7178162296396037,-0.08540433001598347,0.03596150389075392,-2.95307733230083,0.8325806212690962,0.6714439698996426,0,0.0057275,1,Shared Control,0.01,Good Visuals,0.449147461241321,-0.05813723566261344,0.0,5.590081649913489,1.0025306393456541,-0.46567784611970764,0.7627937506634405,0.11800743960770209,-1.3969843478057151,-0.004907319862565661,30.622728834905434,0.9938599569292491,-0.6466038503380528,0.006372393903312072
6721,27.186084100000002,0.7478561311870502,0.7358296582001951,-0.08472449008204597,0.06438568830055247,-2.8610322438162954,0.8366542050126043,0.6604181827061888,0,0.006117200000000001,1,Shared Control,0.01,Good Visuals,0.43390156285818976,-0.06194322820386199,0.0,5.598460956270173,1.0027095296149902,-0.47496835418264727,0.7535032426005008,0.09940344793826456,-1.5641531984377317,-0.005228003287475284,30.669328391470092,0.9934075573823721,-0.6897365256889938,0.00678956688013973
6722,27.192310300000003,0.750683564575281,0.7414919854327631,-0.08597064043732339,0.08107380272657427,-2.821505056369133,0.8407314275594255,0.6492976975664169,0,0.0062262,1,Shared Control,0.01,Good Visuals,0.4100716871916258,-0.06352903857173599,0.0,5.602121338085287,1.0027878595319022,-0.48233257955419845,0.7461390172289497,0.0681443669173025,-1.8557632667769965,-0.0052481084236080154,30.689736525688993,0.9932104331198602,-0.7077588263996817,0.00696338677723105
6723,27.196029600000003,0.7533539183308323,0.7393731981532079,-0.08737750922859322,0.09007550058679104,-2.7906173461387667,0.8431340882604625,0.6427047866713667,0,0.0037193,1,Shared Control,0.01,Good Visuals,0.4005902145849388,-0.06467982353255872,0.0,5.605351371084893,1.0028570256863996,-0.48916218420169516,0.739309412581453,0.05393936413156803,-1.899909491055364,-0.005461632132379563,30.707758826399683,0.9930366132227689,-0.7209227954673111,0.007089523752695912
6724,27.199874900000005,0.7557101128210247,0.7334886105422542,-0.0874239754394378,0.09078382387088757,-2.756397279255687,0.8455924394999801,0.6359285339062252,0,0.0038453000000000003,1,Shared Control,0.01,Good Visuals,0.39964972464617576,-0.06574449642859634,0.0,5.6077030306858,1.0029075395672042,-0.4955319506426644,0.7329396461404837,0.051402481880856284,-1.8518377884609891,-0.00565156187761993,30.72092279546731,0.9929104762473041,-0.7330288849364531,0.007206222026950026
6725,27.203259000000003,0.7583804665765761,0.7262362673329661,-0.08721197292340399,0.09030773342674092,-2.721345666643498,0.8477344432408424,0.6299990549657676,0,0.0033841,1,Shared Control,0.01,Good Visuals,0.3993853245546282,-0.0668339291495306,0.0,5.609872130578732,1.0029539947223125,-0.5020251114252291,0.726446485357919,0.05076606968867622,-1.8226927864823428,-0.005747645241051813,30.733028884936452,0.99279377797305,-0.7453928189404859,0.007325634213474309
6726,27.207679,0.7612078999648069,0.7221658884455211,-0.08652654327603548,0.09216683347975352,-2.6711718659354027,0.8505020105181477,0.6223030352168825,0,0.00442,1,Shared Control,0.01,Good Visuals,0.3988626129716265,-0.06804564933837519,0.0,5.612089522269303,1.0030014379856194,-0.5092749351012469,0.7191966616819012,0.05025640925118993,-1.8071699469097267,-0.005828718819353563,30.745392818940488,0.9926743657865257,-0.7591263409819319,0.007458450269413463
6727,27.210687300000004,0.7632499351896401,0.7113257448836617,-0.08725207532850754,0.08902270966677928,-2.6496564115708106,0.8523662472464599,0.6170967569980549,0,0.0030083,1,Shared Control,0.01,Good Visuals,0.3933596392568141,-0.06892474206699857,0.0,5.614554150312283,1.003054134719021,-0.515634453167696,0.7128371436154521,0.042871154839095024,-1.8489121021191615,-0.005887754822222856,30.759126340981933,0.9925415497305865,-0.7692127731939385,0.007554807192484851
6728,27.214259000000006,0.7659202889451915,0.6931506050736218,-0.08644595830126844,0.07605384807556692,-2.6500549850838673,0.8545593419721715,0.6109490616341715,0,0.0035717,1,Shared Control,0.01,Good Visuals,0.40074043778478485,-0.07004428183462376,0.0,5.61635328088234,1.003092829734377,-0.5217439347587479,0.7067276620244002,0.052284780586034904,-1.7160019074381139,-0.006013826786827711,30.76921277319394,0.9924451928075152,-0.7818806627601446,0.007677519397639076
6729,27.2177729,0.7679623241700249,0.6800774706400774,-0.08659701780214668,0.06912840900590589,-2.630366631034649,0.8566955820204467,0.6049367015875333,0,0.0035139000000000004,1,Shared Control,0.01,Good Visuals,0.40941495910654435,-0.07140824619748784,0.0,5.618628503433669,1.003141433892952,-0.5272787157182652,0.7011928810648829,0.06668949188359012,-1.6161360000926424,-0.00605504506671818,30.781880662760145,0.992322480602361,-0.7973336773058272,0.00782702286286557
6730,27.221226200000004,0.7706326779255762,0.672287535775472,-0.0860629040948705,0.06735083418793864,-2.6074234045437636,0.8587744579132867,0.599062867530152,0,0.0034533000000000003,1,Shared Control,0.01,Good Visuals,0.4174469961493644,-0.07308128104281011,0.0,5.621402193485253,1.0032007197935031,-0.5326674392545925,0.6958041575285556,0.07765882938113414,-1.4978662264640978,-0.006183741167183928,30.797333677305826,0.9921729771371345,-0.816297673474672,0.008010403392174367
6731,27.225171600000003,0.7729888724157685,0.6644371785233962,-0.08578558549751814,0.0653743109932442,-2.586159609096463,0.8611248308900457,0.5923944752659588,0,0.0039454,1,Shared Control,0.01,Good Visuals,0.41651576592231737,-0.07509886711792602,0.0,5.624805206735936,1.003273470210805,-0.5392513580615811,0.689220238721567,0.07762120657271632,-1.5079633556236844,-0.006289587281517644,30.816297673474672,0.9919895966078256,-0.839193157727365,0.008231550012888977
6732,27.228986300000003,0.77565922617132,0.6545901016160528,-0.08546560471872566,0.06219562635009401,-2.5544066776873464,0.8633724094121088,0.585990224745625,0,0.0038147000000000003,1,Shared Control,0.01,Good Visuals,0.41728540184257035,-0.07680389069712672,0.0,5.6289113412270195,1.0033612940867265,-0.5445727893355197,0.6838988074476284,0.07940877221067422,-1.4711465426126855,-0.006442400285911596,30.839193157727365,0.991768449987111,-0.8587457451646178,0.008418436811637975
6733,27.232901600000005,0.7777012613961533,0.650240875746031,-0.08567114801595554,0.06425065100040595,-2.494606419708095,0.8656539411478799,0.579461415801344,0,0.0039153,1,Shared Control,0.01,Good Visuals,0.41896709691074707,-0.07846492099503964,0.0,5.632399680780391,1.0034362781943766,-0.5495211470079377,0.6789504497752104,0.08221686464588628,-1.4491339421964176,-0.006564090963180843,30.85874574516462,0.991581563188362,-0.8777348481030819,0.008600501528389613
6734,27.236221,0.7802145355190251,0.650799775426359,-0.08543940562885477,0.071338359625015,-2.428870918723302,0.8675682682340252,0.5739615128509856,0,0.0033194,1,Shared Control,0.01,Good Visuals,0.4183487142599928,-0.08015034630643245,0.0,5.63579265938962,1.003509098287637,-0.5546561030125626,0.6738154937705855,0.07935587245636148,-1.4334643528069009,-0.006722179860626299,30.87773484810308,0.9913994984716104,-0.8969973887096148,0.008785240170610852
6735,27.2408334,0.7846127652340508,0.644241303240138,-0.08295550299997445,0.07027979038915233,-2.331528172286711,0.8701980835735247,0.5663729546994051,0,0.0046124,1,Shared Control,0.01,Good Visuals,0.4059255509456471,-0.08277238107893756,0.0,5.642120556992043,1.0036450837441968,-0.5653595460589473,0.6631120507242008,0.059990920659291694,-1.5432498411302866,-0.0069578761972232455,30.913200966072488,0.9910604357689757,-0.9271722386038289,0.00907264011675808
6736,27.2465885,0.7864977208262046,0.6369429592532925,-0.08370036274732007,0.0705700045538874,-2.289373885997699,0.8734305755447215,0.5569918984410568,0,0.0057551,1,Shared Control,0.01,Good Visuals,0.3977116256011532,-0.08376470620047133,0.0,5.644608724021186,1.0036986443396687,-0.5710291025524024,0.6574424942307457,0.0506659585095429,-1.6613111300304677,-0.006866424506908833,30.92717223860383,0.9909273598832419,-0.9386214567636528,0.009181408386912206
6737,27.2501977,0.7888539153163969,0.6269832285535579,-0.08457666022832455,0.06999133011250114,-2.258698427832186,0.8754303317956375,0.5511582171951893,0,0.0036092000000000003,1,Shared Control,0.01,Good Visuals,0.4017921259031264,-0.08490294732384916,0.0,5.646645073669154,1.0037425322009232,-0.5766889589710662,0.6517826378120819,0.05454593761398684,-1.5703066944105366,-0.007011136294402141,30.938621456763652,0.9908185916130878,-0.9516251080281328,0.009306170438503462
6738,27.253814400000003,0.7907388709085509,0.6164089248799112,-0.08469146088708657,0.06525070768472185,-2.2341222370026426,0.877413191906734,0.5453505277116313,0,0.0036167,1,Shared Control,0.01,Good Visuals,0.407514187316308,-0.0861315037460222,0.0,5.648969231840273,1.003792383033421,-0.5817052526043156,0.6467663441788325,0.06154091864665108,-1.4699330813014595,-0.007180807728192528,30.951625108028132,0.9906938295614965,-0.9656897931692784,0.009440831905724974
6739,27.258052300000003,0.7937233839294612,0.6085130447892666,-0.08368980797727277,0.06316251707763532,-2.211491034253157,0.8797099970508093,0.5385936508085458,0,0.0042379,1,Shared Control,0.01,Good Visuals,0.41313045068522475,-0.08797800627456796,0.0,5.651480408271848,1.0038462966954667,-0.5880030035118395,0.6404685932713086,0.06912434889966242,-1.3818736357405492,-0.007294602880652189,30.96568979316928,0.990559168094275,-0.9866718280510292,0.009643226142761637
6740,27.2617124,0.795608339521615,0.6035390006401461,-0.0841016575291943,0.06494534983160027,-2.1976594215500413,0.8816706887978464,0.5327997589466458,0,0.0036601000000000003,1,Shared Control,0.01,Good Visuals,0.40987545444834467,-0.08931492566265806,0.0,5.655240525470082,1.0039267294493261,-0.5929053704578213,0.6355662263253268,0.0668963412816486,-1.4214291356611515,-0.007362862451341891,30.98667182805103,0.9903567738572384,-1.0022176183274971,0.00978976522156004
6741,27.265264600000002,0.7978074543791279,0.5975872602030821,-0.08386323441871846,0.06478750125643629,-2.198623688588551,0.8835533675360194,0.5272134264093938,0,0.0035522,1,Shared Control,0.01,Good Visuals,0.4106424938569353,-0.09075065462726449,0.0,5.657994730991169,1.003986297401444,-0.5979084325014542,0.6305631642816939,0.06823351974727423,-1.3841643501543466,-0.007511533290326315,31.002217618327496,0.99021023477844,-1.0186977701148465,0.009947134769605993
6742,27.26885,0.7998494896039613,0.5937295632960197,-0.08370387793205813,0.06651613688662583,-2.1891442842194575,0.8854335847820164,0.5216113322035616,0,0.0035854000000000003,1,Shared Control,0.01,Good Visuals,0.4096943117190826,-0.09210035631539998,0.0,5.660933187671413,1.0040494534560536,-0.6025688898311216,0.6259027069520265,0.06902107753516727,-1.3835408430064753,-0.007610643422658439,31.018697770114848,0.990052865230394,-1.0342654516909966,0.010095074910046754
6743,27.2726398,0.8037764804209485,0.5916551878641997,-0.08165710436106788,0.07004385566063809,-2.15123815389766,0.887399228880752,0.5157293479479138,0,0.0037898000000000003,1,Shared Control,0.01,Good Visuals,0.3987776893106455,-0.09460182376408001,0.0,5.666633068490233,1.004172139843725,-0.6126353765969405,0.6158362201862077,0.056052455083494844,-1.4832580550924823,-0.007799092434320335,31.050717008621497,0.9897480973733357,-1.063198140702552,0.010369259530929117
6744,27.2790464,0.8061326749111408,0.5854054600891749,-0.08126655396961113,0.06967611214126113,-2.1460050094423755,0.8906716800680635,0.505877101722049,0,0.0064066,1,Shared Control,0.01,Good Visuals,0.392561742451521,-0.09562714385374199,0.0,5.668841471084776,1.0042199489986983,-0.618242356011579,0.6102292407715691,0.050400923335943544,-1.5574077591907414,-0.007724910995850833,31.063198140702553,0.9896307404690708,-1.0750456870373402,0.010481644363366327
6745,27.282945000000005,0.8078605508706153,0.5825629139226741,-0.08281112919744826,0.07668581220062509,-2.1257286490044187,0.8926323000482569,0.49993700942352287,0,0.0038986000000000003,1,Shared Control,0.01,Good Visuals,0.3908850071441278,-0.09659027498709485,0.0,5.67094688694283,1.0042653350196447,-0.6235671830569275,0.6049044137262206,0.050272233690094925,-1.5631831391934397,-0.0077712884469498915,31.07504568703734,0.9895183556366337,-1.0861869572719522,0.01058721269478623
6746,27.2862163,0.8100596657281282,0.5779153266653521,-0.08257263432012873,0.07797831724182919,-2.1190610336959668,0.8942596355418241,0.4949844886700032,0,0.0032713,1,Shared Control,0.01,Good Visuals,0.3927652064463534,-0.09765489686653739,0.0,5.672925688006471,1.0043080124024006,-0.6289249875025852,0.5995466092805629,0.05157557338158945,-1.4856790743026544,-0.007998749741173367,31.086186957271952,0.9894127873052138,-1.098441467105591,0.010703905377136365
6747,27.290843800000005,0.8138295769124358,0.5529484009471668,-0.08043005862938823,0.057963912277163576,-2.150097178364902,0.8965340578418178,0.4880275883656884,0,0.0046275000000000005,1,Shared Control,0.01,Good Visuals,0.397516256650738,-0.09987639804824047,0.0,5.677199177496026,1.004400071458899,-0.6389496512215129,0.5895219455616352,0.06208894757267707,-1.3805617215385442,-0.008153248394766176,31.110220705951367,0.989184527421919,-1.1240611148143824,0.010947403032729041
6748,27.2966195,0.8154003732392308,0.5465119946235275,-0.08113368460258708,0.05848440625783913,-2.1350640944066903,0.8993278691208222,0.4794232491985485,0,0.0057757,1,Shared Control,0.01,Good Visuals,0.39859372651257974,-0.10117905446368188,0.0,5.679664602783396,1.0044530846391466,-0.643700479007944,0.5847711177752041,0.0685042778850958,-1.3929186930633204,-0.008033064550712099,31.12406111481438,0.989052596967271,-1.13908898729877,0.011090186563890419
6749,27.300212300000005,0.8175994880967437,0.5431842663010052,-0.08172838102407853,0.06376101710245674,-2.121325249734396,0.9010407937627813,0.4741140693827379,0,0.0035928,1,Shared Control,0.01,Good Visuals,0.40228074545696285,-0.10267343234434527,0.0,5.682337194882292,1.0045106392833032,-0.6484606929408613,0.5800109038422868,0.07330404965620388,-1.3130175795545953,-0.008209029493244346,31.13908898729877,0.9889098134361096,-1.1563082933636386,0.011253984590876894
6750,27.3037992,0.8194844436888975,0.5453941212704235,-0.08155635007388384,0.0712800518876856,-2.0917334029445316,0.9027319358424921,0.4688459510998271,0,0.0035869,1,Shared Control,0.01,Good Visuals,0.400605816685098,-0.10405675007910464,0.0,5.685401271588627,1.0045765833871858,-0.6529372879519038,0.5755343088312443,0.07158826102634645,-1.3112847508838752,-0.008391333399688599,31.15630829336364,0.9887460154091231,-1.1723809511972179,0.01140560936971021
6751,27.307985600000002,0.8221547974444487,0.5505999553202828,-0.08057713839804337,0.08175400422045576,-2.05219292608436,0.9046819111937346,0.4627373847587156,0,0.0041864,1,Shared Control,0.01,Good Visuals,0.3923022106805521,-0.10576244320562209,0.0,5.688249508073246,1.0046381226026941,-0.6599041558713312,0.5685674409118169,0.06048884116039657,-1.394126412148048,-0.008486488737002099,31.17238095119722,0.9885943906302898,-1.1920206366811863,0.011592569557212396
6752,27.3121565,0.8241968326692822,0.5518946536122491,-0.08048507852445241,0.08915726885353348,-2.02096460326114,0.9065993236614678,0.4566933497141397,0,0.0041709,1,Shared Control,0.01,Good Visuals,0.3764852247111591,-0.10656555592138338,0.0,5.691745466011354,1.004713325216203,-0.6655074381747966,0.5629641586083515,0.040188854501120454,-1.5609767950371545,-0.008522035023494613,31.192020636681185,0.9884074304427876,-1.2017318217881932,0.011680598348317799
6753,27.3157937,0.825767628996077,0.5472818956103389,-0.08083169466539075,0.09058854589619919,-2.000245243597142,0.9082508747965552,0.4514560063007623,0,0.0036372,1,Shared Control,0.01,Good Visuals,0.36865559523545666,-0.10713229242526787,0.0,5.693433018059441,1.0047504757456152,-0.671069441427461,0.557402155355687,0.02982877671060382,-1.625841348338036,-0.008576937136334466,31.201731821788194,0.9883194016516822,-1.2084237339085457,0.011742718058706098
6754,27.3191804,0.827652584588231,0.5335132144795829,-0.08059829020832421,0.08205720817882056,-2.0076073700387695,0.909771601763027,0.4466065804961666,0,0.0033867000000000003,1,Shared Control,0.01,Good Visuals,0.36928372831702355,-0.10774552462050209,0.0,5.694609456762395,1.0047760854328935,-0.6767188426246833,0.5517527541584648,0.030691410961247008,-1.5765917442642978,-0.008659684750122607,31.208423733908546,0.9882572819412939,-1.2155282687797262,0.01180993413903202
6755,27.3241698,0.8312654161398592,0.5043762827643591,-0.0785061856231678,0.0577697022681925,-2.015924207182735,0.9119821708775394,0.43950869962965844,0,0.004989400000000001,1,Shared Control,0.01,Good Visuals,0.38964934908984084,-0.10980902951852721,0.0,5.697624098773025,1.004840971840481,-0.6863206502951821,0.542150946487966,0.06345095178431669,-1.2839549497969496,-0.00874770583927236,31.22537250023768,0.9880961771842477,-1.2392431227314775,0.012036113899417255
6756,27.3297356,0.8328362124666541,0.5049459733208285,-0.07914595841088534,0.06543727369117003,-1.9748537828411488,0.9144064989204022,0.43165383207967173,0,0.0055658,1,Shared Control,0.01,Good Visuals,0.3894403121782541,-0.11106016599721488,0.0,5.700095350065555,1.0048940736139338,-0.6908179662627315,0.5376536305204166,0.06677068791903168,-1.306561682562802,-0.00862068805448141,31.239243122731477,0.9879638861005827,-1.2537727110851378,0.012173250355565062
6757,27.333272300000004,0.8348782476914874,0.5093988209852209,-0.07952825122891471,0.0777449889055492,-1.9339138499777104,0.9159243539966101,0.4266957669098448,0,0.0035367000000000003,1,Shared Control,0.01,Good Visuals,0.38558216140624,-0.11223759039704,0.0,5.702670584432723,1.0049496837323948,-0.69553727537323,0.5329343214099181,0.06005717192659385,-1.3197173127792106,-0.008789963279121592,31.253772711085137,0.987826749644435,-1.2675107337514835,0.012302307266880873
6758,27.3367907,0.8361348847529234,0.5065104131998093,-0.07978946924368668,0.07981464628996449,-1.9236173043985814,0.9174169995347374,0.4217879876350836,0,0.0035184,1,Shared Control,0.01,Good Visuals,0.3755827231698976,-0.11309376447751346,0.0,5.705099828147013,1.0050022560803173,-0.7003601868127397,0.5281114099704084,0.045731490644046364,-1.4165868059419022,-0.008926059286423822,31.267510733751482,0.9876976927331191,-1.2776322330066263,0.012396152088162795
6759,27.341023200000002,0.8381769199777567,0.49137404306844,-0.07924007955698076,0.06958605543335639,-1.9554248745865184,0.9191897776778715,0.4159154978303863,0,0.0042325,1,Shared Control,0.01,Good Visuals,0.37513177913362716,-0.1140986768836589,0.0,5.706878032088341,1.0050409769872386,-0.705901389801581,0.5225702069815671,0.04551588793259577,-1.3841588161869722,-0.009023691442431305,31.277632233006628,0.9876038479118372,-1.289275957128796,0.012506300044413181
6760,27.3441495,0.8402189552025902,0.4847299426839956,-0.07897082247528131,0.06881444485360932,-1.950730268349685,0.9204833024098444,0.41159902405618265,0,0.0031263000000000003,1,Shared Control,0.01,Good Visuals,0.38243724087963404,-0.11527554781834702,0.0,5.708944024629692,1.0050855359283184,-0.7104928768186085,0.5179787199645396,0.05991970906288407,-1.2824308066439867,-0.009041188233607373,31.289275957128798,0.9874936999555868,-1.302914847882113,0.012635296290686625
6761,27.347793700000004,0.841475592264026,0.4873808309789146,-0.07900771014581842,0.07578180692273195,-1.9299606541972611,0.9219741163669959,0.4065893046034946,0,0.0036442000000000002,1,Shared Control,0.01,Good Visuals,0.38186309905800203,-0.11641873962706316,0.0,5.711363761902085,1.005137726854662,-0.714867288808915,0.5136043079742331,0.061239260197247625,-1.2813157558015464,-0.009103404822503484,31.302914847882114,0.9873647037093134,-1.3162662184882916,0.01276060098447109
6762,27.351199700000002,0.8435176274888594,0.4833013479435595,-0.0784564888781365,0.07671204334006493,-1.9477723648783254,0.9233510149050608,0.40192743545841403,0,0.003406,1,Shared Control,0.01,Good Visuals,0.375253178743738,-0.11744784584546328,0.0,5.713723407181317,1.005188806620704,-0.7196646592621456,0.5088069375210025,0.052221955136443614,-1.330422489040346,-0.00919797803599651,31.31626621848829,0.9872393990155289,-1.3283350153667535,0.012873400812623404
6763,27.3548423,0.8449313441829748,0.4802745182284929,-0.078419670722086,0.07834708277007885,-1.951195029132414,0.9248060268786955,0.39696256725207624,0,0.0036426,1,Shared Control,0.01,Good Visuals,0.3713320496278585,-0.11838703490615167,0.0,5.715851994516812,1.005234972912648,-0.7243578472284774,0.5041137495546707,0.05051245500029849,-1.3697539521734012,-0.00921454561133568,31.328335015366754,0.9871265991873766,-1.3393500491526464,0.012976344865194464
6764,27.358823700000002,0.8466592201424492,0.47259375000891257,-0.0781468067362463,0.07563118275683633,-1.9746411451605492,0.9263757295505963,0.39155934757270394,0,0.0039814,1,Shared Control,0.01,Good Visuals,0.36962704438683663,-0.11946314746309218,0.0,5.717794641000443,1.0052771058248655,-0.7297790384534135,0.49869255832973464,0.04987166194580477,-1.3624164320916974,-0.009283872295104516,31.339350049152646,0.9870236551348055,-1.35186004512124,0.01309429703507266
6765,27.3622638,0.8483870961019235,0.4607507191166218,-0.0779886334486728,0.06919137154391786,-2.008519505684145,0.9277147299102313,0.38690940458849166,0,0.0034401,1,Shared Control,0.01,Good Visuals,0.37096664495371334,-0.12053411200106992,0.0,5.720010575056494,1.005324962707116,-0.7345258971373164,0.4939456996458318,0.05511346994473963,-1.320662906241229,-0.009335663496901956,31.35186004512124,0.9869057029649273,-1.3643843184464413,0.013211684933115798
6766,27.3658682,0.8499578924287186,0.45676488848365404,-0.07775683748151274,0.06985548389516238,-2.0079042090503205,0.929100552142767,0.3820548949242739,0,0.0036044000000000002,1,Shared Control,0.01,Good Visuals,0.37670518553904053,-0.12176626743661742,0.0,5.722222499496604,1.0053728656295617,-0.7387360877878452,0.48973550899530305,0.06691567786535613,-1.234804859962678,-0.009400290678912715,31.36438431844644,0.9867883150668842,-1.3787203265256203,0.013346740886429124
6767,27.369191200000003,0.8515286887555134,0.4560990313066693,-0.07757186338725364,0.07404413638239538,-2.0042475129738113,0.9303627055087564,0.37759434780517875,0,0.003323,1,Shared Control,0.01,Good Visuals,0.3749046539780797,-0.12304263381271978,0.0,5.724760765953556,1.005427700223479,-0.743175516502979,0.48529608028016924,0.0663215861458148,-1.242006690670828,-0.009468159867799478,31.37872032652562,0.9866532591135708,-1.3936397954457265,0.013486642779265381
6768,27.374270000000003,0.8546702814091032,0.44337244343859983,-0.07569242409965327,0.06577809563342107,-2.0277969331300234,0.9322631722648721,0.3708026823396143,0,0.0050788000000000005,1,Shared Control,0.01,Good Visuals,0.37074809429194877,-0.12540333998359052,0.0,5.729799561166936,1.0055369485854324,-0.7520412318669856,0.47643036491616264,0.06489433942646285,-1.2503956297042582,-0.009615810361089779,31.40728985051378,0.9863862028511473,-1.42134600713465,0.013745398625485326
6769,27.3796458,0.8560839981032186,0.4432543811712902,-0.07617917416165354,0.0724516988316759,-2.0060402164425506,0.9342372798869629,0.36364465582538186,0,0.0053758,1,Shared Control,0.01,Good Visuals,0.3677443692692617,-0.12656723607855305,0.0,5.7322805461308475,1.0055906947397018,-0.7564702125322966,0.4720013842508516,0.0647301254573277,-1.2921144398025022,-0.00949208279355094,31.42134600713465,0.9862546013745147,-1.4350185450527158,0.013872972705936445
6770,27.383173900000003,0.8578118740626929,0.44550895724307193,-0.07642540582427004,0.08186430141769008,-1.981093598045645,0.9355119913466337,0.35896232174271736,0,0.0035281,1,Shared Control,0.01,Good Visuals,0.3640033856897808,-0.12769269343531653,0.0,5.73468972139405,1.0056429667524416,-0.7611602286966229,0.46731136808652535,0.059499008980109784,-1.307722553068887,-0.009641787520387213,31.435018545052717,0.9861270272940635,-1.4482505291244967,0.013996333535135439
6771,27.3868177,0.8589114314914494,0.4405767282548533,-0.07660055985518421,0.08161440651213592,-1.9831188766535717,0.9368111852992901,0.3541379098248918,0,0.0036438000000000004,1,Shared Control,0.01,Good Visuals,0.3561237030566914,-0.12858528137784742,0.0,5.737020278189241,1.0056935501827562,-0.7659161585074711,0.4625554382756772,0.049028777697703564,-1.380250692413192,-0.00975896591658817,31.448250529124497,0.9860036664648646,-1.45885855889574,0.014094169661988155
6772,27.391139100000004,0.8618959445123597,0.40662641155849566,-0.07491524078693035,0.052488501733603865,-2.0517661963668514,0.9383292184179456,0.3484297946406151,0,0.0043214,1,Shared Control,0.01,Good Visuals,0.3701516990675962,-0.13087282312222334,0.0,5.741149006739235,1.0057831552819,-0.7746648819754134,0.4538067148077348,0.07446948192729871,-1.14954260172164,-0.009898839608396364,31.47169223481228,0.9857851201814212,-1.4855930611226436,0.014344905991283687
6773,27.397134900000005,0.8636238204718342,0.4132616440097518,-0.07470539794611142,0.06483184936913672,-1.9943799306590881,0.940394641529168,0.34053042793927585,0,0.005995800000000001,1,Shared Control,0.01,Good Visuals,0.37748843322179665,-0.13251904578545948,0.0,5.743601282343693,1.0058362895754571,-0.7784652366658411,0.45000636011730705,0.08883553820762649,-1.066526728153046,-0.009804369056666708,31.485593061122643,0.9856550940087163,-1.5047118251207667,0.014525347650456799
6774,27.4007548,0.8647233779005905,0.42323776964636944,-0.07567126362857746,0.0827073417070936,-1.9477105730056483,0.9416187108336305,0.33577066739266737,0,0.0036199,1,Shared Control,0.01,Good Visuals,0.36411613670190257,-0.1337488740975175,0.0,5.746989022783883,1.0059093774386003,-0.7826538066853727,0.4458177900977755,0.06937506288747086,-1.2236189476005828,-0.00989988805084171,31.504711825120765,0.9854746523495432,-1.5194178611739202,0.014660148528905152
6775,27.4042094,0.8662941742273854,0.41844226739275553,-0.07532453660624505,0.08267160000008816,-1.954598382640924,0.9427708257433133,0.3312334458345869,0,0.0034546000000000004,1,Shared Control,0.01,Good Visuals,0.35187554507196145,-0.13470235393564906,0.0,5.749557508879888,1.0059655553289257,-0.7874886982034814,0.44098289857966666,0.05029697707649817,-1.334204845220165,-0.010120946311858663,31.51941786117392,0.9853398514710948,-1.5308131369132099,0.014764658986586712
6776,27.4081471,0.8678649705541802,0.4078816495093939,-0.07490585518913306,0.07664820367480696,-1.9563434241414441,0.9440649492800942,0.32606647438828673,0,0.003937700000000001,1,Shared Control,0.01,Good Visuals,0.3500643264386061,-0.13585499071673016,0.0,5.751548253643875,1.0060090833549622,-0.7933475250967998,0.43512407168634826,0.05050272911532822,-1.3368076512922178,-0.010146392389973174,31.53081313691321,0.9852353410134133,-1.5442964907085854,0.014890998939162368
6777,27.412056800000002,0.8695928465136548,0.40360507562257886,-0.07447210276643945,0.07753860123429213,-1.9209166715751251,0.9453297484148636,0.3209396817305403,0,0.0039097,1,Shared Control,0.01,Good Visuals,0.35389021729321357,-0.13693797851591097,0.0,5.753928777096824,1.006060608801095,-0.7978563571156599,0.43061523966748816,0.058334953962418334,-1.2589931083294001,-0.010176334261348405,31.544296490708586,0.9851090010608377,-1.5571107405603097,0.015009704700972423
6778,27.4157741,0.8706924039424111,0.40395341538881224,-0.07463734447245252,0.08301373365827192,-1.8763082551866528,0.9465137203533941,0.3160668662611301,0,0.0037173,1,Shared Control,0.01,Good Visuals,0.3506623801756553,-0.13789764092901818,0.0,5.756178385414369,1.0061095614706483,-0.8022510281528312,0.4262205686303169,0.05460088788547741,-1.288570894933675,-0.0101980592086654,31.55711074056031,0.9849902952990276,-1.568511080856704,0.015114892827666496
6779,27.4193025,0.8721061206365265,0.3978551896462874,-0.07440759971686761,0.08178832338515729,-1.8648778704590694,0.9476207714043208,0.3114418770059003,0,0.0035284,1,Shared Control,0.01,Good Visuals,0.3462504264413924,-0.13877021386804098,0.0,5.758175822676827,1.0061531060934605,-0.8069351700108925,0.4215364267722555,0.047365054633908096,-1.3120845540788109,-0.010292313727957697,31.568511080856705,0.9848851071723335,-1.5788694085483101,0.015210535119795629
6780,27.4242804,0.8747764743920778,0.3798113868203841,-0.07284429701224293,0.06836950981448381,-1.8444996307951926,0.9491548540369885,0.30491484326568546,0,0.0049779,1,Shared Control,0.01,Good Visuals,0.35202619558462356,-0.14070737152106716,0.0,5.761864774997937,1.0062333777995889,-0.8156451666752125,0.4128264301079355,0.05888214215969371,-1.1959075629559335,-0.010371871591760583,31.58952683527795,0.984690463636799,-1.601675130699202,0.015422866020589331
6781,27.4296199,0.8758760318208343,0.37551275850170857,-0.07327882221615423,0.0705979152360231,-1.8218006730852316,0.9507642426166854,0.2979074423146869,0,0.0053395000000000005,1,Shared Control,0.01,Good Visuals,0.3510760203414849,-0.14174053431322275,0.0,5.764004775633665,1.006279783216841,-0.8197771594885928,0.4086944372945552,0.05955904318731811,-1.2025940258390297,-0.01024972956289263,31.601675130699203,0.9845771339794107,-1.6138958542971686,0.015536110487802535
6782,27.433185800000004,0.8774468281476291,0.37308178759713584,-0.07331741446905626,0.07517434528244893,-1.7970400630897876,0.9518181984461594,0.2932219927414866,0,0.0035659000000000003,1,Shared Control,0.01,Good Visuals,0.3514921595768685,-0.1428351260375585,0.0,5.766150390766125,1.0063264551392812,-0.823972396292031,0.4044992004911169,0.060174772100668426,-1.17090535695618,-0.010386579414761359,31.61389585429717,0.9844638895121974,-1.626815762403028,0.015656088150160816
6783,27.4368104,0.8785463855763856,0.37396881615930566,-0.0732718128697738,0.08074682341781908,-1.7629010474902376,0.9528723705171411,0.28845321614518765,0,0.0036246000000000004,1,Shared Control,0.01,Good Visuals,0.34727207955987033,-0.14378894630008385,0.0,5.7684211075716805,1.0063757965801419,-0.8280906573393386,0.4003809394438092,0.05528223191976094,-1.211645252083806,-0.010472302136435565,31.626815762403027,0.9843439118498392,-1.6381951246677007,0.015760635921593314
6784,27.4410504,0.8801171819031806,0.3731089641837727,-0.07275518861396058,0.08465574803858505,-1.7414381298739738,0.9540835692676115,0.2828650343517687,0,0.00424,1,Shared Control,0.01,Good Visuals,0.3415432834085725,-0.1447452664007103,0.0,5.770410524631594,1.006419240958939,-0.8331323070662083,0.39533928971693955,0.04711665956225887,-1.259058943353314,-0.010535676766041698,31.6381951246677,0.9842393640784067,-1.6495280251131126,0.015865457699054702
6785,27.444144700000003,0.8815308985972959,0.37344922882119264,-0.07255267067031557,0.09058419446942395,-1.7140734038374161,0.9549525187203539,0.27877903071890153,0,0.0030943000000000003,1,Shared Control,0.01,Good Visuals,0.3347690937868898,-0.14545353895110305,0.0,5.772398348926189,1.0064625122125819,-0.8378736535688012,0.39059794321434665,0.039309976099956616,-1.3236959442175589,-0.010530969157961648,31.649528025113113,0.9841345423009453,-1.6580748041802367,0.01594309110612274
6786,27.4477867,0.8826304560260524,0.374246793302748,-0.07232206269430153,0.09546776258384648,-1.6851945770726093,0.9559590599782992,0.27396005330391693,0,0.0036420000000000003,1,Shared Control,0.01,Good Visuals,0.3277381671857464,-0.1459745047940311,0.0,5.773884184892622,1.0064951297887412,-0.842621114344839,0.3858504824383089,0.030434298266600275,-1.3898125753206392,-0.010553042709351297,31.658074804180238,0.9840569088938773,-1.6643712132057142,0.016000193916799434
6787,27.4513763,0.8838870930874883,0.3673193013912702,-0.07207196689081097,0.0933592480873533,-1.6843672355920576,0.9569339251657488,0.2691988190635703,0,0.0035896,1,Shared Control,0.01,Good Visuals,0.3215681853098355,-0.146371470762399,0.0,5.774977948500167,1.0065191572433603,-0.8477640278114055,0.38070756897174235,0.02221211320243978,-1.4362470583574924,-0.010557177287483536,31.664371213205715,0.9839998060832006,-1.6691594244316346,0.016043705162007756
6788,27.454814400000004,0.8849866505162447,0.35598223272981294,-0.07194727464950412,0.08678341366624265,-1.6905980789485944,0.9578516011367104,0.26462650684971545,0,0.0034381000000000004,1,Shared Control,0.01,Good Visuals,0.3223044471107453,-0.14680836713787337,0.0,5.77581052202539,1.0065374296110636,-0.8525727667099577,0.37589883007319014,0.025539966887843737,-1.3987430985637248,-0.010549279794546926,31.669159424431633,0.9839562948379923,-1.6743219266109024,0.01609159315956596
6789,27.458749600000004,0.8864003672103601,0.34582155500210265,-0.07145123392635033,0.0811950481523872,-1.6917572099537326,0.9588826365500484,0.2593771311495381,0,0.003935200000000001,1,Shared Control,0.01,Good Visuals,0.32826660173783273,-0.14753291631765084,0.0,5.776717302748883,1.0065571394959145,-0.8577803435960052,0.3706912531871427,0.03628363667763092,-1.296901152076364,-0.010562461911313811,31.6743219266109,0.983908406840434,-1.6827459394371624,0.01617101064000239
6790,27.4622849,0.8874999246391164,0.3381193502038183,-0.07138271191093193,0.0787422190542802,-1.6916226461052524,0.959791252905931,0.2546452791249053,0,0.0035353000000000003,1,Shared Control,0.01,Good Visuals,0.33113008719824066,-0.1482969808041214,0.0,5.778208888244502,1.006589313151741,-0.8622125817159257,0.36625901506722214,0.043193721310171865,-1.2387127581455393,-0.010541408915649138,31.68274593943716,0.9838289893599976,-1.6917898706487793,0.016254759373835866
6791,27.465816000000004,0.888599482067873,0.3306049620830145,-0.07119177083805805,0.07595968295810918,-1.6972314188689797,0.9606820625607215,0.24990268329856616,0,0.0035311,1,Shared Control,0.01,Good Visuals,0.3333137222264798,-0.1491138040776111,0.0,5.779796058773012,1.0066238377942356,-0.8662775579141405,0.36219403886900736,0.04834229093001827,-1.1886938030279832,-0.0105858406580016,31.69178987064878,0.9837452406261641,-1.7014598276663593,0.016344290972453247
6792,27.469303700000005,0.8900131987619883,0.3291240538206145,-0.07066886379873327,0.07922137052204833,-1.6801773713684232,0.9615454544354257,0.2452010811608059,0,0.0034877000000000003,1,Shared Control,0.01,Good Visuals,0.3351290891934885,-0.15005327085230055,0.0,5.781492942082517,1.0066607503255367,-0.8703775906926466,0.3580940060905012,0.05338904571399849,-1.1486937994862216,-0.010615675768684376,31.70145982766636,0.9836557090275467,-1.71254786864447,0.01644726546511983
6793,27.4742568,0.8922123136195013,0.3255002231567607,-0.06933314081592445,0.08029914199595478,-1.6601887891172042,0.9627433608397024,0.23849210210004662,0,0.0049531,1,Shared Control,0.01,Good Visuals,0.3240441380837257,-0.1515411914693763,0.0,5.785125744612187,1.006739931328363,-0.8789917639366405,0.34947983284650735,0.04029630016415337,-1.2485084283482428,-0.010672779489446985,31.722206694912547,0.9834644510097548,-1.7304049635654288,0.01661035571460968
6794,27.479632100000003,0.8929977117828987,0.3213910060289499,-0.0697456490568037,0.08289890392890326,-1.6475595262471836,0.9640056576346508,0.2311651689524992,0,0.0053753,1,Shared Control,0.01,Good Visuals,0.32035710109284565,-0.15217466006467012,0.0,5.786554030521068,1.0067712099377024,-0.8834112346633414,0.3450603621198065,0.03833961019537807,-1.2837222896856724,-0.010506826767559237,31.73040496356543,0.9833896442853903,-1.737976657914983,0.016679789896826672
6795,27.4832799,0.894411428477014,0.3180430318244846,-0.0695942291576368,0.08687786287198543,-1.633500731273679,0.9648397868035445,0.2261634337491728,0,0.0036478,1,Shared Control,0.01,Good Visuals,0.32021656943051113,-0.15284588254113682,0.0,5.787876371926356,1.006800100295788,-0.8878862395089259,0.34058535727422207,0.03900326412986657,-1.254803254236733,-0.010613520436208883,31.737976657914984,0.9833202101031733,-1.745944280402375,0.01675336226345285
6796,27.4867908,0.895353906273091,0.3182079685333178,-0.06948588053045357,0.09204453478414498,-1.608375940929489,0.9656253381238966,0.22132538111637823,0,0.0035109000000000004,1,Shared Control,0.01,Good Visuals,0.3154286814208268,-0.15341876619342718,0.0,5.789272600259748,1.0068305053332964,-0.892373740538104,0.3360978562450439,0.03463082840467408,-1.3053409241893517,-0.010637191375369113,31.745944280402377,0.9832466377365472,-1.7528288011582156,0.016816155759764716
6797,27.4910779,0.8964534637018475,0.3146692178009086,-0.06917187442204908,0.09334383668453039,-1.60180921931795,0.96656146002443,0.21538395010704506,0,0.0042871,1,Shared Control,0.01,Good Visuals,0.3096803640492891,-0.15394326073093156,0.0,5.790471730196735,1.006856768057605,-0.8977841789295355,0.33068741785361233,0.027292591903279994,-1.3514270991461368,-0.01066043805884607,31.752828801158216,0.9831838442402353,-1.7591096711090572,0.01687364534892423
6798,27.494166,0.8975530211306039,0.30458613269105606,-0.06900843889382613,0.089202182584011,-1.6144580206852528,0.9672199470723755,0.21108002833576753,0,0.0030881000000000003,1,Shared Control,0.01,Good Visuals,0.30662747643162525,-0.15437431539509788,0.0,5.791567600701948,1.006880729239556,-0.902639387221755,0.3258322095613929,0.025224396505513502,-1.357378817473064,-0.010648543899400759,31.75910967110906,0.9831263546510758,-1.7643071375918806,0.016920893039369445
6799,27.4978439,0.8984954989266808,0.2967500441257743,-0.06872444814569467,0.0856700157900068,-1.6115832805486132,0.967986810472,0.20592640681684105,0,0.0036779000000000004,1,Shared Control,0.01,Good Visuals,0.3099116806230632,-0.15491937339798778,0.0,5.7924713850495095,1.006900553265853,-0.907082210002092,0.32138938678105594,0.03327213300318833,-1.2936241498768284,-0.010653130510718855,31.76430713759188,0.9830791069606306,-1.7707320625412637,0.016980636579890077
6800,27.5012861,0.8995950563554372,0.2921036170049979,-0.06839175411656273,0.08617721018815683,-1.6029340228610658,0.9686873080085264,0.20107462884096175,0,0.0034422000000000003,1,Shared Control,0.01,Good Visuals,0.3118987543403775,-0.15556515778009433,0.0,5.7936011408676915,1.0069250722851402,-0.9115010041379704,0.3169705926451775,0.03828066979869491,-1.2450814696755148,-0.010646748443853523,31.770732062541263,0.9830193634201099,-1.7783644328728883,0.01705142068946267
6801,27.504837200000004,0.9006946137841936,0.2932018690247513,-0.06799269422433285,0.09212724018378957,-1.5766565935831625,0.9693924129033005,0.19603933207383206,0,0.0035511,1,Shared Control,0.01,Good Visuals,0.3095497072677681,-0.15617293265777588,0.0,5.79494144875306,1.0069541961936772,-0.915835221996044,0.31263637478710393,0.037284266267305674,-1.2576803023833703,-0.010639374020000498,31.778364432872888,0.9829485793105374,-1.7856360163688014,0.017118038595886703
6802,27.5087198,0.9014800119475911,0.2918131201901664,-0.06791240095570938,0.09577378811633436,-1.561039712245926,0.9701428096818279,0.19049765766307294,0,0.0038826000000000004,1,Shared Control,0.01,Good Visuals,0.3013295152273795,-0.1566779899553124,0.0,5.796210698600816,1.0069819336530617,-0.9211829746017502,0.3072886221813977,0.027041049476693276,-1.345109692810388,-0.01061861845631748,31.7856360163688,0.9828819614041133,-1.7917292906920688,0.01717339767870107
6803,27.512299400000003,0.902422489743668,0.2783559633553655,-0.06772031993815986,0.08785830569229255,-1.5791105577513105,0.9708155182970636,0.18535350920035953,0,0.0035796,1,Shared Control,0.01,Good Visuals,0.29726181917776295,-0.15705878128584774,0.0,5.797269916626532,1.0070051706788576,-0.9260645746053451,0.3024070221778029,0.022582186122397062,-1.357508343602553,-0.010640378474779784,31.791729290692068,0.9828266023212989,-1.7963568350019468,0.017215136029785038
6804,27.515903100000003,0.9033649675397449,0.26496664837599126,-0.06745055075731865,0.07961313917563173,-1.5809223280704376,0.9714740927905633,0.18013957577093442,0,0.0036037,1,Shared Control,0.01,Good Visuals,0.30417193756524075,-0.15763653994391408,0.0,5.798071482546225,1.0070228142912168,-0.9303227563391212,0.2981488404440268,0.036072534354810525,-1.2449731701242939,-0.010636070917775083,31.796356835001948,0.9827848639702149,-1.803126574986645,0.01727846387309038
6805,27.519340400000004,0.9044645249685014,0.2635534016091053,-0.06700956782206191,0.08341382583817086,-1.5437286127552148,0.9720846906256082,0.17513239171463463,0,0.0034373000000000003,1,Shared Control,0.01,Good Visuals,0.3109893389372766,-0.1584476838662451,0.0,5.799265369786592,1.0070486489146537,-0.9344020630406966,0.29406953374245137,0.04859177881434932,-1.1413840799035884,-0.010632671438695066,31.803126574986646,0.9827215361269096,-1.8126546634142404,0.01736737296081116
6806,27.524205300000006,0.9061924009279758,0.27154655745956885,-0.06589228969763239,0.09641416574493422,-1.4679560509512868,0.9729193392174112,0.16798674410403883,0,0.0048649,1,Shared Control,0.01,Good Visuals,0.2915252913931149,-0.15946890563691926,0.0,5.802354587067672,1.0071159689401263,-0.9433758434132501,0.28509575336989784,0.02207944671792765,-1.3603169614655406,-0.010609766244324265,31.820775245724665,0.9825589141636579,-1.825159940369044,0.017479308578513025
6807,27.529653000000003,0.9069777990913732,0.26319538612309934,-0.06594154012603803,0.09520864201906051,-1.4692686186379984,0.9738124949318765,0.15989988017675005,0,0.005447700000000001,1,Shared Control,0.01,Good Visuals,0.2852777972902002,-0.15968194272757041,0.0,5.803101625103524,1.0071326696204335,-0.9481861658900994,0.2802854308930486,0.013641369318857906,-1.4016091133010722,-0.010507771327992287,31.825159940369044,0.982520691421487,-1.8278027598508526,0.017502659469592934
6808,27.533242800000004,0.9077631972547706,0.24990766828707012,-0.06604929767710588,0.09000778811032006,-1.477200111821452,0.9743768593296069,0.1545198740433793,0,0.0035898,1,Shared Control,0.01,Good Visuals,0.28680665071021993,-0.1599857133329285,0.0,5.803554822469299,1.0071427388923813,-0.9530316877764511,0.27543990900669685,0.018696477664667237,-1.35839249988835,-0.010529673233773792,31.827802759850854,0.982497340530407,-1.83137628780837,0.017535955616744182
6809,27.5368092,0.9083915157854886,0.2344914580375469,-0.06598534354411834,0.0799715839941676,-1.4937019724352725,0.9749183463009874,0.14913338716024008,0,0.0035664000000000004,1,Shared Control,0.01,Good Visuals,0.2927103442959733,-0.1604652692013098,0.0,5.804183771186589,1.0071563726090804,-0.9573615760839046,0.27111002069924334,0.03062027223135026,-1.262505338072513,-0.01056694400401072,31.83137628780837,0.9824640443832559,-1.8369907200548101,0.017588519500409117
6810,27.5411613,0.9099623121122835,0.2133026508088869,-0.06495603418870388,0.06416926364864683,-1.519372996521685,0.9755529838921206,0.14250249238287002,0,0.0043521,1,Shared Control,0.01,Good Visuals,0.3091985588003215,-0.16217734711862586,0.0,5.8069845234092,1.0072168548151295,-0.9648247990515786,0.2636467977315694,0.061798460110065324,-1.0109101082066292,-0.010581632759522924,31.847226635066082,0.982315178365236,-1.857221197612409,0.01777617952170105
6811,27.547097900000004,0.9115331084390784,0.2316597484898799,-0.06401987545304222,0.08915725610700989,-1.4370292205530666,0.976371863309703,0.1333517156501305,0,0.0059366,1,Shared Control,0.01,Good Visuals,0.2993870104777112,-0.16380738859120184,0.0,5.810685505517013,1.0072976295395704,-0.9710613479494427,0.25741024883370534,0.05147937874788543,-1.1249699379055293,-0.01054529222165614,31.868409788594455,0.9821207022175658,-1.8768335766099098,0.017954847568497585
6812,27.5542953,0.9129468251331938,0.2413946103881508,-0.06342503817650924,0.10804289473802031,-1.3832801779552037,0.9772912262129723,0.12208741615857403,0,0.0071974000000000005,1,Shared Control,0.01,Good Visuals,0.26343206319923845,-0.1641536419259175,0.0,5.8128776843684085,1.0073462734169154,-0.9806003794623298,0.24787121732081824,0.00023519415666214182,-1.5564757439804102,-0.010514354984006066,31.881179868440668,0.9820076049855455,-1.8814636657603943,0.017992800226789566
6813,27.559400100000005,0.9135751436639118,0.228174387449554,-0.06371608254906047,0.10608697129097998,-1.3960472868431382,0.9778938089133328,0.11398077941089549,0,0.0051048000000000005,1,Shared Control,0.01,Good Visuals,0.25984710195129246,-0.1640806994546745,0.0,5.812906609078749,1.00734733098289,-0.9867521967732356,0.24171940000991246,-0.004196684255325194,-1.547121019768573,-0.010411451005964346,31.881463665760393,0.9820071997732104,-1.8806490886311475,0.017984805038271507
6814,27.563990600000004,0.9142034621946298,0.20675140783879437,-0.063690346718703,0.09277062842789888,-1.4260919221692863,0.9784001398255037,0.10660493034540124,0,0.0045905,1,Shared Control,0.01,Good Visuals,0.26350016330367465,-0.16416779421438463,0.0,5.812759444485648,1.0073442195449882,-0.9917944478542533,0.23667714892889466,0.005791455535147607,-1.4728781565162705,-0.01045457939116162,31.88064908863115,0.9820151949617285,-1.8815847279428644,0.01799435145219129
6815,27.567283000000003,0.9149888603580272,0.19227777361180154,-0.06341127946747649,0.0856728432664003,-1.4293124173571359,0.9787423447304276,0.10126350205241055,0,0.0032924,1,Shared Control,0.01,Good Visuals,0.2767753592153901,-0.16464331422822928,0.0,5.812931888474289,1.0073477974375604,-0.99640056297767,0.23207103380547797,0.030041865014276074,-1.281149034410668,-0.010455903733558841,31.881584727942865,0.9820056485478087,-1.8870133220826777,0.018046472967818757
6816,27.570799700000002,0.9156171788887452,0.18864940169927508,-0.06312516584168248,0.08738589964686452,-1.4111200826096808,0.9790883559595501,0.09550988465418436,0,0.0035167,1,Shared Control,0.01,Good Visuals,0.2823628226161653,-0.16527664959404084,0.0,5.8139017383935325,1.0073685198609679,-1.0004991180163878,0.2279724787667601,0.042133488259265967,-1.196693345416759,-0.010440243210977794,31.887013322082677,0.9819535270321812,-1.8944880298802744,0.018115892546817502
6817,27.5747737,0.9167167363175015,0.19068456082013485,-0.062371619642048626,0.09517467616595049,-1.39200943129682,0.9794548933845102,0.08894696290412744,0,0.003974,1,Shared Control,0.01,Good Visuals,0.27905412167092286,-0.16612990929280252,0.0,5.815215091805706,1.0073970258372897,-1.0065652214303433,0.22190637535280455,0.03937023715291563,-1.2225856891701543,-0.010433115915381472,31.894488029880275,0.9818841074531826,-1.904563164678002,0.018209417924148565
6818,27.579089000000003,0.9171879752155401,0.19115208905858527,-0.06226691816897012,0.10220512615445783,-1.3882200292745515,0.9798232163932818,0.08174556143252203,0,0.0043153,1,Shared Control,0.01,Good Visuals,0.26693242826794816,-0.16652249107892922,0.0,5.816984916408057,1.0074354467422062,-1.011446920760171,0.21702467602297684,0.02523116202143909,-1.3523087425767226,-0.010361791513578718,31.904563164678002,0.9817905820758515,-1.9095878976625211,0.018252448621290464
6819,27.5829716,0.9176592141135785,0.1815583363663011,-0.06216400227970331,0.09981277493377906,-1.418181033108282,0.9801279127421149,0.07519843151418645,0,0.0038826000000000004,1,Shared Control,0.01,Good Visuals,0.25929154973373736,-0.16677569226655875,0.0,5.817833634317958,1.0074545668033492,-1.0163532298541735,0.21211836692897443,0.017109451708231135,-1.424637502251055,-0.010368842325304743,31.909587897662522,0.9817475513787095,-1.9127323321791039,0.018280201879352566
6820,27.586254600000004,0.9182875326442965,0.16779747255859137,-0.06184038009781834,0.09259904104440492,-1.45001201129763,0.9803656310094184,0.06961143419036162,0,0.0032830000000000003,1,Shared Control,0.01,Good Visuals,0.2611352901762203,-0.16715429102329307,0.0,5.818372498808063,1.0074665409368957,-1.0212493834937815,0.20722221328936655,0.02481156665703841,-1.3772196674096027,-0.010367444514257456,31.912732332179104,0.9817197981206475,-1.9171913028878762,0.018321699903496958
6821,27.590839200000005,0.9193870900730529,0.16110442048296042,-0.060978540936365566,0.0914929862925988,-1.4446536621462696,0.9806667405600479,0.061729987646155324,0,0.0045846,1,Shared Control,0.01,Good Visuals,0.264572241942242,-0.16829901147053108,0.0,5.820339151041189,1.0075091646442011,-1.0302726375156392,0.19819895926750883,0.03866380334741357,-1.293092072831406,-0.010306692731163643,31.923909683401643,0.9816156942924738,-1.9307900938249665,0.0184471721506005
6822,27.5966387,0.9198583289710913,0.156818715527611,-0.06080841158895656,0.09508872788145568,-1.4569040633472157,0.9809955154534372,0.05162509381556446,0,0.0057995,1,Shared Control,0.01,Good Visuals,0.26280649121929095,-0.1688348196007139,0.0,5.821538317486753,1.0075353873726673,-1.034632398155305,0.19383919862784316,0.03699259988900055,-1.2694757708021076,-0.010262628160505638,31.930790093824967,0.9815528278493995,-1.937251546953433,0.018505901817107803
6823,27.6002771,0.9203295678691298,0.14922050890857802,-0.060665947584307434,0.09759541509301356,-1.4748664266122413,0.981171691599225,0.04520741313286636,0,0.0036384000000000004,1,Shared Control,0.01,Good Visuals,0.2582592008081566,-0.16936196900800354,0.0,5.822661554057918,1.007560008938506,-1.0393551410880602,0.18911645569508787,0.03498489904719642,-1.3173620453989636,-0.01026657720082744,31.937251546953433,0.9814940981828922,-1.9435913747786335,0.01856368240524312
6824,27.603848,0.9208008067671684,0.1421273295712997,-0.06037088483205666,0.09691991643843334,-1.4863076776166348,0.9813217882637816,0.03884927623593731,0,0.0035709,1,Shared Control,0.01,Good Visuals,0.2549686336339205,-0.16987738297527696,0.0,5.823765107388286,1.0075841679703577,-1.0439774865599252,0.1844941102232228,0.036042448245958966,-1.3547716732216863,-0.010274504334614644,31.943591374778634,0.9814363175947569,-1.9497936257651807,0.018620176677550723
6825,27.6080544,0.9214291252978863,0.13684838784689254,-0.05989266296589524,0.09799911161095523,-1.491285712122015,0.9814693197690484,0.031283050216702496,0,0.0042064,1,Shared Control,0.01,Good Visuals,0.2539937464410216,-0.17068601013790016,0.0,5.82484439888366,1.0076078015468497,-1.0507005946009715,0.17777100218217645,0.038865621872031096,-1.3479915871772132,-0.010255647923171627,31.94979362576518,0.9813798233224493,-1.9593051861822994,0.01870880990447359
6826,27.612166200000004,0.9215862049305658,0.12700841366758756,-0.05988311483848263,0.09572536345088506,-1.5145927876174348,0.9815826049339423,0.02380599294003359,0,0.0041118000000000005,1,Shared Control,0.01,Good Visuals,0.2502174735047823,-0.17124627131156292,0.0,5.826518300812646,1.0076440666363258,-1.055563874384706,0.17290772239844202,0.03771198820067379,-1.3545608399672546,-0.010222839678182633,31.9593051861823,0.9812911900955265,-1.9662137820473844,0.018770219857090358
6827,27.6158273,0.9220574438286042,0.11236187911897996,-0.05952516110533812,0.08855588617894637,-1.5498593263500213,0.9816574691371432,0.017080360200977196,0,0.0036611,1,Shared Control,0.01,Good Visuals,0.2525215877878547,-0.17189410711717398,0.0,5.827706212607479,1.0076703718774522,-1.0600108387591263,0.16846075802402183,0.04571605938805359,-1.2988767632737084,-0.010254760130612276,31.966213782047383,0.9812297801429096,-1.9739491278531303,0.018841228822187712
6828,27.6192202,0.9225286827266428,0.10644635783179845,-0.059128786410500456,0.08936599763082126,-1.5474968004200906,0.9817047648583972,0.010789549942438137,0,0.0033929000000000003,1,Shared Control,0.01,Good Visuals,0.25773782861715006,-0.1727671082422253,0.0,5.829057416755208,1.007699849868201,-1.0643539361843446,0.16411766059880345,0.059514373939150954,-1.2197998666531076,-0.010232024419208029,31.973949127853132,0.9811587711778123,-1.984290313651006,0.018936918047577547
6829,27.624174500000002,0.9231570012573607,0.11298238014457258,-0.05854776360103653,0.10219283020213445,-1.5082883224746015,0.9817352644454321,0.0015027505161427923,0,0.0049543,1,Shared Control,0.01,Good Visuals,0.24113718050259358,-0.17420981535890387,0.0,5.832686990502171,1.0077790319323554,-1.0736566700282852,0.15481492675486286,0.041514400457041634,-1.4107989807109633,-0.010193171733810718,31.994729005896687,0.9809680343951593,-2.0018735875559446,0.019095052467451582
6830,27.629651000000003,0.9236282401553991,0.10751873396941686,-0.058107024290033005,0.10601598345327407,-1.5171728364027035,0.9817150663096463,-0.008903842271390627,0,0.0054765000000000005,1,Shared Control,0.01,Good Visuals,0.2385718982851011,-0.1747323984384762,0.0,5.833911454785075,1.0078062251072042,-1.0784057534154872,0.1500658433676609,0.03768423497419792,-1.384330259197212,-0.010199595086613326,32.00187358755594,0.9809049475325484,-2.00821527048053,0.019152332542644118
6831,27.6332631,0.9237853197880787,0.10084068810846755,-0.05792974652156768,0.10974453037985818,-1.517449673690347,0.9816703803327735,-0.01584942107496043,0,0.0036121,1,Shared Control,0.01,Good Visuals,0.2322089606144763,-0.17522495784440226,0.0,5.835010367014269,1.0078303764574146,-1.0836526920395333,0.1448189047436148,0.03429726527834983,-1.4646434301155933,-0.010153179720320262,32.00821527048053,0.9808476674573559,-2.014175105311878,0.01920632173768527
6832,27.636817,0.9242565586861171,0.09536900125138689,-0.05741382164665643,0.11121842232634732,-1.5100403725733604,0.9816018152313046,-0.022747015513800095,0,0.0035539,1,Shared Control,0.01,Good Visuals,0.22747422133146006,-0.17566964934007073,0.0,5.836044588530707,1.0078530746621206,-1.088823218241378,0.13964837854177026,0.03262188180804765,-1.5147730127862402,-0.010150737392178606,32.01417510531188,0.9807936782623148,-2.0195719871011497,0.019255064154546944
6833,27.641055100000003,0.9242565586861171,0.08896061664131083,-0.05734525654518752,0.11170763215511093,-1.4984846241829768,0.9814878361850361,-0.031055956140247948,0,0.0042381,1,Shared Control,0.01,Good Visuals,0.22302919845287072,-0.17621976818516416,0.0,5.836979728535551,1.0078736264348507,-1.0959556326009483,0.13251596418219994,0.03028999000935022,-1.5539706217199685,-0.010085865915941497,32.01957198710115,0.9807449358454531,-2.0261290226288415,0.019315362411500787
6834,27.644817500000002,0.9247277975841556,0.08090105332329259,-0.056760038600880525,0.11195700946354054,-1.4750919164772587,0.9813569936917598,-0.038508740252663404,0,0.0037624000000000004,1,Shared Control,0.01,Good Visuals,0.22219886751969098,-0.17664974811405926,0.0,5.838126022206686,1.007898608132258,-1.101115976496339,0.1273556202868093,0.031752897678553466,-1.5059662334064767,-0.010105367814911712,32.026129022628844,0.9806846375884992,-2.031401849053131,0.019362492300739737
6835,27.6482794,0.9247277975841556,0.07429864695261526,-0.056629196107604196,0.11280738720527866,-1.4370196951516214,0.9812117173943998,-0.04543013282552866,0,0.0034619000000000004,1,Shared Control,0.01,Good Visuals,0.2185802919775633,-0.17707769113374144,0.0,5.839035021350235,1.0079186802762667,-1.106635277283317,0.12183631949983117,0.030584653974657178,-1.5429540093869705,-0.010026646521789825,32.03140184905313,0.9806375076992603,-2.036569171362256,0.019409398925358312
6836,27.6518583,0.925199036482194,0.0701099190927345,-0.05601268091220579,0.11554005191826315,-1.3933127025954122,0.981036227435903,-0.05265004992457212,0,0.0035789000000000003,1,Shared Control,0.01,Good Visuals,0.21700779554845076,-0.1774770641031023,0.0,5.839932596573171,1.0079383587811792,-1.1118630912669156,0.11660850551623247,0.029969270514617483,-1.5307041793103662,-0.01002776729749441,32.03656917136226,0.9805906010746417,-2.04141007531697,0.019453174000765606
6837,27.6553586,0.925199036482194,0.06807846199355445,-0.05583719095370898,0.12072851191812657,-1.3435848888901802,0.9808394848786973,-0.05977515756807758,0,0.0035003,1,Shared Control,0.01,Good Visuals,0.21069791161393092,-0.17780565770721643,0.0,5.840771881044873,1.007956791662226,-1.1177166492244597,0.11075494755868837,0.023227075867088495,-1.5960186382223007,-0.009940966160842162,32.04141007531697,0.9805468259992344,-2.0454297197413034,0.01948919098464279
6838,27.659084900000003,0.9253561161148736,0.060886122204700424,-0.05548336876382376,0.120661279772778,-1.3162313296844546,0.9806025052482944,-0.06742979893749049,0,0.0037263,1,Shared Control,0.01,Good Visuals,0.20448006241371686,-0.17803461679017352,0.0,5.841465655593208,1.0079720930354878,-1.1241363934895727,0.1043352032935753,0.015235028998911725,-1.6406195413015738,-0.009928168462047662,32.04542971974131,0.9805108090153573,-2.048269874197369,0.019514287077494724
6839,27.662944700000004,0.9256702753802325,0.05308208687153597,-0.0549322298680619,0.12051188580902646,-1.2882216312398325,0.9803268163863305,-0.0754344349023369,0,0.0038598,1,Shared Control,0.01,Good Visuals,0.20250670016334354,-0.17823254939537347,0.0,5.841952536302513,1.0079829000497935,-1.1297135536910006,0.0987580430921475,0.015118365418482913,-1.6258046296139825,-0.009877960296095247,32.048269874197366,0.9804857129225053,-2.0506853463199555,0.019535982373328233
6840,27.666262100000004,0.9256702753802325,0.05060099523703958,-0.05465654100609796,0.12603543013937646,-1.2439305821279885,0.9800650721114293,-0.08237593454127834,0,0.0033174000000000003,1,Shared Control,0.01,Good Visuals,0.19945937931665939,-0.17842412945870675,0.0,5.842369923081142,1.0079920951928747,-1.135586482106584,0.09288511467656412,0.014196685704209793,-1.6446173104406,-0.009790711373357353,32.05068534631995,0.9804640176266718,-2.0530043650298713,0.01955698137016162
6841,27.6698879,0.925827355012912,0.04520275537394068,-0.054237717098517324,0.12757868991521903,-1.2202796004518162,0.9797525414868011,-0.0900280889506671,0,0.0036258,1,Shared Control,0.01,Good Visuals,0.19230189043594972,-0.17849852954467835,0.0,5.842772241554498,1.008000925084105,-1.1414209867628504,0.08705061002029776,0.005799586018584442,-1.7078431801265537,-0.009752045748237136,32.05300436502987,0.9804430186298384,-2.0539907821142718,0.01956513632711559
6842,27.6742525,0.925827355012912,0.03698081062701688,-0.05392518647388911,0.127008899577684,-1.2015257075937047,0.9793393412237464,-0.09933004900712072,0,0.004364600000000001,1,Shared Control,0.01,Good Visuals,0.18830759747999065,-0.17855548485762784,0.0,5.842936057416616,1.0080046715666824,-1.150050729519042,0.07842086726410612,0.003062063894541904,-1.7282644255685922,-0.0096813527479456,32.05399078211427,0.9804348636728845,-2.0546945002755383,0.019571379171049667
6843,27.678133800000005,0.925827355012912,0.02671013299440163,-0.05351198621083442,0.12604018200152237,-1.1845094810158179,0.9789376225298971,-0.10768512897206284,0,0.0038813000000000003,1,Shared Control,0.01,Good Visuals,0.18706203002060687,-0.17861718747238772,0.0,5.843056924653395,1.0080073494422372,-1.1560454299745158,0.07242616680863254,0.004654178753083976,-1.6749652013058323,-0.009628637816883265,32.05469450027554,0.9804286208289503,-2.0554366885847517,0.019578142364408156
6844,27.681990500000005,0.925827355012912,0.015263423507123682,-0.05311026751698511,0.12294855247918651,-1.173163000057521,0.9785061792892955,-0.11606473533219272,0,0.0038567000000000002,1,Shared Control,0.01,Good Visuals,0.18563070715258057,-0.17870715938473508,0.0,5.843186084418132,1.0080101758549311,-1.1617800142184382,0.06669158256471011,0.007127734492102917,-1.6704294331262521,-0.009558160473040438,32.05543668858475,0.9804218576355919,-2.0565021249901934,0.019588004141618185
6845,27.6852563,0.925827355012912,0.006419809885200835,-0.052678824276383485,0.12248454521739355,-1.158348134100047,0.9781154649965234,-0.12322079072769923,0,0.0032658,1,Shared Control,0.01,Good Visuals,0.18640920881085202,-0.1788734554927325,0.0,5.84337293715181,1.0080142350905021,-1.1676565324500798,0.06081506433306841,0.01266811956487321,-1.6349548539748215,-0.009491185042123776,32.056502124990196,0.9804119958583818,-2.0584529049222136,0.019606231776500883
6846,27.689041600000003,0.925827355012912,0.0010369519126378858,-0.05228810998361133,0.12425774264033712,-1.1404157616146886,0.9776332315686884,-0.131584273509087,0,0.0037853,1,Shared Control,0.01,Good Visuals,0.18437304770546248,-0.17905287679544232,0.0,5.843716667621565,1.0080216694278434,-1.1734438659767183,0.055027730806429795,0.013997789868963936,-1.6358566133299264,-0.009422843329611158,32.05845290492221,0.9803937682234991,-2.06060862834151,0.019625898057542304
6847,27.6929255,0.9256702753802325,-0.004212065839179983,-0.05196295618845592,0.127372207669907,-1.1296736591209324,0.9771053826819114,-0.14024253319430702,0,0.0038839,1,Shared Control,0.01,Good Visuals,0.18032100933178094,-0.1792126757186318,0.0,5.844092025912617,1.0080298789592117,-1.1798371992766423,0.0486343975065059,0.011525114332635679,-1.6575922478412988,-0.009362336514762096,32.06060862834151,0.9803741019424577,-2.062553555081208,0.019643413539182985
6848,27.6962653,0.9256702753802325,-0.010736712290906768,-0.051435107301678884,0.12950582090340024,-1.1248145728602548,0.9766244799679609,-0.14774996489258155,0,0.0033398000000000004,1,Shared Control,0.01,Good Visuals,0.17529784980324437,-0.17932066091230203,0.0,5.84442853552656,1.0080372828869382,-1.1859003647285427,0.04257123205460568,0.008421741244541972,-1.6880576457208705,-0.009312420416783223,32.06255355508121,0.980356586460817,-2.0638976758606558,0.019655249743329075
6849,27.699886900000003,0.9253561161148736,-0.019467455986811665,-0.051268363853087306,0.1282825089057699,-1.1299686924432213,0.976074550336854,-0.15595552628119627,0,0.0036216000000000004,1,Shared Control,0.01,Good Visuals,0.17007328242002756,-0.17939387237519658,0.0,5.844658565688212,1.008042396373819,-1.1918348845633948,0.03663671221975343,0.006052017154118434,-1.7326559326303603,-0.00922337743543223,32.06389767586066,0.9803447502566709,-2.0648097041735727,0.01966327441589021
6850,27.703243900000004,0.925199036482194,-0.03316566561500415,-0.05087551385465994,0.12278986066619213,-1.1576702625978803,0.9755381564763026,-0.16362143898232584,0,0.003357,1,Shared Control,0.01,Good Visuals,0.17033942808982155,-0.17952845845740872,0.0,5.844814586286858,1.0080458659313662,-1.1978600768739935,0.030611519909154658,0.01072141716494626,-1.6902856731747673,-0.009197230321945886,32.06480970417357,0.9803367255841098,-2.06639063789482,0.019678026330390175
6851,27.707743900000004,0.925199036482194,-0.04200373174156685,-0.05033911999410856,0.12161770724075899,-1.1692467311446748,0.9747785752177888,-0.17398734461023035,0,0.0045000000000000005,1,Shared Control,0.01,Good Visuals,0.17359355664281317,-0.17986720988004784,0.0,5.845092958601324,1.008051890300449,-1.2049942178309128,0.023477378952235464,0.021936887076007418,-1.6167292036438448,-0.009133602575555639,32.06639063789482,0.9803219736696098,-2.0703289107162353,0.019715156707776727
6852,27.7111729,0.9250419568495145,-0.04024278259744877,-0.049736618368274255,0.1337445620127816,-1.1554379609479435,0.9741683291874914,-0.1819548878339403,0,0.003429,1,Shared Control,0.01,Good Visuals,0.17167313916322713,-0.18017594979031523,0.0,5.845790005321779,1.0080669020698212,-1.2107324161308504,0.01773918065229779,0.02483010367716145,-1.5984729789786827,-0.009054357061157238,32.070328910716235,0.9802848432922233,-2.0740781600843246,0.019748997538003236
6853,27.714822400000003,0.9247277975841556,-0.04073070109239417,-0.049440531603335836,0.14122418674154613,-1.1651555291035416,0.9734887130533556,-0.1904996460429256,0,0.0036495000000000004,1,Shared Control,0.01,Good Visuals,0.15595675026170724,-0.18026563295843523,0.0,5.846439404040135,1.0080811747500644,-1.2169047577565042,0.011566839026644066,0.007652473470480909,-1.797054073326265,-0.008961342453862252,32.074078160084326,0.9802510024619968,-2.0753285010189577,0.01975882766610004
6854,27.7182191,0.9247277975841556,-0.04523353407628125,-0.04876091546920003,0.14526611196664435,-1.1831335958144105,0.9728280510009936,-0.19851221005694164,0,0.0033967000000000003,1,Shared Control,0.01,Good Visuals,0.1466949881876978,-0.1802564346532018,0.0,5.846642270585418,1.0080859167921674,-1.2236114293715579,0.004860167411590457,-0.0007632311110809321,-1.8837377791347945,-0.008912428723276855,32.07532850101896,0.9802411723339,-2.0752973985429715,0.019757819444372222
6855,27.721924800000004,0.9242565586861171,-0.05016593483254285,-0.04857149231487645,0.1483462752243988,-1.196248557390364,0.9720761278529373,-0.20731884161473962,0,0.0037057,1,Shared Control,0.01,Good Visuals,0.1386463297488849,-0.18019107416875366,0.0,5.846630035182636,1.008085789547165,-1.2304534166772179,-0.0019818198940695,-0.005615961719152017,-1.9605671687947608,-0.00878946877290415,32.07529739854297,0.9802421805556277,-2.0745522694036254,0.019750655313710216
6856,27.7256968,0.9242565586861171,-0.0568836146492276,-0.047819569166820175,0.15043522696551204,-1.220289498256798,0.9712771059627994,-0.21635228955706878,0,0.003772,1,Shared Control,0.01,Good Visuals,0.1344277261841098,-0.18010271763958846,0.0,5.846496845358098,1.0080829477042001,-1.238233039430979,-0.009761442647830597,-0.006735414564407125,-1.9683786032844406,-0.00875214937419695,32.074552269403625,0.9802493446862898,-2.0735029521393833,0.019740970597858957
6857,27.729271600000004,0.9240994790534376,-0.05639518931041231,-0.04717762690936178,0.15995710024665646,-1.2213998444313776,0.9704882917706605,-0.22497736603373775,0,0.0035748000000000004,1,Shared Control,0.01,Good Visuals,0.12791758726262134,-0.18000188385001653,0.0,5.846313086222862,1.0080789506148404,-1.245396857961339,-0.016925261178190612,-0.008677802362726958,-2.013552906391595,-0.008612434363298584,32.073502952139386,0.980259029402141,-2.0722940600046837,0.019729918255610608
6858,27.732929300000002,0.9236282401553991,-0.05615971176275726,-0.04686005161526141,0.1688176542709805,-1.234368701432223,0.969649155284667,-0.23386618809369286,0,0.0036577000000000003,1,Shared Control,0.01,Good Visuals,0.11455658719896286,-0.179757630337987,0.0,5.846102371680629,1.0080743469184728,-1.252824297686112,-0.0243527009029636,-0.022064461171954944,-2.155817991110495,-0.008492061719258353,32.07229406000469,0.9802700817443893,-2.0694502124284626,0.019703145747885058
6859,27.736301400000002,0.9234711605227196,-0.0653004850537635,-0.046177994761947394,0.16856570303992935,-1.279573229038354,0.9688466381798863,-0.24211747844494216,0,0.0033721000000000003,1,Shared Control,0.01,Good Visuals,0.10374617315788623,-0.1793914182490769,0.0,5.845599405228396,1.008063507505514,-1.2608764113930453,-0.03240481460989688,-0.032146950981493096,-2.2495079499743755,-0.00842345183587515,32.069450212428464,0.980296854252115,-2.06511945469835,0.019663005420329192
6860,27.7408767,0.9226857623593221,-0.07815549859392368,-0.04616087582056416,0.16396197985101849,-1.3237032914372786,0.9677131082533004,-0.25339857508540514,0,0.0045753,1,Shared Control,0.01,Good Visuals,0.09543426793538487,-0.1787192235685803,0.0,5.84407569284781,1.008030263232652,-1.2775044713554302,-0.049032874572281775,-0.029244599237590596,-2.245234644493335,-0.008179695636906183,32.060721674793214,0.9803768974841178,-2.056956779730591,0.01958932649089585
6861,27.747063700000005,0.9225286827266428,-0.08716771276792483,-0.04518442552665758,0.1662308623174803,-1.3543100356647546,0.9660977530908169,-0.26880793446798534,0,0.006187000000000001,1,Shared Control,0.01,Good Visuals,0.10446135144185081,-0.1785663392738162,0.0,5.843425512565696,1.0080159324776787,-1.2835874789166672,-0.05511588213351887,-0.016084212689798434,-2.009582940613509,-0.008249835885896879,32.05695677973059,0.9804106735091042,-2.0549922676745074,0.019572568918287465
6862,27.750297500000002,0.9223716030939633,-0.08668630560767941,-0.04372614999685365,0.18212162886030592,-1.3375944089228808,0.9652153597599192,-0.2769314715132263,0,0.0032338,1,Shared Control,0.01,Good Visuals,0.0964547476114524,-0.17836769674989783,0.0,5.843094404805503,1.0080084650447678,-1.2911628403557467,-0.06269124357259832,-0.01806099316016546,-2.115727255712738,-0.008068417458485619,32.05499226767451,0.9804274310817125,-2.0526235465108824,0.01955079580861122
6863,27.7538307,0.9219003641959248,-0.08182917810637295,-0.04331499556399443,0.1951022934068533,-1.3119774402106519,0.9642211474968126,-0.28586068044664603,0,0.0035332000000000002,1,Shared Control,0.01,Good Visuals,0.07189941996252916,-0.17792895235479045,0.0,5.842680416026146,1.0079994421372154,-1.2995395821934217,-0.07106798541027325,-0.04346567435056972,-2.454003760853939,-0.007799332662679338,32.05262354651088,0.9804492041913888,-2.0475052986486935,0.0195027052505269
6864,27.7580369,0.9214291252978863,-0.08569551620315202,-0.042792022198926305,0.200165164243494,-1.3253312141106564,0.9629962804197217,-0.29656250486877794,0,0.0042062,1,Shared Control,0.01,Good Visuals,0.05637730733648649,-0.17701945305007702,0.0,5.841776055758519,1.0079799328367844,-1.3125058503001192,-0.08403425351697084,-0.06247850476084052,-2.5969932916795386,-0.007706991781953924,32.047505298648694,0.9804972947494731,-2.03688011770467,0.019403015477554953
6865,27.762159700000005,0.9209578863998478,-0.09505346147985043,-0.04203839401987397,0.2015090433889275,-1.3517076124662077,0.9617518609304969,-0.30712651052706724,0,0.0041228,1,Shared Control,0.01,Good Visuals,0.048146767988275135,-0.1763162907872096,0.0,5.8398999925337405,1.0079394328890867,-1.3218155102848945,-0.09334391350174612,-0.06800668533116717,-2.5886052677052795,-0.007575020364560689,32.03688011770467,0.980596984522445,-2.028251576106644,0.01932594220659761
6866,27.7658793,0.9204866475018093,-0.10661152308856559,-0.04126521342868761,0.20051498743850166,-1.3836070426692229,0.9605916504467381,-0.31671934337830643,0,0.0037196000000000004,1,Shared Control,0.01,Good Visuals,0.042335213226066815,-0.17566149321812863,0.0,5.838412988169164,1.0079065882385025,-1.3307474197700722,-0.10227582298692378,-0.06784811990561852,-2.6127389823839176,-0.007412053704235391,32.02825157610664,0.9806740577934024,-2.020311726852201,0.01925417016601883
6867,27.7693212,0.9203295678691298,-0.1130230619836399,-0.04026208257760833,0.20369628139466653,-1.3961127074095137,0.9594861835244392,-0.325647339091913,0,0.0034419000000000003,1,Shared Control,0.01,Good Visuals,0.03877224886850733,-0.1750272854801334,0.0,5.8370366518745325,1.007876353502753,-1.3400646323650431,-0.11159303558189484,-0.06413938887858897,-2.6123514257194693,-0.0072487090088480385,32.0203117268522,0.9807458298339812,-2.012646810188748,0.019184654966732655
6868,27.774205100000003,0.9193870900730529,-0.12099454395480012,-0.04009909345138629,0.20465279513711288,-1.422115556126153,0.9578646556204766,-0.3383986176831013,0,0.0048839,1,Shared Control,0.01,Good Visuals,0.021057192049143275,-0.17365614437575205,0.0,5.834310468553807,1.0078166306373109,-1.3589648140736594,-0.13049321729051117,-0.07649386049737852,-2.718878167340102,-0.006964310335495589,32.004631818618826,0.9808884287713182,-1.9961712656408312,0.01903436486238634
6869,27.779694400000004,0.918758771542335,-0.1240935788029955,-0.03910588407814164,0.21430503888010582,-1.4243061503397703,0.9559674919083877,-0.35284344543242496,0,0.0054893,1,Shared Control,0.01,Good Visuals,0.027645580730534275,-0.1730452916322933,0.0,5.832836979277579,1.007784400159494,-1.36755035427035,-0.13907875748720172,-0.06615986730537125,-2.5013227469672965,-0.006963453961730711,31.996171265640832,0.9809656351376137,-1.9887452792893212,0.01896740959260317
6870,27.783223900000003,0.9182875326442965,-0.12858770267531783,-0.03767995926409118,0.22425574275710713,-1.4350533450917689,0.9547056461845412,-0.3621924586710994,0,0.0035295,1,Shared Control,0.01,Good Visuals,0.012080753830610746,-0.17230147085598682,0.0,5.831551273978287,1.0077561190996889,-1.377097123092054,-0.14862552630890571,-0.0799177332937496,-2.680622457939014,-0.006767089114840675,31.988745279289322,0.9810325904073969,-1.9798819268979893,0.018885879761917735
6871,27.7868468,0.9178162937462581,-0.1352978782149425,-0.036889352438283174,0.2268945804561569,-1.4521323394464627,0.953376002494664,-0.37183737281118917,0,0.0036229,1,Shared Control,0.01,Good Visuals,-0.00631330327800636,-0.17148868186032068,0.0,5.830001509189316,1.0077223435861726,-1.3869709457420005,-0.1584993489588523,-0.09534299892338241,-2.9047489556209003,-0.006492312402996577,31.97988192689799,0.9811141202380823,-1.9701501801029215,0.018796790358515073
6872,27.7910677,0.9171879752155401,-0.13971575461147334,-0.03618802727912396,0.23212161819971583,-1.4564065462630018,0.9517826944295928,-0.3831345833787374,0,0.0042209000000000005,1,Shared Control,0.01,Good Visuals,-0.013635967631824286,-0.17051633638663868,0.0,5.8283039120149205,1.0076852620274344,-1.3987932354514774,-0.1703216386683292,-0.0984544707001803,-2.9359747956085416,-0.006326106424321988,31.970150180102923,0.9812032096414849,-1.9585662398746757,0.018690212047768374
6873,27.794404400000005,0.9165596566848221,-0.1459834431991166,-0.03522303774477076,0.2371511401796208,-1.4694448527058874,0.9504893261295887,-0.3921098729068767,0,0.0033367,1,Shared Control,0.01,Good Visuals,-0.02305377219262944,-0.16960282030231652,0.0,5.826278182579368,1.007641114229759,-1.4095057697387923,-0.18103417295564406,-0.10540000526414461,-2.967214438499534,-0.006170649832695958,31.958566239874674,0.9813097879522317,-1.9475413066081317,0.018590081997552455
6874,27.7979153,0.9157742585214247,-0.15874031559950147,-0.03471506760816401,0.23336955730737524,-1.5050082893733059,0.9490960290623499,-0.40159503508202354,0,0.0035109000000000004,1,Shared Control,0.01,Good Visuals,-0.03380153935005173,-0.16871082056967515,0.0,5.824362445897608,1.0075991093280967,-1.419882863204542,-0.19141126642139372,-0.11231950699275507,-3.046620318179049,-0.005973926541128067,31.94754130660813,0.9814099180024476,-1.9368025941078784,0.0184923103440974
6875,27.8012851,0.9151459399907067,-0.17581508128301693,-0.03395008907164321,0.22577995379900662,-1.5532803379632403,0.9477273401515043,-0.4107376771582615,0,0.0033698,1,Shared Control,0.01,Good Visuals,-0.03300513062151658,-0.16785367863037576,0.0,5.8224941499063405,1.0075581896654848,-1.430504276909856,-0.20203268012670775,-0.10360034090050486,-2.955153777005735,-0.0058568075423051,31.936802594107878,0.9815076896559026,-1.926479266301494,0.018398359436283995
6876,27.804886000000003,0.9146747010926682,-0.1838657300410862,-0.03305263905883604,0.2268719471171753,-1.5677410319847833,0.9462306644357841,-0.4205478838545288,0,0.0036009,1,Shared Control,0.01,Good Visuals,-0.02986432843880668,-0.16715967501572,0.0,5.820698460130329,1.007518850951278,-1.4402112671336194,-0.2117396703504712,-0.08991278479859471,-2.840626894464317,-0.005698647340504231,31.926479266301495,0.981601640563716,-1.918029768968414,0.018322290040267752
6877,27.8087807,0.9135751436639118,-0.18651337006966373,-0.03265552077187228,0.23403451378486506,-1.572311047024535,0.9445720203488263,-0.4312040712622945,0,0.0038947,1,Shared Control,0.01,Good Visuals,-0.036229337623542496,-0.16635358896415417,0.0,5.819236472611429,1.0074866604496049,-1.45167226245215,-0.22320066566900204,-0.09165745103789164,-2.864604293666635,-0.0055250684034869255,31.918029768968413,0.9816777099597322,-1.9084282279387774,0.018233935343282284
6878,27.8123656,0.9131039047658732,-0.192574493541115,-0.03146811558295304,0.2386295777211795,-1.5872099917741178,0.9430085546220849,-0.4410529136222929,0,0.0035849000000000002,1,Shared Control,0.01,Good Visuals,-0.04580272584572187,-0.16558486227798297,0.0,5.817557154975556,1.0074500574659602,-1.4619951948072245,-0.2335235980240764,-0.09957113875111498,-2.8948211876260115,-0.00543236307989444,31.908428227938778,0.9817660646567177,-1.8991804539862251,0.018149675588024935
6879,27.8158453,0.9123185066024759,-0.19490368325329152,-0.03069004801960895,0.24614923036900135,-1.5781046853800935,0.9414571383182161,-0.4506482327359449,0,0.0034797,1,Shared Control,0.01,Good Visuals,-0.05738206032507881,-0.1648169127328114,0.0,5.815947576352337,1.007414810761714,-1.4722823612043578,-0.2438107644212097,-0.10735756759682699,-2.9943724049289133,-0.005210643584950929,31.899180453986226,0.9818503244119751,-1.8899684335777633,0.01806550101481162
6880,27.8193009,0.9115331084390784,-0.197889120467244,-0.02992402987913767,0.2527591122687009,-1.5768473319741623,0.9398833662520544,-0.46021031564827986,0,0.0034556,1,Shared Control,0.01,Good Visuals,-0.06952330344026278,-0.1639601826543475,0.0,5.814341941290567,1.0073796958421204,-1.4832843535249736,-0.2548127567418254,-0.11871343763162182,-3.0852474258597145,-0.00505823896621368,31.889968433577764,0.9819344989851884,-1.8797581919216224,0.0179715952508625
6881,27.824183000000005,0.909805232479604,-0.22863888492099155,-0.03007813377245039,0.2315714307272883,-1.6513024039087971,0.9376034901832552,-0.4737734259230203,0,0.0048821,1,Shared Control,0.01,Good Visuals,-0.07944493453426138,-0.16227440614831992,0.0,5.810659534648953,1.0072993624429278,-1.5048924005826014,-0.27642080379945316,-0.11884872067025792,-3.0456385305798297,-0.004801816477892236,31.86889864207602,0.9821280797155869,-1.859509667739674,0.017786818114369496
6882,27.8297509,0.9088627546835272,-0.23820690652569432,-0.028740735499728,0.23556651939732598,-1.6583166665266245,0.9349223375835075,-0.4893139029181043,0,0.005567900000000001,1,Shared Control,0.01,Good Visuals,-0.05852870188602602,-0.16166486873026736,0.0,5.809029461100725,1.0072635746669958,-1.5139437522047783,-0.28547215542163007,-0.08836134972216514,-2.6197833928153162,-0.004880911295974112,31.859509667739673,0.9822131818856306,-1.8520964407766347,0.017720007016759354
6883,27.8332805,0.9080773565201297,-0.24214558122017787,-0.02684498106337785,0.2471683216979264,-1.6584388671664552,0.9331778120545364,-0.49920246443951244,0,0.0035296000000000004,1,Shared Control,0.01,Good Visuals,-0.07035202749732927,-0.16101857692869637,0.0,5.807745984916805,1.0072353206494071,-1.5237733897609107,-0.29530179297776243,-0.09527836638324871,-2.7599712357524515,-0.004646367231774862,31.852096440776634,0.9822799929832406,-1.8443830051931653,0.01764916728918799
6884,27.8368245,0.9069777990913732,-0.24815945260471212,-0.02620001296316321,0.2510430118348003,-1.675409237438536,0.9313910042789789,-0.5091584553074259,0,0.0035440000000000003,1,Shared Control,0.01,Good Visuals,-0.0930767464595057,-0.16031355309585058,0.0,5.806398102461887,1.0072059067131525,-1.5342819634081506,-0.3058103666250023,-0.11586355739459132,-3.0563283155163465,-0.004322540648502903,31.844383005193166,0.982350832710812,-1.8359881856831235,0.017571889972457823
6885,27.840989200000003,0.9055640823972578,-0.26245686157735,-0.025826921881721088,0.24670159373007589,-1.7228013170811591,0.9292460933650185,-0.5208906051515538,0,0.0041647,1,Shared Control,0.01,Good Visuals,-0.1007547402276748,-0.15936488628183512,0.0,5.804929449770246,1.007173891095156,-1.5484506967247098,-0.31997909994156154,-0.1197459809333792,-3.0835781663494872,-0.004200217169282039,31.835988185683124,0.9824281100275422,-1.8248066762937998,0.017467907067990382
6886,27.8447538,0.9046216046011809,-0.2793977956866461,-0.024624488763837604,0.24149280946490775,-1.7737595530871222,0.9272651419714428,-0.531523673636058,0,0.0037646000000000003,1,Shared Control,0.01,Good Visuals,-0.09858819893635037,-0.15873884018899442,0.0,5.802963369809288,1.0071312341936178,-1.5583671876125222,-0.32989559082937403,-0.10855943734667879,-2.928587722693511,-0.00411590446869032,31.8248066762938,0.9825320929320096,-1.817113330580943,0.01739928646262892
6887,27.848292300000004,0.9035220471724245,-0.2898798854358544,-0.02374309479901837,0.2416437882002036,-1.80179910681298,0.9253666293414641,-0.5415404790375506,0,0.0035385000000000004,1,Shared Control,0.01,Good Visuals,-0.10034550009399418,-0.15815217552959723,0.0,5.801638037407158,1.0071019145326605,-1.56888542287449,-0.34041382609134163,-0.09995958042958081,-2.9172750691908482,-0.003908862786618506,31.817113330580945,0.9826007135373711,-1.8100712438776654,0.017334982436883244
6888,27.8518186,0.9022654101109886,-0.3006772492230404,-0.023101219230475478,0.24086322981451025,-1.8435862285022255,0.9234393655722791,-0.5515425360987387,0,0.0035263,1,Shared Control,0.01,Good Visuals,-0.10563372687579017,-0.1576205343238356,0.0,5.8004108858780015,1.0070750596362512,-1.5789024953442639,-0.3504308985611156,-0.09897317509706036,-2.9268290634839866,-0.0037550220962702207,31.810071243877665,0.9826650175631167,-1.803683493419235,0.0172767095049192
6889,27.855460900000004,0.9013229323149116,-0.3115078935985864,-0.022116433257367563,0.24003464250015233,-1.8879215339901234,0.9214116388912665,-0.5618925002216072,0,0.0036423000000000002,1,Shared Control,0.01,Good Visuals,-0.1085906232994242,-0.15709118668919955,0.0,5.799298274700351,1.007050699739403,-1.5895127686125525,-0.3610411718294043,-0.09481543760547576,-2.903265273433135,-0.0036412265186396113,31.803683493419236,0.9827232904950808,-1.7973596549391904,0.017218687970161975
6890,27.859280600000005,0.8997521359881168,-0.3183558817847473,-0.021659502903149774,0.24353661843685992,-1.9156682965928953,0.9192446188179197,-0.5727650650826743,0,0.0038197,1,Shared Control,0.01,Good Visuals,-0.1134859014737869,-0.15655772258218678,0.0,5.798193676085627,1.007026579190843,-1.6009786309748586,-0.3725070341917105,-0.0924568964171075,-2.9075345156095254,-0.0034742967457323496,31.79735965493919,0.982781312029838,-1.790993673536686,0.017160215230885345
6891,27.862966400000005,0.8984954989266808,-0.33135583477333197,-0.020749119891238954,0.24140923030934236,-1.9648973918942305,0.9171141619456618,-0.5832723353933323,0,0.0036858000000000004,1,Shared Control,0.01,Good Visuals,-0.11968003906042166,-0.15610064521000808,0.0,5.797081102024639,1.007002296384029,-1.6108397104124692,-0.38236811362932116,-0.09399281452327382,-2.901085416025033,-0.0033909624467793917,31.790993673536686,0.9828397847691146,-1.785488789286601,0.017110115204170682
6892,27.8663564,0.8972388618652448,-0.3477028318473343,-0.019875300080416936,0.23556950354599804,-2.015184142288944,0.9151204709877718,-0.5929482783124616,0,0.0033900000000000002,1,Shared Control,0.01,Good Visuals,-0.122830122698357,-0.15566412555038814,0.0,5.796123357994206,1.006981302439378,-1.6212261022990797,-0.3927545055159317,-0.08874523729662118,-2.896857222795373,-0.0032389510025622134,31.7854887892866,0.9828898847958293,-1.780265628225328,0.017062268498252625
6893,27.8698409,0.895982224803809,-0.35772574871336327,-0.01913824618396287,0.23522252959909828,-2.04054568000785,0.9130369999520829,-0.6029040727953363,0,0.0034845,1,Shared Control,0.01,Good Visuals,-0.12202782039630043,-0.15531308523743706,0.0,5.7952117091965,1.0069613790216634,-1.6308868866712252,-0.4024152898880771,-0.07816504168761973,-2.834404521812398,-0.003093871207069661,31.78026562822533,0.9829377315017473,-1.7760222658728875,0.017023791141622738
6894,27.874186800000004,0.894411428477014,-0.36513578914196987,-0.018625571475068825,0.23776828365336644,-2.066452542977934,0.910389836517673,-0.6153326846374305,0,0.004345900000000001,1,Shared Control,0.01,Good Visuals,-0.12596011183165667,-0.15492445471853197,0.0,5.794474762323749,1.0069451967184198,-1.642245327100714,-0.4137737303175659,-0.07633911424166306,-2.8313284715927853,-0.00297242006086488,31.77602226587289,0.9829762088583772,-1.7714100991967696,0.01698119354094417
6895,27.877269000000005,0.8929977117828987,-0.37411997213428505,-0.01739212473477436,0.24121271250314547,-2.099495774933339,0.9084796656810641,-0.6241533403031458,0,0.0030822000000000002,1,Shared Control,0.01,Good Visuals,-0.13150509784037523,-0.15458509763061495,0.0,5.793666485159953,1.0069275993574804,-1.6522949566425924,-0.42382335985944436,-0.0771706655551428,-2.8192076589554347,-0.002885556504596081,31.77141009919677,0.9830188064590558,-1.7673324460858797,0.01694399677688339
6896,27.880808300000005,0.8912698358234242,-0.3907902167066791,-0.017209829857639858,0.23336312359646671,-2.1594134811366796,0.906252668848359,-0.6342864198298903,0,0.0035393000000000004,1,Shared Control,0.01,Good Visuals,-0.14212816855291818,-0.1542617783551668,0.0,5.792956227531117,1.006912045906619,-1.6623268969124367,-0.4338553001292886,-0.0819782366803409,-2.925616876594992,-0.002688563300128928,31.76733244608588,0.9830560032231166,-1.763466762923878,0.016908557909585918
6897,27.8843951,0.8901702783946678,-0.40767179805815107,-0.016082390453691198,0.22661462177173924,-2.2146075278401005,0.9039591893559161,-0.6445582399835079,0,0.0035868000000000002,1,Shared Control,0.01,Good Visuals,-0.13528852414933099,-0.15399621394575527,0.0,5.792281240824683,1.0068972988116127,-1.6722250485561276,-0.4437534517729795,-0.06492228883690782,-2.7637660254902805,-0.0026548189590293717,31.763466762923876,0.9830914420904141,-1.7602639284824186,0.01687944952484449
6898,27.887976700000003,0.8884424024351935,-0.4134869677047456,-0.01551678692072267,0.23107127227876234,-2.233555163977659,0.9016322701021648,-0.6548158673209109,0,0.0035816000000000003,1,Shared Control,0.01,Good Visuals,-0.13503010949103655,-0.15379235438107383,0.0,5.791724370073188,1.0068850828193452,-1.681725299835259,-0.4532537030521109,-0.05462588496455554,-2.725180367497032,-0.0024766272410658018,31.76026392848242,0.9831205504751556,-1.7577937653335212,0.016857104577887486
6899,27.891616900000002,0.8865574468430396,-0.4199498167047696,-0.015074823259125236,0.2348660506161413,-2.276121225817898,0.8992296358543103,-0.6652398861533835,0,0.0036402,1,Shared Control,0.01,Good Visuals,-0.14279773634451975,-0.1535178294342918,0.0,5.791295866894358,1.0068756622645083,-1.6942797189675691,-0.46580812218442097,-0.05875097391040205,-2.7697441110839205,-0.0023863631929673924,31.75779376533352,0.9831428954221125,-1.754566618240598,0.01682701403303714
6900,27.8957092,0.8848295708835652,-0.4330833079697676,-0.014400064970745086,0.2321565781836159,-2.349780442842785,0.8964833035995815,-0.6769540581859164,0,0.0040923,1,Shared Control,0.01,Good Visuals,-0.14918382182748535,-0.1533137779780022,0.0,5.790727630585464,1.0068633452128317,-1.7036482698691275,-0.4751766730859793,-0.05995146659197922,-2.752137393601342,-0.002314254145846483,31.7545666182406,0.9831729859669629,-1.7520915460554367,0.016804648052935026
6901,27.899267800000004,0.8832587745567704,-0.4478091754295964,-0.013224529042811128,0.22914488275631995,-2.4245252478816344,0.8940561791389838,-0.6871342905484124,0,0.0035586000000000003,1,Shared Control,0.01,Good Visuals,-0.15036708304247276,-0.1531371675885882,0.0,5.790298491508221,1.0068539058812453,-1.7133931743742792,-0.48492157759113086,-0.05164347232156791,-2.724932751286727,-0.002207728363793619,31.752091546055436,0.983195351947065,-1.7499688288670323,0.01678528987472211
6902,27.9029303,0.8815308985972959,-0.46045450973545987,-0.012525280541687889,0.22667978081295248,-2.4904865340178537,0.891520375363051,-0.697603364928381,0,0.0036625000000000004,1,Shared Control,0.01,Good Visuals,-0.15414448325095084,-0.15300037510664338,0.0,5.7899287923485545,1.0068458084072551,-1.7228486153119127,-0.49437701852876426,-0.04524023820504269,-2.749953739423395,-0.00202516692030912,31.749968828867033,0.983214710125278,-1.7483134393573938,0.016770296117828976
6903,27.9075707,0.8779180670456677,-0.48955238721919025,-0.013602308317383294,0.2080509777091908,-2.6413277057016407,0.8882524698512478,-0.7108518880928903,0,0.0046404,1,Shared Control,0.01,Good Visuals,-0.15606605046640942,-0.15280410374801273,0.0,5.789377573062136,1.0068337261546665,-1.7416697387219302,-0.5131981419387817,-0.029242681670831144,-2.6651277757778593,-0.0018393060150683623,31.746801442745607,0.9832435498647475,-1.7459322084989761,0.016748782910417617
6904,27.913159,0.8747764743920778,-0.5073356171170174,-0.013475995459169998,0.203516270975873,-2.7413593403334975,0.8842355025114721,-0.7267768825022675,0,0.0055883,1,Shared Control,0.01,Good Visuals,-0.14368719332244767,-0.15282546865167984,0.0,5.789262244247734,1.0068310439031525,-1.755501536359429,-0.5270299395762805,0.0012132128319809299,-2.411938064538001,-0.001795379156467618,31.746096141046426,0.9832491804932786,-1.7461378073806657,0.016751124707035936
6905,27.919138100000005,0.871634881738488,-0.5284403986740505,-0.012600620772984072,0.198336483828217,-2.8699354802734005,0.8798392021083941,-0.7437704162694709,0,0.0059791,1,Shared Control,0.01,Good Visuals,-0.14527162245106479,-0.15291947010089219,0.0,5.78939686475769,1.0068339269876359,-1.7689993002491817,-0.5405277034660332,0.013653235508192644,-2.375889249126614,-0.0016863339423275493,31.746850993834023,0.9832419602220897,-1.7472386371890876,0.01676142815980654
6906,27.925618900000003,0.8694357668809752,-0.5270659418503537,-0.010403435227418822,0.21670447441911722,-2.8771002474790865,0.8749594579741838,-0.7621252799361393,0,0.0064808,1,Shared Control,0.01,Good Visuals,-0.12674136608560757,-0.15306610890365596,0.0,5.789463003289033,1.0068354042326944,-1.7779804603629328,-0.5495088635797843,0.03855329541819653,-2.0036051564419766,-0.0019268802515470188,31.74723863718909,0.9832385718401935,-1.7489119154153465,0.01677750116709818
6907,27.929666600000004,0.8672366520234623,-0.5279582555264593,-0.007722805950721501,0.23416702440968007,-2.901054254812758,0.871851471941175,-0.7735492554920482,0,0.0040477,1,Shared Control,0.01,Good Visuals,-0.15795370769933242,-0.15308502405404095,0.0,5.789762051484766,1.00684179580961,-1.7863970756950462,-0.5579254789118978,0.00785635120989036,-2.431353188350659,-0.0015924133494922203,31.748911915415345,0.9832224988329018,-1.7492167012478117,0.016779574447460064
6908,27.933382300000005,0.8653516964313085,-0.5403098049797916,-0.006499775509866468,0.23323945051225659,-2.9578433155101336,0.8689577588450851,-0.7840057993884869,0,0.0037157,1,Shared Control,0.01,Good Visuals,-0.1910558502558965,-0.1530431568808004,0.0,5.789808516104842,1.0068429511455272,-1.7967973118153255,-0.568325715032177,-0.022899231288635698,-2.9151094879836275,-0.0011822459347308916,31.74921670124781,0.98322042555254,-1.7487589382120137,0.016774985407123588
6909,27.9369766,0.8631525815737956,-0.5570816240699454,-0.005805177271289486,0.22692417531854148,-3.012935395218934,0.8661216738227467,-0.7940905014421771,0,0.0035943000000000004,1,Shared Control,0.01,Good Visuals,-0.19720317622529598,-0.153012189509651,0.0,5.789724906463622,1.0068412006006322,-1.806940945891976,-0.5784693491088276,-0.02096273703571354,-2.962856080339596,-0.0009947461630464781,31.748758938212013,0.9832250145928764,-1.7483842390545792,0.016771591088751467
6910,27.9410429,0.8607963870836032,-0.5708420840874646,-0.005325286739143564,0.22324841735471246,-3.0605235868607323,0.8628695317637216,-0.8054607220810854,0,0.0040663,1,Shared Control,0.01,Good Visuals,-0.19486628298481,-0.15299615374737044,0.0,5.789659860705094,1.0068397714608945,-1.8201240753094137,-0.5916524785262652,-0.009099009197607427,-2.8907835754402242,-0.0008882628847716655,31.74838423905458,0.9832284089112485,-1.748183557325343,0.01676983341670829
6911,27.944744300000004,0.8584401925934109,-0.5819241679564899,-0.004429339170310742,0.2235365541245955,-3.119076078820567,0.8598691045399052,-0.8157720331246601,0,0.0037014,1,Shared Control,0.01,Good Visuals,-0.1939437984000486,-0.15299590177968903,0.0,5.789625588115643,1.0068390066654258,-1.8296611753710608,-0.6011895785879122,-0.0002071460158524704,-2.783904507457245,-0.0008147483886908418,31.748183557325344,0.9832301665832917,-1.7481702296796502,0.01676980579865424
6912,27.948259900000004,0.8565552370012571,-0.5925151177772394,-0.003313867538648041,0.22325691534742065,-3.186311756914906,0.8569840143609371,-0.8255292701785982,0,0.0035156000000000002,1,Shared Control,0.01,Good Visuals,-0.1994211019453178,-0.1529979793303644,0.0,5.789624147073246,1.006838956799337,-1.8398061056753876,-0.6113345088922391,0.0019582950105230673,-2.8237621577996554,-0.0006776707406497916,31.74817022967965,0.9832301942013457,-1.7481932094898078,0.016770033517965396
6913,27.951934,0.8541990425110646,-0.6007006167142257,-0.002784971849872475,0.22482865346437253,-3.2427601415463805,0.853932265859128,-0.8356859774363041,0,0.0036741,1,Shared Control,0.01,Good Visuals,-0.20559771801120502,-0.15300075339157784,0.0,5.789628319451044,1.006839044649858,-1.849599073575494,-0.6211274767923453,0.0036739134192072718,-2.8657033038089184,-0.0005070150371816385,31.74819320948981,0.9832299664820346,-1.7482257589280583,0.016770337581455214
6914,27.955432100000003,0.8523140869189109,-0.6052576924598645,-0.0016181789402170965,0.23042828497643963,-3.285637128468412,0.8509920984095696,-0.8453154483158625,0,0.0034981,1,Shared Control,0.01,Good Visuals,-0.21024232672992885,-0.1530044326636734,0.0,5.789634056123492,1.0068391688925313,-1.8600646207530418,-0.6315930239698931,0.005434203252930328,-2.868373397343614,-0.00042610279120482494,31.748225758928058,0.9832296624185448,-1.7482689917601817,0.016770740864666105
6915,27.959164700000002,0.8496437331633595,-0.6060936933928167,-0.0013483652462100704,0.23922175492304576,-3.3086417466238998,0.8478177689055134,-0.8555441294670459,0,0.0037326000000000004,1,Shared Control,0.01,Good Visuals,-0.22263558473706815,-0.1530033566678434,0.0,5.789641670252684,1.0068393339081436,-1.8717092000052515,-0.6432376032221029,-0.00255787211696015,-2.9774679107647066,-0.00024758855069622113,31.74826899176018,0.9832292591353339,-1.748259191753733,0.01677062292529061
6916,27.962914000000005,0.8471304590404877,-0.6188898227715368,-0.0006873098650257425,0.23665430669550913,-3.3647118600678794,0.8445908952034081,-0.8657677797848233,0,0.0037493,1,Shared Control,0.01,Good Visuals,-0.23305131441509686,-0.1529999581248558,0.0,5.789639695736156,1.0068392962269936,-1.8821152839573148,-0.6536436871741662,-0.011007622446865336,-3.0090171332918785,-0.00020630440868440387,31.748259191753732,0.9832293770747094,-1.7482202748250624,0.016770250412659636
6917,27.9663385,0.8450884238156543,-0.6401132875009392,0.0004975286122461675,0.22565449228388412,-3.4272018198306227,0.8416101515515023,-0.8750589594455864,0,0.0034245,1,Shared Control,0.01,Good Visuals,-0.2342935487200409,-0.15299927656066292,0.0,5.789632752800348,1.0068391475862304,-1.892663654455018,-0.6641920576718694,-0.0042168463651061465,-2.9733821450285167,-0.00010515838056773891,31.748220274825062,0.9832297495873403,-1.748210466832659,0.01677017570674254
6918,27.9698457,0.8424180700601029,-0.6551768270870517,0.0008079185086006246,0.2198821323585347,-3.45793063493553,0.8385245287632824,-0.8845259529493588,0,0.0035072000000000002,1,Shared Control,0.01,Good Visuals,-0.23007827541955506,-0.15299798650173566,0.0,5.789631182713546,1.0068391103243661,-1.9026315151168236,-0.6741599183336751,0.011311375291284623,-2.896370960861739,7.612151774189421e-05,31.74821046683266,0.9832298242932574,-1.7481954432120848,0.016770034304015885
6919,27.974153100000002,0.8397477163045517,-0.6732651089905026,0.001223187541269266,0.21126084395885614,-3.5174458101153228,0.8346896039838503,-0.8960824034692929,0,0.0043074,1,Shared Control,0.01,Good Visuals,-0.22606346595158772,-0.15299310950858688,0.0,5.789628524960474,1.0068390529675384,-1.9137594830166875,-0.6852878862335389,0.022656186145451358,-2.788754705125883,0.00012360990507338077,31.748195443212083,0.9832299656959841,-1.7481396503095257,0.016769499739187448
6920,27.9771694,0.8377056810797183,-0.6801650003121684,0.0030160770958680416,0.2159174031571245,-3.536971779893835,0.8319746085898624,-0.904126560645586,0,0.0030163000000000004,1,Shared Control,0.01,Good Visuals,-0.21978741233954271,-0.15298170409960118,0.0,5.789618566452364,1.0068388398646282,-1.9232349973305414,-0.6947634005473928,0.03886221575291588,-2.6463481857381184,0.00018713926545094796,31.748139650309525,0.9832305002608126,-1.7480080269759275,0.01676824959789922
6921,27.9808721,0.8345640884261284,-0.6831583279681428,0.0025894798362660065,0.22096823267744325,-3.5580976821700174,0.828608703184055,-0.9139444213671145,0,0.0037027,1,Shared Control,0.01,Good Visuals,-0.23485578457949977,-0.15296241491623613,0.0,5.789595175747725,1.0068383372385226,-1.932984067946129,-0.7045124711629805,0.02778955736193028,-2.833208548557891,0.0004614046138216692,31.748008026975928,0.9832317504021008,-1.7477834185625185,0.016766135319965736
6922,27.984362000000004,0.8326791328339747,-0.6972389876630164,0.00407042964991966,0.21670543370409812,-3.6240846939711298,0.8254030682903979,-0.9231384399723331,0,0.0034899,1,Shared Control,0.01,Good Visuals,-0.2374710355595136,-0.15294526404424952,0.0,5.789555438981352,1.0068374797299005,-1.9428756686297637,-0.7144040718466153,0.027733552404327896,-2.764329621226474,0.0003960930891321481,31.74778341856252,0.9832338646800343,-1.7475779168340824,0.016764255421294283
6923,27.988107500000005,0.8296946198130644,-0.7060441672898625,0.00429155152266647,0.2170942726824706,-3.65420807216118,0.8219270774042112,-0.9329389071185653,0,0.0037455,1,Shared Control,0.01,Good Visuals,-0.24175281502965432,-0.15291494070699782,0.0,5.789519593424445,1.0068366957319286,-1.952524670743956,-0.7240530739608075,0.032360403778551,-2.8023356511943294,0.0006225529375805045,31.747577916834082,0.9832357445787057,-1.7472251116095778,0.016760931695161997
6924,27.991986500000003,0.8260817882614361,-0.7206844990645831,0.0041547108572248526,0.2122544080539822,-3.7259979060846296,0.8182886436336294,-0.9430127952104488,0,0.003879,1,Shared Control,0.01,Good Visuals,-0.24342394140335027,-0.15286392179308805,0.0,5.789457151202807,1.006835348762947,-1.96623378580251,-0.7377621890193615,0.03578537833279678,-2.75859527095822,0.0006562423466295695,31.747225111609577,0.983239068304838,-1.7466308717858372,0.01675533953701676
6925,27.996202100000005,0.8237255937712438,-0.7332813417669373,0.00543695013761436,0.20973145344351152,-3.7998090267533113,0.8142903606004331,-0.9538697627259672,0,0.0042156,1,Shared Control,0.01,Good Visuals,-0.23775784317833903,-0.15281336068681003,0.0,5.789352035004337,1.0068330800831171,-1.9754153960032057,-0.746943799220057,0.05082567664207653,-2.5684981119242387,0.0006351053955517137,31.746630871785836,0.9832446604629832,-1.7460287581316742,0.016749797558941633
6926,27.999839300000005,0.8207410807503335,-0.7374035523096109,0.006450720149900335,0.21646621041635639,-3.8492670988762887,0.8108040313519159,-0.9631579535877876,0,0.0036372,1,Shared Control,0.01,Good Visuals,-0.24263992900223832,-0.15274503507553164,0.0,5.7892466904917566,1.0068307826253635,-1.9843720630925201,-0.7559004663093715,0.05475587731015417,-2.616613230883572,0.0008308386224154647,31.746028758131676,0.9832502024410583,-1.7452263318599124,0.016742308422181204
6927,28.0033235,0.8185419658928205,-0.7438519672506345,0.007737934540904545,0.21930598633715304,-3.9119308849455967,0.8074327995904743,-0.9719842332943652,0,0.0034842000000000002,1,Shared Control,0.01,Good Visuals,-0.255288079442635,-0.1526731199949344,0.0,5.789105330301529,1.0068277197598845,-1.9941599576550306,-0.7656883608718821,0.04678354225835,-2.7463998884678604,0.0009853154755589653,31.74522633185991,0.9832576915778188,-1.744372463943892,0.016734425845448223
6928,28.0078294,0.8146149750758334,-0.7476209451155615,0.007182175485359044,0.2243632881788037,-3.935371039344508,0.8030276144592284,-0.983291776230741,0,0.0045059,1,Shared Control,0.01,Good Visuals,-0.2655971920019172,-0.15257557356058035,0.0,5.78895571985744,1.00682446142629,-2.0067537227074874,-0.7782821259243387,0.042579101212029395,-2.840784321135213,0.0011813746086764673,31.744372463943893,0.9832655741545517,-1.7432271729007625,0.016723733828593913
6929,28.011256800000005,0.8122587805856409,-0.7524983862005318,0.009231166126412504,0.23079339003020927,-3.927655837214966,0.7996428626547588,-0.9918093794971365,0,0.0034274,1,Shared Control,0.01,Good Visuals,-0.2674693125213009,-0.15249981621499248,0.0,5.788753931149017,1.0068200897742392,-2.0166130320940954,-0.7881414353109466,0.04373416972191388,-2.724243426986793,0.0010958245440913957,31.743227172900763,0.9832762661714061,-1.7423116272824744,0.016715430103078705
6930,28.0149561,0.8089601082993716,-0.7643947763913546,0.009317245644612782,0.227414603105782,-3.928551463780316,0.7959569852222989,-1.0009191417358,0,0.0036993000000000004,1,Shared Control,0.01,Good Visuals,-0.28580209687697095,-0.15244286563932818,0.0,5.788594902462936,1.0068165975785346,-2.026659563911818,-0.7981879671286696,0.027259815068917663,-2.9500034700854236,0.001407751137727971,31.742311627282476,0.9832845698969213,-1.7416211626289846,0.016709187778396133
6931,28.0183703,0.8062897545438203,-0.7882905213551934,0.010332769321521496,0.2126286203806067,-3.97156571119493,0.7925254075518283,-1.0092476558729633,0,0.0034142,1,Shared Control,0.01,Good Visuals,-0.28289684299577617,-0.15236641381783736,0.0,5.788475157057943,1.0068139641112932,-2.036763452136232,-0.8082918553530838,0.03466392306007494,-2.8407243096081336,0.001420347625930322,31.741621162628984,0.9832908122216039,-1.7407228782494149,0.01670080793171762
6932,28.022047400000005,0.8031481618902305,-0.8117181432646894,0.010622754338402207,0.1975295126082739,-4.003732839459774,0.7887979440832583,-1.0181300703697325,0,0.0036771000000000004,1,Shared Control,0.01,Good Visuals,-0.27388607887313526,-0.152232469745931,0.0,5.788316946098008,1.0068105353176442,-2.046386604297307,-0.8179150075141584,0.05447543493604168,-2.7080771524059646,0.0015743670063271987,31.740722878249414,0.9832991920682824,-1.7391648439085035,0.01668612638765257
6933,28.025759,0.7998494896039613,-0.8298695268156859,0.011051545520702977,0.18826054355404653,-4.0236202428190175,0.7850025594141222,-1.027001363547669,0,0.0037116000000000002,1,Shared Control,0.01,Good Visuals,-0.2603585586172041,-0.15201690113956814,0.0,5.78804115783617,1.0068045866712636,-2.0560384786347683,-0.8275668818516198,0.07795804453842109,-2.497767801216666,0.0016171281284392712,31.739164843908505,0.9833138736123475,-1.7366510227329879,0.016662498018376395
6934,28.029265800000005,0.7973362154810895,-0.8356745554330198,0.012333656066967236,0.19132680811464908,-4.007378585618662,0.7813865056359809,-1.0352936192341577,0,0.0035068,1,Shared Control,0.01,Good Visuals,-0.25350166080287223,-0.1517702168104102,0.0,5.787596743619406,1.0067949893115882,-2.0645073134094014,-0.8360357166262529,0.09237573765660054,-2.3691036379648835,0.0016800217028601415,31.73665102273299,0.9833375019816236,-1.7337354264700036,0.016635459069976936
6935,28.032965100000006,0.7937233839294612,-0.8360183453305063,0.012336878293480291,0.1992752739036514,-3.9865050188311977,0.7775406121876854,-1.043944314952153,0,0.0036993000000000004,1,Shared Control,0.01,Good Visuals,-0.2640006553633609,-0.1515317003399138,0.0,5.787084726683011,1.0067838616668228,-2.0730205174551934,-0.8445489206720448,0.08343918887222707,-2.480031475454278,0.0018718816553486485,31.733735426470005,0.983364540930023,-1.7308917210829384,0.01660931539656165
6936,28.0363222,0.7913671894392689,-0.844359689685888,0.013826577251583427,0.19958462526626497,-4.000751114822488,0.7740229334374512,-1.0517067046995754,0,0.0033571,1,Shared Control,0.01,Good Visuals,-0.27201339285139925,-0.15130873428166913,0.0,5.786587474446402,1.0067730105922608,-2.0819934921578462,-0.8535218953746976,0.07493154436081373,-2.5043189234308763,0.0018694281446976428,31.730891721082937,0.9833906846034384,-1.7282281200673704,0.01658487619621079
6937,28.040785,0.7877543578876406,-0.8408297725975347,0.013731424450189378,0.21087693210204073,-3.945562377641213,0.7693065907461721,-1.0618926009014753,0,0.0044628,1,Shared Control,0.01,Good Visuals,-0.2809366507412397,-0.15104881189559846,0.0,5.786122169803493,1.0067628471145336,-2.092352090268963,-0.8638804934858144,0.07007087286135279,-2.598745135754351,0.002092081903384808,31.72822812006737,0.9834151238037893,-1.7251580148881276,0.016556386230882146
6938,28.043891000000002,0.7841415263360123,-0.849998927224046,0.01483493558984017,0.21189367367742928,-3.9335498295257865,0.7659974657357741,-1.0688899211375327,0,0.0031060000000000003,1,Shared Control,0.01,Good Visuals,-0.2917448832104089,-0.1508728054329331,0.0,5.785582843957457,1.0067511290688054,-2.1013631407894806,-0.8728915440063322,0.0556200701726595,-2.6201007561403227,0.0020741153488352767,31.725158014888127,0.9834436137691178,-1.7230116260458148,0.016537094248784114
6939,28.047299800000005,0.7814711725804611,-0.8776910050824724,0.015473706844686963,0.19119891605506023,-3.965630010269821,0.7623408694876868,-1.0764806514871945,0,0.0034088,1,Shared Control,0.01,Good Visuals,-0.29914570285881137,-0.1506908106310027,0.0,5.785211651248398,1.0067429429898613,-2.1109789179375786,-0.8825073211544301,0.051241958746356266,-2.6901041119311664,0.0022381883508560507,31.723011626045814,0.9834629057512159,-1.7208487463884568,0.0165171458877546
6940,28.050869,0.7780154206615123,-0.8919607149100233,0.015674551173825546,0.18451993657717125,-3.931184790013129,0.758484660979916,-1.084326965490451,0,0.0035692000000000002,1,Shared Control,0.01,Good Visuals,-0.2819993888301949,-0.15040587388358279,0.0,5.784832845297596,1.0067346887108526,-2.119372103580087,-0.8909005067969382,0.07957416689147292,-2.448777722103043,0.0023317454278923735,31.720848746388455,0.9834828541122455,-1.717523751836191,0.016485914110539984
6941,28.054357200000005,0.775030907640602,-0.8989642690729793,0.016546246660686048,0.18536269641747172,-3.8998986580777784,0.7546890865108569,-1.0918926918279277,0,0.0034882000000000003,1,Shared Control,0.01,Good Visuals,-0.276425725947665,-0.1500649223050286,0.0,5.78424521120364,1.0067219934524971,-2.1278538076773588,-0.89938221089421,0.08839087712527213,-2.332637742986112,0.0023575445670321695,31.71752375183619,0.98351408588946,-1.7135051355186017,0.016448542575142052
6942,28.0582079,0.7703185186602172,-0.902412489243269,0.0156294321493603,0.1894802025846587,-3.8566594840451587,0.750468645371897,-1.100124474781802,0,0.0038507000000000003,1,Shared Control,0.01,Good Visuals,-0.28230171446772556,-0.14960263413738006,0.0,5.783538505843432,1.0067066534152747,-2.1395494765004566,-0.911077879717308,0.0836243855615606,-2.3684072785828807,0.0024830112195756908,31.713505135518602,0.9835514574248579,-1.7080842420774467,0.016397871395690166
6943,28.062847400000003,0.7668627667412684,-0.9125315951923227,0.01639412136937146,0.18759287958947923,-3.820048973846139,0.7453419347164629,-1.109871192091013,0,0.0046395,1,Shared Control,0.01,Good Visuals,-0.2811255441740469,-0.149298511977738,0.0,5.782582768153324,1.006685957420326,-2.147100198877605,-0.9186286020944565,0.08411415538015922,-2.2051055362270118,0.002338204219615755,31.708084242077447,0.9836021286043098,-1.704371959668034,0.016364536714846174
6944,28.066304600000002,0.7638782537203581,-0.9272352824407266,0.018536319003895185,0.1826359096502863,-3.7816017830103705,0.7414925174210615,-1.117009718582051,0,0.0034572,1,Shared Control,0.01,Good Visuals,-0.28363430480059104,-0.14896724351619775,0.0,5.78194105392435,1.0066717981261517,-2.155030942070093,-0.9265593452869446,0.08347320833178476,-2.214796467964713,0.0024476179256295956,31.704371959668034,0.9836354632851538,-1.7004484023116853,0.016328226541157675
6945,28.069870900000005,0.7601083425360504,-0.938439799435903,0.018615825114988938,0.17856991914614784,-3.731096634431325,0.7374959629018999,-1.1242598985039447,0,0.0035663,1,Shared Control,0.01,Good Visuals,-0.29101482892702457,-0.14862822086272245,0.0,5.7812527158580025,1.0066568217377783,-2.1629900743514288,-0.9345184775682803,0.07944395969334796,-2.3411278293189755,0.002761304346947178,31.700448402311686,0.9836717734588423,-1.6964242629946964,0.016291066434292123
6946,28.0741868,0.7563384313517426,-0.9588302250380734,0.01884246844984272,0.16542967346587134,-3.7369739699752995,0.7326251124825093,-1.1328766720920591,0,0.0043159,1,Shared Control,0.01,Good Visuals,-0.28736554553667054,-0.14819878295272224,0.0,5.780547486178179,1.0066414619248953,-2.172020240275691,-0.943548643492543,0.0844769161024084,-2.2425166197135713,0.0027668369667323916,31.696424262994697,0.9837089335657079,-1.6913773252353803,0.016243995955478555
6947,28.0772568,0.7533539183308323,-0.9662190861545146,0.02072880584832304,0.16665758593754454,-3.697867204213808,0.7291379135836118,-1.1388992063408465,0,0.0030700000000000002,1,Shared Control,0.01,Good Visuals,-0.2754282164100046,-0.1477247386910041,0.0,5.779658647366568,1.0066221930281092,-2.1793100889275236,-0.9508384921443755,0.10380741146610192,-2.0487461783577468,0.002792430892091758,31.69137732523538,0.9837560040445215,-1.6857745283895318,0.016192036196318295
6948,28.081012100000002,0.7494269275138452,-0.9621211298153945,0.020289013930233413,0.17677807652545197,-3.6402677623002657,0.7248473609893856,-1.146143239026366,0,0.0037553,1,Shared Control,0.01,Good Visuals,-0.28754268533722294,-0.14727650777469925,0.0,5.77867466981372,1.0066008042916197,-2.1869059775129047,-0.9584343807297567,0.0926224238440414,-2.215061409477774,0.003062157427320079,31.685774528389533,0.9838079638036817,-1.680435680130245,0.016142905825295616
6949,28.084388100000005,0.7464424144929348,-0.967968702566968,0.021595053503549178,0.17817453645939796,-3.63414275785229,0.7209671550186885,-1.1525383188034393,0,0.003376,1,Shared Control,0.01,Good Visuals,-0.29516601145232907,-0.14687562718164943,0.0,5.7777406138562455,1.006580426430338,-2.1948423904707464,-0.9663707936875985,0.08109653998088752,-2.210207462916844,0.0029880951178370024,31.680435680130245,0.9838570941747043,-1.6756461028460454,0.016098965499994775
6950,28.08795,0.7425154236759476,-0.9751272154886133,0.021548268657259118,0.177411103314826,-3.6168614193077016,0.7168500926368078,-1.1591631903978799,0,0.0035619000000000002,1,Shared Control,0.01,Good Visuals,-0.3040962929595735,-0.1464988937997974,0.0,5.776903917759422,1.0065621459414569,-2.202799690526631,-0.9743280937434834,0.07433390457509095,-2.2993325211329836,0.003171787027355061,31.675646102846045,0.9839010345000052,-1.6711581411943777,0.01605767193867686
6951,28.091617400000004,0.7384313532262808,-0.984893169115601,0.021581260589473072,0.17427002128227886,-3.6217759111104355,0.7125866725565484,-1.165850938254278,0,0.0036674000000000003,1,Shared Control,0.01,Good Visuals,-0.30303762092389985,-0.14598655669193272,0.0,5.77611878035333,1.0065450150079946,-2.212850309860115,-0.9843787130769669,0.0773136592238253,-2.216917975446341,0.0031567975215893063,31.67115814119438,0.9839423280613231,-1.6651593088400107,0.01600151491942084
6952,28.095760600000006,0.7345043624092936,-0.9984234491623063,0.021917689852745226,0.1674274890919718,-3.6648870350376073,0.7077409488180644,-1.173240896689424,0,0.0041432000000000005,1,Shared Control,0.01,Good Visuals,-0.3000397105583378,-0.14556244599175056,0.0,5.775060315630856,1.0065221067636398,-2.2200264304950017,-0.9915548337118539,0.0843034539914881,-2.0904569549309624,0.003150573922528484,31.66515930884001,0.9839984850805792,-1.6600753849031356,0.01595502835346414
6953,28.099353900000004,0.7313627697557038,-1.0085830023337174,0.023621820937639426,0.16465789435570666,-3.704376327131739,0.7035138462751535,-1.1795056308578404,0,0.0035933000000000002,1,Shared Control,0.01,Good Visuals,-0.29507276697074036,-0.1450439698517471,0.0,5.774173625544501,1.0065027027765117,-2.2272100533730437,-0.9987384565898957,0.09655597654651876,-1.9956171008811232,0.003190392545454166,31.660075384903134,0.9840449716465358,-1.6539803773341053,0.01589819843790461
6954,28.1030133,0.7272786993060371,-1.0166462610982254,0.023764853030883604,0.162859369759615,-3.7426950028565136,0.6991861027036445,-1.18574559941263,0,0.0036594,1,Shared Control,0.01,Good Visuals,-0.3020959250600548,-0.14452129487184934,0.0,5.773100306681052,1.0064794282051992,-2.2343171302310805,-1.0058455334479326,0.09562655707448209,-2.0921627489069445,0.0034262026839223417,31.653980377334104,0.9841018015620954,-1.6477854588217962,0.01584090828956245
6955,28.1075772,0.7198959565701011,-1.0351223867580504,0.02070985386645663,0.15062321265457967,-3.845606803561703,0.693757092825149,-1.1933268352203432,0,0.0045639,1,Shared Control,0.01,Good Visuals,-0.3058053651895274,-0.14333584732050939,0.0,5.770768696260694,1.006428750571095,-2.2485974756859273,-1.0201258789027792,0.10294983689996223,-2.067322113145468,0.0035909592130953473,31.640708323268402,0.9842249522327318,-1.633770876411307,0.015710971964541878
6956,28.113097600000003,0.7167543639165114,-1.0597077552812848,0.022997271091362403,0.13361907993905842,-3.954094131767155,0.6871448235078234,-1.2021934393641969,0,0.0055204,1,Shared Control,0.01,Good Visuals,-0.27107413521030344,-0.14271775081860993,0.0,5.769552697170721,1.0064022623439117,-2.252891040821924,-1.0244194440387762,0.144100364453753,-1.4183288636353542,0.002968464451832488,31.633770876411308,0.9842890280354581,-1.6264668119405767,0.015643222709946763
6957,28.1163478,0.7137698508956009,-1.0663724288853764,0.0266250273877775,0.13582101047882045,-3.955891899529139,0.6832291955887037,-1.2072557861459126,0,0.0032502000000000004,1,Shared Control,0.01,Good Visuals,-0.26712528036753597,-0.14180596986819202,0.0,5.768269738698491,1.0063743704859713,-2.258090880987883,-1.029619284204735,0.16248420985556,-1.464784970269255,0.0032821188051250813,31.626466811940578,0.9843567772900532,-1.6158412364247055,0.015543282846907565
6958,28.1198368,0.7095287008132548,-1.047955371400167,0.026299505224551156,0.15930041474574552,-3.8724968059551053,0.679007790629397,-1.212557873393987,0,0.0034890000000000003,1,Shared Control,0.01,Good Visuals,-0.29021157353401816,-0.14090884665465328,0.0,5.766390414030707,1.006333779655885,-2.2644571531888396,-1.0359855564056917,0.1425549244208533,-1.8499614102103106,0.0037755878314909637,31.615841236424707,0.9844567171530925,-1.6052155421374865,0.015444949611222773
6959,28.124215900000003,0.7052875507309085,-1.0521453334230784,0.026279760101511562,0.16041253997090865,-3.903669582513315,0.6736836569588999,-1.2190164058443609,0,0.0043791,1,Shared Control,0.01,Good Visuals,-0.3119071082879136,-0.140111412416742,0.0,5.764526085158987,1.0062932017475785,-2.2724708199250543,-1.0439992231419064,0.11119378429870559,-2.004870214959525,0.0037058329487795316,31.605215542137486,0.9845550503887772,-1.5957205755201418,0.01535754323529104
6960,28.1272527,0.7018317988119598,-1.0614250467621016,0.028148141853059916,0.1575913590822593,-3.918853320235739,0.6699751172892671,-1.2233654394100404,0,0.0030368,1,Shared Control,0.01,Good Visuals,-0.312862927708643,-0.13938089808625026,0.0,5.762864455491783,1.0062569444387839,-2.2793915308328647,-1.0509199340497168,0.1139346848191899,-1.9345103865298405,0.003682094305795928,31.59572057552014,0.984642456764709,-1.5870394119602191,0.015277471917608813
6961,28.1308607,0.6975906487296135,-1.064429970429172,0.027615531440346452,0.1589354689808684,-3.903061542110538,0.6655520997803721,-1.2283926643737832,0,0.003608,1,Shared Control,0.01,Good Visuals,-0.32074329634707155,-0.138654479541265,0.0,5.761343762310051,1.0062237916138224,-2.2863746479029237,-1.0579030511197756,0.110593511165424,-2.0424443024447863,0.00392331329093866,31.58703941196022,0.9847225280823911,-1.5784471769459685,0.015197849536968282
6962,28.134366,0.6933494986472674,-1.082482128028134,0.02779739886689525,0.1459105363456492,-3.9578447972993955,0.6612378698595792,-1.2331298160424575,0,0.0035053000000000003,1,Shared Control,0.01,Good Visuals,-0.31898034319208657,-0.13780235948945313,0.0,5.759835159935983,1.0061909734001004,-2.294089708816351,-1.0656181120332031,0.11304432948173468,-1.9283313538022782,0.0038290171391166775,31.578447176945968,0.9848021504630318,-1.5684482603381198,0.015104449075780756
6963,28.1383949,0.690050826360998,-1.0846238051500734,0.028812956501418796,0.14850601089238413,-3.9404499238199047,0.6562590441400191,-1.2383936212576188,0,0.0040289,1,Shared Control,0.01,Good Visuals,-0.30686773203028184,-0.13685410638114856,0.0,5.758072615501968,1.0061527735382383,-2.3005016810435306,-1.0720300842603825,0.13448187718642463,-1.7312342325726844,0.0038305471515276165,31.56844826033812,0.9848955509242192,-1.5573027181111867,0.015000511517393497
6964,28.142458600000005,0.6856525966459723,-1.0609695326251243,0.029393552505953213,0.17742408863249448,-3.839718259508964,0.6512161313838506,-1.243504614630224,0,0.0040637,1,Shared Control,0.01,Good Visuals,-0.31526394534994023,-0.1358864032684739,0.0,5.756109552127024,1.0061101925051135,-2.307496502570629,-1.0790249057874812,0.12646893885383387,-1.8025103146674883,0.003943171414200574,31.55730271811119,0.9849994884826065,-1.5458889331224526,0.01489444205356122
6965,28.146008300000005,0.6814114465636261,-1.061128779005027,0.030195315179775473,0.182375835625197,-3.835548005346639,0.6467943858991836,-1.247804395418922,0,0.0035497000000000003,1,Shared Control,0.01,Good Visuals,-0.3476339664431101,-0.13532426265179268,0.0,5.754102672487346,1.0060665876347976,-2.3147150579677276,-1.0862434611845797,0.08203524544882959,-2.099576916639551,0.00399418412931702,31.545888933122452,0.9851055579464387,-1.5390267466918683,0.01483282609611646
6966,28.1493222,0.6779556946446773,-1.0826911762619145,0.03116130874549372,0.1651132191570075,-3.860094601430931,0.6426528301865582,-1.251678505760776,0,0.0033139000000000003,1,Shared Control,0.01,Good Visuals,-0.35718857531181714,-0.13478778614732956,0.0,5.752916220310705,1.0060403902069555,-2.3224796638228087,-1.0940080670396606,0.0731199551128029,-2.1629633559198123,0.004086158762241598,31.539026746691867,0.9851671739038835,-1.5326779351589872,0.014774023169431912
6967,28.153046800000006,0.6735574649296516,-1.0995292970653898,0.030904634743093462,0.15214920869538617,-3.843446438231156,0.6379829691819953,-1.2558698188130335,0,0.0037246000000000002,1,Shared Control,0.01,Good Visuals,-0.34534023226086596,-0.13410970122984944,0.0,5.751801733295179,1.0060161352001558,-2.329292859604562,-1.1008212628214138,0.09371703539800735,-1.9975945646797602,0.004200163819258518,31.532677935158986,0.9852259768305681,-1.5247594120071337,0.014699698614010078
6968,28.157469900000002,0.6657034832956771,-1.1437548425744974,0.027720514113681816,0.11211497623853606,-3.919357038872799,0.6324175329740823,-1.2606209910159192,0,0.0044231,1,Shared Control,0.01,Good Visuals,-0.3130042524463017,-0.13226022802716156,0.0,5.748431269551953,1.0059433291265525,-2.3407856055944594,-1.1123140088113113,0.14096953221459937,-1.5086351418794193,0.0041511905233812905,31.513628741243643,0.9854052451963266,-1.5030848931010177,0.01449697876283686
6969,28.1631913,0.6587919794577796,-1.1471951952728845,0.026374446483697245,0.11342579574303469,-3.9048318252574847,0.6251882894358894,-1.2663983628442148,0,0.005721400000000001,1,Shared Control,0.01,Good Visuals,-0.2850422536546922,-0.1300402968691142,0.0,5.74427461483368,1.0058532109235014,-2.3466458078322217,-1.118174211049074,0.17971878386276946,-1.0863447193130522,0.003932620613567533,31.49004841821001,0.9856254836715657,-1.4770638736115693,0.014253653196767494
6970,28.169164600000002,0.652194634885241,-1.1330559553765722,0.027006345449351543,0.1333424074676426,-3.8189493392477076,0.6176068085524654,-1.2719811210438667,0,0.0059733,1,Shared Control,0.01,Good Visuals,-0.29794634227643213,-0.12789829936470068,0.0,5.739709903243939,1.0057540980864395,-2.3522873358121035,-1.123815739028956,0.1650696151505083,-1.1939376991118111,0.003927775648354186,31.46411609165835,0.9858669756616967,-1.4518402959628782,0.014018869900271473
6971,28.175615800000003,0.6476393255375359,-1.1249756116961405,0.03003251698507048,0.14700550934772627,-3.7589020258715693,0.6093829460571941,-1.2774884842414296,0,0.006451200000000001,1,Shared Control,0.01,Good Visuals,-0.2890536881491953,-0.12666786255187035,0.0,5.737550540898319,1.005707177149352,-2.3558381488306455,-1.1273665520474978,0.16707473684923255,-0.8949072580628536,0.0034540656550276854,31.451840295962878,0.9859811300997285,-1.437481779194376,0.013884002324351745
6972,28.1791112,0.6440264939859076,-1.131591442902431,0.03464354792871349,0.1458970413389986,-3.7427992102058742,0.6049127506618479,-1.2802435459949728,0,0.0034954,1,Shared Control,0.01,Good Visuals,-0.3200732778417358,-0.12585542352319315,0.0,5.735012228458611,1.005652280223552,-2.3598325363442822,-1.1313609395611344,0.131429849366817,-1.3285397171677769,0.003804154733551619,31.437481779194375,0.9861159976756483,-1.4277251982164985,0.013794951280659197
6973,28.182397100000003,0.6407278216996383,-1.1307912139131602,0.03581507103779036,0.14945233208181263,-3.6734936031006975,0.6007019470276567,-1.2826854720292862,0,0.0032859,1,Shared Control,0.01,Good Visuals,-0.3453385081839436,-0.1249352455113522,0.0,5.7333116013142265,1.0056149979948057,-2.366145216216846,-1.1376736194336983,0.10852272158468253,-1.7657351885440917,0.004360078396914277,31.4277251982165,0.9862050487193408,-1.4169765694355714,0.013694091019833484
6974,28.1858601,0.6360154327192535,-1.1238340713434638,0.03531348569159687,0.15885140068582237,-3.5913628926035344,0.5962557752646919,-1.2851027765391423,0,0.0034630000000000004,1,Shared Control,0.01,Good Visuals,-0.35555630431523755,-0.12413982247443629,0.0,5.731412337679533,1.0055738990550402,-2.3724651585381307,-1.1439935617549828,0.09496402635990824,-1.8479903860593678,0.004474564693112858,31.416976569435572,0.9863059089801666,-1.4075823247306778,0.013606905090657005
6975,28.190913000000002,0.6280043714525997,-1.1335206605540784,0.03174859618790782,0.15158211598506388,-3.5411705635210438,0.5897539549637112,-1.2883402181924914,0,0.0050529,1,Shared Control,0.01,Good Visuals,-0.36847065750326946,-0.12278543235997057,0.0,5.728246079890819,1.0055050712791576,-2.3852454597561223,-1.1567738629729747,0.07575814081587708,-1.8471451438722815,0.004499598355906366,31.39897373799684,0.9864732461861723,-1.3916140807675765,0.013458451054104356
6976,28.196194400000003,0.6210928676147021,-1.1950967082943547,0.03133891265099087,0.09324350989813679,-3.6597696435544758,0.5829415897723407,-1.2913537726269173,0,0.0052814,1,Shared Control,0.01,Good Visuals,-0.3233900791080681,-0.12108709419658613,0.0,5.725444523662426,1.0054443439179148,-2.392294348375489,-1.1638227515923414,0.1370870065582422,-1.166304502953654,0.004227641118234385,31.383093032752836,0.9866217673227785,-1.371892796327108,0.013272297040505927
6977,28.202316600000003,0.6138672045114455,-1.1974743530728253,0.030925614739104823,0.09387941955409196,-3.5465240584213196,0.5750261700284997,-1.294369306810111,0,0.0061222,1,Shared Control,0.01,Good Visuals,-0.2886953259135304,-0.11845869657818464,0.0,5.720737245337544,1.0053428909070867,-2.395838449108853,-1.1673668523257055,0.18270195912349652,-0.7294900109711886,0.004117608936497481,31.35657154326873,0.9868728575669554,-1.3413096923029175,0.012984199665938933
6978,28.2088562,0.6093118951637403,-1.1797569241310535,0.03428572513524064,0.11461238267905749,-3.442283338709979,0.5665525259850294,-1.297018811440835,0,0.0065396000000000004,1,Shared Control,0.01,Good Visuals,-0.27120951565577955,-0.11653697928757942,0.0,5.718042802125485,1.0052845164978639,-2.397473216871323,-1.1690016200881752,0.1969172100212467,-0.35912386864736767,0.003663408012873453,31.341309692302918,0.9870158003340611,-1.3191460036521068,0.012773561175701649
6979,28.212960200000005,0.6045995061833557,-1.159575693529985,0.03804698019832631,0.13744311791084995,-3.3478044639383495,0.5612266918805163,-1.2983777218329535,0,0.004104,1,Shared Control,0.01,Good Visuals,-0.31112044223708435,-0.11534270504459988,0.0,5.714101348832027,1.0051997114372273,-2.400578009256128,-1.1721064124729805,0.14702896075218813,-0.9044226120205217,0.0039955548399451795,31.319146003652108,0.9872264388242984,-1.3048558733395599,0.012642657361337122
6980,28.216303700000005,0.6009866746317274,-1.1590706654613623,0.039759982751211065,0.13930705637159124,-3.325510474251476,0.5568839627096734,-1.2993106255209457,0,0.0033435,1,Shared Control,0.01,Good Visuals,-0.3554596220044909,-0.11447679091199411,0.0,5.711605727182378,1.0051450672949998,-2.4059166685796196,-1.1774450717964722,0.09257491583409007,-1.4897891233407519,0.004388441614853284,31.30485587333956,0.9873573426386629,-1.2945876535473018,0.01254774493771535
6981,28.2199114,0.5961172060186631,-1.1712362646724939,0.039233243308989696,0.1280743608484518,-3.3199735576756013,0.5521948866777715,-1.3001410757626621,0,0.0036077,1,Shared Control,0.01,Good Visuals,-0.367040059313966,-0.11373032741423703,0.0,5.7098045372736745,1.0051057932463199,-2.4113965265338417,-1.1829249297506943,0.08045136528834074,-1.6099709005559228,0.004551595232074881,31.294587653547303,0.9874522550622846,-1.2858212916171126,0.012465925439627119
6982,28.2241827,0.5914048170382785,-1.2000391087060682,0.03920993036050702,0.10010196705659391,-3.3792747030053256,0.5466399094556913,-1.3008869217049226,0,0.0042713000000000004,1,Shared Control,0.01,Good Visuals,-0.3526775178412779,-0.11265199015349399,0.0,5.708259429938502,1.0050722557029406,-2.416862537238035,-1.1883909404548878,0.09906854796535143,-1.3548173761788096,0.004462009607053822,31.28582129161711,0.9875340745603729,-1.2734030993044998,0.012347729421055631
6983,28.2272606,0.5877919854866502,-1.210681876782003,0.04115207603095894,0.0902050449229197,-3.374413890686834,0.5426352944292341,-1.3012642619317267,0,0.0030779,1,Shared Control,0.01,Good Visuals,-0.3243387481774809,-0.11129663336228988,0.0,5.706049309331701,1.005024727117375,-2.4203352368136173,-1.1918636400304703,0.14033346248977202,-0.9756144333705326,0.004417076688891021,31.2734030993045,0.9876522705789443,-1.2577412152578955,0.012199169427539534
6984,28.230899,0.5829225168735861,-1.2006473050688067,0.04028722244435201,0.10061695686292005,-3.3299291209490325,0.5379002217119292,-1.3015367621339007,0,0.0036384000000000004,1,Shared Control,0.01,Good Visuals,-0.3253541544104477,-0.10990689371058095,0.0,5.703266604298799,1.0049647839871647,-2.423792516373941,-1.1953209195907943,0.14315438194994756,-1.0158907969922435,0.004580087518114714,31.257741215257894,0.9878008305724605,-1.2415771076784392,0.012046840745537269
6985,28.234297500000004,0.5793096853219578,-1.201894223637517,0.04140946361002862,0.09964253849638371,-3.355119414350386,0.5334767592884009,-1.3016209615932335,0,0.0033985,1,Shared Control,0.01,Good Visuals,-0.3307637133473167,-0.10857528063894326,0.0,5.700403887088145,1.0049029217142766,-2.4272944260312586,-1.1988228292481116,0.13299894884227734,-0.9749191696317654,0.004427843475085928,31.241577107678438,0.9879531592544627,-1.2260573120260114,0.011900883289484167
6986,28.2380572,0.5744402167088937,-1.2039054440559633,0.04096345742049279,0.09771551753727015,-3.3600360518709014,0.5285831778520406,-1.3015218919090992,0,0.0037597000000000004,1,Shared Control,0.01,Good Visuals,-0.33606212200842195,-0.10726567572694644,0.0,5.697658023235613,1.0048435230952395,-2.430876425283124,-1.2024048284999769,0.1302155883194756,-1.0205126073690254,0.0044960441325669655,31.22605731202601,0.9880991167105159,-1.2108203506576933,0.011757338137021359
6987,28.2417253,0.5686282702997525,-1.214708866818774,0.04004509244771193,0.08681302509032518,-3.4061336140147143,0.5238095415056216,-1.3012301465744873,0,0.0036681,1,Shared Control,0.01,Good Visuals,-0.33146835157406684,-0.10536390396890236,0.0,5.694959858110841,1.0047852008508196,-2.435245072536773,-1.2067734757536261,0.13651861457078657,-0.8892558580107366,0.004393972940321157,31.210820350657695,0.9882426618629786,-1.1889848549339208,0.011548885866831215
6988,28.246187900000002,0.5648583591154448,-1.2156627391014463,0.04104881760982315,0.08556740747304104,-3.4253543555489183,0.5180039385176776,-1.300614763662685,0,0.004462600000000001,1,Shared Control,0.01,Good Visuals,-0.315120515134923,-0.10377703020973386,0.0,5.691067656155681,1.004701594342965,-2.4373930380610656,-1.2089214412779183,0.15963692331494914,-0.6002250948114582,0.004219307275086536,31.18898485493392,0.9884511141331688,-1.170434528157863,0.011374949411941357
6989,28.2499107,0.5599888905023807,-1.2040991756332047,0.04198495198470309,0.09651558802948035,-3.4148756060475605,0.5131633115558705,-1.2998821956071305,0,0.0037228,1,Shared Control,0.01,Good Visuals,-0.31944070106982936,-0.10221260158371351,0.0,5.68779030026533,1.0046305827180797,-2.4396393103754943,-1.2111677135923469,0.1574256521889282,-0.6437048127087968,0.004259924385168473,31.170434528157863,0.9886250505880586,-1.15228027178295,0.011203473157093727
6990,28.253414900000003,0.5562189793180728,-1.205903221106404,0.043055667762202376,0.09397897450072645,-3.455995666614574,0.5086097405735401,-1.2990101398753737,0,0.0035042000000000003,1,Shared Control,0.01,Good Visuals,-0.3356222521118041,-0.10079778306422403,0.0,5.684571214903484,1.00456107225748,-2.442458415593325,-1.2139868188101774,0.13809687680957963,-0.7998369227233129,0.004291391169723799,31.15228027178295,0.9887965268429063,-1.1358241591952853,0.011048395592687176
6991,28.2577749,0.5502499532762523,-1.2111273124298911,0.04164021270271212,0.08788282744548259,-3.459782310641887,0.5029488614423484,-1.2976776447655947,0,0.00436,1,Shared Control,0.01,Good Visuals,-0.33902921356844007,-0.0989819039994942,0.0,5.6816565299118755,1.0044980611793863,-2.4460875243984863,-1.217615927615339,0.13827296768636593,-0.8240670326668686,0.00433991585877978,31.135824159195284,0.9889516044073128,-1.1149649450843082,0.010849357978508391
6992,28.261271400000005,0.5464800420919445,-1.2121581115483617,0.043531180649596046,0.08551953321723293,-3.40462454713096,0.4984136952365072,-1.2964105570527562,0,0.0034965,1,Shared Control,0.01,Good Visuals,-0.32470169640488555,-0.09736742062257873,0.0,5.6779390074735545,1.0044181666255434,-2.4480231397458745,-1.219551542962727,0.15534760811028892,-0.5377904388164092,0.00412162753625837,31.11496494508431,0.9891506420214916,-1.0962121366213555,0.010672395246950949
6993,28.2649411,0.5416105734788803,-1.2144209269646162,0.043196878242373116,0.08198963008813998,-3.345528579190839,0.4936589868865921,-1.2948905090588867,0,0.0036697,1,Shared Control,0.01,Good Visuals,-0.33291392922824636,-0.09586911409110402,0.0,5.674615178362961,1.0043463469779648,-2.450257539167869,-1.2217859423847217,0.14527918330745607,-0.6541556407162945,0.0042385187765066785,31.096212136621354,0.989327604753049,-1.0788497728785653,0.010508166602474786
6994,28.268399600000002,0.537997741927252,-1.2190489130474234,0.04433875504065993,0.07584159601146334,-3.298003568387268,0.48918334392046176,-1.2932795429870045,0,0.0034585,1,Shared Control,0.01,Good Visuals,-0.32733310332230786,-0.09427538384702798,0.0,5.671534156031409,1.0042798442710557,-2.452126612030308,-1.2236550152471608,0.14916852238231962,-0.5244753661753245,0.004141246448597597,31.078849772878566,0.9894918333975252,-1.0604842711232774,0.01033347861163512
6995,28.272334700000002,0.5281017250684442,-1.2324754030362528,0.03891838114798246,0.060804139950751734,-3.224623532247239,0.4840981069103115,-1.2912359647560714,0,0.0039351,1,Shared Control,0.01,Good Visuals,-0.32368103911451596,-0.09088384797839025,0.0,5.664981401805465,1.0041387364349283,-2.4555863557229656,-1.227114758939818,0.14946487032136038,-0.41371598844013135,0.004072568027549498,31.04201727737025,0.9898420092745658,-1.0214507432208328,0.00996173402753427
6996,28.279195900000005,0.5244888935168159,-1.2398497814427059,0.040390786606504414,0.05138618331336553,-3.1827711879197462,0.4752523524318345,-1.2871365758527333,0,0.0068612000000000005,1,Shared Control,0.01,Good Visuals,-0.28138024130924993,-0.0889673203546475,0.0,5.661315664008832,1.0040599299284394,-2.454573460633582,-1.2261018638504342,0.19607483986203056,0.2808448647988824,0.003537052235818287,31.021450743220832,0.9900382659724657,-0.9994289845262287,0.009751664374137914
6997,28.283116800000002,0.5194623452710723,-1.229284993245841,0.044209992839237766,0.05785158260689238,-3.0898967394580628,0.47021073828378196,-1.284488045277934,0,0.003920900000000001,1,Shared Control,0.01,Good Visuals,-0.2800969506293561,-0.08706425240931026,0.0,5.657391169938775,1.0039755398883263,-2.4537323711787606,-1.225260774395613,0.19809127390293305,0.24648032318053925,0.0035934600513970833,30.99942898452623,0.9902483356258621,-0.9775328815479132,0.009543070029493932
6998,28.286336400000003,0.5156924340867645,-1.230644260519587,0.0454816958029825,0.053843784758346835,-3.0703495518693456,0.46607892894596353,-1.2821470285872925,0,0.0032196000000000004,1,Shared Control,0.01,Good Visuals,-0.308017541029386,-0.0852686293130587,0.0,5.653491568524689,1.003891624933683,-2.4543331083841835,-1.2258615116010358,0.16310645779452884,-0.16798199357501087,0.003849109975569196,30.977532881547912,0.990456929970506,-0.9568602146171413,0.009346252662090994
6999,28.290807200000003,0.5108229654737003,-1.2231951754334958,0.044744036527736786,0.058951853153796696,-2.989960406484405,0.46035442038470553,-1.2786479337876024,0,0.0044708000000000005,1,Shared Control,0.01,Good Visuals,-0.3110120401763715,-0.08324658404566672,0.0,5.6498109243955605,1.0038123919263788,-2.455173570075275,-1.2267019732921274,0.16023791612565969,-0.21099633246089056,0.0038781618599538128,30.95686021461714,0.990653747337909,-0.9337249261643699,0.009124617271496806
7000,28.293983600000004,0.5057964172279567,-1.2245469284007835,0.04544199684325112,0.054101005386818946,-2.9392453763336746,0.4562971111662032,-1.2759866971656688,0,0.0031764000000000002,1,Shared Control,0.01,Good Visuals,-0.31178184195593656,-0.08159844252094305,0.0,5.645679048347561,1.003723703789695,-2.4556555551692583,-1.2271839583861106,0.15360572529770886,-0.13992889939997966,0.003724788197348622,30.93372492616437,0.9908753827285032,-0.9146989288147181,0.008943965286856632
7001,28.297378300000005,0.5021835856763284,-1.2421392368301034,0.045886474510125175,0.033847460335565405,-2.9328460850700924,0.45197057237929605,-1.2729819092508055,0,0.0033947,1,Shared Control,0.01,Good Visuals,-0.3106957124148682,-0.07986197110496437,0.0,5.642295991807055,1.0036507709653906,-2.456035398240586,-1.2275638014574382,0.15331971452943605,-0.10615182386258937,0.003707996167450902,30.91469892881472,0.9910560347131434,-0.8948318244979324,0.008753631506133478
7002,28.300967900000003,0.49715703743058476,-1.2479426255631758,0.045186465051288704,0.025039283687629643,-2.8700199632383616,0.4474070472992474,-1.2696243441294324,0,0.0035896,1,Shared Control,0.01,Good Visuals,-0.2927107007468718,-0.07792182063062636,0.0,5.638747629123727,1.0035745978366528,-2.4556905351459863,-1.2272189383628387,0.17701799545028307,0.10073995694199933,0.003664584301436301,30.89483182449793,0.9912463684938665,-0.8726911525455059,0.008540972563662807
7003,28.3043587,0.493387126246277,-1.2507199391648804,0.0459800789470296,0.018904404964551924,-2.8262427197184676,0.4431076236263706,-1.2662828714582566,0,0.0033908000000000002,1,Shared Control,0.01,Good Visuals,-0.27974281922382244,-0.07578125727155531,0.0,5.634788110427052,1.0034896969918852,-2.4546044883303173,-1.2261328915471696,0.18918915126219193,0.30280678516398485,0.003521011624658585,30.872691152545507,0.9914590274363372,-0.8482798559802892,0.008306346463134787
7004,28.3082822,0.4872610205717769,-1.2498261560606139,0.04415339694540632,0.016456715397642707,-2.758180214620669,0.438147278834514,-1.2622109759064228,0,0.0039235,1,Shared Control,0.01,Good Visuals,-0.2778558078374514,-0.07311230263727189,0.0,5.630420998508957,1.0033960791976664,-2.4532327128930156,-1.224761116109868,0.19025392634287464,0.31395771343275847,0.003484428192051274,30.84827985598029,0.9916936535368652,-0.817960679239551,0.00801380365393718
7005,28.3122343,0.48349110938746914,-1.2425929492861199,0.045343830552955156,0.019618026620302986,-2.633380636668102,0.43316736560482233,-1.2578871349218232,0,0.0039521,1,Shared Control,0.01,Good Visuals,-0.2648729476042086,-0.0708788993686261,0.0,5.624986408561912,1.0032797855168605,-2.4512161284628684,-1.222744531679721,0.20022564068395984,0.5575295632145556,0.003228156519936143,30.81796067923955,0.9919861963460628,-0.7923618728289907,0.00776900141642887
7006,28.315888300000005,0.4784645611417255,-1.2383109600208935,0.045297195536903145,0.019576174900929777,-2.513398766853676,0.4285786535279092,-1.2536915618346258,0,0.003654,1,Shared Control,0.01,Good Visuals,-0.2745317306772983,-0.06889803049333018,0.0,5.620418131701762,1.0031815970873044,-2.4497572069914293,-1.2212856102082819,0.1822744037289497,0.42506889791945923,0.003213920802750942,30.79236187282899,0.9922309985835711,-0.7697245410406479,0.007551879349988518
7007,28.3194146,0.47500880922277666,-1.2356448243205627,0.04643015569486747,0.01804673751406316,-2.4012764749625686,0.4241651649192033,-1.2494629220380165,0,0.0035263,1,Shared Control,0.01,Good Visuals,-0.2740426755554775,-0.06691387522799744,0.0,5.616372363885644,1.0030947557358536,-2.448097210133794,-1.2196256133506467,0.17581747829958777,0.4652718363235495,0.0031208875593638926,30.76972454104065,0.9924481206500115,-0.7471490124840061,0.00733439706394715
7008,28.324191400000004,0.4663694294254047,-1.2162898537907716,0.042204264506201405,0.033173068247244863,-2.1191920526196237,0.41821095326013286,-1.2434542897198289,0,0.0047768,1,Shared Control,0.01,Good Visuals,-0.2813772685592448,-0.06334351770446246,0.0,5.608420261923095,1.002924419178528,-2.445251467202549,-1.2167798704194013,0.15200833149323287,0.4235697466275399,0.0029779171014880238,30.725330729782524,0.9928758463135917,-0.7065017350752076,0.00694305192590768
7009,28.329805400000005,0.46149996081234057,-1.2175361788689187,0.043289007552207714,0.025918110850910114,-2.0059354496579336,0.41125096842167436,-1.2359820843837652,0,0.005614,1,Shared Control,0.01,Good Visuals,-0.2698247090413819,-0.06177964974861724,0.0,5.605050306800255,1.0028521653369091,-2.4428595100010186,-1.214387913217871,0.15374422525585799,0.6927185640111198,0.0026733665759523855,30.706501735075207,0.9930569480740923,-0.6887393644319368,0.006771637125843118
7010,28.3333328,0.45757296999535335,-1.225875763198018,0.046322001573678995,0.01010632118574728,-1.9090711911785765,0.406899792753116,-1.2310614104575592,0,0.0035274000000000004,1,Shared Control,0.01,Good Visuals,-0.2684894837193097,-0.06016198106455101,0.0,5.601865938747649,1.0027839968704724,-2.4403895159290645,-1.2119179191459166,0.15026600677983332,0.693487399824325,0.002674379724540639,30.688739364431935,0.9932283628741568,-0.6704192411005672,0.006594325254330252
7011,28.3369688,0.45301766064764815,-1.2322199987323257,0.04611786789453215,-0.0011585882747664478,-1.8080907410199165,0.40243314876220304,-1.2258078547159388,0,0.0036360000000000003,1,Shared Control,0.01,Good Visuals,-0.2694710298464367,-0.058529460764442286,0.0,5.598576799861191,1.0027136805423658,-2.4383586709418634,-1.2098870741587158,0.14745800984113075,0.5934672668617607,0.0027868233815477777,30.670419241100568,0.9934056747456698,-0.6519376645110085,0.006415385504462923
7012,28.3411119,0.4479911124019045,-1.2303643925098222,0.04555796363970144,-0.004556537793883431,-1.7053107582887381,0.39736728580530145,-1.2195982560223464,0,0.0041431,1,Shared Control,0.01,Good Visuals,-0.25687972101230966,-0.056208627431686184,0.0,5.595258040195473,1.0026427390508634,-2.4348712150265945,-1.2063996182434469,0.15731926636678317,0.7615363937698314,0.002699253939472752,30.65193766451101,0.993584614495537,-0.6258441393332339,0.006161000100483886
7013,28.344839900000004,0.4432787234215198,-1.2281952966828371,0.045911437616218354,-0.008597040660490718,-1.6477831813824229,0.3928313562016985,-1.2138085303711765,0,0.0037280000000000004,1,Shared Control,0.01,Good Visuals,-0.25012623504307974,-0.05447582623694288,0.0,5.5905562447332,1.0025425634158807,-2.4318909326172715,-1.2034193358341236,0.1587872762413641,0.8691150474827669,0.002560750604770284,30.625844139333235,0.9938389998995161,-0.6061327254676859,0.005971068610911274
7014,28.3483515,0.43950881223721205,-1.2268448680424684,0.04667745603551354,-0.013036337671291864,-1.6096721910231178,0.38857877833228444,-1.2081806103260002,0,0.0035116,1,Shared Control,0.01,Good Visuals,-0.24789010104405312,-0.05267215835843217,0.0,5.587024998283399,1.0024668912518158,-2.428676138104217,-1.2002045413210687,0.15813824046760092,0.9038700236328401,0.0025010634978693542,30.606132725467685,0.9940289313890888,-0.5857869746580691,0.005773369458868296
7015,28.351925800000004,0.4347964232568274,-1.2234128502710677,0.046217644924542944,-0.015232239945067505,-1.5633377912401076,0.384270872720518,-1.202279550811477,0,0.0035743000000000003,1,Shared Control,0.01,Good Visuals,-0.24754978747102088,-0.05091563204606832,0.0,5.5833648212103695,1.002388771352233,-2.4256122769591952,-1.1971406801760471,0.15672915126329162,0.8911495142728638,0.0024586023560713246,30.58578697465807,0.9942266305411317,-0.5659686960447677,0.005580837470782857
7016,28.355527000000002,0.4310265120725196,-1.21753912655358,0.046755639352001555,-0.015259575742103015,-1.513749465596788,0.3799521917664307,-1.196158946105109,0,0.0036012,1,Shared Control,0.01,Good Visuals,-0.24261774279371118,-0.04903108588696455,0.0,5.5797998863627996,1.002312670970869,-2.42200088397328,-1.1935292871901322,0.15896276519565072,0.9832002901949339,0.0023532006030138656,30.565968696044767,0.9944191625292171,-0.544763247537404,0.00537427329004893
7017,28.3594517,0.42615704345945543,-1.201202494912815,0.04620485169302474,-0.0050435488077060775,-1.4224882549690856,0.37527103918888,-1.1892895932935044,0,0.003924700000000001,1,Shared Control,0.01,Good Visuals,-0.24541489913435435,-0.04707810540329732,0.0,5.575980271008956,1.0022312356050191,-2.4182981619412534,-1.1898265651581055,0.152388901625894,0.9433206032881856,0.002292479768767928,30.544763247537404,0.9946257267099511,-0.522796825842168,0.005160208056544687
7018,28.3629732,0.4214446544790707,-1.2002865721507487,0.046173615290190706,-0.010996978857244377,-1.3878832491519695,0.37109406889037516,-1.1829505154944284,0,0.0035215000000000003,1,Shared Control,0.01,Good Visuals,-0.2524001075036245,-0.045579834654695006,0.0,5.572022736243546,1.0021468706613483,-2.4151938102384394,-1.1867222134552917,0.1363164440168086,0.911543253116589,0.0021752368781479394,30.522796825842168,0.9948397919434553,-0.5058662286932148,0.00499598333421163
7019,28.3663745,0.41798890256012194,-1.2118939811291587,0.04689483366974678,-0.02894346563473027,-1.3723708707621491,0.36708113456011465,-1.1766713310457846,0,0.0034013000000000003,1,Shared Control,0.01,Good Visuals,-0.2461200436663343,-0.04395719425364976,0.0,5.568979489760264,1.0020818441020458,-2.4116037039283023,-1.1831321071451548,0.141353479698472,1.0085701511790495,0.0021045857503363893,30.505866228693215,0.9950040166657884,-0.4876611915253134,0.0048181265152377264
7020,28.369892300000004,0.41327651357973727,-1.2066689516212616,0.04619537901962262,-0.029997620575477058,-1.2844947510005476,0.36295349775494323,-1.1700164172073124,0,0.0035178,1,Shared Control,0.01,Good Visuals,-0.23200066524701968,-0.04217356453302501,0.0,5.565695455567013,1.0020119139934933,-2.4076964518768484,-1.179224855093701,0.15887434948572038,1.1390077108948597,0.0020613653131136547,30.487661191525312,0.9951818734847623,-0.4676718233876177,0.004622623735858339
7021,28.3742054,0.40840704496667307,-1.2016706727517654,0.04545354721172984,-0.031654255544453,-1.2479658331671344,0.35792508607452744,-1.161635726676192,0,0.0043131,1,Shared Control,0.01,Good Visuals,-0.2268870729377434,-0.039840502280958916,0.0,5.562087552353224,1.0019351237514234,-2.402046377012893,-1.1735747802297456,0.15846847125102517,1.2372336400366821,0.001948223798211604,30.46767182338762,0.9953773762641417,-0.44160545801084455,0.004366897926028096
7022,28.3778365,0.4040088152516474,-1.1978509710887613,0.04608372917711995,-0.03621524441256918,-1.2505319191712163,0.3537201688869034,-1.1543927903317033,0,0.0036311000000000004,1,Shared Control,0.01,Good Visuals,-0.2208900903870594,-0.038068678267415834,0.0,5.557375524701107,1.0018349777242326,-2.3974680043194887,-1.1689964075363415,0.16184148332970383,1.3265262483062052,0.0018108921513665965,30.441605458010844,0.9956331020739719,-0.4216746574570873,0.0041726891644150175
7023,28.381408200000003,0.40023890406733964,-1.1883618096571278,0.046518735180436255,-0.03396901932542451,-1.2413303248427945,0.3496099946201511,-1.147102600402402,0,0.0035717,1,Shared Control,0.01,Good Visuals,-0.21966018738231824,-0.036204266286776275,0.0,5.553784758861312,1.001758401510928,-2.3927210016587983,-1.164249404875651,0.16293290033376076,1.3336524865680799,0.001754346659406503,30.42167465745709,0.995827310835585,-0.4008306557211451,0.003968331881113195
7024,28.3848744,0.39568359471963443,-1.1826446816353007,0.04607360009948336,-0.03554208123289859,-1.247023389716204,0.34564639500229744,-1.1398718687108773,0,0.0034662,1,Shared Control,0.01,Good Visuals,-0.2241537857612692,-0.03447809376367231,0.0,5.550017955977282,1.0016783073286102,-2.388364083409462,-1.1598924866263152,0.15576949732566858,1.2760421301944742,0.0016841766757965417,30.400830655721144,0.9960316681188868,-0.3815193400029227,0.0037791269569897343
7025,28.388411500000004,0.3922278428006857,-1.1757818391955264,0.04658144779838824,-0.035909970484649056,-1.240765633749652,0.3416278347488194,-1.1323362795061,0,0.0035371,1,Shared Control,0.01,Good Visuals,-0.21994947695122094,-0.03258698013462237,0.0,5.546529261791099,1.0016040975021305,-2.3833622168635227,-1.1548906200803757,0.15942274052710576,1.3553357393143406,0.001588529904259929,30.381519340002924,0.9962208730430102,-0.36042736646588214,0.0035718429190942443
7026,28.392332200000006,0.3876725334529805,-1.150682935387357,0.04604469870416106,-0.018346655881257057,-1.158359311822011,0.33720495550591195,-1.1237998508756355,0,0.0039207,1,Shared Control,0.01,Good Visuals,-0.22222293576303626,-0.03061464498195432,0.0,5.542713047452882,1.0015230375560977,-2.3782335563667827,-1.1497619595836357,0.15537915964192298,1.3128866723172274,0.0015179487140480265,30.36042736646588,0.9964281570809057,-0.33843912788186115,0.0033556562298080795
7027,28.3960347,0.38327430373795474,-1.1370230785717512,0.046069348232042784,-0.013223227696115725,-1.1207488156670742,0.3330592827525933,-1.1155629624999468,0,0.0037025,1,Shared Control,0.01,Good Visuals,-0.2366562799825148,-0.029188682238102157,0.0,5.5387337780771375,1.0014385264824532,-2.3741477501269017,-1.1456761533437545,0.12959574579812214,1.1939121734209346,0.001409642104128943,30.338439127881863,0.996644343770192,-0.32248470132867635,0.0031993571524318023
7028,28.399344300000003,0.3798185518190059,-1.1414696289085435,0.046759269066412645,-0.025906666408596735,-1.1182479698547325,0.32937959905252356,-1.1080572136655553,0,0.0033096,1,Shared Control,0.01,Good Visuals,-0.24179163715091104,-0.027810965839434675,0.0,5.535851617310438,1.001377203220239,-2.3699452158700334,-1.1414736190868864,0.1190865745961848,1.1687666537442531,0.0013447035664615702,30.322484701328676,0.9968006428475682,-0.30714131062147737,0.00304834633330186
7029,28.403001800000006,0.3752632424713008,-1.1416060563145407,0.04588364341877721,-0.03354884264898539,-1.0772243301303883,0.32534228352518796,-1.0996070553921737,0,0.0036575,1,Shared Control,0.01,Good Visuals,-0.23278165191825687,-0.02636089225888839,0.0,5.533073426471299,1.00131822385779,-2.3656588038231994,-1.1371872070400522,0.13004154620848307,1.2546208244794768,0.0013004204346829366,30.30714131062148,0.9969516536666981,-0.291018608270772,0.0028894044789341726
7030,28.407483300000003,0.3675663404700058,-1.1650675387341167,0.042224056944817845,-0.06546048334194299,-1.1226643303525183,0.32043799809751783,-1.0890331090443304,0,0.0044815,1,Shared Control,0.01,Good Visuals,-0.19454187820168425,-0.02291402405325681,0.0,5.526533773582204,1.001179572159231,-2.3547162036990428,-1.1262446069158953,0.1741387800372465,1.7386063900467432,0.0011143332282635816,30.27107496472532,0.9973076210743552,-0.25274520313968424,0.0025115949444981913
7031,28.413202500000004,0.36065483663210823,-1.136853031278457,0.040216838534590404,-0.04781992223412668,-1.0141607909652046,0.31424899669134104,-1.0751916989531178,0,0.005719200000000001,1,Shared Control,0.01,Good Visuals,-0.17969753289585327,-0.019414289195989025,0.0,5.519543700243647,1.0010313967445155,-2.342660194026254,-1.1141885972431067,0.18522638506092165,1.9191656905997898,0.0009211025622476456,30.23253626632972,0.9976882158971082,-0.21393912062787357,0.002127990722290502
7032,28.4191857,0.35767032361119794,-1.1241750080484745,0.043421326919856895,-0.04898330909535664,-0.9619124490133854,0.3078602478191649,-1.060301656819703,0,0.0059832,1,Shared Control,0.01,Good Visuals,-0.17397706755104828,-0.01782966700054273,0.0,5.516169335152907,1.0009598864653868,-2.336370793315754,-1.1078991965326064,0.18541891998526916,2.0637225063985554,0.0007807813338589336,30.213939120627874,0.9978720092777095,-0.1963850277034128,0.0019543010601965637
7033,28.422798200000003,0.35437165132492865,-1.0867495557334432,0.04651140350576377,-0.02644789891374022,-0.7837674401659968,0.3040464621813103,-1.0511119409561411,0,0.0036125000000000003,1,Shared Control,0.01,Good Visuals,-0.19035398763943054,-0.016023282166847442,0.0,5.512982342288899,1.0008923826083778,-2.3298075475255993,-1.1013359507424518,0.16292273256459297,1.7915722525944764,0.0007741877997027502,30.196385027703414,0.9980456989398034,-0.1764153977312867,0.0017563041040275992
7034,28.4265982,0.348716784548467,-1.0544310760106634,0.04467032236715668,-0.003319135054522304,-0.6125643213154421,0.3000708553790582,-1.0412855811777628,0,0.0038000000000000004,1,Shared Control,0.01,Good Visuals,-0.22977827421946606,-0.014589112070592845,0.0,5.509353068671813,1.000815584617011,-2.32426888528265,-1.0957972884995024,0.10286366194124338,1.289680585607365,0.0007452653423489502,30.176415397731287,0.9982436958959724,-0.16054029651962706,0.0015991054227775653
7035,28.4303982,0.3457322715275567,-1.0512756361932722,0.0456614161484985,-0.009990055015509425,-0.4890682512356739,0.2961328964203732,-1.0312976522443082,0,0.0038000000000000004,1,Shared Control,0.01,Good Visuals,-0.24265414019980674,-0.013788811957165241,0.0,5.506469767976236,1.0007545297587244,-2.319786842780377,-1.0913152459972297,0.07173284847338715,1.2536831143947849,0.000651700339243959,30.160540296519628,0.9984008945772225,-0.15166522102168925,0.0015113849196352806
7036,28.433906,0.3414911214452105,-1.050975244789123,0.04535822502483727,-0.019677592544814715,-0.3206873829766139,0.2925316900492073,-1.021936246608026,0,0.0035078,1,Shared Control,0.01,Good Visuals,-0.2413624205607505,-0.013066030317335598,0.0,5.504859322554971,1.0007203954185397,-2.3154783523553952,-1.0870067555722478,0.06591763540015086,1.253196749558457,0.0006296166809695141,30.151665221021688,0.9984886150803647,-0.14368259645408799,0.0014321611783861207
7037,28.437357400000003,0.3381924491589412,-1.0522928773006806,0.045660759109733884,-0.030356630692654596,-0.1751693487369363,0.2890206631884282,-1.0125945468689104,0,0.0034514000000000003,1,Shared Control,0.01,Good Visuals,-0.2299336477189959,-0.012285918735102158,0.0,5.503407851880213,1.00068969235934,-2.3103954160167577,-1.0819238192336103,0.06893537523108922,1.4226360487663934,0.000592651943315054,30.143682596454088,0.9985678388216139,-0.13507789946948132,0.001346653530252029
7038,28.441550400000004,0.33300882128051806,-1.055836557833201,0.04398815809208989,-0.04324201096429059,-0.040352455048673797,0.2847989425942294,-1.0010735257268544,0,0.0041930000000000005,1,Shared Control,0.01,Good Visuals,-0.220841731448771,-0.011284152022163227,0.0,5.50184226176216,1.000656595682559,-2.3036696208833205,-1.0751980241001728,0.07116917229966163,1.5226721453979595,0.0005609843758052661,30.135077899469483,0.998653346469748,-0.12403991688051388,0.001236850371892056
7039,28.445307200000002,0.32986722862692824,-1.0520048102449007,0.04506828603269886,-0.050931284518046294,0.13678660541334953,0.28105774962697494,-0.9905931175126148,0,0.0037568000000000002,1,Shared Control,0.01,Good Visuals,-0.1986589511044198,-0.01031263362476761,0.0,5.499832889982625,1.000614138318934,-2.2970984933901497,-1.068626896607002,0.08816452955414708,1.829225703079043,0.0004963690630860919,30.124039916880513,0.998763149628108,-0.1133291727713966,0.001130362716571689
7040,28.4489369,0.3256260785445821,-1.0472738104206885,0.04456832891760715,-0.05668069290807365,0.30159172434870013,0.27748078274310006,-0.9803277442279346,0,0.0036297,1,Shared Control,0.01,Good Visuals,-0.19681972735006298,-0.009454892808883321,0.0,5.497883637555719,1.0005729383034978,-2.2908794099940386,-1.062407813210891,0.07977790944146813,1.8164271850315643,0.0004647727219514547,30.113329172771397,0.9988696372834283,-0.10387440593957821,0.0010363461661893677
7041,28.4524794,0.32264156552367174,-1.045074313805256,0.04516078278057167,-0.0647465695773215,0.43581742182180294,0.27402591038700574,-0.9701787794894092,0,0.0035425,1,Shared Control,0.01,Good Visuals,-0.18824368605744002,-0.008579559554328015,0.0,5.496162812949851,1.0005365683656264,-2.283923085215888,-1.05545148843274,0.07876058043438564,1.942619111997248,0.0004213887725870304,30.103874405939578,0.9989636538338106,-0.09423570350582622,0.0009404013172277651
7042,28.4576245,0.31447342462433825,-1.0366243730679858,0.040447514237332505,-0.0664455935785766,0.6745467705259302,0.2690726292187815,-0.9552135156112271,0,0.0051451000000000005,1,Shared Control,0.01,Good Visuals,-0.17844774887861647,-0.006880160186802452,0.0,5.4927138175515555,1.0004637129896754,-2.269054488373261,-1.0405828915901127,0.0712118410289798,2.0473416946545004,0.00034443993055343134,30.084935728683014,0.9991521996754436,-0.07553416524583977,0.0007541309855636076
7043,28.463264200000005,0.3083473189498382,-1.0467232153598673,0.03927468973105669,-0.0915096997486402,0.8185104504537095,0.26373246734990385,-0.9385100637870599,0,0.0056397,1,Shared Control,0.01,Good Visuals,-0.14037695184882898,-0.005189738954388646,0.0,5.489450755395308,1.0003948103899547,-2.2544939751574784,-1.02602237837433,0.10623045536467304,2.484318120435619,0.00025806088114078545,30.067025619371805,0.999330656405144,-0.05695069945653172,0.0005688447428881543
7044,28.4692157,0.30551988556160736,-1.032771063430184,0.04178741821170351,-0.09426099964312418,0.9439804845891485,0.2582001965598404,-0.9205522266467341,0,0.0059515,1,Shared Control,0.01,Good Visuals,-0.12398206216265259,-0.004207693074895738,0.0,5.487614169153753,1.000356049097099,-2.2462649091350047,-1.0177933123518563,0.11821670432490622,2.696639802881682,0.00020382538721879266,30.056950699456532,0.9994311552571118,-0.04616268759348343,0.0004612031754154563
7045,28.4741535,0.2986083817237098,-0.9801997069391619,0.0404081851638694,-0.059647480292427835,1.2728492159276765,0.2536920055553448,-0.9054021187436216,0,0.0049378,1,Shared Control,0.01,Good Visuals,-0.14846098189434015,-0.0023641437717911475,0.0,5.4833611570036025,1.0002663114657866,-2.228077874594382,-0.999606277811234,0.06826627481215079,2.3208823901709255,0.0001325545288859738,30.033627098374133,0.9996639521435734,-0.025921319079849438,0.00025913263997178994
7046,28.479735000000005,0.29483847053940204,-0.9561290684277897,0.04114646498405722,-0.05072694968416802,1.4361680196670779,0.24868690917324676,-0.8880106598059319,0,0.0055815000000000005,1,Shared Control,0.01,Good Visuals,-0.16185429651093192,-0.0020071931624248813,0.0,5.481955999763957,1.0002366620554273,-2.2204644825627433,-0.9919928857795951,0.036730743478451344,2.204543805310235,9.55307592845453e-05,30.02592131907985,0.9997408673600282,-0.022002660374489256,0.000220007458648938
7047,28.483408500000003,0.2916968778858123,-0.9505335142817436,0.043009968712565516,-0.06252285447581174,1.5382828947912963,0.2454460661069085,-0.8764140200738814,0,0.0036735,1,Shared Control,0.01,Good Visuals,-0.17479551434897295,-0.0019244019506196855,0.0,5.481241326615644,1.0002215840236193,-2.2130945335208123,-0.9846229367376642,0.008096670402852306,2.0671329318516976,8.258890317395445e-05,30.02200266037449,0.9997799925413511,-0.021092519678645207,0.0002109327545055052
7048,28.486979500000004,0.2879269667015045,-0.9582474844439113,0.04248090059459603,-0.08183346437002992,1.605089196516766,0.24233668668656377,-0.8650292709300053,0,0.0035710000000000004,1,Shared Control,0.01,Good Visuals,-0.1732043940920382,-0.0018931050785505543,0.0,5.4810754514291204,1.0002180820028412,-2.206037602739476,-0.9775660059563277,0.0030417455207081873,2.0531044982359212,8.276846768655272e-05,30.021092519678646,0.9997890672454945,-0.020748919699200046,0.00020750231969908525
7049,28.491148000000003,0.28431413514987625,-0.9632052730200158,0.04197744846331247,-0.09817600209001054,1.6614409084023731,0.2387587446569863,-0.8516033874489596,0,0.0041685,1,Shared Control,0.01,Good Visuals,-0.15098715683554276,-0.0015550091528514045,0.0,5.481012788343927,1.00021675990271,-2.195355095728149,-0.9668834989450008,0.02489921168542584,2.3197122779802477,8.0420808657031e-05,30.0207489196992,0.9997924976803009,-0.017043632052075357,0.00017044379101081113
7050,28.494891700000004,0.2805442239655685,-0.9598580949526712,0.0417854793085822,-0.10825470750371158,1.6861179615661859,0.23559336042144818,-0.8394234516128319,0,0.0037437000000000004,1,Shared Control,0.01,Good Visuals,-0.13185465780009756,-0.0011263594832843509,0.0,5.480336447584715,1.0002025026439152,-2.1868361673015704,-0.9583645705184219,0.043324220037729594,2.501520606835665,6.527531657379902e-05,30.017043632052076,0.9998295562089892,-0.012344389172966245,0.00012345971084474296
7051,28.498389700000004,0.2778738702100172,-0.9524474270354353,0.04228050978856901,-0.11302397542260334,1.681984728093613,0.23267711196083454,-0.8279407776370876,0,0.0034980000000000002,1,Shared Control,0.01,Good Visuals,-0.1206879768618074,-0.0005835357687742517,0.0,5.479478817828645,1.0001844206052068,-2.177484558527767,-0.9490129617446182,0.052931269434141275,2.6318095217976665,4.7065470882803586e-05,30.012344389172966,0.9998765402891553,-0.006394603254894294,6.396106957821609e-05
7052,28.5019506,0.2742610386583889,-0.939366693888454,0.04158392669755437,-0.11142591625136633,1.6890450548673648,0.22974985658696465,-0.8161526078645317,0,0.0035609,1,Shared Control,0.01,Good Visuals,-0.118587010988809,-4.704848934558277e-05,0.0,5.47839285553967,1.0001615262849401,-2.168507103063391,-0.9400355062802425,0.053509746757039636,2.612079334393127,2.467218978363989e-05,30.006394603254893,0.9999360389304218,-0.0005154980022292002,5.1569618549757725e-06
7053,28.5055459,0.2712765256374786,-0.9275790589869739,0.04152666905051397,-0.1114264511224422,1.6809334848518789,0.2268370873660332,-0.8041515511964497,0,0.0035953,1,Shared Control,0.01,Good Visuals,-0.11632706644376473,0.000504203375452652,0.0,5.477319681854952,1.0001389035398385,-2.1587374266555988,-0.93026582987245,0.052051771486288416,2.6478240528477928,1.956460932177382e-06,30.00051549800223,0.999994843038145,0.005523620365092843,-5.526548483332918e-05
7054,28.509337800000004,0.26782077371852986,-0.9121053928071166,0.04098368635249666,-0.1079538416106669,1.6906844940634307,0.2238119883951722,-0.791389097059009,0,0.0037919000000000004,1,Shared Control,0.01,Good Visuals,-0.11596971744874886,0.001061908483669905,0.0,5.4762171364277545,1.0001156646547367,-2.148475408245953,-0.9200038114628043,0.04977888856633807,2.625430043146236,-2.093788670657432e-05,29.994476379634907,1.0000552654848334,0.011631610520809983,-0.00011639526836954665
7055,28.513078400000005,0.26436502179958105,-0.9021026352361645,0.040553033404408856,-0.11071353817715557,1.6817201039646295,0.22087542628441492,-0.7786962574989207,0,0.0037406,1,Shared Control,0.01,Good Visuals,-0.11642606632422271,0.0014910465562244005,0.0,5.475101850675542,1.000092160325398,-2.1396073403570504,-0.9111357435739016,0.04463997531493865,2.6116350244147517,-4.352092422978271e-05,29.98836838947919,1.0001163952683696,0.016329486738688045,-0.0001634328821476633
7056,28.5163449,0.2618517476767092,-0.8988657438937815,0.04097632139229429,-0.1201694863948608,1.6579360196735167,0.21835003082450705,-0.7675306133924459,0,0.0032665000000000003,1,Shared Control,0.01,Good Visuals,-0.11127545394740541,0.001970854221371393,0.0,5.474243857224381,1.000074082009069,-2.130024625989043,-0.9015530292058944,0.04787349781307979,2.676960183257584,-6.04664608020969e-05,29.983670513261313,1.0001634328821476,0.021581757496016075,-0.00021602436513266032
7057,28.5201371,0.258238916125081,-0.8893695496105262,0.03988888530057394,-0.12183893621808028,1.662856992127852,0.2154641245422419,-0.7544751747954885,0,0.0037922000000000003,1,Shared Control,0.01,Good Visuals,-0.10409910831110075,0.0025122844357421945,0.0,5.473284585186943,1.0000538699826633,-2.1207100550200058,-0.8922384582368572,0.05588189678395167,2.7137986099808304,-8.075835599227413e-05,29.978418242503984,1.0002160243651326,0.027507206924591732,-0.0002753702655319836
7058,28.5243326,0.25242696971593986,-0.8902392023028738,0.03696284517369797,-0.13576402750738525,1.5519124151874617,0.21232921959236145,-0.7399184051351638,0,0.0041955000000000004,1,Shared Control,0.01,Good Visuals,-0.07974242751783905,0.003846593882491809,0.0,5.47086669599789,1.0000029319072359,-2.1005909688192506,-0.872119372036102,0.0821073959493668,2.972445005449275,-0.00012555130461685982,29.96518189749242,1.0003486061244526,0.042103201014004145,-0.0004216232699393955
7059,28.530225300000005,0.2472433418375167,-0.8622994450768375,0.03491412224515525,-0.12238103994167371,1.5141499144800514,0.20802980158902826,-0.7192800995710784,0,0.005892700000000001,1,Shared Control,0.01,Good Visuals,-0.07038625577449925,0.005297861186684247,0.0,5.4680238165945365,0.9999430598061905,-2.0821946195758043,-0.853723022792656,0.09077399926516828,3.0364254716470365,-0.0001730068085950689,29.949624676429252,1.0005045485132054,0.057965729624755886,-0.0005806959677707996
7060,28.536228100000002,0.24237387322445253,-0.8395712427993876,0.03434407163542427,-0.12029114322830914,1.4845591019797124,0.20377576385817264,-0.6980347623187915,0,0.0060028,1,Shared Control,0.01,Good Visuals,-0.06692547175081673,0.00668454104416947,0.0,5.4652971474586085,0.9998856605788252,-2.0635093720874034,-0.8350377753042549,0.0922145364067019,3.033776817500321,-0.00021997797765950795,29.934710652405254,1.0006541892208065,0.07311068929050997,-0.0007326892672280525
7061,28.5424005,0.23938936020354223,-0.8211948751286801,0.03561359634536959,-0.12316011280988859,1.5066119527347734,0.19953520343265926,-0.6759683815858357,0,0.006172400000000001,1,Shared Control,0.01,Good Visuals,-0.06737767101065091,0.007490061030125768,0.0,5.463866984515059,0.9998555578085055,-2.0517577781876204,-0.8232861814044721,0.08740601541958955,3.018337160266827,-0.00022957435647089005,29.92688931070949,1.0007326892672281,0.08190549536324909,-0.0008209819180395341
7062,28.5462967,0.2370331657133499,-0.8029214448717857,0.03749796228069063,-0.12695306328595002,1.5285979105009742,0.19692881699718748,-0.6619298985247792,0,0.0038962000000000003,1,Shared Control,0.01,Good Visuals,-0.07139251924057065,0.008063795702434307,0.0,5.462258617442304,0.9998217075776283,-2.0428187614771876,-0.8143471646940393,0.07686826599635664,2.9373740504839523,-0.0002667480101290823,29.918094504636752,1.0008209819180396,0.08815809993096263,-0.0008838686942384376
7063,28.5494883,0.23451989159047806,-0.7826274059004434,0.037591074593290585,-0.1206975073756642,1.5686071373445576,0.19483463502412512,-0.6503697443195737,0,0.0031916,1,Shared Control,0.01,Good Visuals,-0.07785327751191057,0.008647862702989981,0.0,5.461114106402243,0.9997976415473812,-2.0327114233933763,-0.804239826610228,0.0637459751728036,2.8456946009942463,-0.0003023759070890769,29.91184190006904,1.0008838686942385,0.0945287155243866,-0.0009478879918718166
7064,28.553091600000002,0.2316924582022472,-0.7665584712567259,0.036857823178122084,-0.11618872693715221,1.5993520772095053,0.19251476551484376,-0.6372553759381543,0,0.0036033000000000003,1,Shared Control,0.01,Good Visuals,-0.08457520734156243,0.009079318126640163,0.0,5.459948490110492,0.9997731208327809,-2.023313468363468,-0.7948418715803197,0.04872647932342131,2.748904595152765,-0.0003250824519406319,29.905471284475613,1.0009478879918718,0.0992276526112083,-0.000995179609367614
7065,28.5574602,0.22650883032382407,-0.7671122301435314,0.03399406480898032,-0.12985685420537707,1.578404275114777,0.18976573581263412,-0.6212695976307117,0,0.0043686,1,Shared Control,0.01,Good Visuals,-0.06836776011942963,0.009946166971823538,0.0,5.458241672022396,0.9997372339790928,-2.0036765673201655,-0.7752049705370172,0.059949190829478846,2.9225862170643877,-0.00034247212156090774,29.896147872056016,1.0010416832380957,0.10867609232243149,-0.0010901944863768408
7066,28.563144100000002,0.2241526358336317,-0.7586756886993982,0.03438690002099759,-0.1374060910686865,1.616056327307491,0.1862939218106083,-0.6003367776381879,0,0.0056839,1,Shared Control,0.01,Good Visuals,-0.05569748533721913,0.010471237251851418,0.0,5.457358729767978,0.9997186656242938,-1.9944422238463668,-0.7659706270632186,0.07380960649982468,3.0342194498911095,-0.00033811064464110886,29.891323907677567,1.0010901944863768,0.11440024286531053,-0.001147747182392137
7067,28.566401500000005,0.22211060060879836,-0.7397532154518837,0.03581667879819006,-0.13941643781369573,1.6756794036628406,0.18435801644072375,-0.5882755823924998,0,0.0032574,1,Shared Control,0.01,Good Visuals,-0.050261218712409794,0.011102489211832392,0.0,5.456311125705747,0.9996966319493424,-1.983439499328033,-0.7549679025448848,0.07491574398988635,3.0813051748442453,-0.0003600733884755603,29.88559975713469,1.0011477471823922,0.12128053608579707,-0.0012169384002990347
7068,28.5699543,0.21928316722056754,-0.7174397113561813,0.03492515077984379,-0.12916412896368157,1.7332739315853718,0.18229143464618766,-0.5750696020975586,0,0.0035528,1,Shared Control,0.01,Good Visuals,-0.05601138724106344,0.011607188033798552,0.0,5.455051801437206,0.9996701475384404,-1.9732533017901583,-0.74478170500701,0.06003252823011954,2.9760708031304857,-0.0003976542899605711,29.8787194639142,1.0012169384002991,0.1267703508008383,-0.0012722581907818518
7069,28.574385,0.21645573383233674,-0.7062807116232337,0.03416429918614908,-0.13121110952567505,1.7357440859612363,0.17978008755743669,-0.5585295158239777,0,0.0044307,1,Shared Control,0.01,Good Visuals,-0.061364583322248506,0.01209915843338927,0.0,5.454045963787418,0.9996490152427007,-1.9598822510967349,-0.7314106543135864,0.04468820507388957,2.917086784349669,-0.00040538279221041297,29.87322964919916,1.0012722581907818,0.13212512207249874,-0.0013261828251273054
7070,28.577911800000003,0.2139424597094649,-0.6996592301271027,0.03416237215202822,-0.14112971430312504,1.7147314341965303,0.1778335626486268,-0.5453104813944579,0,0.0035268,1,Shared Control,0.01,Good Visuals,-0.05513779856008261,0.012481687266664009,0.0,5.4530651819650116,0.9996284024446649,-1.9498215417869613,-0.7213499450038129,0.04766884170079121,2.944138273959255,-0.00041335926861892975,29.867874877927502,1.0013261828251272,0.1362827010090659,-0.0013681116230348503
7071,28.581350800000003,0.21190042448463153,-0.687405520581353,0.03406686183600474,-0.14209503918689503,1.7102484904877835,0.17598046618094093,-0.5323775935973268,0,0.003439,1,Shared Control,0.01,Good Visuals,-0.04518859644639664,0.012961070414906182,0.0,5.452303129311937,0.999612397994502,-1.938892770296407,-0.7104211735132585,0.057106032548741706,3.0489821143160287,-0.00042640404548900776,29.863717298990935,1.0013681116230349,0.14150335891115084,-0.0014206565749299994
7072,28.5849276,0.20938715036175973,-0.6729529824810245,0.033406684180818796,-0.1405753888836977,1.7084417004161967,0.17410037747774332,-0.5188839492901814,0,0.0035768,1,Shared Control,0.01,Good Visuals,-0.04367318395408101,0.01340120838689506,0.0,5.451347177701698,0.9995923009103667,-1.9285491317764976,-0.7000775349933491,0.055164987487674504,3.026933899072145,-0.00044154299507133757,29.85849664108885,1.00142065657493,0.14628887142161445,-0.0014688998822931963
7073,28.588494400000002,0.20718803550424683,-0.6637715798897772,0.033087658026503514,-0.14488763059959575,1.686583016519428,0.1722736803726057,-0.505387329659589,0,0.0035668,1,Shared Control,0.01,Good Visuals,-0.041566649743076084,0.013843727829890424,0.0,5.450470195751799,0.9995738787507292,-1.917466799864493,-0.6889952030813447,0.05301468517945358,3.041254641055027,-0.0004476899362223434,29.853711128578386,1.0014688998822932,0.15110130067006305,-0.0015174042215260661
7074,28.5924153,0.204674761381375,-0.6551261110291453,0.03240108100876929,-0.14973878136955632,1.6738662704227518,0.1703212649946064,-0.49050691357102355,0,0.003920900000000001,1,Shared Control,0.01,Good Visuals,-0.03549090984598696,0.014356162559034939,0.0,5.449588375539766,0.9995553527223301,-1.9053909116449725,-0.6769193148618243,0.05764267625270083,3.078227942778573,-0.00045805653224740395,29.848898699329936,1.001517404221526,0.1566764526015735,-0.0015735719410027217
7075,28.595942400000006,0.20216148725850316,-0.6513677564780805,0.03184022226389677,-0.160860842907057,1.6468110358163575,0.1686148594913915,-0.4770844191694597,0,0.0035271,1,Shared Control,0.01,Good Visuals,-0.026870474591134175,0.014846818072448774,0.0,5.448567015264528,0.9995338901735551,-1.894603978900469,-0.6661323821173206,0.06456573447627909,3.145612021609618,-0.00046515518605035164,29.843323547398427,1.0015735719410028,0.1620081944692317,-0.001627352451318857
7076,28.599428200000006,0.2004336112990288,-0.648654283527893,0.031818751807637324,-0.1715698643584333,1.6222028151350183,0.16697500505948687,-0.4637874883918739,0,0.0034858000000000003,1,Shared Control,0.01,Good Visuals,-0.01266990314995961,0.015465952284624523,0.0,5.447589656023854,0.9995133644378739,-1.8827794361186543,-0.654307839335506,0.07953822144375726,3.2970507421968236,-0.0004727259873384083,29.83799180553077,1.0016273524513188,0.16874351905262835,-0.0016952154488286927
7077,28.602974200000006,0.19823449644151592,-0.6297896952054052,0.03125949138202905,-0.16600220681353128,1.6586130862775805,0.16535444156986606,-0.4502311031114443,0,0.003546,1,Shared Control,0.01,Good Visuals,-0.001814316412185768,0.01614850248163345,0.0,5.446355692242724,0.9994874347930279,-1.871136615707975,-0.6426650189248267,0.09119371444737648,3.3623531956794475,-0.0004921072972132292,29.83125648094737,1.0016952154488288,0.17616175095647954,-0.0017700294413508927
7078,28.6076141,0.1941504259918492,-0.6004210949417896,0.02879598442198314,-0.15018999183034532,1.6695649400388073,0.16330664510870124,-0.43245138260811744,0,0.004639900000000001,1,Shared Control,0.01,Good Visuals,-0.005943418974496878,0.01727026740633829,0.0,5.443648082560632,0.9994305776812762,-1.8484435859323967,-0.6199719891492486,0.07178213425715181,3.2442332953625312,-0.0005135773858945734,29.81648799675175,1.0018442282469986,0.18832477823993202,-0.0018929855448818927
7079,28.613371800000003,0.1908517537055799,-0.5787666134280812,0.02754510859687867,-0.14631523081996378,1.7102915332001483,0.16088037319694282,-0.41033081392430576,0,0.0057577,1,Shared Control,0.01,Good Visuals,-0.00013228312935836817,0.01809877771326533,0.0,5.441942948548384,0.9993948216277605,-1.8291700694180069,-0.6006984726348589,0.07122674445375629,3.24169276057667,-0.0005148508218522325,29.807200669530317,1.001938203410197,0.19731259726281197,-0.0019837981535055986
7080,28.619357300000004,0.18739600178663113,-0.5470786394111851,0.02651562858968831,-0.1367478254868793,1.8084969307141165,0.15849330321316293,-0.3872780152678289,0,0.0059855,1,Shared Control,0.01,Good Visuals,-0.0003338896143605108,0.01886728435699003,0.0,5.440359706121927,0.9993616012009341,-1.8079854518378637,-0.5795138550547158,0.05804458545280102,3.1747885340485977,-0.0005218952054555983,29.79857218362145,1.0020254100389068,0.20564560157843376,-0.0020680337900182474
7081,28.625843800000006,0.18551104619447728,-0.5283814808996704,0.027017742981314347,-0.1411034656318415,1.8739709509466451,0.15606239237310746,-0.36224337403935425,0,0.0064865,1,Shared Control,0.01,Good Visuals,-0.007575732305435151,0.01916701445239844,0.0,5.4395858273625395,0.9993453620785687,-1.7962320403247294,-0.5677604435415814,0.042247559988507634,3.016402287471931,-0.0005002779045059838,29.794354398421568,1.0020680337900183,0.20888861477925755,-0.002100887058854488
7082,28.6297894,0.1833119313369644,-0.5201174819604336,0.027249538963856956,-0.15787410792107937,1.9004062326769833,0.15466320290964305,-0.34699483766123695,0,0.0039456000000000005,1,Shared Control,0.01,Good Visuals,-0.0059399036734718025,0.0193827117287394,0.0,5.438990070101303,0.9993328759646413,-1.7858474197761698,-0.5573758229930218,0.033883860965875416,3.0228271958315256,-0.0005178494701940387,29.79111138522074,1.0021008870588546,0.21122044276245874,-0.0021245295315838898
7083,28.633490600000002,0.1820552942755285,-0.5189372045282199,0.02739209136588544,-0.17194236686698294,1.9111715727902718,0.15340539334901418,-0.3326803283386316,0,0.0037012000000000004,1,Shared Control,0.01,Good Visuals,0.009569074852614379,0.019686355024916467,0.0,5.438561520924384,0.9993238980216046,-1.7742308188333586,-0.5457592220502105,0.04541273408364179,3.2310519130006403,-0.0005281699584774915,29.78877955723754,1.002124529531584,0.21451845842570125,-0.002157811724438213
7084,28.637006500000005,0.18017033868337462,-0.506101110494943,0.02676494533436044,-0.1734207821563114,1.9669337579868453,0.15225963742982102,-0.31907558289834614,0,0.0035159,1,Shared Control,0.01,Good Visuals,0.02286692269857199,0.02005377946410594,0.0,5.4379568262529165,0.9993111997810158,-1.7628891419555957,-0.5344175451724474,0.057974062900745534,3.3303999053774933,-0.0005392504355037698,29.7854815415743,1.0021578117244383,0.21850532792880586,-0.002198084937113932
7085,28.6413321,0.17812830345854128,-0.49261642138521017,0.02586866602872026,-0.17354083848686402,1.9958122848158135,0.15091565555872152,-0.3023319760387857,0,0.004325600000000001,1,Shared Control,0.01,Good Visuals,0.027771625246578863,0.020515212682090864,0.0,5.437225471787566,0.9992958491754691,-1.7475168223627133,-0.5190452255795651,0.05551303003797436,3.361392371399101,-0.0005367383111041155,29.781494672071194,1.002198084937114,0.22351254785979893,-0.0022486624059522677
7086,28.6448854,0.17640042749906687,-0.4857453166632703,0.025484771940345347,-0.1834133406244846,1.9862916293838573,0.1498658189966975,-0.2885758851964192,0,0.0035533,1,Shared Control,0.01,Good Visuals,0.03278528436535033,0.020842457421898594,0.0,5.436306969329293,0.9992765696914659,-1.7360639336908585,-0.5075923369077104,0.05439819120930001,3.344494998205437,-0.000530701185381175,29.776487452140202,1.0022486624059523,0.2270464011126164,-0.0022845315414740095
7087,28.6483768,0.17514379043763095,-0.47377592962779486,0.025277971440933467,-0.18520004443137567,2.0005308680301814,0.14888188002856834,-0.2750602031465925,0,0.0034914000000000004,1,Shared Control,0.01,Good Visuals,0.0447516753455916,0.021241051423064268,0.0,5.435657153768298,0.9992629632678791,-1.7237032002134165,-0.49523160343026845,0.06471673125477306,3.4615176783001456,-0.000531165274073444,29.772953598887383,1.002284531541474,0.2313693285082364,-0.002328221234559268
7088,28.652022200000005,0.17341591447815657,-0.45631261225348496,0.024534034449588238,-0.18125240910689244,2.029899911932718,0.147904892677162,-0.26095160947986407,0,0.0036454,1,Shared Control,0.01,Good Visuals,0.0476781266633326,0.021610327618870624,0.0,5.434863956158563,0.9992463182212683,-1.7118666537513403,-0.48339505696819235,0.06263365629212571,3.432474904905493,-0.0005369306912476178,29.768630671491763,1.0023282212345592,0.23536538757295067,-0.002368697417370071
7089,28.655641600000003,0.17200219778404116,-0.4434514579565446,0.024097305106879158,-0.18249984847668055,2.037189699743699,0.14698574636406683,-0.24694937284571666,0,0.0036194,1,Shared Control,0.01,Good Visuals,0.04779188303704779,0.02194324997788213,0.0,5.434129917177142,0.9992309317212972,-1.6994722405571854,-0.47100064377403733,0.05490115575867638,3.396567151942947,-0.00053018852226826,29.76463461242705,1.00236869741737,0.23896644858940372,-0.0024051888739496877
7090,28.6592622,0.17043140145724625,-0.4315199249071774,0.02344565509317942,-0.18457055206146072,2.0511833942496454,0.14611698615924582,-0.23295066539135584,0,0.0036206000000000003,1,Shared Control,0.01,Good Visuals,0.051425019999774585,0.022286434153756664,0.0,5.433468288818271,0.9992170660200973,-1.6861701505092772,-0.45769855372612905,0.05352854206047571,3.3851002768496192,-0.0005287731897535451,29.761033551410595,1.0024051888739496,0.24268195163783635,-0.002442805123245531
7091,28.663102800000004,0.16901768476313087,-0.4182427917821414,0.02290069860388505,-0.18529212639078557,2.0753916707846805,0.1452508128894694,-0.21811299852587748,0,0.0038406000000000004,1,Shared Control,0.01,Good Visuals,0.05704817932261755,0.022578751209210483,0.0,5.432785951572168,0.9992027594783236,-1.6746262296611987,-0.4461546328780504,0.05414519648356923,3.3918789587114735,-0.0005225200484258326,29.757318048362162,1.0024428051232455,0.24584084475305107,-0.002474845852406067
7092,28.6663901,0.16776104770169495,-0.40672396231387653,0.022510234812225555,-0.18861096378799905,2.09461403221117,0.14455466853604218,-0.20542460110063132,0,0.0032873000000000004,1,Shared Control,0.01,Good Visuals,0.06074085408976519,0.02286373295466168,0.0,5.432205291743649,0.9991905961505709,-1.6625413871612842,-0.434069790378136,0.051673071373966074,3.3943326404837832,-0.0005170691762942344,29.75415915524695,1.002474845852406,0.2489237325752758,-0.0025060825618328326
7093,28.6699688,0.16650441064025903,-0.39263209888876516,0.02194974210421685,-0.18720749778813384,2.1291454745371494,0.14384421103524478,-0.19162590268819943,0,0.0035787,1,Shared Control,0.01,Good Visuals,0.06618859523532242,0.023133565059766298,0.0,5.431638904106693,0.9991787253354498,-1.6508744129913682,-0.42240281620821996,0.0518416024528672,3.4090036728366058,-0.0005146679974934541,29.751076267424725,1.0025060825618328,0.2518415057709943,-0.002535658726607249
7094,28.674363800000002,0.1639911365173872,-0.36731492215886774,0.02014692548214242,-0.1756890194706683,2.186751925328971,0.1430392122023371,-0.174703638706712,0,0.0043950000000000005,1,Shared Control,0.01,Good Visuals,0.07087507656670194,0.023588200960320757,0.0,5.43055578037146,0.9991560260443486,-1.62739374947586,-0.39892215269271153,0.04192636683803809,3.345409921083684,-0.0004973538498374778,29.74518125319247,1.0025658228666252,0.2567504853718115,-0.0025854911448139352
7095,28.6802391,0.16194910129255383,-0.349469281882387,0.018909889090216736,-0.17476564317567503,2.236359019793387,0.14207911892069897,-0.15212980374304935,0,0.0058753,1,Shared Control,0.01,Good Visuals,0.07477740226610387,0.023865907784736445,0.0,5.429936258041135,0.9991430689890863,-1.6078939568549457,-0.37942236007179736,0.035872087106819994,3.2812729208070017,-0.00047464680421717865,29.74181628040223,1.002600062100613,0.2597502975772027,-0.0026159304537120135
7096,28.6862889,0.1610066234964769,-0.3399633886393221,0.018927504575777937,-0.18783358489627272,2.2605860392878654,0.14122890961513335,-0.12895264987793523,0,0.0060498,1,Shared Control,0.01,Good Visuals,0.07194077608540121,0.02399607105119368,0.0,5.4296484897370325,0.999137036618049,-1.5965877114711458,-0.3681161146879974,0.028299613852449116,3.1563176303844096,-0.0004513016692467064,29.740249702422798,1.0026159304537121,0.2611562733113665,-0.0026301975855450577
7097,28.6907932,0.16006414570039995,-0.32053730083605625,0.018835236085266605,-0.19158465095812102,2.3179507422557597,0.14068683521981623,-0.11174694933777055,0,0.0045043,1,Shared Control,0.01,Good Visuals,0.08490567058217607,0.024182313332055984,0.0,5.429389990664458,0.9991316226956842,-1.5833347904022506,-0.3548631936191022,0.036267548997686805,3.3016744067999997,-0.0004541857446221608,29.738843726688632,1.0026301975855452,0.2631752041904426,-0.0026506115106582724
7098,28.6938964,0.1589645882716435,-0.29712670177324185,0.018277753051827272,-0.1853797524354713,2.3790692769895645,0.14035841746478978,-0.09992089784005553,0,0.0031032000000000004,1,Shared Control,0.01,Good Visuals,0.08915993050832947,0.02431101711668811,0.0,5.42901945994644,0.999123848338819,-1.57197150293289,-0.3434999061497415,0.02957892620735732,3.3201716491922997,-0.00045547958069716457,29.736824795809557,1.0026506115106584,0.26456099558842944,-0.0026647186694038743
7099,28.697414600000002,0.1578650308428871,-0.2871474489676821,0.017506613378097335,-0.18722655112762654,2.388818590587351,0.1400304188356228,-0.08654266257767343,0,0.0035182000000000004,1,Shared Control,0.01,Good Visuals,0.08599072983171019,0.02437110220738187,0.0,5.428764264773789,0.9991185121703189,-1.5603080793671993,-0.33183648258405085,0.013544288492128825,3.251037898787674,-0.00044435076729757117,29.73543900441157,1.0026647186694038,0.2652038881359713,-0.002671304566742352
7100,28.7009253,0.15692255304681016,-0.28721554345563066,0.01689213421118735,-0.20067288087795723,2.3809605054688827,0.13974997889134147,-0.07322598409837,0,0.0035107000000000003,1,Shared Control,0.01,Good Visuals,0.09202385179377195,0.024432089176571564,0.0,5.428645499865901,0.9991160366948089,-1.54916993215529,-0.32069833537214176,0.015112103900320894,3.2667020213248206,-0.000426655463942729,29.73479611186403,1.0026713045667424,0.2658632289029672,-0.002677989318540687
7101,28.7044961,0.1561371548834127,-0.2824114075152944,0.016387175992071235,-0.20918542341692442,2.4006666828583,0.13951263311370665,-0.05971725868556885,0,0.0035708000000000003,1,Shared Control,0.01,Good Visuals,0.10879562238635583,0.024565553769616662,0.0,5.428524328958332,0.9991134977613157,-1.5368188460429049,-0.3083472492597565,0.032584836145288,3.4266691023152975,-0.00041271012943034464,29.734136771097035,1.0026779893185407,0.2673128790174042,-0.002692618307162785
7102,28.7085012,0.15503759745465628,-0.2691791217757378,0.015524964340949632,-0.20946186309016893,2.441576282528245,0.13930372672758565,-0.04461120001768004,0,0.0040051,1,Shared Control,0.01,Good Visuals,0.12004498432001957,0.024762760556967717,0.0,5.428258539066554,0.9991079154383248,-1.5214801304619527,-0.29300853367880436,0.04091696662866515,3.4967208272812957,-0.0004025600529653972,29.732687120982597,1.0026926183071627,0.2694505271988427,-0.002714234046457658
7103,28.712349800000005,0.15440927892393833,-0.2513407585180689,0.015105552196352678,-0.20672955850038888,2.49106034251804,0.13915989177514557,-0.030143512059242067,0,0.0038486,1,Shared Control,0.01,Good Visuals,0.1250058518582141,0.02490662048886379,0.0,5.42786620785007,0.9990996838047039,-1.5089833159392987,-0.2805117191561502,0.03828073604154008,3.4611462146607663,-0.00038444097463039787,29.730549472801158,1.0027142340464577,0.27099994715067627,-0.002730002463075632
7104,28.716009800000002,0.15362388076054087,-0.23210591227182809,0.014463988985395304,-0.20196240021258602,2.5442551679182945,0.1390746746505883,-0.016430898193291854,0,0.00366,1,Shared Control,0.01,Good Visuals,0.12455559620604831,0.025001936719660098,0.0,5.427580921229454,0.9990937174628526,-1.4974480281229994,-0.26897643133985094,0.027612800964757066,3.387948724242023,-0.00037622825582927903,29.729000052849322,1.0027300024630756,0.27202516630656043,-0.002740450028411176
7105,28.7194092,0.15315264186250238,-0.21327010920922126,0.014077967211914094,-0.1968392110159294,2.598070009115965,0.13904040733782133,-0.003736821693919423,0,0.0033994000000000003,1,Shared Control,0.01,Good Visuals,0.12327682941922162,0.025055169565802,0.0,5.427392026534758,0.9990897696702462,-1.485554189061067,-0.25708259227791863,0.015276822170612851,3.3197976559389017,-0.00036162773732671406,29.72797483369344,1.0027404500284112,0.2725962165717913,-0.002746284854583153
7106,28.7241603,0.151738925168387,-0.1821729747061876,0.012698517830565664,-0.17843615301226817,2.7025835570322485,0.13906466356188205,0.013933425616787926,0,0.0047511,1,Shared Control,0.01,Good Visuals,0.11830300575201068,0.02502224099240597,0.0,5.427278274222033,0.9990874042892615,-1.4621412456067047,-0.23366964882355606,-0.012157401389296812,3.10693858793092,-0.0003339654574807376,29.727360530222583,1.0027467726847663,0.2722314423651478,-0.0027426755697941177
7107,28.730271100000003,0.15079644737231004,-0.16337217824057984,0.011731783810427998,-0.17730560385736777,2.801528948356237,0.13921893041015512,0.03653158688710062,0,0.0061108,1,Shared Control,0.01,Good Visuals,0.11975298920714686,0.02488538790065948,0.0,5.427501381548105,0.9990920931414808,-1.4446089554607844,-0.21613735867763575,-0.025001123465399313,2.9935631882806524,-0.00030835559649664094,29.728578134837655,1.0027345004798194,0.2707502369533459,-0.0027276751694903316
7108,28.736273100000005,0.15063936773963058,-0.15372597853186154,0.011420437329475452,-0.19025756541896216,2.84007900570689,0.13950442922104242,0.05857745008180339,0,0.006002,1,Shared Control,0.01,Good Visuals,0.11346936285855537,0.024775063547752444,0.0,5.427624955562951,0.9990946793977639,-1.4344385823699988,-0.20596698558685023,-0.038331314715534734,2.813069948217498,-0.0002919499908891777,29.729249763046653,1.0027276751694902,0.26955331014867345,-0.0027155825712469007
7109,28.7408005,0.15001104920891262,-0.13894590029086823,0.010506619987870197,-0.1975233503726716,2.8916155734532656,0.13980707669103745,0.07510322505880487,0,0.0045274,1,Shared Control,0.01,Good Visuals,0.12809783989749332,0.024682139686647484,0.0,5.4278445356563925,0.9990992885487004,-1.4224599704455738,-0.19398837366242522,-0.030113563633420826,2.9945032559434566,-0.00028294206058087853,29.730446689851327,1.0027155825712468,0.2685508420724659,-0.0027053972323805354
7110,28.7438991,0.14969688994355365,-0.12570690606642063,0.0098898132525162,-0.2008101311252255,2.9358913350305715,0.1400572431837882,0.08636004716913447,0,0.0030986000000000004,1,Shared Control,0.01,Good Visuals,0.14031596371739946,0.024616593940289876,0.0,5.428028962686837,0.9991031487627461,-1.4117937837517989,-0.18332218696865038,-0.02723143393054118,3.1363757626954953,-0.0002593258621751347,29.731449157927536,1.0027053972323805,0.2678451464384106,-0.0026982127952514434
7111,28.747407000000003,0.14953981031087415,-0.1123407018373582,0.00948256712708595,-0.19870074900649265,2.9872150246033087,0.14038245940945437,0.0990495448560677,0,0.0035079000000000004,1,Shared Control,0.01,Good Visuals,0.14694710194556612,0.024547610875073192,0.0,5.428158922276996,0.9991058661614621,-1.4003931959785234,-0.17192159919537492,-0.028953306217319442,3.18389917426075,-0.0002434535169824888,29.73215485356159,1.0026982127952515,0.2670992511838987,-0.00269065159528711
7112,28.7510987,0.14906857141283567,-0.09789987361795441,0.008686112003381291,-0.19694941847402211,3.040892937680354,0.14077267313163402,0.11233991872868371,0,0.0036917,1,Shared Control,0.01,Good Visuals,0.1470494735508945,0.024464753313212084,0.0,5.428295989854347,0.9991087384068843,-1.3897210959954995,-0.16124949921235102,-0.037716252420147575,3.1018136322222567,-0.00023277436793246663,29.7329007488161,1.0026906515952871,0.2662023687604464,-0.0026815696185465724
7113,28.7544482,0.1489114917801562,-0.08988078711682973,0.008138818648522173,-0.20222070584551344,3.0645810897728696,0.14116906848886948,0.12433996872491226,0,0.0033495,1,Shared Control,0.01,Good Visuals,0.14962234744882302,0.02437011458930561,0.0,5.42846071430454,0.9991121920737344,-1.378542025037639,-0.15007042825449052,-0.04456819819627593,3.081246646415618,-0.0002125035874136537,29.733797631239554,1.0026815696185465,0.26517832178738676,-0.002671196314409123
7114,28.758328300000002,0.1487544121474767,-0.07983913685748684,0.007585343658607219,-0.2041791055823991,3.0994412253689743,0.14167837527760807,0.1381696067382448,0,0.0038801,1,Shared Control,0.01,Good Visuals,0.15785918181087677,0.024272064001496393,0.0,5.42864882730863,0.9991161354030892,-1.36498398924737,-0.13651239246422167,-0.04126242896299128,3.122676261059661,-0.00019834394308606277,29.73482167821261,1.002671196314409,0.26411815664705957,-0.002660449037541719
7115,28.762504300000003,0.1484402528821177,-0.06781434217044532,0.006761877604509636,-0.20598394890869012,3.1338609948031606,0.1422862985092379,0.15296595876300212,0,0.004176,1,Shared Control,0.01,Good Visuals,0.16281982769299824,0.024193221601268893,0.0,5.428843648730428,0.9991202177890776,-1.3538395894082473,-0.12536799262509885,-0.04278389109074526,3.0823951982085003,-0.0001841119467550592,29.735881843352942,1.0026604490375417,0.26326774683620097,-0.002651807160699692
7116,28.7659832,0.1484402528821177,-0.05871586902289155,0.0061539543728798,-0.21168182778589367,3.152573139938036,0.1428397876866256,0.16522087905299535,0,0.0034789,1,Shared Control,0.01,Good Visuals,0.16909316812538705,0.024125166015074632,0.0,5.429000114888392,0.999123492424941,-1.3432116195974955,-0.11474002281434689,-0.043849703238488455,3.1092299487308948,-0.0001635916033265589,29.736732253163797,1.0026518071606998,0.26253308177033835,-0.002644347621256376
7117,28.7694567,0.1484402528821177,-0.04497857144284517,0.005600465195492094,-0.21019945049584052,3.1925595318000353,0.14343483718931235,0.17739036667512123,0,0.0034735,1,Shared Control,0.01,Good Visuals,0.17808623541028148,0.024066106950580608,0.0,5.429135229552411,0.9991263213725676,-1.3318578580598244,-0.10338626127667572,-0.04007370792145613,3.1762327358784685,-0.00014846517089491966,29.73746691822966,1.0026443476212563,0.2618954756709035,-0.002637874186146714
7118,28.7742311,0.1484402528821177,-0.018804554840865934,0.005005415692805354,-0.19619492151598716,3.2517636558109175,0.14432148778321577,0.19400661135706615,0,0.004774400000000001,1,Shared Control,0.01,Good Visuals,0.18104654873871823,0.023942375731993825,0.0,5.429377066752043,0.9991313875336927,-1.3102126446072868,-0.08174104782413828,-0.05448429008659317,3.0727154146494087,-0.00011637664924370787,29.738782574696152,1.0026310031565453,0.26055760880138784,-0.0026243120679278935
7119,28.779802100000005,0.1484402528821177,-0.005877525831650722,0.004118765098901939,-0.19988413718871686,3.285014950292029,0.14545592532123922,0.2132283007799141,0,0.005571,1,Shared Control,0.01,Good Visuals,0.1688481064503379,0.023857549290255,0.0,5.429498338950283,0.9991339282663692,-1.300724131953067,-0.07225253516991847,-0.07322889417058731,2.763590800436828,-0.00011984154321196397,29.73944239119861,1.002624312067928,0.259638231143865,-0.002615014283229063
7120,28.7833684,0.1487544121474767,0.010066497575049595,0.0032984868262374845,-0.2031618032048645,3.325946506264158,0.1462381527909898,0.22543624597073056,0,0.0035663,1,Shared Control,0.01,Good Visuals,0.17734820753375585,0.023785865469541246,0.0,5.429667086348082,0.9991374685181187,-1.2905440124482994,-0.062072415665151016,-0.07253609480410289,2.8558138145615217,-9.8263641362035e-05,29.740361768856136,1.002615014283229,0.25886442911667806,-0.0026071570547785508
7121,28.786989900000002,0.1489114917801562,0.0289161255504007,0.002673338989166385,-0.19652012042032985,3.3733323450265007,0.14707689874304153,0.23775394564055208,0,0.0036215,1,Shared Control,0.01,Good Visuals,0.18507702031877948,0.023729284903936894,0.0,5.429809401717002,0.9991404481414012,-1.280482487198266,-0.052010890415117736,-0.07451651690091993,2.9382721286199467,-7.845736390193888e-05,29.741135570883323,1.0026071570547785,0.258254067496888,-0.0026009552867172774
7122,28.7912168,0.14906857141283567,0.04333806993901573,0.0019916726697941367,-0.19441587570153634,3.4015857671915106,0.1481120674874933,0.25202784013542984,0,0.0042269000000000004,1,Shared Control,0.01,Good Visuals,0.18183564168421268,0.023655603631545334,0.0,5.429921695078658,0.9991427984056662,-1.2674646932718134,-0.038993096488665106,-0.0891335842919192,2.8373570022782535,-6.343642251873181e-05,29.74174593250311,1.0026009552867172,0.25745573832139174,-0.00259287911856747
7123,28.794911400000004,0.14922565104551516,0.04839955645863359,0.0011135835580218523,-0.20362828367679625,3.4013128865123026,0.14906611300108907,0.26441165288562113,0,0.0036946,1,Shared Control,0.01,Good Visuals,0.18343490123375278,0.02361145114606414,0.0,5.430068247945628,0.9991458725135788,-1.2579852142138115,-0.02951361743066326,-0.09579556128962717,2.762971540412674,-4.711421924043177e-05,29.74254426167861,1.0025928791185674,0.25698108293754757,-0.0025880395862765086
7124,28.798544200000002,0.14969688994355365,0.0548387331404207,0.0006307769424645782,-0.20957291974520043,3.4151096153843534,0.1500486555981835,0.2765025992701295,0,0.0036328000000000003,1,Shared Control,0.01,Good Visuals,0.19740779919629564,0.023589007556921417,0.0,5.430155725557357,0.9991477001922917,-1.2475995199094092,-0.019127923126261014,-0.08417082144783457,2.915282611762034,-2.6293323777293246e-05,29.743018917062454,1.0025880395862765,0.25674041016838567,-0.0025855795554719564
7125,28.802036,0.14985396957623312,0.06670865756146546,-0.00019468602195038542,-0.20979394170866403,3.4401147910337677,0.15103431886743604,0.2880428261346396,0,0.0034918,1,Shared Control,0.01,Good Visuals,0.20596924995978338,0.02357742597268991,0.0,5.430200136800339,0.9991486269009741,-1.2373911610440977,-0.008919564260949638,-0.07945041295836008,2.9620354182078037,-1.487940206252872e-05,29.743259589831613,1.002585579555472,0.25661617850009893,-0.002584310103701393
7126,28.8056015,0.1501681288415921,0.07451324708404239,-0.000866190025843927,-0.21352957905059722,3.436029832915285,0.15208221930542104,0.29974297384535764,0,0.0035655,1,Shared Control,0.01,Good Visuals,0.21067261767145024,0.023581297491763374,0.0,5.430223057773984,0.9991491052545122,-1.2266006548346862,0.0018709419484620182,-0.08162619585132042,2.9697278682844797,4.590195270452696e-06,29.7433838214999,1.0025843101037013,0.2566594883353976,-0.0025847344590092976
7127,28.8092878,0.15063936773963058,0.0804195793586092,-0.001442851565790465,-0.21932339448674842,3.424670906279114,0.1532093196947667,0.31174931248158144,0,0.0036863000000000004,1,Shared Control,0.01,Good Visuals,0.21805145051066596,0.023599085209922422,0.0,5.430215232381345,0.9991489384598904,-1.2147662066979856,0.013705390085162484,-0.07768758798453847,2.997276906265947,2.0425884683823847e-05,29.743340511664602,1.0025847344590093,0.2568531407771173,-0.0025866841620775403
7128,28.8130752,0.15095352700498954,0.08931631784026334,-0.0022557926897771585,-0.2224329946413181,3.420189029600286,0.15441324666253387,0.32398799029819997,0,0.0037874000000000002,1,Shared Control,0.01,Good Visuals,0.22697151661024914,0.02362237159820803,0.0,5.4301797676631605,0.9991481927532949,-1.2044537217053708,0.02401787507777723,-0.07096922245572013,3.028629953778192,3.4049977046359175e-05,29.743146859222882,1.0025866841620776,0.25710546507354404,-0.002589236571683021
7129,28.816419100000005,0.1515818455357075,0.10120872866914432,-0.002831401126826366,-0.22277926162905565,3.4178672569490227,0.15551457975891303,0.33471071852936235,0,0.0033439000000000003,1,Shared Control,0.01,Good Visuals,0.2344925638236516,0.023658707514874765,0.0,5.4301334490602855,0.9991472211356189,-1.1934429513991893,0.035028645383958654,-0.06735596766172222,3.071001926195522,5.328717316643725e-05,29.742894534926457,1.002589236571683,0.2574996125173852,-0.0025932193336977495
7130,28.819997300000004,0.1518960048010665,0.1148836205564718,-0.0036185749578465376,-0.21982709797289054,3.416011979549903,0.15673264096344117,0.3460976030823497,0,0.0035782,1,Shared Control,0.01,Good Visuals,0.23796362327896908,0.02370341449144727,0.0,5.43006113511767,0.999145703395356,-1.1830519180415866,0.04541967874156143,-0.06935903308856148,3.0440102406851333,6.698729111687182e-05,29.742500387482615,1.0025932193336977,0.25798383145773895,-0.0025981196434854293
7131,28.8242701,0.15252432333178445,0.12440589838682317,-0.004208317631656716,-0.22169170469552654,3.392785592253771,0.15824028719050032,0.3595752853630162,0,0.0042728,1,Shared Control,0.01,Good Visuals,0.2392876520753297,0.023774892595040228,0.0,5.429972228632266,0.9991438388277549,-1.1711110852033595,0.057360511579788595,-0.07425199234084862,2.9971217685869256,8.577258209420781e-05,29.74201616854226,1.0025981196434854,0.25875925857747245,-0.0026059543233831694
7132,28.8273698,0.15299556222982294,0.1311266745973504,-0.005244724960677377,-0.2284486107656658,3.359929890817389,0.15936990632600204,0.3692701500174229,0,0.0030997000000000004,1,Shared Control,0.01,Good Visuals,0.24435168810317276,0.02384771729111522,0.0,5.429829969048346,0.9991408528873033,-1.1604526914081583,0.06801890537498985,-0.07239852060336142,2.9751273678161194,0.0001000522996984525,29.741240741422526,1.0026059543233832,0.25954681370137667,-0.002613936602622794
7133,28.830927200000005,0.15346680112786137,0.13614580223915645,-0.005903105198140662,-0.23312434777826646,3.3204431583476595,0.16070321213809313,0.3803100236311169,0,0.0035574,1,Shared Control,0.01,Good Visuals,0.25672885280189234,0.023921369800778032,0.0,5.429685256838466,0.9991378202814367,-1.1498224299484523,0.07864916683469586,-0.06136930994197714,3.09046180181586,0.0001250747181318895,29.740453186298623,1.0026139366026228,0.2603432497944764,-0.0026220096181040022
7134,28.834478000000004,0.15409511965857933,0.14072120063090426,-0.0066080924795138,-0.23958882300021261,3.2782370515611015,0.16207304301846295,0.3912362056845319,0,0.0035508000000000002,1,Shared Control,0.01,Good Visuals,0.26497377708682524,0.023995929275028003,0.0,5.4295389062201895,0.9991347534730758,-1.1386872376928057,0.08978435909034246,-0.053338822053764744,3.1218998137396574,0.00014121036241761787,29.739656750205523,1.002622009618104,0.2611494678011173,-0.002630182045529034
7135,28.8380857,0.1548805178219768,0.1528119173814776,-0.007192525196486166,-0.2384242883030543,3.26262995426934,0.16350438637180073,0.40224107204298293,0,0.0036077,1,Shared Control,0.01,Good Visuals,0.2752586920259212,0.024061568461676217,0.0,5.429390755787816,0.9991316489920131,-1.1275746278633108,0.10089696891983731,-0.04295109615660629,3.1808477872380463,0.00015856731978125757,29.73885053219888,1.002630182045529,0.261858273827997,-0.002637376724602577
7136,28.8416707,0.15566591598537424,0.1705786192721982,-0.007838470386426488,-0.23166245277078473,3.262199091863864,0.16496587750287664,0.41307944251928597,0,0.003585,1,Shared Control,0.01,Good Visuals,0.2772666939372162,0.024159419124270456,0.0,5.4292604177453425,0.9991289196237738,-1.113526713384945,0.11494488339820307,-0.045732606981725314,3.127666587635702,0.00017306343742758305,29.738141726172003,1.0026373767246026,0.26291923346666507,-0.0026481020877651665
7137,28.845820000000003,0.1561371548834127,0.17985583131724903,-0.008828722619463936,-0.23322361120203694,3.231141739499326,0.16670568512819967,0.42550153320674255,0,0.0041493,1,Shared Control,0.01,Good Visuals,0.2740152805941911,0.024262051742314227,0.0,5.4290657223920515,0.999124834149419,-1.103281566971628,0.12519002981151983,-0.05712690292200517,2.9694355148445806,0.00018937289135885973,29.737080766533335,1.0026481020877651,0.2640291940929477,-0.0026593515987205635
7138,28.8494313,0.15676547341413066,0.1772759530849052,-0.009940211714069003,-0.24822558012183735,3.1695993072496487,0.16826165606937915,0.4362050957060215,0,0.0036113,1,Shared Control,0.01,Good Visuals,0.28094841977197876,0.02437214976385565,0.0,5.4288617734666635,0.999120560022421,-1.0925746842239272,0.13589691255922073,-0.05273216988876109,3.0055251369023432,0.000214202925011974,29.73597080590705,1.0026593515987205,0.26522006606451287,-0.0026714193888939526
7139,28.8530924,0.15755087157752812,0.17685694028222793,-0.010710784491851033,-0.2593481554237936,3.126548223872928,0.16987835266869233,0.44695279454263087,0,0.0036611,1,Shared Control,0.01,Good Visuals,0.30196800281065916,0.024433443084178302,0.0,5.428642973598596,0.9991159743136319,-1.0815176057256664,0.14695399105748155,-0.027310531527291702,3.2288154470027197,0.00024226432857972203,29.73477993393549,1.002671419388894,0.26587787138043933,-0.0026781377196898044
7140,28.857497600000002,0.1592787475370025,0.20370826127030994,-0.010599605131689838,-0.24324453327232093,3.1124880139047604,0.1718755025441665,0.45974553392975415,0,0.004405200000000001,1,Shared Control,0.01,Good Visuals,0.32293489337181586,0.024477353294442335,0.0,5.428473281898103,0.9991124351671505,-1.0581203252814266,0.17035127150172136,-0.007611613188529421,3.341564239819983,0.00028229566517247163,29.73386080782498,1.0026808237020752,0.26634845756522246,-0.0026829506963129707
7141,28.863331600000002,0.16006414570039995,0.22299457115880358,-0.011811356843766552,-0.23675096277095056,3.117130122036563,0.174606518992825,0.47645075825631134,0,0.005834000000000001,1,Shared Control,0.01,Good Visuals,0.300567707071432,0.024572734035970958,0.0,5.4284347753996425,0.9991116293535912,-1.0478147656747074,0.1806568311084406,-0.03792212174602126,2.8699898648544213,0.00025945027958995616,29.733651542434778,1.002682950696313,0.2673867871930249,-0.002693405332638262
7142,28.867046600000002,0.1608495438637974,0.23443685060424677,-0.013756975129027599,-0.24201390765206457,3.0972000898855216,0.17639606356858223,0.4869463837098028,0,0.0037150000000000004,1,Shared Control,0.01,Good Visuals,0.30065462770041773,0.02469961192069713,0.0,5.4282446140937965,0.999107630903056,-1.0379832561559181,0.19048834062722997,-0.04673462424630849,2.8348402637724845,0.00029023733032582083,29.732613212806974,1.0026934053326382,0.2687611415864953,-0.0027073123553901903
7143,28.870485200000005,0.16179202165987433,0.2387665927240743,-0.014604041908707899,-0.2481797909857285,3.064260185526009,0.17808703664953998,0.4965618027291828,0,0.0034386000000000004,1,Shared Control,0.01,Good Visuals,0.31646941597628153,0.024814777374939336,0.0,5.42799228559584,0.9991023385747275,-1.0269333365287416,0.20153826025440655,-0.034965057566097545,3.0513681902014707,0.000339791946889664,29.731238858413505,1.0027073123553902,0.27000461349606564,-0.002719935584377962
7144,28.8747788,0.16351989761934874,0.24836795637830567,-0.014567139030191245,-0.24819384635087716,3.0535575833992477,0.18024461345292944,0.5084330604370328,0,0.0042936,1,Shared Control,0.01,Good Visuals,0.3272231085583325,0.024940571943109162,0.0,5.4277636181807045,0.999097550300218,-1.01029631597002,0.2181752808131281,-0.02449440290101073,3.1189345278995075,0.00036239604873887065,29.729995386503933,1.0027199355843779,0.2713650901477021,-0.0027337238653331684
7145,28.8793182,0.1643052957827462,0.26137182877905973,-0.01593931767018325,-0.2470612316579731,3.0360069532545872,0.18258077248084065,0.5208196717377656,0,0.0045394,1,Shared Control,0.01,Good Visuals,0.327031909423409,0.02503916334006815,0.0,5.427513640792769,0.9990923114151773,-0.9997814328168764,0.2286901639662717,-0.028676852057894456,2.937118199202126,0.00036331277898775816,29.728634909852296,1.002733723865333,0.27242776086528686,-0.0027445304200263854
7146,28.883108300000004,0.16524777357882312,0.26611076292790503,-0.017332998902017532,-0.2547089088098605,2.979404086122284,0.1845741204960974,0.5310314422676691,0,0.0037901000000000002,1,Shared Control,0.01,Good Visuals,0.3333437125321195,0.025137573740156346,0.0,5.427318051556574,0.9990882193648023,-0.9895085192957364,0.23896307748741172,-0.027160826283821115,2.9807664580837985,0.00039910717867295295,29.727572239134712,1.0027445304200264,0.2734911130781119,-0.002755317135741316
7147,28.886435300000002,0.16619025137490004,0.2657791333141981,-0.018383869121197355,-0.26525230895347096,2.9159660394911864,0.1863556358232502,0.5398971918373886,0,0.003327,1,Shared Control,0.01,Good Visuals,0.34854393691532576,0.025182601432326295,0.0,5.42712258004336,0.9990841246321893,-0.978296845210543,0.250174751572605,-0.011081595275849213,3.1429900440662895,0.0004357095380375147,29.726508886921888,1.0027553171357413,0.27397229313012,-0.002760252599008423
7148,28.8910099,0.16870352549777187,0.28832067542540185,-0.017652110325478337,-0.25157651641198675,2.8634323950423446,0.18885305413435116,0.5519366440403748,0,0.004574600000000001,1,Shared Control,0.01,Good Visuals,0.3695924957166282,0.02508926306143829,0.0,5.427116397519827,0.9990840222471427,-0.9542404893784785,0.27423110740466944,0.01256215735815778,3.2215196829098556,0.00047144185474323194,29.726482233696135,1.0027557287855486,0.2729541730458065,-0.002750021825927922
7149,28.897466900000005,0.17090264035528474,0.31733017955444204,-0.01795041377906642,-0.23460646448593275,2.799390029685428,0.19247099568515125,0.5686309268362096,0,0.006457,1,Shared Control,0.01,Good Visuals,0.35045673699601493,0.025233252445819573,0.0,5.42710171928154,0.9990836951824541,-0.9359215659179462,0.2925500308652018,-0.019148208546599,2.795486422857056,0.00048302381018663746,29.72639734610952,1.0027564878911375,0.27452357249253956,-0.0027658044317693453
7150,28.904005400000003,0.17215927741672066,0.32986074954645594,-0.02031171826843059,-0.2387701772897537,2.776623138271963,0.19624327794828939,0.5851763261024081,0,0.0065385,1,Shared Control,0.01,Good Visuals,0.3318063482765263,0.025402984606853467,0.0,5.426932660706166,0.9990801488753308,-0.9276095690629149,0.300862027720233,-0.04092981519853835,2.3864475610195846,0.00045294732239410115,29.72547642750746,1.0027658044317693,0.2763658853116342,-0.002784408690741086
7151,28.908056600000002,0.17388715337619504,0.3424939025548105,-0.02235612457209435,-0.24268242354759761,2.7589538935185445,0.19863438673952677,0.5952450100781443,0,0.0040512000000000005,1,Shared Control,0.01,Good Visuals,0.3487723142687751,0.02558998637857298,0.0,5.426594761753217,0.999073054343874,-0.9144998710420843,0.3139717257410636,-0.02815176003046567,2.653677588120033,0.0005159782665116866,29.723634114688366,1.0027844086907411,0.27838781947345614,-0.002804905863274872
7152,28.912337900000004,0.17514379043763095,0.35039533352985774,-0.023490596301895816,-0.2448496765482866,2.7286391667179433,0.20120531617817816,0.6057328965119967,0,0.0042813,1,Shared Control,0.01,Good Visuals,0.36376490240567527,0.025684265742725004,0.0,5.426223200803227,0.9990652682145178,-0.9043625207844694,0.3241090759986784,-0.01775041244228146,2.8193765317651645,0.0005720929232775751,29.721612180526545,1.0028049058632749,0.27939679884428276,-0.0028152397781657868
7153,28.9160161,0.17671458676442586,0.3607750718674746,-0.0244907294137523,-0.2449578246445221,2.718351946719985,0.20344969850227068,0.6146176225493912,0,0.0036782000000000004,1,Shared Control,0.01,Good Visuals,0.3720806971176608,0.025744186606425405,0.0,5.426036827881058,0.9990613829806153,-0.8945028450614463,0.3339687517217015,-0.01127674736069343,2.8770574038585055,0.0006033387178729654,29.72060320115572,1.0028152397781658,0.28004057240463953,-0.0028218076746640234
7154,28.919499800000004,0.17781414419318228,0.3738580330084562,-0.0256355543090884,-0.24075958954093502,2.7187381561156805,0.2056053425820382,0.622925035094261,0,0.0034837,1,Shared Control,0.01,Good Visuals,0.37761198894954673,0.02580060573132375,0.0,5.425918146181562,0.9990589039782215,-0.8841214458945493,0.3443501508885984,-0.009755548718157824,2.901534186784681,0.0006304939081551107,29.71995942759536,1.002821807674664,0.28064962089623435,-0.002827991747288646
7155,28.924165000000002,0.18111281647945157,0.39014538489513384,-0.02449252610258662,-0.23277965019912716,2.678414818261355,0.20853705239957382,0.6338856486454332,0,0.0046652,1,Shared Control,0.01,Good Visuals,0.3842529894198912,0.025947719907994687,0.0,5.425626656878093,0.9990527928913153,-0.8630481163057686,0.36542348047737905,-0.009795508848214268,2.8327310684793994,0.0006748008606960542,29.718372495738514,1.0028378803879634,0.2822385658044685,-0.0028441168600812296
7156,28.9302463,0.182212373908208,0.4055490528924496,-0.026324678491365827,-0.2283365957529836,2.6758540041496337,0.21243464641567367,0.6478900627802582,0,0.0060813,1,Shared Control,0.01,Good Visuals,0.3654431548123639,0.026107944957011187,0.0,5.425513984842757,0.9990504398460767,-0.8557396302994189,0.3727319664837288,-0.032596209835457385,2.416747464154538,0.0006355252071491664,29.71776143419553,1.0028441168600812,0.2839796657494166,-0.0028616790491649328
7157,28.933492900000005,0.1836260906023234,0.4094609766455003,-0.02880855581335026,-0.23842908613475788,2.617079067685698,0.21455003406687784,0.6552349520974562,0,0.0032466,1,Shared Control,0.01,Good Visuals,0.37093475512504537,0.026317437897835486,0.0,5.425194831356226,0.999043734905084,-0.8467121067179458,0.3817594900652019,-0.033287664238878,2.510644264391653,0.0006872832570635952,29.716020334250583,1.002861679049165,0.28624706365325747,-0.00288464146771959
7158,28.937038700000002,0.18535396656179778,0.4123670688242469,-0.029196067505080053,-0.2428678832732093,2.568669378204082,0.2168874344294144,0.663151865481199,0,0.0035458000000000004,1,Shared Control,0.01,Good Visuals,0.3944790334042123,0.02637157927856153,0.0,5.424778373394078,0.9990350033242409,-0.8370401027322579,0.3914314940508898,-0.008333013108033447,2.8382791870434345,0.0007581673785441729,29.713752936346744,1.0028846414677195,0.2868154060788215,-0.00289057587792199
7159,28.9412741,0.18723892215395166,0.4249833095646156,-0.02964851227546275,-0.23816855591658337,2.565865197262035,0.219715925065747,0.6724647872846612,0,0.0042354,1,Shared Control,0.01,Good Visuals,0.4010120855862259,0.02637769821674821,0.0,5.424672362400394,0.9990328150045961,-0.8240378390386711,0.4044337577444766,-0.0006926344712635512,2.8381166248852594,0.0007699464088324528,29.713184593921177,1.002890575877922,0.2868765239634782,-0.0028912465717372553
7160,28.944898200000004,0.18896679811342607,0.4394206068339156,-0.030749126952320932,-0.2330441804507456,2.5721711021766707,0.22216725384771757,0.680309213622985,0,0.0036241000000000003,1,Shared Control,0.01,Good Visuals,0.398771265205782,0.026432305338304214,0.0,5.424660666994021,0.9990325797395596,-0.814853806979535,0.41361778980361275,-0.00816217525602431,2.6938175165389144,0.0007820595093777112,29.71312347603652,1.0028912465717372,0.2874712409788473,-0.002897232031563731
7161,28.948424200000005,0.19038051480754145,0.44945343264397986,-0.03178673904017612,-0.23085578097900517,2.5714677777191737,0.22457931721162858,0.6878311287482377,0,0.003526,1,Shared Control,0.01,Good Visuals,0.3996184261870507,0.026532497726811932,0.0,5.424551773320026,0.9990302894476364,-0.8052465536827319,0.4232250431004159,-0.013654779831375509,2.670684484697735,0.0008127703124900266,29.712528759021154,1.0028972320315637,0.2885577886247977,-0.002908214070155831
7162,28.952134,0.19226547039969535,0.4567478577336114,-0.03231384681193322,-0.23108327101462633,2.571653589129236,0.22714553231487802,0.6956277541186741,0,0.0037098,1,Shared Control,0.01,Good Visuals,0.40305342597485594,0.026636033114494903,0.0,5.4243524015175915,0.999026105163197,-0.7961494690430048,0.432322127740143,-0.014360017710792535,2.662847126928873,0.0008433815813262371,29.711442211375203,1.0029082140701557,0.2896759386431015,-0.0029195625332488623
7163,28.955750600000002,0.19383626672649024,0.4663710704853531,-0.03330926558838779,-0.22925668363332097,2.588257116620418,0.22967490896892553,0.7031125853386193,0,0.0036166,1,Shared Control,0.01,Good Visuals,0.40613227410312225,0.026750248859970092,0.0,5.424146804205025,0.9990217992543124,-0.7864876371901155,0.44198395959303227,-0.014524652087164013,2.635739927677999,0.0008607126937393688,29.7103240613569,1.0029195625332488,0.2909101295450621,-0.0029320816651242083
7164,28.959352700000004,0.19572122231864408,0.4721338643681818,-0.03395368665028145,-0.23097872097043753,2.587304570098801,0.2322208464724603,0.7104536200755193,0,0.0036021000000000004,1,Shared Control,0.01,Good Visuals,0.4096981245869783,0.026887402423717573,0.0,5.423919934362357,0.9990170464537919,-0.7762410919874994,0.45223050479564836,-0.015889726748635653,2.6269151419310135,0.0008910311438322115,29.70908987045494,1.0029320816651242,0.2923931683875439,-0.0029471150000167376
7165,28.963084000000002,0.197606177910798,0.4784077001654776,-0.034614668561662315,-0.23204591991004164,2.5902016890482544,0.23488576359377242,0.7179382188009498,0,0.0037313000000000003,1,Shared Control,0.01,Good Visuals,0.4149031851971774,0.026989531813386865,0.0,5.423647412071235,0.999011335315317,-0.7673041334551082,0.4611674633280395,-0.013251858641844305,2.6136807335978496,0.0009129264367349245,29.707606831612456,1.0029471150000167,0.2934918435728857,-0.0029583093523566804
7166,28.966414300000004,0.19933405387027237,0.49139983581359115,-0.03555170972350005,-0.22653838298735862,2.6156656045396955,0.23728769243141165,0.7245155587938649,0,0.0033303,1,Shared Control,0.01,Good Visuals,0.4195462737030685,0.027084803161654035,0.0,5.423445000520214,0.9990071044452143,-0.7579441087462317,0.47052748803691585,-0.011573320622651512,2.611322594821,0.0009342336983548272,29.706508156427113,1.0029583093523566,0.2945194671565989,-0.0029687519981402063
7167,28.9699922,0.20121900946242624,0.5033576438856877,-0.03606868296898541,-0.22115791490817716,2.629496212768832,0.23989241798683109,0.7314738078005599,0,0.0035779,1,Shared Control,0.01,Good Visuals,0.4191185781668999,0.02723669396715333,0.0,5.423255931086594,0.9990031471235852,-0.7491515809076479,0.47932001587549977,-0.01867653670217493,2.5561160063329,0.0009629110599212608,29.705480532843403,1.0029687519981403,0.29616496169936984,-0.0029854006748772617
7168,28.974308400000005,0.2035752039526186,0.5188453504727173,-0.03631721403421248,-0.21262845732784263,2.6605900006771117,0.24306745766866086,0.7397189680300948,0,0.0043162,1,Shared Control,0.01,Good Visuals,0.4165348544299193,0.027494377628166543,0.0,5.422953841766335,0.9989968102545124,-0.7393493571197545,0.48912223966339324,-0.026922875609172756,2.462127948330516,0.0009823916798245309,29.70383503830063,1.0029854006748773,0.2989574223724405,-0.0030136452546497346
7169,28.977324000000003,0.2051460002794135,0.5315445550664015,-0.037921457389247376,-0.20817441296369332,2.6772466163625053,0.24530671445195246,0.7453830565297251,0,0.0030156000000000002,1,Shared Control,0.01,Good Visuals,0.4093408240823786,0.027861950417518624,0.0,5.4224412658844,0.9989860562916025,-0.7311128186445442,0.49735877813860346,-0.04211758240492291,2.2925761892755334,0.0009985191970595876,29.70104257762756,1.0030136452546496,0.3029358676650244,-0.0030539347279140592
7170,28.981018,0.20718803550424683,0.5326801529351188,-0.038118678947705625,-0.2127029035946063,2.6563072195869264,0.24807281141991488,0.7522132263169942,0,0.0036940000000000002,1,Shared Control,0.01,Good Visuals,0.4135593118630383,0.02824137288660552,0.0,5.421710548468611,0.9989707349803942,-0.7231410116709305,0.5053305851122172,-0.043807486935262506,2.338527669809544,0.0010565657655392557,29.697064132334976,1.0030539347279142,0.30703067370760945,-0.0030955230387656497
7171,28.9845417,0.20891591146372124,0.5323150536783643,-0.03915689995619365,-0.21989817263862987,2.645515291194519,0.25073470061024705,0.7586176812230143,0,0.0035237000000000003,1,Shared Control,0.01,Good Visuals,0.4191203551934275,0.028587690310675977,0.0,5.420957366509391,0.9989549656323747,-0.714800649462217,0.5136709473209307,-0.03798080679960165,2.331794399662686,0.0010765238261069543,29.692969326292392,1.0030955230387657,0.3107625567995953,-0.003133482721860395
7172,28.9880403,0.21127210595391357,0.5393394099239164,-0.03946259465633348,-0.21927827129909794,2.659600497057385,0.2533997679473605,0.7648695992114973,0,0.0034986,1,Shared Control,0.01,Good Visuals,0.4319061977193818,0.028815571050132688,0.0,5.4202704193521,0.9989405939006284,-0.7062130686307609,0.5222585281523867,-0.024836663551334095,2.4435410970453018,0.0011194053294737857,29.689237443200405,1.0031334827218603,0.3132067118944911,-0.0031584606180098335
7173,28.9917618,0.2136283004441059,0.5551698155156606,-0.03977146750325461,-0.20969978369583675,2.701940922366478,0.2562584246371801,0.7714030844121171,0,0.0037215000000000004,1,Shared Control,0.01,Good Visuals,0.43292404080204894,0.029142752428353156,0.0,5.419819452994012,0.9989311814632876,-0.6955146309656975,0.5329569658174501,-0.027705752649833534,2.3842123518148135,0.0011371372001421638,29.68679328810551,1.0031584606180097,0.3167462130690541,-0.003194322808499054
7174,28.995811200000006,0.21567033566893928,0.568202890012079,-0.04058808896824084,-0.20320019440003811,2.7393059320814483,0.2593963098021199,0.7783757542903066,0,0.0040494,1,Shared Control,0.01,Good Visuals,0.42500110576218586,0.02954619469011544,0.0,5.419169195959885,0.9989175501213817,-0.6880030510915542,0.5404685456915934,-0.0442512130493874,2.1938025333362337,0.001159050031159642,29.683253786930948,1.003194322808499,0.32110463386568044,-0.00323854391705179
7175,28.999456600000002,0.2173982116284137,0.5682959415359039,-0.04199809817370623,-0.21007981275440268,2.7406634842572277,0.2622450555163149,0.7845313654919301,0,0.0036454,1,Shared Control,0.01,Good Visuals,0.4228980293479814,0.030075179191915463,0.0,5.418367933098149,0.9989007649133057,-0.6802593794185009,0.5482122173646468,-0.05355657671659214,2.1357728640133997,0.0011992235787553706,29.67889536613432,1.0032385439170517,0.3268212894347367,-0.0032965256489968604
7176,29.003079900000003,0.21991148575128552,0.569351163216966,-0.04233356976502936,-0.21518020227496415,2.7615796278036133,0.26509856036271356,0.7905359194679016,0,0.0036233000000000003,1,Shared Control,0.01,Good Visuals,0.4373612781099755,0.030453351569972177,0.0,5.417317153564073,0.9988787485345425,-0.6724696291715526,0.556001967611595,-0.039546143254661416,2.289688794258915,0.0012631003282938724,29.673178710565264,1.003296525648997,0.3308783343088997,-0.0033379769379834013
7177,29.007539900000005,0.2241526358336317,0.6139101065385189,-0.040945924529081856,-0.17662581292938273,2.942165278302665,0.26864055008377535,0.7977717521953595,0,0.00446,1,Shared Control,0.01,Good Visuals,0.43082008499508095,0.03137558474723894,0.0,5.415793151018866,0.9988468966223172,-0.6570605950770054,0.5714110017061422,-0.0617120702104551,2.0757441272037505,0.0013162433829199292,29.664908121162036,1.0033808282917136,0.3408317812848485,-0.003439062464484038
7178,29.013331200000003,0.22807962665061898,0.6166139008079616,-0.04056092343315637,-0.18115785138739782,2.9636762939495624,0.27328729289956843,0.8069125348657294,0,0.0057913,1,Shared Control,0.01,Good Visuals,0.4081279504392068,0.03331967237806646,0.0,5.41293566793634,0.9987870021034142,-0.6462884332727793,0.5821831635103684,-0.10113948020102682,1.7064516169207073,0.001375323241409076,29.649357015914877,1.0035384515790584,0.3618246866857601,-0.0036521529567476118
7179,29.0199001,0.23059290077349082,0.6177237553270556,-0.04269439212607762,-0.18918877953867386,2.989093944177479,0.2786209354796669,0.8169334887480498,0,0.006568900000000001,1,Shared Control,0.01,Good Visuals,0.4004005033582144,0.03433835538898271,0.0,5.410877744494467,0.9987439355895941,-0.6413207811369055,0.5871508156462422,-0.10836150911269976,1.4503670362540646,0.001351476680144609,29.63817531331424,1.0036521529567477,0.3727804085643965,-0.00376381030223686
7180,29.024310900000003,0.23294909526368315,0.6291758316707348,-0.04567184021598372,-0.18775765707731507,3.0428597808425377,0.2822387114091358,0.8234561054174434,0,0.0044108,1,Shared Control,0.01,Good Visuals,0.4198711151715075,0.035383711736270404,0.0,5.408859116142474,0.9987017389347207,-0.6344012598588747,0.5940703369242729,-0.09115138632466677,1.7378308958562294,0.0014660552099418382,29.627219591435605,1.0037638103022368,0.3840230306316027,-0.0038783912990510666
7181,29.027355300000004,0.235148210121196,0.6348992228295423,-0.04709050128793982,-0.18855688258790115,3.0629936736333656,0.2847523675877087,0.8278619086518255,0,0.0030444,1,Shared Control,0.01,Good Visuals,0.43444370917697817,0.03631007778293295,0.0,5.406787635844093,0.9986584361443062,-0.6272968524158078,0.6011747443673399,-0.08394617572830335,1.9841388155803261,0.0016160392286673699,29.615976969368397,1.003878391299051,0.393960180975201,-0.003979929827340327
7182,29.0309824,0.23766148424406783,0.6381767093175543,-0.047090883343640894,-0.1896851993342712,3.0807304788587713,0.2877644731460643,0.8330087681045155,0,0.0036271000000000003,1,Shared Control,0.01,Good Visuals,0.44281871285007157,0.03717145632991332,0.0,5.404954319466413,0.998620161320299,-0.620185645073543,0.6082859517096046,-0.0790970276152374,2.0741453528554166,0.0017098597646023992,29.606039819024797,1.0039799298273404,0.4032017640681309,-0.004074345107644949
7183,29.034534800000003,0.23954643983622173,0.6430750688603318,-0.04821803330984256,-0.18993369924418368,3.1019997692273322,0.2907324477429014,0.8379422485929651,0,0.0035524000000000003,1,Shared Control,0.01,Good Visuals,0.4438605031162043,0.03809166785302394,0.0,5.40324947895603,0.9985845647993832,-0.6129665014984826,0.615505095284665,-0.08071942469710226,2.010623471678145,0.0017504367137451899,29.596798235931868,1.004074345107645,0.4130885441186607,-0.004175209041624504
7184,29.038053000000005,0.24221679359177303,0.6439211749766256,-0.04851565415112838,-0.19402107361633947,3.100412046070554,0.2936889379140898,0.8427238754253064,0,0.0035182000000000004,1,Shared Control,0.01,Good Visuals,0.45010381016556095,0.0389654744540026,0.0,5.40142691663966,0.9985464819200981,-0.6058544840689778,0.6226171127141699,-0.07770231143472466,2.0556746045914074,0.0018367053093645673,29.58691145588134,1.0041752090416245,0.422456633270395,-0.004270986554835905
7185,29.041705800000003,0.24473006771464487,0.6476672427470502,-0.04895887019944492,-0.19505663267825613,3.122378468773176,0.29677614089770266,0.8475789590905682,0,0.0036528000000000003,1,Shared Control,0.01,Good Visuals,0.45570194562234656,0.040038660145807106,0.0,5.399698118279878,0.99851039675448,-0.5965763948076727,0.631895201975475,-0.0728832827335495,2.057590983168879,0.001890435482445018,29.577543366729603,1.0042709865548358,0.4339964500017959,-0.004388617912461232
7186,29.045861800000004,0.2477145807355552,0.660290183295642,-0.049061560162147466,-0.1872887757949262,3.1936746943003618,0.30030992671375656,0.8529677785404897,0,0.004156,1,Shared Control,0.01,Good Visuals,0.45901641814967886,0.04086053112501799,0.0,5.3975717198193145,0.9984659442373365,-0.5896664684106879,0.6388051283724597,-0.07259189782151029,2.010335853888246,0.0019602475650382584,29.566003549998204,1.0043886179124613,0.44276487751820653,-0.00447870278762843
7187,29.049496500000004,0.24975661596038853,0.6804616563162815,-0.050553310753368025,-0.17250612222420814,3.2940353370568367,0.30341859345330985,0.8575632934797539,0,0.0036347000000000003,1,Shared Control,0.01,Good Visuals,0.45172884587819584,0.04191557194191759,0.0,5.395949627919121,0.9984321686254007,-0.582981322388137,0.6454902743950106,-0.08880756625415114,1.862728418889036,0.0020046814060473692,29.557235122481792,1.0044787027876285,0.4541055448192328,-0.004594345294409672
7188,29.0530636,0.25242696971593986,0.6931300613021167,-0.050991623737369984,-0.16443323217763717,3.359505764490033,0.3064854934376781,0.8619673238748249,0,0.0035671,1,Shared Control,0.01,Good Visuals,0.4449055842887905,0.043188110954601344,0.0,5.393859567847444,0.9983884813753133,-0.576863458156619,0.6516081386265287,-0.10842436614432653,1.7868637862953585,0.0021189709337849135,29.54589445518077,1.0045943452944097,0.4677664239072939,-0.00473382767181771
7189,29.057471800000002,0.25729643832900406,0.7022201641433942,-0.04918905510867405,-0.15974715973143072,3.4796759056794557,0.310296953749103,0.8672653791713159,0,0.0044082,1,Shared Control,0.01,Good Visuals,0.44189064568586145,0.04618277808540197,0.0,5.387985698743328,0.9982657535713487,-0.5652139528820413,0.6632576439011063,-0.12457225864905504,1.6644575140513802,0.0023134546054041265,29.514037187164078,1.0049194955357528,0.49979714469645065,-0.005062071668101058
7190,29.0632297,0.2591813939211579,0.7055102931042985,-0.05111555982794508,-0.16175508606701738,3.5431492550578763,0.31530994520361105,0.8739464815539559,0,0.005757900000000001,1,Shared Control,0.01,Good Visuals,0.4243654484851612,0.04770057105261823,0.0,5.385422482267666,0.9982124595485389,-0.5612340087934098,0.6672375879897379,-0.1481559015127067,1.301315749617964,0.002271687216314502,29.50020285530355,1.0050620716681011,0.5160508000062989,-0.005228436211247003
7191,29.0665141,0.2615375884113503,0.6976346119884416,-0.05377235679226078,-0.17631186956551437,3.5427621831766505,0.3181864192785773,0.8776368616423754,0,0.0032844000000000003,1,Shared Control,0.01,Good Visuals,0.4365812959884894,0.04944408486285473,0.0,5.382421392998693,0.99814983986692,-0.5559307191824842,0.6725408776006635,-0.14080604340081374,1.489604407315769,0.0024382413934672525,29.483949199993702,1.005228436211247,0.5347025177740695,-0.005419541905352721
7192,29.069988000000002,0.26436502179958105,0.6927061514511392,-0.05382139747899628,-0.1849307101912362,3.5445221467180064,0.32124188523604374,0.8814453181621245,0,0.0034739000000000003,1,Shared Control,0.01,Good Visuals,0.46521319916526177,0.05081288189129208,0.0,5.378975777284313,0.9980779792412842,-0.5495026278266156,0.678968968956532,-0.10980796446389841,1.8772534769781277,0.002658724972512245,29.46529748222593,1.0054195419053527,0.5492244707006361,-0.005569575076683828
7193,29.074392000000003,0.2670353755551324,0.6991298853144551,-0.05420650968091134,-0.18231543284766938,3.5851834109347727,0.32513415192969186,0.8861339780360002,0,0.004404,1,Shared Control,0.01,Good Visuals,0.47392392682812373,0.05247855622037319,0.0,5.376281872972075,0.9980220321055014,-0.5407847579451366,0.6876868388380111,-0.10009773216033985,1.9031741614772844,0.0027348203133245232,29.450775529299364,1.0055695750766838,0.5670330199176515,-0.005752148823415403
7194,29.0779585,0.27017696820872217,0.7096957450695274,-0.05495718372096969,-0.17643823296647287,3.648005893108261,0.32830114723171566,0.8898173183785959,0,0.0035665000000000002,1,Shared Control,0.01,Good Visuals,0.4731934029731877,0.05379778163505312,0.0,5.3729910989288845,0.9979534157465841,-0.5346195597337147,0.693852037049433,-0.10575050284598086,1.8097804882938737,0.002844679365799909,29.432966980082348,1.0057521488234153,0.5810042050433732,-0.005896748474461536
7195,29.0814514,0.2722190034335556,0.7247563422385059,-0.05608214379816007,-0.16506097614008997,3.7369190741074236,0.33141534703186104,0.8933265534520838,0,0.0034929,1,Shared Control,0.01,Good Visuals,0.4712095394968694,0.055335303601336996,0.0,5.370397089151346,0.9978995881650813,-0.5283277968880488,0.7001437998950989,-0.11537417050649773,1.7562982485668641,0.0029565745690982234,29.418995794956626,1.0058967484744616,0.5974071026005046,-0.006065275503524537
7196,29.084975200000002,0.2752035164544659,0.7331062248671072,-0.05621183057739515,-0.1602203285849766,3.7945001009400534,0.3345693451066985,0.896768956208977,0,0.0035238,1,Shared Control,0.01,Good Visuals,0.46571706101792465,0.057052526971217814,0.0,5.367362815713826,0.9978363852057782,-0.5225690980840103,0.7059024986991373,-0.13114497639831824,1.6755990467989035,0.003103322453685026,29.402592897399494,1.0060652755035246,0.6156982144494509,-0.006253499515349898
7197,29.088588300000005,0.2772455516792992,0.7317550078696271,-0.057323793427399294,-0.1650139483393499,3.8234829999229576,0.33781568490049946,0.9001970348335455,0,0.0036131,1,Shared Control,0.01,Good Visuals,0.4613813249704738,0.059052988134056,0.0,5.363976598239638,0.997765905369044,-0.5167887984949133,0.7116827982882343,-0.1420266937977967,1.5695393692562756,0.003207026980118363,29.384301785550548,1.0062534995153498,0.63700494822196,-0.006472769082824025
7198,29.0924987,0.2802300647002095,0.7189402089411879,-0.057585620200289955,-0.1812568258923576,3.8084138217992867,0.34134288306744587,0.9037919333830712,0,0.0039104000000000005,1,Shared Control,0.01,Good Visuals,0.47188911162490554,0.06106483313893148,0.0,5.360032018320973,0.9976838024859817,-0.5103060663658707,0.7181655304172769,-0.13294738924961277,1.6680987389142885,0.003385141293067288,29.36299505177804,1.0064727690828241,0.6583478354824863,-0.006693286427643737
7199,29.096019400000003,0.28321457772111985,0.7195320437242527,-0.058128305346326015,-0.18425988965881845,3.832386804911763,0.34453040975457433,0.9069266316086475,0,0.0035207000000000003,1,Shared Control,0.01,Good Visuals,0.4892548714164213,0.0625418789016147,0.0,5.356072886945702,0.9976015606224939,-0.5041718552885777,0.72429974149457,-0.11100333775284452,1.7934192133355848,0.0035164562887325885,29.341652164517512,1.0066932864276437,0.6738692103837041,-0.0068551846896742485
7200,29.099505300000004,0.28557077221131216,0.739535724522898,-0.05895963754326217,-0.16739090708574955,3.8929045160778157,0.34769713722665385,0.9099356904040976,0,0.0034859,1,Shared Control,0.01,Good Visuals,0.4949782090881002,0.06404994991972147,0.0,5.353179889822559,0.997541755935193,-0.49769324007959503,0.7307783567035526,-0.10736159701126216,1.8091636997996683,0.0036354534337260038,29.326130789616297,1.0068551846896743,0.6898442037935089,-0.007020483614743802
7201,29.103044700000005,0.28855528523222246,0.7546604530568375,-0.059141851994431394,-0.15527523734726012,3.908119656887463,0.35092302924534063,0.9128950755133185,0,0.0035394000000000003,1,Shared Control,0.01,Good Visuals,0.4824158151911103,0.06583627015397797,0.0,5.350214376125985,0.9974801959250883,-0.49210291902018777,0.7363686777629599,-0.1303583296177048,1.6323058454237485,0.0037763618319308716,29.31015579620649,1.0070204836147438,0.7088107325644417,-0.007216281300003531
7202,29.1074974,0.29405307237600464,0.7891532820568252,-0.05686995686933599,-0.12374179345649328,3.989715113134397,0.35499591846921824,0.9164817064832091,0,0.0044527,1,Shared Control,0.01,Good Visuals,0.4567078879900993,0.07028869821930699,0.0,5.341993161801847,0.9973092429348832,-0.4826297939156123,0.7458418028675354,-0.17109675502914592,1.2305815620905642,0.00404065612205637,29.26579723897701,1.0074780198734208,0.7559039915763479,-0.007704309757756363
7203,29.113399800000003,0.2986083817237098,0.7831333780442353,-0.05638753674550845,-0.13334832843897382,3.9286950320721212,0.36041883467247426,0.921003481175438,0,0.0059024,1,Shared Control,0.01,Good Visuals,0.4381757874136082,0.07512900113493529,0.0,5.333009945586764,0.9971230654280651,-0.47757817774493694,0.7508934190382107,-0.19808743198171466,0.9389848333888571,0.004276580370066673,29.217487997930235,1.0079796408605919,0.8069717873207516,-0.008234852987722294
7204,29.1192992,0.30332077070409447,0.7776006339488246,-0.0570980639683798,-0.14340284722661334,3.867993192529135,0.36586488729962274,0.9252602408421883,0,0.0058994,1,Shared Control,0.01,Good Visuals,0.4590462844656608,0.079542650796441,0.0,5.3238708709951466,0.9969340579365182,-0.4718740537276963,0.7565975430554512,-0.16956491482042538,1.1404058519809226,0.004605718207910979,29.168445213343954,1.0084910741169761,0.8532766364495469,-0.008718630963640422
7205,29.1255369,0.3067765226230433,0.7843205769964026,-0.05908836467657946,-0.1409396638457857,3.8419501056587295,0.3716496885170621,0.929478120972504,0,0.0062377000000000005,1,Shared Control,0.01,Good Visuals,0.4467022480327201,0.08232632651475537,0.0,5.319813829085787,0.9968503449154585,-0.46850097822737324,0.7599706185557743,-0.18065818289347266,0.8545922220225659,0.004541731363389685,29.146723363550453,1.0087186309636405,0.8826990846194691,-0.009023748294624765
7206,29.1292062,0.3089756374805562,0.7952050791799115,-0.06267405103650592,-0.13427304179259258,3.804149743061941,0.3750645578074198,0.9318245259360429,0,0.0036693000000000003,1,Shared Control,0.01,Good Visuals,0.45449581741625916,0.0844631315352374,0.0,5.314346587366352,0.9967369327482692,-0.46548605793758835,0.7629855388455592,-0.17411921510537137,0.9929586304992659,0.004864528003587019,29.117300915380532,1.0090237482946247,0.9048667302538672,-0.009257962445502303
7207,29.132510700000005,0.3113318319707485,0.7863291815061868,-0.06373272583667133,-0.14549534442985612,3.6660543382980935,0.37814714529320836,0.9338528308085864,0,0.0033045,1,Shared Control,0.01,Good Visuals,0.46663446076131854,0.08697538597675897,0.0,5.310188598681912,0.9966515074617095,-0.46099999253379215,0.7674716042493553,-0.16356198106437164,1.2538263796629856,0.005293646616542582,29.095133269746132,1.0092579624455023,0.9312761237252946,-0.009533329423382466
7208,29.1360483,0.31478758388969724,0.7767062768399011,-0.06335956140351112,-0.15714655396868527,3.5432110966545087,0.3814544540405938,0.9359356213358241,0,0.0035376,1,Shared Control,0.01,Good Visuals,0.48311253354472594,0.08900210990944098,0.0,5.3052679870583,0.9965497109453694,-0.45615972654593306,0.7723118702372144,-0.1368815110050562,1.4225198342029808,0.005543178428995448,29.068723876274706,1.0095333294233824,0.9522814645347353,-0.00975547764018571
7209,29.140872,0.3201282914007999,0.7925518840696784,-0.0613261626397939,-0.14338373726614573,3.445134718595689,0.3859756903341224,0.9386289117635396,0,0.0048237,1,Shared Control,0.01,Good Visuals,0.4900818713685726,0.09265209255635641,0.0,5.297507084496796,0.996390088865878,-0.4462121502278313,0.7822594465553162,-0.12168407998582702,1.388847051464495,0.0058497147194258164,29.027306379267863,1.0099701077060714,0.9902346436765737,-0.010155550448968329
7210,29.146312100000003,0.3227986451563512,0.8000597100010185,-0.06317704517777117,-0.13856920176252108,3.427030991023241,0.39108973563973054,0.9414647687691542,0,0.005440100000000001,1,Shared Control,0.01,Good Visuals,0.46753040412144325,0.09481864912061999,0.0,5.294216178209,0.9963224871256009,-0.44280205454337374,0.7856695422397737,-0.1442587746522763,0.9515837940778882,0.005681997297028351,29.009765356323427,1.0101555504489683,1.012971428561677,-0.010393025651976171
7211,29.150035800000005,0.32594023780994097,0.813093453986947,-0.06514949782978957,-0.1283713147822072,3.4387500656538266,0.39459888511707253,0.9432836049977269,0,0.0037237000000000004,1,Shared Control,0.01,Good Visuals,0.4722525529230359,0.09691349664601227,0.0,5.289976532467944,0.9962348399649736,-0.4392259917733179,0.7892456050098295,-0.1413052857977976,1.042583897975466,0.0059903620791886426,28.987028571438323,1.0103930256519762,1.0347324717057882,-0.010622640862383617
7212,29.153474000000003,0.3282964323001334,0.8171609770867898,-0.06630245281693914,-0.1261226279109371,3.410463168407692,0.397844843202043,0.9448753405804488,0,0.0034382,1,Shared Control,0.01,Good Visuals,0.47225081060736174,0.09926638922297787,0.0,5.285898013533992,0.996150967707189,-0.4353281534429773,0.7931434433401701,-0.14660225703203664,1.085083884622394,0.006313865639416695,28.965267528294213,1.0106226408623835,1.0592778352382295,-0.010880540264405679
7213,29.157876200000004,0.33253758238247955,0.8136082315431855,-0.06530726081956345,-0.13126710903726324,3.347936401659512,0.4020086407190765,0.9467912662953083,0,0.0044022,1,Shared Control,0.01,Good Visuals,0.47578888995987567,0.10213231151092153,0.0,5.281307556072365,0.9960563539823735,-0.43038453958804074,0.7980870571951066,-0.14310561698026794,1.1228850803926322,0.006581605087764406,28.94072216476177,1.0108805402644057,1.089215306058097,-0.011194672601571526
7214,29.161365700000005,0.3348937768726719,0.811151792086316,-0.06711486384640458,-0.13563947420899225,3.260958271684366,0.40531497446630266,0.9482131335459294,0,0.0034895000000000004,1,Shared Control,0.01,Good Visuals,0.47527662674567495,0.10437699510876149,0.0,5.27571258240304,0.9959409487757894,-0.4267833420061358,0.8016882547770116,-0.13989649477877378,1.004434100885538,0.006669981505948655,28.910784693941903,1.0111946726015715,1.1122206099253613,-0.011440711270433425
7215,29.165067400000005,0.3383495287916207,0.8131125958169245,-0.06696544567468193,-0.13510053772900488,3.171474443313927,0.4088276239945996,0.9496284348217279,0,0.0037017,1,Shared Control,0.01,Good Visuals,0.48886427549921196,0.10627550098280826,0.0,5.271371692021489,0.9958522981095678,-0.422743641633492,0.8057279551496555,-0.12093295235853019,1.1818555257727548,0.007005247815421364,28.887779390074638,1.0114407112704333,1.1317298169815018,-0.011648805568679494
7216,29.168567000000003,0.34070572328181303,0.8195931712376621,-0.06812190071278657,-0.1300352635840658,3.0993163581761327,0.4121531564550931,0.9508788839935235,0,0.0034996000000000003,1,Shared Control,0.01,Good Visuals,0.4872836026314472,0.10822920182055412,0.0,5.267695532166477,0.9957771146051175,-0.4187962693559747,0.8096753274271727,-0.11891381856707435,1.1012030010370237,0.007116786287613853,28.8682701830185,1.0116488055686794,1.151950525886868,-0.011862949759841193
7217,29.1722143,0.3441614752007618,0.8238567462565087,-0.0679916812543313,-0.12702213773701476,3.0180710827303483,0.415623537232279,0.9520920319070248,0,0.0036473,1,Shared Control,0.01,Good Visuals,0.4880628201324212,0.11015525839286124,0.0,5.263899150540346,0.9956991762737192,-0.41488139520177825,0.8135902015813692,-0.11656745473314434,1.105990381726265,0.0073727789406439264,28.848049474113132,1.0118629497598413,1.171826523115067,-0.012074063876618794
7218,29.175814100000004,0.3474601474870311,0.8370171818826699,-0.06816338974524794,-0.11507485002435491,2.979580562991337,0.41905289851999,0.9531997320356054,0,0.0035998000000000002,1,Shared Control,0.01,Good Visuals,0.4841133665714783,0.11228102768350291,0.0,5.2601620188112115,0.9956225701708828,-0.4110162809749572,0.8174553158081903,-0.118109907435861,1.0012989888399497,0.007489641217135925,28.828173476884935,1.0120740638766188,1.193839823685368,-0.012307068406558017
7219,29.179483000000005,0.35170129756937735,0.8490367770253315,-0.06735160095061266,-0.10416295501027384,2.9426919566314145,0.4225520249203402,0.9542375661253525,0,0.0036689,1,Shared Control,0.01,Good Visuals,0.47283019992131414,0.11573609380126751,0.0,5.256030364690483,0.9955377185876226,-0.40637460079472554,0.822096995988422,-0.13213596531274696,0.8321256664870935,0.007653455450987582,28.80616017631463,1.012307068406558,1.2300196900286318,-0.012685776510124452
7220,29.184960600000004,0.3548428902229671,0.8467733800425066,-0.06770913469737311,-0.10746418608284591,2.878296330687812,0.4277828271294007,0.9556169365978722,0,0.0054776,1,Shared Control,0.01,Good Visuals,0.45723089063247924,0.11813702108550848,0.0,5.249277899971698,0.9953982221845454,-0.4044454310031791,0.8240261657799685,-0.15041241199663977,0.5611640559504494,0.0077950112052856445,28.76998030997137,1.0126857765101245,1.2542244636562585,-0.012948940972865353
7221,29.1885616,0.3575132439785184,0.8413472796135288,-0.07026958315088228,-0.11426965698434333,2.829921405565367,0.43122546401145506,0.9564134567743365,0,0.003601,1,Shared Control,0.01,Good Visuals,0.4620719134577913,0.12054825744897886,0.0,5.24467305312882,0.9953049770213864,-0.4022677729014401,0.8262038238817074,-0.14180383213880976,0.5973551232311065,0.007998955473425102,28.745775536343743,1.0129489409728654,1.2790042772625754,-0.013213235408727292
7222,29.1924348,0.3617543940608646,0.8455716516062783,-0.06947106995059044,-0.1108418051680582,2.807519883753884,0.43493134820990276,0.957173151910764,0,0.0038732000000000003,1,Shared Control,0.01,Good Visuals,0.4819351883873624,0.12277580483805742,0.0,5.240004662270345,0.995209472594525,-0.398791291484683,0.8296803052984646,-0.1176517981727167,0.8872196347379351,0.008470875800504984,28.720995722737424,1.0132132354087273,1.3017654777844623,-0.013457395786146667
7223,29.196033900000003,0.364110588551057,0.8606575974952169,-0.07082075965884577,-0.09651555441554716,2.7887386316230223,0.43837744494912756,0.9577894249763149,0,0.0035991,1,Shared Control,0.01,Good Visuals,0.4740310678514857,0.1248640745647995,0.0,5.23570424275652,0.9951217592956556,-0.3963343971120519,0.8321371996710958,-0.12657816136704808,0.7120194669423121,0.008529366526144727,28.698234522215536,1.0134573957861466,1.3230937670504983,-0.013686290007268365
7224,29.199481,0.3667809423066083,0.8505197149005944,-0.07159650264251927,-0.1072697100757205,2.6449942186791926,0.4416799419398991,0.9582991174761083,0,0.0034471000000000003,1,Shared Control,0.01,Good Visuals,0.4665479035601887,0.1272611783883389,0.0,5.231673731711419,0.9950395682303359,-0.3940159904872588,0.8344556062958889,-0.13811630402271974,0.6528699909304354,0.008842968614777862,28.676906232949502,1.0136862900072683,1.3477733356066157,-0.013949035382355946
7225,29.203120900000002,0.3702366942255571,0.8321097995285185,-0.07144324771434202,-0.1261893179475898,2.5001912026098037,0.44516890593427283,0.9587521956903492,0,0.0036399,1,Shared Control,0.01,Good Visuals,0.4809643891929325,0.12917556546923867,0.0,5.227028883974567,0.9949444425046475,-0.3912566639894362,0.8372149327937115,-0.11286774808214214,0.801989913916942,0.009111455294770822,28.652226664393385,1.013949035382356,1.3670951503372142,-0.014158870411900533
7226,29.207673500000006,0.37604864063469823,0.8592644000528272,-0.0691202652995746,-0.09948779563752197,2.4358100707230212,0.4495347839563294,0.9591964691297815,0,0.0045526,1,Shared Control,0.01,Good Visuals,0.486857296086463,0.13220429078093457,0.0,5.2202717033197645,0.994807430654777,-0.38526330130973974,0.843208295473408,-0.09734920368902605,0.7521797476990217,0.009347775044872818,28.616663139529535,1.0143348599468516,1.3977626109432315,-0.014490847508697197
7227,29.213357000000002,0.3810751888804419,0.8499683244987766,-0.0684595950758875,-0.10922814463100494,2.2276478119278114,0.4549875134675149,0.959561352062566,0,0.0056835,1,Shared Control,0.01,Good Visuals,0.4706425239556371,0.13565383847688686,0.0,5.213910552215644,0.994677531664418,-0.3828240134098318,0.8456475833733159,-0.11032841157282322,0.49231198382806607,0.00949452108811429,28.582957767314795,1.0146957311191147,1.4329759236599073,-0.014868950740753801
7228,29.2193622,0.3864158963915445,0.8455798407143202,-0.06857161707597043,-0.11398151134824575,2.0587353637093124,0.46075046281048404,0.95971956692752,0,0.0060052000000000005,1,Shared Control,0.01,Good Visuals,0.4864211450867362,0.13838436777903868,0.0,5.207873275969819,0.9945549640948433,-0.38000101939177583,0.8484705773913719,-0.0799108581320705,0.6293011158297404,0.009775498995975034,28.551145395531005,1.0150401180750028,1.4605267347824729,-0.015168242719113836
7229,29.225575400000004,0.3898716483104933,0.8568986177390898,-0.07087881449999073,-0.10282094918843021,2.0173949852586333,0.4667132709413678,0.9596392569774848,0,0.0062132,1,Shared Control,0.01,Good Visuals,0.4703150804111642,0.14012737170986433,0.0,5.205642531335812,0.9945100111165012,-0.3787796268302695,0.8496919699528782,-0.09371827383129064,0.30974654126251266,0.0094892398766445,28.539473265217527,1.0151682427191138,1.4785416922566594,-0.015359292525587265
7230,29.229316100000005,0.39332740022944207,0.8734496322675032,-0.0733858707119257,-0.0861896247099816,1.99112458801515,0.4703027084490773,0.9594719986727593,0,0.0037407000000000004,1,Shared Control,0.01,Good Visuals,0.4709792854396643,0.14179883196066995,0.0,5.202259172527241,0.9944405627091423,-0.3773878932357199,0.8510837035474278,-0.09475958546070483,0.3854577063506275,0.009932061985794723,28.52145830774334,1.0153592925255872,1.4954554571874985,-0.015542500464362924
7231,29.233151900000003,0.39568359471963443,0.8793822927397518,-0.07461911372944285,-0.08008970593300757,1.923712096482847,0.4739825749704097,0.9592081762077895,0,0.0038358000000000003,1,Shared Control,0.01,Good Visuals,0.4672415518501738,0.14357742654352001,0.0,5.199048614986107,0.9943753978993893,-0.3759564161463462,0.8525151806368015,-0.10266961629655459,0.41911201562692124,0.010406030749367802,28.5045445428125,1.015542500464363,1.5135465186415744,-0.01573745134475895
7232,29.236474800000003,0.39913934663858325,0.867318586473988,-0.07484322833182644,-0.09188958973380157,1.8008170666184513,0.4771694423814191,0.9589043791703483,0,0.0033229,1,Shared Control,0.01,Good Visuals,0.46732648086543493,0.145443216198504,0.0,5.195623633425211,0.9943056868520523,-0.3743716550721846,0.854099941710963,-0.10100103025835465,0.442794376686658,0.010713620320231647,28.486453481358424,1.015737451344759,1.5324901519428045,-0.015941959634270357
7233,29.2410038,0.4052654523130833,0.8639953884194405,-0.07190399006833581,-0.09490899075090786,1.6614018872536698,0.4815111776643772,0.9583782900884111,0,0.004529,1,Shared Control,0.01,Good Visuals,0.48175470274301935,0.1483185474625798,0.0,5.188946681044351,0.9941703230222937,-0.3704387267097286,0.8580328700734191,-0.07209019466129335,0.5121759175573004,0.010966731743022652,28.451316823754343,1.0161189227963847,1.5612324607079544,-0.01625712328469796
7234,29.2472901,0.410292000558827,0.8440821286571853,-0.0712191771055502,-0.11429616143122578,1.4504871417962693,0.487532995470092,0.9574349360448527,0,0.006286300000000001,1,Shared Control,0.01,Good Visuals,0.48490328137887684,0.150451728002506,0.0,5.184098127403176,0.9940723536299859,-0.36846717322515027,0.8600044235579974,-0.05725857854145244,0.4467697870365912,0.011006351447242395,28.425881692286165,1.0163968018221585,1.5825487652636667,-0.01649094015803842
7235,29.253390500000002,0.41641810623332703,0.8460556005192426,-0.07111488923676496,-0.11137933552561019,1.3146691465512619,0.4933703382562196,0.956283888475717,0,0.006100400000000001,1,Shared Control,0.01,Good Visuals,0.505874272031847,0.15159820841252872,0.0,5.180998445558601,0.9940101078109044,-0.3652500661165273,0.8632215306666204,-0.02082915418430816,0.6553006068336513,0.011276782606110905,28.409715278214033,1.016575459117079,1.593842181063449,-0.016616605313800097
7236,29.2596025,0.41908845998887834,0.8655743949992316,-0.07428187826734128,-0.09070949347648538,1.300083394297241,0.4993065202297209,0.9548746533329596,0,0.0062120000000000005,1,Shared Control,0.01,Good Visuals,0.47910713155694495,0.15242274818184598,0.0,5.180300124801488,0.9939964307205891,-0.36463644600600753,0.8638351507771402,-0.04949711808270578,0.1802220719336889,0.01078088979974899,28.40615781893655,1.0166166053138002,1.6024238570213116,-0.016706982713742668
7237,29.2632926,0.4214446544790707,0.8643528813560073,-0.07786186575065018,-0.09052177197695233,1.1987738842520543,0.5028283763533987,0.9539247446668024,0,0.0036901000000000004,1,Shared Control,0.01,Good Visuals,0.4748450496663681,0.15334755067268058,0.0,5.178694286468768,0.9939633398845059,-0.3639018969614703,0.8645696998216775,-0.059295762447769004,0.24157234996456545,0.011322248025617498,28.39757614297869,1.0167069827137427,1.611795640322492,-0.01680834986144405
7238,29.266483700000002,0.4249004063980195,0.8536910008788411,-0.0779279699553792,-0.10023374378796135,1.0936704730449311,0.5058710437926689,0.953035739361902,0,0.0031911,1,Shared Control,0.01,Good Visuals,0.49305646813865817,0.15401616878254784,0.0,5.176916967245242,0.9939272317344131,-0.36192393976104,0.8665476570221078,-0.035024268322689185,0.5567789445264753,0.011939926403667282,28.38820435967751,1.016808349861444,1.618378815047412,-0.016881636764723873
7239,29.2701365,0.4275707601535708,0.8547761195780745,-0.07830028363909808,-0.09825961978382747,1.0416075976131125,0.5093503189355586,0.9519413990557233,0,0.0036528000000000003,1,Shared Control,0.01,Good Visuals,0.5029504102652356,0.15432302409713355,0.0,5.175650065157342,0.9939018909524465,-0.3597981952214063,0.8686734015617414,-0.016603532580198907,0.6174822923469572,0.012002167373529,28.38162118495259,1.0168816367647238,1.6212595352136991,-0.016915271025341502
7240,29.274351800000005,0.432126069501276,0.8619343383728355,-0.07722424943428258,-0.09000706068288777,0.9796094491373328,0.5133602000438109,0.9505770189795615,0,0.0042153,1,Shared Control,0.01,Good Visuals,0.5028697089132336,0.15468558896551565,0.0,5.175081826404731,0.9938908196984004,-0.35711069728086237,0.8713608995022853,-0.014668802772819045,0.5867002730028066,0.012083536558848924,28.3787404647863,1.0169152710253415,1.6249487919579133,-0.01695501158284309
7241,29.277977,0.43463934362414786,0.8684965127769125,-0.07872085641966303,-0.08208050620264895,0.8839459889163617,0.5168039718749188,0.9493168416174437,0,0.0036252000000000003,1,Shared Control,0.01,Good Visuals,0.4890438046199429,0.15520419100269633,0.0,5.174383639283982,0.9938766038186299,-0.3559768536143819,0.8724947431687657,-0.02851359129624192,0.3323203102319674,0.01194547850616189,28.375051208042088,1.0169550115828432,1.6302603942501177,-0.0170118552979305
7242,29.2814751,0.43809509554309667,0.8684892067495249,-0.07870887633182211,-0.08082763486791877,0.7559951282150509,0.520122539195248,0.9480249163630912,0,0.0034981,1,Shared Control,0.01,Good Visuals,0.4888292550200556,0.15570746036980296,0.0,5.173381732734923,0.9938561323186561,-0.35469544257671604,0.8737761542064316,-0.025860594891452475,0.35820619955437216,0.012217806835653214,28.36973960574988,1.0170118552979306,1.6353130754701852,-0.017067018406566853
7243,29.285029100000003,0.44076544929864797,0.8667161141416434,-0.07935708989660001,-0.08130880222144776,0.6343068733084213,0.5234893745824621,0.9466361134717682,0,0.0035540000000000003,1,Shared Control,0.01,Good Visuals,0.4874447561516597,0.15609764362745182,0.0,5.172419015019525,0.9938366710023125,-0.35365693849956065,0.8748146582835871,-0.020923627230581013,0.30297402840254506,0.012255559242188912,28.364686924529813,1.0170670184065669,1.6391713145427895,-0.017109786202178005
7244,29.288556400000004,0.44422120121759673,0.8639610228472938,-0.07926817336486541,-0.08267509062447442,0.5114474113336368,0.5268259016077479,0.9451818953308988,0,0.0035273,1,Shared Control,0.01,Good Visuals,0.49121579136033666,0.15631242733967163,0.0,5.1716781737097675,0.993821817629128,-0.3523831378442216,0.8760884589389262,-0.010344173073922483,0.33644136587492923,0.012387454737991126,28.36082868545721,1.017109786202178,1.6412287124451677,-0.0171333285395919
7245,29.292566200000003,0.4476769531365455,0.8669313618369434,-0.07914894847120241,-0.07825053349395539,0.412151422677247,0.5306124264286215,0.9434371200094196,0,0.0040098,1,Shared Control,0.01,Good Visuals,0.49208130488138113,0.1563660073204281,0.0,5.171276601714244,0.9938139054751916,-0.3512431171267591,0.8772284796563886,-0.0025823204199045915,0.30092406225912605,0.01239060058944402,28.35877128755483,1.0171333285395918,1.6416740781645485,-0.01713920141501882
7246,29.2960317,0.4503473068920968,0.8710458201893974,-0.08026511953652471,-0.07239129982002224,0.31485118002003265,0.5338791799625933,0.9418507420525142,0,0.0034655000000000003,1,Shared Control,0.01,Good Visuals,0.4870600156068097,0.15643893824501817,0.0,5.171182795842312,0.9938122015426949,-0.3505422831394801,0.8779293136436677,-0.0038597266282334995,0.20298143113476197,0.012376205056052221,28.35832592183545,1.017139201415019,1.6424218335041805,-0.017147195337913913
7247,29.2995636,0.4538030588110456,0.8689811399908332,-0.08007612115154766,-0.07286960206168103,0.20048361233358658,0.5372027376513226,0.9401592184327201,0,0.0035319,1,Shared Control,0.01,Good Visuals,0.48699743881532886,0.15644476609829153,0.0,5.171041827360342,0.9938093195279741,-0.349769655048069,0.8787019417350788,-0.0002943613651094013,0.21673205178577248,0.01255659007840339,28.35757816649582,1.0171471953379139,1.6424398231712907,-0.01714783412605451
7248,29.303068500000002,0.4564734125665969,0.8692424236773522,-0.08072932508472574,-0.07091679475536794,0.10877023761406007,0.5404948511130075,0.9384060961067071,0,0.0035049,1,Shared Control,0.01,Good Visuals,0.4864948686360339,0.15634269400997322,0.0,5.171034482258126,0.9938092552584895,-0.34919561631637996,0.8792759804667678,0.005383149353239417,0.1677298771882425,0.01252749004361233,28.35756017682871,1.0171478341260545,1.641349961519701,-0.017136646054487562
7249,29.3074667,0.462285358975738,0.8516532199580613,-0.07820949213726952,-0.0867528761486458,-0.14857890314323063,0.5446171228981057,0.9361011939048888,0,0.0043982000000000005,1,Shared Control,0.01,Good Visuals,0.49073561387441017,0.15573618594052427,0.0,5.171727085756908,0.9938235832492975,-0.34798382819056206,0.8804877685925856,0.021452314136797764,0.1664582273698656,0.012575531386726246,28.361275094252882,1.0171089937755782,1.6351038617334686,-0.017070167002292937
7250,29.313253600000003,0.46495571273128933,0.841639708486712,-0.07966141016681638,-0.09446148541817678,-0.27637877233956276,0.5500250548624955,0.9328906743269979,0,0.0057869,1,Shared Control,0.01,Good Visuals,0.4907498836759522,0.1552057757806454,0.0,5.172410761908965,0.9938375381811544,-0.347827728399322,0.8806438683838257,0.032244239565464475,0.05125251706998757,0.012180048009803776,28.36489613826653,1.017070167002293,1.6296648827521523,-0.017012029004664673
7251,29.316521900000005,0.46872562391559713,0.8534188624760284,-0.0812994309468984,-0.07947181185096952,-0.31744734174940237,0.5530709300338778,0.9309881743850805,0,0.0032683,1,Shared Control,0.01,Good Visuals,0.50600456327968,0.15407840754556562,0.0,5.173436072766084,0.9938585011621265,-0.34695133149619367,0.881520265286954,0.05737480331222277,0.24497467592686561,0.012363910964720929,28.370335117247848,1.0170120290046647,1.617969738932944,-0.0168884587250301
7252,29.32004,0.4710818184057895,0.8759248637761406,-0.08198911162808825,-0.055063310608939875,-0.33554238297325845,0.5563425323633989,0.928868246891694,0,0.0035181,1,Shared Control,0.01,Good Visuals,0.49976293070550604,0.15314047737061443,0.0,5.17562800244916,0.9939035926559573,-0.34627909012620156,0.8821925066569462,0.048951930599608805,0.19712088965547991,0.012526486854658781,28.382030261067055,1.0168884587250302,1.6086482917848675,-0.01678565265830762
7253,29.3243831,0.4748517295900972,0.876914870398828,-0.08149080277330173,-0.05195337649286602,-0.444941773282627,0.5603708345049802,0.9261481901826945,0,0.0043431,1,Shared Control,0.01,Good Visuals,0.4792211166093765,0.15264870992784318,0.0,5.177413313186646,0.99393948392345,-0.3463757698296721,0.8820958269534755,0.021689337646079453,-0.024235968882847736,0.012555851693918029,28.391351708215133,1.0167856526583077,1.6039525546849986,-0.016731750269959662
7254,29.3274093,0.47830748150904595,0.8800269523774815,-0.0820633529959342,-0.046121237805212933,-0.5177787267049774,0.5631705885012422,0.9241855968095336,0,0.0030262,1,Shared Control,0.01,Good Visuals,0.47362583424444876,0.15222693338548302,0.0,5.178331413272548,0.9939575410994436,-0.34685410368226705,0.8816174931008807,0.02087726622025782,-0.13381090793490635,0.012439465914328814,28.396047445315002,1.0167317502699598,1.5997360614403369,-0.016685519549897675
7255,29.3310489,0.48097783526459725,0.8905892478541664,-0.08219275323664499,-0.03359634895536723,-0.5625296725327624,0.5665298498931906,0.9217519355495519,0,0.0036396,1,Shared Control,0.01,Good Visuals,0.47086061494313425,0.15182793650031287,0.0,5.1791365861850585,0.9939737795088113,-0.3474235343872832,0.8810480623958645,0.02044568485741474,-0.16614556794449165,0.012492252569901453,28.400263938559664,1.0166855195498976,1.5957269637694476,-0.016641785696894174
7256,29.334536,0.48443358718354607,0.890050790267075,-0.08209626270964449,-0.03170114528247692,-0.6500887101669841,0.5697399160867346,0.919345154275045,0,0.0034871000000000004,1,Shared Control,0.01,Good Visuals,0.4591446664224832,0.15168003344950615,0.0,5.179900184712593,0.9939892216953029,-0.348505308252965,0.8799662885301827,0.007233001675036104,-0.30199432335273,0.01247915611919922,28.404273036230553,1.0166417856968941,1.5943816991118618,-0.016625574115994256
7257,29.338083600000004,0.4869468613064179,0.8816920755096803,-0.08279305478031668,-0.03765307876536472,-0.7457878352293332,0.5729969303797297,0.9168211427980157,0,0.0035476,1,Shared Control,0.01,Good Visuals,0.4567833603836057,0.15150145614716595,0.0,5.18017003321923,0.9939943864813544,-0.3497018703864571,0.8787697263966906,0.009108025611342711,-0.34801993295680944,0.01245236387387832,28.40561830088814,1.0166255741159942,1.5925592974599645,-0.016606000345419637
7258,29.342152300000002,0.4904026132253667,0.862352631878252,-0.08259431715436294,-0.05446851091976379,-0.8784772039610523,0.576721154758624,0.9138325656753614,0,0.004068700000000001,1,Shared Control,0.01,Good Visuals,0.4663378282262528,0.1509002790167415,0.0,5.180514428464841,0.9940014093766426,-0.3506172084325996,0.8778543883505482,0.02616505541504628,-0.22898907916404898,0.012543268358090056,28.407440702540036,1.0166060003454196,1.5862530396185297,-0.01654010561483837
7259,29.345487400000003,0.49385836514431547,0.8530458994702508,-0.08286278961430849,-0.06078666620511064,-0.9697714196773075,0.5797646866434695,0.9113079875781267,0,0.0033351,1,Shared Control,0.01,Good Visuals,0.48212123914940375,0.1497850810512119,0.0,5.181689884739407,0.9940257315541399,-0.35093798296299594,0.8775336138201518,0.05465847102417362,-0.09001670559740393,0.012463505503790606,28.41374696038147,1.0165401056148384,1.574715249241392,-0.016417869312483582
7260,29.3490306,0.49652871889986677,0.8606261469713227,-0.0832359677436027,-0.05068184060680403,-1.0151710930192472,0.5829887729422804,0.9085518999715098,0,0.0035432000000000003,1,Shared Control,0.01,Good Visuals,0.489974929999306,0.14840969399924786,0.0,5.1838553568921,0.9940702121457938,-0.3510298074575394,0.8774417893256083,0.06976557488553657,-0.026734356579457774,0.012411609658508717,28.425284750758607,1.0164178693124837,1.5606942117783873,-0.016267113811904006
7261,29.352554400000002,0.4999844708188156,0.8671751962264216,-0.08300430212346477,-0.04137670374508817,-1.0801740213671316,0.5861853875565851,0.9057351900590391,0,0.0035238,1,Shared Control,0.01,Good Visuals,0.4820879374478684,0.14714691460965543,0.0,5.1865065401598835,0.9941242418565945,-0.3514683422829282,0.8770032545002195,0.06131777298975947,-0.12290429791452251,0.012353024502559342,28.439305788221613,1.016267113811904,1.5480090844537928,-0.016128701181999043
7262,29.357520700000002,0.5061105764933156,0.8696414254734743,-0.08007481106326952,-0.03609376458556479,-1.1953617224714912,0.5906734260351226,0.9016369877226208,0,0.0049663,1,Shared Control,0.01,Good Visuals,0.4699200875474939,0.1450472363441687,0.0,5.190963266696936,0.9942142627287179,-0.35341127000723327,0.8750603267759146,0.052181798527742365,-0.2861997866699326,0.012202039089903636,28.46267834542873,1.016011618690306,1.526908452368058,-0.015898556476537776
7263,29.3631072,0.508466770983508,0.8686342519855508,-0.08220665505161462,-0.03300273573707002,-1.2350584805488125,0.5956971301589269,0.8968469443123238,0,0.0055865,1,Shared Control,0.01,Good Visuals,0.4517102416868175,0.14437717385651294,0.0,5.19294210875601,0.9942543782212128,-0.35554965437831704,0.8729219424048308,0.03523486026718638,-0.6254597593038076,0.011614630045508709,28.47309154763194,1.0158985564765377,1.5203293796561403,-0.01582511125571656
7264,29.3664591,0.5119225229024568,0.8602971417190874,-0.08377460725647012,-0.03654980259323637,-1.298646790451826,0.5986983201785192,0.8938811605529786,0,0.0033519,1,Shared Control,0.01,Good Visuals,0.45981259828971505,0.1434444455082531,0.0,5.194210222512927,0.9942797022480306,-0.3571986534644086,0.8712729433187392,0.045617172973274694,-0.4604727838070941,0.011868764528549352,28.47967062034386,1.0158251112557166,1.5107375193905037,-0.015722875358667888
7265,29.370015800000004,0.5145928766580081,0.8536139531437638,-0.08410544352051108,-0.040267207409214856,-1.3483918125118695,0.6018718797129555,0.8906587103743233,0,0.0035567000000000003,1,Shared Control,0.01,Good Visuals,0.4716362852142442,0.14217898239702442,0.0,5.196016088062216,0.9943166736899673,-0.35821909039980837,0.8702525063833394,0.06306782229986457,-0.2957616762505859,0.012017002085576035,28.489262480609497,1.0157228753586678,1.4977434228739603,-0.01558416856734988
7266,29.3744176,0.5180486285769569,0.848466273070077,-0.08382325113599864,-0.042192437304246266,-1.3988437234526978,0.6057834101814739,0.8865627172634034,0,0.0044018,1,Shared Control,0.01,Good Visuals,0.4772595240658502,0.14047936738593592,0.0,5.198464372121374,0.9943667564551288,-0.35918031114099636,0.8692912856421514,0.07298194946978696,-0.24090745393182278,0.011958026373796676,28.50225657712604,1.01558416856735,1.4802884254090272,-0.015397874599100492
7267,29.3775925,0.5215043804959056,0.851608987133732,-0.08427902968556822,-0.0349537301296714,-1.4220813700836763,0.6085933668950793,0.8835341175274598,0,0.0031749,1,Shared Control,0.01,Good Visuals,0.4779854386170018,0.13887131180882012,0.0,5.201752940109885,0.9944340325304929,-0.3601450649026179,0.8683265318805299,0.07726481885546879,-0.2696198540108279,0.011775437291817523,28.51971157459097,1.0153978745991006,1.464033750240396,-0.015221616415528319
7268,29.381109100000003,0.523860574986098,0.8582559634082869,-0.08473279190898131,-0.02527815411917289,-1.4401353654928266,0.6116943990195371,0.8801067016159043,0,0.0035166000000000004,1,Shared Control,0.01,Good Visuals,0.47342023967478525,0.1374248606856245,0.0,5.204840084870751,0.9944966538440981,-0.36127507425313815,0.8671965225300097,0.07219627723070547,-0.329997182057717,0.01170393941040935,28.535966249759603,1.0152216164155283,1.4494344394430976,-0.015063071616935184
7269,29.384534100000003,0.5273163269050467,0.8529744409205834,-0.08437807211449044,-0.02713226069532093,-1.502640168403717,0.6147029423158765,0.8766947435146606,0,0.003425,1,Shared Control,0.01,Good Visuals,0.46639621983344604,0.13609663506745157,0.0,5.207615003795404,0.9945528956045385,-0.3627048511978709,0.865766745585277,0.06348590139366707,-0.40219892113216194,0.011644392123595769,28.5505655605569,1.015063071616935,1.43600005156334,-0.014917485457995894
7270,29.3880927,0.5299866806605981,0.8504585348926552,-0.08471626165527846,-0.026236208622005375,-1.5339251222313517,0.6178163262442348,0.8730723014461361,0,0.0035586000000000003,1,Shared Control,0.01,Good Visuals,0.46660962004957884,0.1347231608237117,0.0,5.2101658203787204,0.9946046528243656,-0.3642027423123397,0.8642688544708083,0.06798486029206001,-0.43451138991929383,0.011483571688260917,28.56399994843666,1.0149174854579959,1.4220103455365078,-0.014766939619388152
7271,29.392255900000002,0.5334424325795468,0.8482982193464892,-0.08437389366468795,-0.024774082099646932,-1.5684416754251818,0.6214421078191006,0.8687339704308712,0,0.004163200000000001,1,Shared Control,0.01,Good Visuals,0.46770607573423645,0.13305172389848272,0.0,5.212812718861978,0.9946585598223117,-0.36590011442747195,0.8625714823556759,0.0710107653645647,-0.4243005987231969,0.01141324254336772,28.577989654463494,1.0147669396193881,1.404850198441404,-0.014583734237317514
7272,29.395476200000004,0.5365840252331366,0.8468566717447512,-0.08485808258596395,-0.021877298686119984,-1.60106496027522,0.6242341859975146,0.8653036646306095,0,0.0032203,1,Shared Control,0.01,Good Visuals,0.4647415500063564,0.1315964562288001,0.0,5.216046570467683,0.9947246973887723,-0.3676359718163359,0.860835624966812,0.06976765356905813,-0.48773739501655555,0.011226092004114,28.595149801558595,1.0145837342373176,1.390144115687845,-0.014424223061385626
7273,29.399065800000002,0.539254378988688,0.8477028833528012,-0.08497980700882657,-0.017600781277808286,-1.6222395837029664,0.6273333035458146,0.8614030760908424,0,0.0035896,1,Shared Control,0.01,Good Visuals,0.4646239101853567,0.13015811137129218,0.0,5.2188403027287436,0.9947813523820233,-0.3693137645900957,0.8591578321930522,0.07122703576021534,-0.48976640504415503,0.011167022950683708,28.609855884312154,1.0144242230613856,1.3754899286588538,-0.014266566786601
7274,29.402539500000003,0.5425530512749572,0.8458562137458338,-0.08478025227085739,-0.015546862345008683,-1.6514353390440613,0.6303188909929802,0.8575509828490993,0,0.0034737,1,Shared Control,0.01,Good Visuals,0.46124156547126377,0.12871100880725947,0.0,5.221612736235776,0.9948378196821224,-0.37123561773009145,0.8572359790530565,0.06810048259455452,-0.5339815898407219,0.011060811184965765,28.624510071341145,1.014266566786601,1.3607246095516647,-0.014107950583897032
7275,29.407486600000006,0.5485220773167778,0.8371314111534294,-0.0817968136762024,-0.02041957169566988,-1.6997862610499195,0.6345474490936553,0.851932964265518,0,0.0049471,1,Shared Control,0.01,Good Visuals,0.46228431942738635,0.12582566885144142,0.0,5.227093878873305,0.9949495021205403,-0.37516882159609305,0.8533027751870548,0.07342223708022894,-0.5375716844821552,0.010853992960800057,28.653493005897808,1.013955015191927,1.3312372658589302,-0.013791689885673612
7276,29.412919900000006,0.5507211921742907,0.8368967877679997,-0.08382625691936463,-0.015036176497518317,-1.6982047758154766,0.6391590917398752,0.8455831981905049,0,0.0054333,1,Shared Control,0.01,Good Visuals,0.44811288933450183,0.12465786835122164,0.0,5.229974442530887,0.9950083493578319,-0.37797839076971335,0.8504932060134345,0.060068602645277566,-0.8216315758503634,0.010292138790724898,28.66876273414107,1.0137916898856736,1.3194545152164086,-0.013663687845276103
7277,29.416544100000003,0.5541769440932395,0.8305551863509228,-0.0849821476466357,-0.015028011839582023,-1.7259605577432626,0.6422158142655094,0.841242620103986,0,0.0036242,1,Shared Control,0.01,Good Visuals,0.4535587879677584,0.1232901993918106,0.0,5.232214826507738,0.995053740296368,-0.3804656299228762,0.8480059668602716,0.06523364340809908,-0.6911109375539359,0.010449602499429838,28.680545484783593,1.013663687845276,1.305362091707926,-0.013513778321038014
7278,29.420042800000004,0.5565331385834318,0.823192568474812,-0.08568267568207766,-0.018050051629173947,-1.754354436298883,0.6451516223903077,0.8369722183384604,0,0.0034987000000000004,1,Shared Control,0.01,Good Visuals,0.4598246551473821,0.12178560394462279,0.0,5.2348660489419565,0.9951080572380114,-0.38252922884351387,0.845942367939634,0.07443838980115755,-0.602845058758918,0.010477465928098003,28.694637908292073,1.013513778321038,1.2898943800073512,-0.013348860351593236
7279,29.4244895,0.5606172090330985,0.8158907965272325,-0.08453441335720913,-0.021081421811227852,-1.7983354259582756,0.6488611132684734,0.8314306199605701,0,0.0044467000000000005,1,Shared Control,0.01,Good Visuals,0.46674978403963896,0.11947597570886181,0.0,5.237779430022292,0.9951676710856806,-0.38487729813390226,0.8435942986492456,0.08481771941410464,-0.5132504077440778,0.010434916405533071,28.71010561999265,1.0133488603515932,1.2658521246710235,-0.01309570313280333
7280,29.4280214,0.5632875627886499,0.8124480173234679,-0.08557355047982351,-0.018982602637102164,-1.852689194465924,0.651789732617936,0.8269376657376959,0,0.0035319,1,Shared Control,0.01,Good Visuals,0.4641345303630916,0.11775709861824012,0.0,5.242279556213544,0.9952603582417981,-0.38693855491089985,0.841533041872248,0.08587104435863566,-0.6047578855174276,0.010099831516828802,28.734147875328976,1.0130957031328034,1.2484979956458306,-0.01290729785745818
7281,29.4315901,0.5664291554422397,0.8165893081409403,-0.08536057717569634,-0.010348357596755564,-1.8903819530891877,0.6547326019415367,0.8223153345911252,0,0.0035687,1,Shared Control,0.01,Good Visuals,0.4677766774851427,0.11576507118091967,0.0,5.245578499554703,0.9953272119120615,-0.38890495663716473,0.8395666401459831,0.09307972742931384,-0.5461923577203711,0.010076893022965527,28.75150200435417,1.0129072978574583,1.2279110884776272,-0.012688952706504015
7282,29.435077400000004,0.568785349932432,0.8151352660723663,-0.08594725200910469,-0.007180068518758853,-1.9515840717878785,0.6575922691140474,0.8177179272357908,0,0.0034873,1,Shared Control,0.01,Good Visuals,0.45839656844593535,0.11407339571735485,0.0,5.249446058236811,0.9954065624275154,-0.3912050182271231,0.8372665785560247,0.08361401911542332,-0.6743071210666622,0.009881773292788873,28.772088911522374,1.012688952706504,1.2106570146068008,-0.012503528988166897
7283,29.438609900000003,0.5722411018513808,0.8098829754152781,-0.08535116726266667,-0.007834951820512748,-2.0143314145749835,0.6604725125537099,0.812979453810552,0,0.0035325,1,Shared Control,0.01,Good Visuals,0.45860348838570125,0.11215544841867815,0.0,5.252709227512661,0.9954730458974134,-0.39363848477922003,0.8348331120039277,0.087120972190155,-0.6601200499394899,0.009804294889253821,28.789342985393198,1.012503528988167,1.1908187622592166,-0.012293303724896926
7284,29.4425291,0.5753826945049706,0.8163238678952656,-0.08508981804873927,0.0033444140847135317,-2.0208280573258457,0.6636482839527986,0.8076258804524428,0,0.0039192,1,Shared Control,0.01,Good Visuals,0.45644291894322697,0.11008129781430065,0.0,5.256434690747355,0.9955495102783463,-0.3964702378770504,0.8320013589060974,0.08922383164269194,-0.7224781471693706,0.009572598437401983,28.809181237740784,1.012293303724897,1.1693881973956426,-0.012065957093856711
7285,29.446124000000005,0.5777388889951629,0.8170221257206668,-0.08590939495763572,0.009396245268224024,-2.0509453724541453,0.6665426564693138,0.8026257468211988,0,0.0035949000000000003,1,Shared Control,0.01,Good Visuals,0.4442819038720085,0.1085891468528214,0.0,5.26046147687178,0.9956321086653706,-0.39942512562224636,0.8290464711609015,0.07450941105022821,-0.8725233996326578,0.009366797601587923,28.83061180260436,1.0120659570938566,1.1542496504655024,-0.01190240315839042
7286,29.4494855,0.5808804816487527,0.8040200711336802,-0.08566217482056104,0.001394324312481432,-2.1143898943755075,0.6692327148246227,0.7978723812791013,0,0.0033615000000000003,1,Shared Control,0.01,Good Visuals,0.4428139572036146,0.10700921379827583,0.0,5.263332478817894,0.9956904322349593,-0.4025132553484323,0.8259583414347156,0.07397813098817968,-0.8631123637289826,0.009328827905091739,28.845750349534498,1.0119024031583905,1.1379011128721914,-0.01172922747073209
7287,29.4531202,0.5833937557716246,0.7963343845552802,-0.0858389590529981,-0.0015379967238211556,-2.138340876316988,0.6721232732201495,0.7926476461211965,0,0.0036347000000000003,1,Shared Control,0.01,Good Visuals,0.4497430598024681,0.10520788007929109,0.0,5.266402166225175,0.9957534439196266,-0.40529044198110437,0.8231811548020436,0.08787857662299413,-0.8065011275365368,0.009166641979798697,28.862098887127807,1.0117292274707321,1.1192027131378528,-0.011531784164770598
7288,29.4574724,0.5888915429154067,0.7813638250953279,-0.08323173030474285,-0.011283821025868668,-2.2080112476953415,0.675559212478485,0.786274727617608,0,0.0043522000000000005,1,Shared Control,0.01,Good Visuals,0.45523762205100393,0.10116275182861705,0.0,5.274352380140639,0.9959171025792833,-0.41062266349016036,0.8178489332929876,0.10014254354051279,-0.7674014359688113,0.00880944867729828,28.90455686188814,1.0112819577483996,1.0773699041352247,-0.011088399640052177
7289,29.463318900000004,0.591247737405599,0.7803015983223069,-0.08431147507288606,-0.005973129295301027,-2.21570107566272,0.6801306654888444,0.777512187872577,0,0.0058465,1,Shared Control,0.01,Good Visuals,0.45051605108583387,0.09943922858343522,0.0,5.277765022200549,0.9959867424756003,-0.41331267195421917,0.8151589248289288,0.09897301713624977,-0.8936905196208609,0.008419950877085086,28.922630095864776,1.0110883996400521,1.0595219250857877,-0.010899485101983141
7290,29.466707500000005,0.5942322504265093,0.7847110920630794,-0.08589841506233509,0.007198904190502398,-2.204968589690074,0.6827565803080762,0.7723271015089943,0,0.0033886000000000003,1,Shared Control,0.01,Good Visuals,0.45120818317012445,0.09734007577128428,0.0,5.281115225661543,0.9960555297878269,-0.4163999140304977,0.8120716827526503,0.09995839980609034,-0.8614677780725364,0.008383868041979317,28.94047807491421,1.0108994851019832,1.0376034027967147,-0.010669397991204442
7291,29.4700718,0.5967455245493811,0.7894541760666751,-0.08601105575869505,0.01712707455768081,-2.1914972573592575,0.6853461519824148,0.7671015724234095,0,0.0033643,1,Shared Control,0.01,Good Visuals,0.44682025613846776,0.09543999280995254,0.0,5.285212449523242,0.9961400170822342,-0.419406038978053,0.809065557805095,0.09294609593833651,-0.8776750890646401,0.008361358230800925,28.962396597203284,1.0106693979912045,1.0179500685907035,-0.010461130829194124
7292,29.474396400000003,0.5998871172029709,0.7867658147526861,-0.08545903477944383,0.01966424232927666,-2.1993366053002528,0.6886488346432961,0.7602703387588946,0,0.0043246000000000005,1,Shared Control,0.01,Good Visuals,0.4378419432347027,0.09351087074914159,0.0,5.288903859846272,0.9962157576561002,-0.4232980893434405,0.8051735074397076,0.08104504035088747,-0.9769447941432943,0.008208894543186282,28.982049931409296,1.0104611308291942,0.9978842934337043,-0.010249680705724256
7293,29.4774278,0.6030287098565608,0.7884686974268054,-0.08562012478673531,0.02819835866791076,-2.175962794504339,0.6909461597822455,0.755404987731716,0,0.0030314,1,Shared Control,0.01,Good Visuals,0.4327144513430311,0.09188710020487541,0.0,5.29266216671582,0.9962930943448844,-0.427065824342217,0.8014057724409311,0.076428990807393,-1.0527928352454752,0.007991348755606968,29.002115706566297,1.0102496807057242,0.9810979969111999,-0.010071700012305878
7294,29.481195300000003,0.6052278247140737,0.791190047816353,-0.08571833506817184,0.035785060084637,-2.151700977957119,0.6937806212505891,0.7492694829555978,0,0.0037675000000000004,1,Shared Control,0.01,Good Visuals,0.4253327769831944,0.09052774339971871,0.0,5.295816050700233,0.9963577829559168,-0.43097513701819373,0.7974964597649544,0.06649750272044258,-1.1369238551626273,0.007867384985832684,29.0189020030888,1.0100717000123058,0.9670318253848502,-0.009922701579221161
7295,29.484597900000004,0.6083694173676635,0.7833264037353391,-0.08541120388292567,0.03405692077974132,-2.1669272104285873,0.696320536775351,0.7436433694625679,0,0.0034026000000000004,1,Shared Control,0.01,Good Visuals,0.418518304298143,0.0893109258343221,0.0,5.298457638556723,0.9964119893565447,-0.43527727736154,0.7931943194216081,0.0569424819394815,-1.1976671983926583,0.0077598874417025695,29.03296817461515,1.0099227015792211,0.9543967558602576,-0.00978932680233677
7296,29.4881271,0.6105685322251763,0.7731178343652769,-0.08575200455017473,0.029474464902708997,-2.17876988577639,0.6989345805668865,0.7377224603162049,0,0.0035292,1,Shared Control,0.01,Good Visuals,0.41881357626043025,0.08809227064589693,0.0,5.300826334534204,0.9964606831583886,-0.4394124836428419,0.7890591131403062,0.05994905006567374,-1.2060214306176897,0.007628153695408138,29.04560324413974,1.0097893268023368,0.9416839043649198,-0.009655750604492981
7297,29.4921297,0.6137101248787661,0.758915915470041,-0.08522445568812043,0.021193455153836083,-2.213582981922884,0.7018737753746465,0.7309015445849157,0,0.0040026,1,Shared Control,0.01,Good Visuals,0.4253887908365851,0.08642727797170172,0.0,5.303204080305577,0.9965096799970883,-0.4438633546992886,0.7846082420838595,0.0700649776117645,-1.11511526192482,0.007554088793262178,29.05831609563508,1.009655750604493,0.9241526607560636,-0.009473251573619315
7298,29.4954774,0.6168517175323558,0.7572744148102626,-0.08502205784229067,0.026372870225346845,-2.2069704507195747,0.7043109422757614,0.725109933752741,0,0.0033477000000000003,1,Shared Control,0.01,Good Visuals,0.4311199120452421,0.08470698468192137,0.0,5.30646777140776,0.996577256810096,-0.4476715693361173,0.7808000274470308,0.08164632069228303,-1.0699937166218083,0.007365717721744159,29.075847339243936,1.0094732515736193,0.9061650417093964,-0.009284691069378579
7299,29.4990618,0.6190508323898687,0.7676328542061551,-0.08526010988589272,0.042522920453414104,-2.174023427175355,0.7068987822895817,0.718820871964166,0,0.0035844,1,Shared Control,0.01,Good Visuals,0.4251680922977966,0.08318302929710064,0.0,5.309828234551013,0.9966465829557626,-0.45163184338112156,0.7768397534020266,0.07513744257297261,-1.1529517729786205,0.007201962151272348,29.093834958290604,1.0092846910693787,0.8902946115575006,-0.009117651066659698
7300,29.5025463,0.6220353454107791,0.7671725051002445,-0.0848634368788026,0.04835163313607849,-2.1914682547870887,0.7093927344698402,0.7126195449476245,0,0.0034845,1,Shared Control,0.01,Good Visuals,0.41058692411319614,0.08202756486736026,0.0,5.312799254291822,0.9967077439059254,-0.45625982112005603,0.7722117756630922,0.05479963103983556,-1.298170473754403,0.007092194218512234,29.1097053884425,1.0091176510666597,0.8783204923154404,-0.00899100117690055
7301,29.507486,0.6270618936565227,0.7442844853307182,-0.08233084081331754,0.031664940383093754,-2.2450191942962316,0.7128908533625795,0.7036798246325305,0,0.0049397,1,Shared Control,0.01,Good Visuals,0.4079995980515446,0.07987629832456924,0.0,5.3169983642934,0.9967940862152305,-0.4657305022705809,0.7627410945125673,0.05695600640871659,-1.31139321056202,0.006900110053935912,29.132111281296346,1.0088813176149047,0.8557845181091283,-0.008755201905651462
7302,29.513021800000004,0.6292610085140354,0.734130457573732,-0.08362984484854408,0.030450632941201428,-2.251967165099589,0.7167580794661905,0.6934531338313759,0,0.0055358000000000004,1,Shared Control,0.01,Good Visuals,0.40637365818780485,0.07869231661041645,0.0,5.31925286339447,0.9968407384389582,-0.4705191288243311,0.7579524679588171,0.06026963465491439,-1.39398770195338,0.006576282802117173,29.14421548189087,1.0087552019056514,0.8433611416077179,-0.00862542625032645
7303,29.516497,0.6322455215349457,0.7302845184853393,-0.08451255793124479,0.036831384653963406,-2.2423527881009684,0.7191566413863039,0.6869201471497098,0,0.0034752000000000003,1,Shared Control,0.01,Good Visuals,0.41468617051496065,0.07719767469574781,0.0,5.321569838052614,0.9968886180686927,-0.4750239167232869,0.7534476800598613,0.07196663268320928,-1.2597986181989587,0.006581026228901636,29.15663885839228,1.0086254262503265,0.8275851154358087,-0.008461599282702086
7304,29.520194100000005,0.6344446363924587,0.7309644829150732,-0.08471200499384512,0.044044335765363374,-2.226100605629441,0.7216832590957285,0.6798738920179928,0,0.0036971,1,Shared Control,0.01,Good Visuals,0.4132683733165644,0.07578401435486516,0.0,5.324503387519994,0.9969494229258347,-0.47933196758655977,0.7491396291965884,0.07071546216968914,-1.2641365249194152,0.006524172954881777,29.17241488456419,1.0084615992827022,0.8127676991364252,-0.008306648665684913
7305,29.5243599,0.637429149413369,0.7261592209213671,-0.08425410968235947,0.046285328903374334,-2.2385772272538493,0.7244987361112307,0.6718151358273818,0,0.0041658,1,Shared Control,0.01,Good Visuals,0.4073710981054135,0.07425148127113881,0.0,5.327268411607269,0.9970065257914015,-0.48477029547862344,0.7437013013045247,0.06319825162059074,-1.3178394097132542,0.006419815802482968,29.187232300863574,1.0083066486656849,0.7966284238525314,-0.008138668465593597
7306,29.527551800000005,0.6402565828015998,0.7243007037883025,-0.08424215330963092,0.05248556796092063,-2.233428434892942,0.7266331311708034,0.6655545936860534,0,0.0031919,1,Shared Control,0.01,Good Visuals,0.40294775199386984,0.07302715791965271,0.0,5.3302729990710915,0.9970687256674248,-0.4895362571599399,0.7389353396232082,0.06037190797722698,-1.3733572547953976,0.006255992447096189,29.203371576147468,1.0081386684655935,0.7838423419098728,-0.008004470983175116
7307,29.5311235,0.6422986180264332,0.7265235501941572,-0.08433451314437024,0.060968956508103744,-2.214152795667277,0.7289976514840018,0.6584605373267293,0,0.0035717,1,Shared Control,0.01,Good Visuals,0.3969007450511354,0.07193242243061629,0.0,5.332663419969898,0.9971179955906404,-0.4945451266416331,0.7339264701415151,0.0540564586335193,-1.444269046940156,0.006151965033234012,29.216157658090125,1.008004470983175,0.7723570690078759,-0.007884477562838462
7308,29.5346039,0.6449689717819845,0.7166718838493362,-0.08402867970201722,0.058211346522606955,-2.242234634658105,0.7312771967825679,0.6514575202200042,0,0.0034804000000000002,1,Shared Control,0.01,Good Visuals,0.38911229988737783,0.07102217801280392,0.0,5.334805707383777,0.997162255131591,-0.4998952078162441,0.7285763889669041,0.04401311480394901,-1.510810226649447,0.006066385824981202,29.227642930992126,1.0078844775628384,0.7628231909967482,-0.007784706118384981
7309,29.538151500000005,0.6471680866394973,0.7040380234445862,-0.08410911014307054,0.052580503224581965,-2.2635683181432804,0.7335755099437177,0.6442272508010508,0,0.0035476,1,Shared Control,0.01,Good Visuals,0.39037793876349636,0.0700350552563311,0.0,5.336585514744958,0.9971989934108247,-0.5050219121615558,0.7234496846215924,0.04955995560138003,-1.4983353826606516,0.00596789984797755,29.23717680900325,1.0077847061183849,0.7524010317753559,-0.007676508076915094
7310,29.542147800000002,0.6498384403950487,0.6914700348553573,-0.083737069548669,0.047242784054306486,-2.2860526036570157,0.7361335772081314,0.6359708321908099,0,0.0039963,1,Shared Control,0.01,Good Visuals,0.3965831105268103,0.06861869507090869,0.0,5.3385233365140135,0.9972391584279323,-0.5106889552825749,0.7177826415005734,0.06073756476017145,-1.4168670452831753,0.005890586176430784,29.247598968224644,1.007676508076915,0.7373535352276047,-0.007521261531261328
7311,29.545560100000003,0.652822953415959,0.6894373465767736,-0.08331062379217247,0.053466514385963726,-2.2728331959461605,0.738291536720512,0.6288270252618855,0,0.0034123,1,Shared Control,0.01,Good Visuals,0.4001507580771926,0.06718182413141068,0.0,5.341312449600502,0.9972971521326197,-0.5156167163858294,0.7128548803973188,0.06918898649315647,-1.3781248715648773,0.0057459284414915915,29.262646464772395,1.0075212615312614,0.7221916247335743,-0.007363766811907281
7312,29.5491017,0.6548649886407922,0.7003970395584838,-0.08342654807971972,0.07157001429659826,-2.223862679964412,0.7405053259852203,0.6213207198865484,0,0.0035416,1,Shared Control,0.01,Good Visuals,0.3918978784860967,0.06598950487592156,0.0,5.344132412979566,0.9973555800225855,-0.5207224831197514,0.7077491136633968,0.060226606815118856,-1.4894302024276596,0.005596959675883848,29.277808375266424,1.0073637668119073,0.7096679186015404,-0.007233077282763286
7313,29.5526318,0.6575353423963437,0.7030734802724472,-0.08296998358887664,0.08175276038589885,-2.217887134745249,0.7426853070045213,0.6137454665095137,0,0.0035301000000000004,1,Shared Control,0.01,Good Visuals,0.37465308918480683,0.06524565775825447,0.0,5.346467118151395,0.9974038374292169,-0.5266614716125726,0.7018101251705756,0.03611720456531651,-1.663908467436515,0.005505276601287969,29.29033208139846,1.0072330772827633,0.7019245234696412,-0.007151544564814223
7314,29.5575106,0.6622477313767283,0.6773543154640167,-0.08043757562779297,0.06360884895450303,-2.2593900741047004,0.7456538066563576,0.603122190917613,0,0.0048788,1,Shared Control,0.01,Good Visuals,0.3680879429312517,0.06414906106275414,0.0,5.348787486227645,0.9974515679609769,-0.5389048498013552,0.689566746981793,0.03305089348260213,-1.7003559889622397,0.00539549697407031,29.302720716930782,1.0071025967036566,0.6903544921666579,-0.007031347138549386
7315,29.563011600000003,0.6641326869688823,0.6730926328605696,-0.08152111968747533,0.06997044194295665,-2.2313857943266457,0.7489381497669123,0.5909292647710552,0,0.005501000000000001,1,Shared Control,0.01,Good Visuals,0.3668981613806797,0.06344959890733223,0.0,5.350069313723082,0.9974782549710554,-0.544945421428932,0.6835261753542162,0.03652338285092831,-1.7575128389807309,0.005159994950687196,29.30964550783334,1.0070313471385495,0.6829453557658128,-0.00695467943455543
7316,29.566507,0.6668030407244335,0.6701361543111222,-0.08213510904247878,0.07920688954006694,-2.214286054166048,0.750989963021243,0.5830630363033413,0,0.0034954,1,Shared Control,0.01,Good Visuals,0.36645977353112,0.06273316746941575,0.0,5.351444721006553,0.9975068062006001,-0.5510673982475185,0.6774041985356297,0.035694101186181985,-1.7206714125148372,0.005172482346646935,29.317054644234187,1.0069546794345554,0.6753616060731956,-0.0068761517358252346
7317,29.5700566,0.6688450759492669,0.6664186648458972,-0.08214488707197609,0.08335562854255585,-2.2025863384438167,0.7530452863757471,0.5749801869722445,0,0.0035496000000000004,1,Shared Control,0.01,Good Visuals,0.36064544105596,0.06215814761899788,0.0,5.352853028338703,0.9975360296787548,-0.5571674472626923,0.6713041495204559,0.029471752757518323,-1.7744564724012482,0.005152595550680545,29.324638393926804,1.0068761517358253,0.669310492751979,-0.006813124091883734
7318,29.574472400000005,0.6730862260316132,0.641300943420591,-0.07995906034413391,0.06632075644834645,-2.245784549115246,0.7555618427251539,0.5647914755924364,0,0.0044158,1,Shared Control,0.01,Good Visuals,0.3544442784950006,0.06113768907618318,0.0,5.3551282395658415,0.9975831774153922,-0.5697348013269781,0.6587367954561701,0.026127373076799767,-1.810988185987252,0.005029810038141089,29.336874236260336,1.0067491209453983,0.6585381475729053,-0.006701272131213426
7319,29.5803365,0.6751282612564464,0.6279353861671333,-0.0804335814687075,0.06314391057469693,-2.263333764784707,0.7588336203872798,0.5510318229918615,0,0.0058641000000000006,1,Shared Control,0.01,Good Visuals,0.36209774761433916,0.06044727767094688,0.0,5.355983287000748,0.9976008534320019,-0.5749555064929066,0.6535160902902416,0.04126359041342979,-1.727794931800556,0.004888512170143427,29.341461852427095,1.0067012721312134,0.6511630912783984,-0.006625596475510825
7320,29.5837007,0.6776415353793184,0.6303445615018513,-0.08119208500796138,0.07931273850998977,-2.2223953676602974,0.760673948623865,0.5430196755381642,0,0.0033642000000000003,1,Shared Control,0.01,Good Visuals,0.36791636259750804,0.0593916833647461,0.0,5.357346625948816,0.9976292745177925,-0.5809405813647103,0.6475310154184379,0.052328073463748834,-1.6531985945373728,0.00486199103310769,29.3488369087216,1.0066255964755109,0.6398910410199842,-0.006509893301038591
7321,29.5871585,0.6793694113387927,0.6347234428049446,-0.08130453728507225,0.09170376726678042,-2.1898869709529443,0.7625372350766498,0.53469455266215,0,0.0034578,1,Shared Control,0.01,Good Visuals,0.35601520034760104,0.058687097627751185,0.0,5.359430728472797,0.9976727123459013,-0.5870075869895702,0.641464009793578,0.0368668989135615,-1.7812700014268839,0.004822134604516391,29.360108958980017,1.0065098933010386,0.6325030442100746,-0.006432664003779891
7322,29.591351600000003,0.6825110039923825,0.6229898042991115,-0.08002623108426732,0.0882952516369615,-2.227658476514026,0.7647578870484131,0.5244764518081984,0,0.0041931,1,Shared Control,0.01,Good Visuals,0.3443651625946498,0.058083684963325256,0.0,5.360809293294374,0.9977011762668094,-0.5964292650845663,0.6320423316985819,0.021557660347982906,-1.8873553876194098,0.004771527317228172,29.367496955789925,1.00643266400378,0.6261248307392722,-0.006366524237412536
7323,29.595460700000004,0.6848671984825748,0.6133742319856901,-0.07989068856583825,0.08889778017749173,-2.2526457788238847,0.7668922162084482,0.5143324717363245,0,0.0041091,1,Shared Control,0.01,Good Visuals,0.34100577460074655,0.05761276753076117,0.0,5.361994624777195,0.9977257517367446,-0.6033223934764604,0.6251492033066878,0.023710600247900938,-1.916994380080696,0.00464821839510085,29.373875169260728,1.0063665242374125,0.6211579306195124,-0.006314907208463144
7324,29.599114400000005,0.6864379948093697,0.6057714678890345,-0.08045422139907843,0.09143899615271,-2.284330118515588,0.7687547876581755,0.505204046829328,0,0.0036537,1,Shared Control,0.01,Good Visuals,0.3397499612103118,0.05710877620559273,0.0,5.362918691686413,0.9977448887253278,-0.609892460945008,0.6185791358381402,0.026755944792146286,-1.9230966715102487,0.004602723668216079,29.378842069380486,1.0063149072084632,0.6158008590643195,-0.006259664966357525
7325,29.602631800000005,0.6889512689322416,0.5928115015578694,-0.07980351872593394,0.08760745472854148,-2.3418339360625393,0.7705161948280425,0.4963194369908772,0,0.0035174000000000004,1,Shared Control,0.01,Good Visuals,0.3403146427833533,0.05648422703581774,0.0,5.363911474010724,0.9977655305772802,-0.6166267935617048,0.6118448032214434,0.03146444669939762,-1.882781429405257,0.004594642124675179,29.38419914093568,1.0062596649663575,0.6091432548999328,-0.006191208437999536
7326,29.6075072,0.6930353393819083,0.5847121951572049,-0.07748085544613414,0.08839275816632763,-2.379654967712227,0.7729056222934628,0.48384766768823223,0,0.0048754,1,Shared Control,0.01,Good Visuals,0.33883684718432333,0.05495099864170059,0.0,5.366653738058798,0.9978226313577813,-0.6297585269848628,0.5987130697982854,0.04072742273099632,-1.881940342965225,0.004448414786615649,29.399018035088723,1.0061072968581524,0.5928255767928131,-0.006023152025277111
7327,29.613037900000002,0.6947632153413826,0.5859636085867348,-0.07814240695208019,0.10211594089850257,-2.377581991771053,0.7755420115834322,0.46947870146016035,0,0.0055307,1,Shared Control,0.01,Good Visuals,0.32772699323161325,0.05439660860547964,0.0,5.368165636233393,0.9978540580702357,-0.6367018362607119,0.5917697605224363,0.03012740910690154,-2.0185798982030585,0.004257650382378317,29.407174423207188,1.0060231520252771,0.5869790011149247,-0.005962385605157428
7328,29.616560300000003,0.6969623301988956,0.5840188091925447,-0.07857968138453653,0.11454010773238432,-2.3837536081079924,0.7771793984607672,0.4602049958665272,0,0.0035224,1,Shared Control,0.01,Good Visuals,0.3176672821741531,0.05402646042257473,0.0,5.369253452922536,0.9978765829936715,-0.6442416962555798,0.5842299005275684,0.0192075495198671,-2.105341634285847,0.004250681926462417,29.413020998885074,1.0059623856051574,0.5830823767719763,-0.005921813844268182
7329,29.620088700000004,0.6985331265256904,0.5735161833931035,-0.07864627193507678,0.11331118752657632,-2.4149001465209476,0.7787866569285382,0.4508200503138709,0,0.0035284,1,Shared Control,0.01,Good Visuals,0.30767263709727977,0.0538453199849143,0.0,5.369979114948264,0.9978915950037497,-0.651746517775918,0.5767250790072302,0.009869030538645253,-2.2065216748024654,0.0042453820463401945,29.416917623228024,1.0059218138442683,0.5811958059976701,-0.005901959129687507
7330,29.624480900000002,0.7023030377099982,0.538428863422648,-0.07648361921853997,0.08760881310877705,-2.517747023294223,0.7807408539905609,0.4390041537061639,0,0.004392200000000001,1,Shared Control,0.01,Good Visuals,0.31505514220772296,0.052975712776290616,0.0,5.371046547762944,0.9979137908948663,-0.6665691382487768,0.5619024585343714,0.03157192943778603,-2.0662593579868607,0.004174715233418564,29.422678401821415,1.0058624292703906,0.5718764645889101,-0.005806641909813681
7331,29.630405700000004,0.705444630363588,0.5234042261322961,-0.07529622362697297,0.08440007242613218,-2.577396446553562,0.783294087507667,0.4228311278474731,0,0.0059248,1,Shared Control,0.01,Good Visuals,0.3232614650057713,0.05136462758787492,0.0,5.373578913617729,0.9979666319985601,-0.6782533004048463,0.5502182963783019,0.05311675693993397,-1.9448282585036427,0.004012746432497855,29.436392244890897,1.0057220270769645,0.5546620843913054,-0.0056300516520319775
7332,29.636400700000003,0.7087433026498573,0.5162699963853361,-0.07455078485780975,0.09343886853786298,-2.614541100578719,0.7857792252059745,0.4061932412964475,0,0.005995,1,Shared Control,0.01,Good Visuals,0.3126251240843359,0.049626304223041116,0.0,5.37692594685421,0.9980363065624932,-0.6915413596280666,0.5369302371550816,0.04735680122193476,-2.0488792508866465,0.0038525981551978,29.454476284198904,1.0055360357772805,0.5361366957175387,-0.0054395148801026
7333,29.642741100000002,0.7103140989766522,0.5069109907768454,-0.07546512622932233,0.10071774948039791,-2.6463436859881875,0.7882980846550411,0.38829848870777883,0,0.0063404,1,Shared Control,0.01,Good Visuals,0.30772479457319524,0.048849801533737976,0.0,5.37866312011252,0.9980724721549791,-0.6985569163744012,0.529914680408747,0.04469132242285517,-2.077452397493217,0.0036996799294201537,29.463863304282462,1.0054395148801025,0.5278795549785507,-0.0053544028009535945
7334,29.6463582,0.7123561342014856,0.5001337669595735,-0.07594195045355556,0.11183527825179462,-2.658050762639416,0.7896839184359156,0.3779528368294022,0,0.0036171000000000003,1,Shared Control,0.01,Good Visuals,0.3054901337183089,0.04795972642062253,0.0,5.380193092764604,0.9981042833454588,-0.7061089749899907,0.5223626217931575,0.047400151592468735,-2.0914036598143313,0.00368645643902088,29.47212044502145,1.0053544028009536,0.5183653129965679,-0.005256842104101368
7335,29.650101900000003,0.7137698508956009,0.4979765589226738,-0.07591406754031471,0.12002372209327161,-2.65471879372867,0.791078654681963,0.36714058830871366,0,0.0037437000000000004,1,Shared Control,0.01,Good Visuals,0.297088516818157,0.04721461098318912,0.0,5.381951398299721,0.9981409387084277,-0.7136071189094858,0.5148644778736624,0.04178458823102238,-2.195135523009293,0.003642155167600996,29.48163468700343,1.0052568421041013,0.510442702692598,-0.0051751703662444234
7336,29.653521600000005,0.7156548064877548,0.4923731679253628,-0.07542384819420822,0.12523257961664913,-2.6688014025789086,0.7923171447767318,0.35717143983326805,0,0.0034197000000000003,1,Shared Control,0.01,Good Visuals,0.28887301529262754,0.04658512942055501,0.0,5.383419469563732,0.998171460010028,-0.7216764935138191,0.5067951032693291,0.03390093646713499,-2.263689680571525,0.0035842531670675034,29.489557297307403,1.0051751703662444,0.503744759712654,-0.005106173200722903
7337,29.657856700000004,0.7172256028145497,0.48044955751226937,-0.07509154196218204,0.12327811767900132,-2.6896725857111417,0.7938379021318127,0.3444069502542503,0,0.004335100000000001,1,Shared Control,0.01,Good Visuals,0.28112497239620005,0.045931074346753774,0.0,5.384660161907255,0.9981972631686831,-0.7320158915853824,0.49645570519776583,0.02864211816410783,-2.340501193309318,0.0035136297295234845,29.496255240287347,1.005106173200723,0.4967561160477777,-0.00503448254468778
7338,29.661406300000003,0.7192676380393831,0.4677590578530336,-0.07457026409242962,0.12335210759878334,-2.6868844687234876,0.7950417007943644,0.33385015185601097,0,0.0035496000000000004,1,Shared Control,0.01,Good Visuals,0.2813802405539789,0.04529636942717149,0.0,5.385951982894338,0.9982241868443957,-0.74023582886762,0.48823576791552825,0.03420789926084267,-2.281161481444637,0.003449035196677364,29.503243883952223,1.0050344825446877,0.4899799025516603,-0.004964912849571551
7339,29.6650902,0.7203671954681394,0.4584595824797082,-0.074674505326225,0.12460943062369723,-2.668226735708763,0.7962512379406873,0.32279416994673427,0,0.0036839000000000004,1,Shared Control,0.01,Good Visuals,0.27858902720184753,0.04467324747482732,0.0,5.387205067160916,0.9982502915712766,-0.7481338813177844,0.48033771546536386,0.03566947285950846,-2.311940884656746,0.0033777622306124327,29.51002009744834,1.0049649128495715,0.4833235893657939,-0.004896612757816564
7340,29.668722000000002,0.7222521510602934,0.44791935759417595,-0.07399908688039392,0.12512518764744168,-2.6680247436232785,0.7974036189628889,0.31179545897572547,0,0.0036318,1,Shared Control,0.01,Good Visuals,0.277984169633259,0.04398518236796073,0.0,5.388435633237413,0.9982759341594518,-0.7563387336186627,0.4721328631644855,0.03736910870343799,-2.2811533309826375,0.00333595265649876,29.516676410634204,1.0048966127578165,0.47595734427987385,-0.004821194278728159
7341,29.6724496,0.7250795844485242,0.4285720695197491,-0.07232403451436475,0.1167766105440236,-2.675040827272805,0.7985446696885677,0.30040474345935075,0,0.0037276,1,Shared Control,0.01,Good Visuals,0.27087604828286194,0.042605740692475705,0.0,5.391083159388987,0.9983311352322541,-0.7735272073643407,0.45494438941880744,0.03664403653374796,-2.32574748626375,0.0032021152585927307,29.531005702708114,1.0047497542099841,0.46119743142095426,-0.0046699943528519415
7342,29.679425900000005,0.727592858571396,0.4009478990279035,-0.07095181111717175,0.10054315556855276,-2.715674927777758,0.8005652695439502,0.2788110667582642,0,0.0069763,1,Shared Control,0.01,Good Visuals,0.27976786401171383,0.04107987493745309,0.0,5.393830489355959,0.9983884301079976,-0.786658559519636,0.44181303726351207,0.058738023296599266,-2.139972246894536,0.0030352588735780713,29.545878914149135,1.0045973994438282,0.4448433199980052,-0.004502744955391654
7343,29.685444700000005,0.729163654898191,0.40699394505818454,-0.07140161464575923,0.1281828782999203,-2.655020507964718,0.8021865829158521,0.2598946266351303,0,0.0060188,1,Shared Control,0.01,Good Visuals,0.28243867421129154,0.039935422205802734,0.0,5.395540788317141,0.9984241702851415,-0.7941068657148703,0.4343647310682778,0.06521088755944478,-2.0764144281548624,0.002914691527279209,29.555156680001996,1.0045027449553916,0.43254123676690526,-0.004377302052462449
7344,29.690932600000004,0.7315198493883833,0.3963042279340395,-0.07066673352746877,0.13640960129890922,-2.6285578203690037,0.8035650020633505,0.24241761407625384,0,0.0054879,1,Shared Control,0.01,Good Visuals,0.23642616658124893,0.0391857500142546,0.0,5.398969727804601,0.9984956324246844,-0.8128114576872334,0.4156601390959147,0.00836239366070994,-2.6413054401348695,0.0028297566816823526,29.573708790547663,1.0043124820242924,0.4246608791807383,-0.004295130851020616
7345,29.6964087,0.7337189642458961,0.3578538018067742,-0.06984603781745435,0.11543618773052033,-2.6358114094143326,0.8048442622011857,0.22476240979868498,0,0.0054761,1,Shared Control,0.01,Good Visuals,0.2535018553666456,0.0382055731365802,0.0,5.399985617946143,0.9985167679986561,-0.8271537608376038,0.40131783594554427,0.04335682193522279,-2.347911065659093,0.0027547416599564317,29.579196017637056,1.0042560201515363,0.4140787567445398,-0.004187694143921099
7346,29.702544100000004,0.7357609994707296,0.3441837033624721,-0.06908326273045606,0.11942129356378714,-2.600168007916062,0.8061619468787444,0.2047282755344667,0,0.0061354,1,Shared Control,0.01,Good Visuals,0.2534661412810688,0.03665883864381654,0.0,5.402877277971164,0.998577278978665,-0.8408073719931364,0.3876642247900117,0.04937500824720687,-2.3033456353029234,0.002622803726860648,29.59490497369645,1.0040962194195822,0.3974702831416886,-0.004018157334346438
7347,29.708913600000002,0.7373317957975244,0.3421989690638382,-0.06883015108122004,0.13747069352937147,-2.5647273952451037,0.8073989847251096,0.1836499587927246,0,0.0063695,1,Shared Control,0.01,Good Visuals,0.2540907666223778,0.035548967871786685,0.0,5.404285342958224,0.998606647413845,-0.8509544140544543,0.3775171827286939,0.05169383939684193,-2.2427871850491434,0.0025325121814241736,29.60252971685831,1.0040181573343465,0.38549726117032856,-0.0038965049430598766
7348,29.713054900000003,0.7384313532262808,0.34222611599278746,-0.06896763149882879,0.15857615720006285,-2.51910072392226,0.808130884898407,0.16979430896802472,0,0.0041413000000000005,1,Shared Control,0.01,Good Visuals,0.23484389826327257,0.03504804608559064,0.0,5.40648800994694,0.998652765586347,-0.859457930712453,0.36901366607069513,0.030979467364245897,-2.4753345145980696,0.0024468408293965146,29.61450273882967,1.00389650494306,0.38020204740204483,-0.0038415991516163967
7349,29.716596200000005,0.7395309106550373,0.33732125712048605,-0.06859997424336972,0.16752694815246133,-2.4898813747280086,0.8087110584351004,0.15785275060189624,0,0.0035413000000000003,1,Shared Control,0.01,Good Visuals,0.21457479624792014,0.03491459804545858,0.0,5.407472171436097,0.9986731587401168,-0.8691974516575874,0.3592741451255607,0.007992065515632392,-2.7342076149278283,0.0024171807271849838,29.619797952597956,1.0038415991516163,0.37881846377206474,-0.003826971977350983
7350,29.7201388,0.7404733884511142,0.3260305009469747,-0.06823766998398617,0.16817775034507848,-2.476647770575609,0.8092489817379704,0.14582152052831374,0,0.0035426000000000003,1,Shared Control,0.01,Good Visuals,0.20366470789506705,0.03495775646799763,0.0,5.407731869013065,0.9986784865323217,-0.8789319880605305,0.34953960872261763,-0.0027032446663234006,-2.8349990980409183,0.0023951405266360655,29.621181536227937,1.003826971977351,0.3793063921796526,-0.003831702550890125
7351,29.724433000000005,0.7415729458798707,0.30985528502715376,-0.06767603585809978,0.16403376449884002,-2.4767131254897436,0.8098436567512352,0.13112452049036008,0,0.004294200000000001,1,Shared Control,0.01,Good Visuals,0.20104985275762652,0.034986222840643136,0.0,5.407644162886171,0.998676606599906,-0.8901816321048789,0.33828996467826933,-0.0015439698589770953,-2.8215811498240115,0.0023854358492437803,29.620693607820346,1.00383170255089,0.37961012323993254,-0.0038348227360421733
7352,29.727535700000004,0.7426725033086271,0.29599660170220543,-0.06717115344260804,0.16487208121184535,-2.4679986507536857,0.8102339208382044,0.1204290315051768,0,0.0031027000000000003,1,Shared Control,0.01,Good Visuals,0.2021476263767806,0.034885955242388085,0.0,5.407587976244632,0.9986754367911783,-0.9000292280385506,0.3284423687445977,0.006093699399233988,-2.7486521153520047,0.0023677288715028342,29.62038987676007,1.003834822736042,0.3785147740902663,-0.003823832453746534
7353,29.731276300000005,0.743300821839345,0.2827788417643756,-0.06693309899885946,0.1623498102591988,-2.4680474063455504,0.810660152114807,0.10745028652191914,0,0.0037406,1,Shared Control,0.01,Good Visuals,0.19859297942149767,0.03476597908072976,0.0,5.407788227159393,0.998679656130437,-0.9095101442619841,0.3189614525211642,0.007677559515130598,-2.7650828929752382,0.0023433298525784066,29.621485225909733,1.0038238324537465,0.377222778058322,-0.003810681925476991
7354,29.734681900000005,0.744557458900781,0.2700605983312518,-0.06610269321402606,0.16261031180933266,-2.4748026538810928,0.8110058501145667,0.09555456847067992,0,0.0034056000000000004,1,Shared Control,0.01,Good Visuals,0.19983968746322178,0.034531020029343294,0.0,5.408026125643003,0.9986846324858765,-0.9191768069274221,0.3092947898557261,0.0144003538178125,-2.6928137125851257,0.002326994719602762,29.62277722194168,1.003810681925477,0.3746817082718476,-0.0037849281790265734
7355,29.738203300000002,0.7451857774314989,0.26390065638563875,-0.06582007268306778,0.16834608791495884,-2.463862096255325,0.8113205639318326,0.08317576707891638,0,0.0035214,1,Shared Control,0.01,Good Visuals,0.19511794369188418,0.034296922598193155,0.0,5.408493018414029,0.9986944200990071,-0.9285153343504615,0.2999562624326867,0.01522154547678895,-2.725701941869593,0.002282593423367069,29.625318291728153,1.0037849281790265,0.37216561175053453,-0.003759268874347912
7356,29.7422257,0.7461282552275759,0.25438288917990315,-0.06519230870425674,0.17120712210098676,-2.4802943220829694,0.8116265319029959,0.06893922470519215,0,0.004022400000000001,1,Shared Control,0.01,Good Visuals,0.18788999708368523,0.03411993676017352,0.0,5.408956761288789,0.998704111074115,-0.9396031976962704,0.2888683990868777,0.00990620604771625,-2.768920024425371,0.002257425938218623,29.627834388249465,1.003759268874348,0.37027069535189117,-0.003739869543397366
7357,29.745570300000004,0.7469136533909733,0.2407654382452846,-0.06471287851202268,0.17182621354009245,-2.511508433290568,0.8118372000176799,0.05702421353179425,0,0.0033446,1,Shared Control,0.01,Good Visuals,0.1816586856173535,0.03398606863782845,0.0,5.409306693105665,0.99871140929953,-0.9495734626849965,0.2788981340981516,0.008484722361153971,-2.7901340428516566,0.0022243574502389496,29.62972930464811,1.0037398695433974,0.36883718997136317,-0.0037251963241265
7358,29.749122200000002,0.7475419719216913,0.22815187529909758,-0.06429522809598864,0.17112766176730332,-2.536348418837771,0.8120171604669535,0.04429476954233122,0,0.0035519,1,Shared Control,0.01,Good Visuals,0.17846318795583213,0.03379589102570079,0.0,5.409571395272155,0.9987169303971588,-0.9590863987025611,0.26938519808058703,0.01274089823572898,-2.7928295512784223,0.0021993363308610565,29.631162810028638,1.0037251963241265,0.36678473299095293,-0.0037043510492823077
7359,29.752628,0.7483273700850887,0.21593071630361382,-0.06368979038186484,0.1716359467612826,-2.563828737204992,0.8121503143876472,0.03165486244488028,0,0.0035058000000000003,1,Shared Control,0.01,Good Visuals,0.1769244530954268,0.033516993047997316,0.0,5.4099489072964335,0.9987248357266864,-0.9689607155611726,0.25951088122197546,0.01793057362607896,-2.7647534253427284,0.002172914522204608,29.633215267009046,1.0037043510492822,0.36377382865473,-0.003673781178656233
7360,29.7575005,0.7495840071465245,0.1979428965136843,-0.06256630724112267,0.16628803406880402,-2.600700541306814,0.8122615122381592,0.013964554446013966,0,0.0048725,1,Shared Control,0.01,Good Visuals,0.16721686874595557,0.032903569812431255,0.0,5.411139991642993,0.9987497667100128,-0.9884601940871169,0.2400114026960312,0.01988142471074262,-2.798746079066648,0.002097784112936543,29.639688188238228,1.0036385544739024,0.35717428986612937,-0.003606544158493183
7361,29.7630633,0.750055246044563,0.18679812139484975,-0.06220626619359626,0.17283356694883578,-2.6283699013831696,0.8122826269297019,-0.006403254304278738,0,0.0055628000000000006,1,Shared Control,0.01,Good Visuals,0.1725090912334737,0.03246930570683747,0.0,5.411718396407101,0.9987618507165096,-0.9974305949384787,0.2310410018446694,0.02989744210875577,-2.622004224062251,0.0020586548582143026,29.64282571013387,1.0036065441584932,0.35248373383760084,-0.003558944682746305
7362,29.7665327,0.750683564575281,0.17456921985870394,-0.06159906235442092,0.18097247416298268,-2.65677851187659,0.8122382384645284,-0.019196760355933068,0,0.0034694,1,Shared Control,0.01,Good Visuals,0.1640737457076399,0.03205037718803565,0.0,5.4125807879080465,0.9987799165796005,-1.0071447781075278,0.22132681867562037,0.027816013165580387,-2.716950038890484,0.0020197942739207855,29.6475162661624,1.0035589446827462,0.34797773830423145,-0.0035130261331505074
7363,29.770281400000002,0.7511548034733195,0.16465460658116043,-0.06108343499120883,0.1838513669370935,-2.675775225054346,0.8121402466742192,-0.03309679682175898,0,0.0037487,1,Shared Control,0.01,Good Visuals,0.15270622773442827,0.031716506099101184,0.0,5.413410988791311,0.9987972709675641,-1.0169921347607593,0.2114794620223888,0.02332032730874669,-2.8612728536818843,0.0019742731828885176,29.65202226169577,1.0035130261331504,0.34439490204501627,-0.0034764306867490834
7364,29.7744,0.7514689627386785,0.15178033114485995,-0.060671283935540776,0.18487712796661893,-2.7080824392896816,0.8119723320448564,-0.048458416770701396,0,0.0041186,1,Shared Control,0.01,Good Visuals,0.14707732664025425,0.03133775340419457,0.0,5.414071869766621,0.9988110695810017,-1.0284893867288982,0.19998221005425001,0.023067775913285824,-2.8857839833685874,0.0019373531384527256,29.655605097954982,1.0034764306867492,0.3403117531230881,-0.003434915789517084
7365,29.777470900000004,0.7517831220040375,0.1313101213808186,-0.0601892100408189,0.17976853815152,-2.763235690942775,0.8118058548515176,-0.05997247518186677,0,0.0030709,1,Shared Control,0.01,Good Visuals,0.14386405309347355,0.030937516190699725,0.0,5.414823307532719,0.9988267953403624,-1.0387167038033425,0.1897548929798058,0.027339052946008847,-2.8587089318102086,0.0019013017346878483,29.65968824687691,1.003434915789517,0.3359994974011932,-0.003391045984733894
7366,29.781123700000002,0.752254360902076,0.11358309750236219,-0.05955149394944159,0.17355557268422894,-2.8001637469231277,0.8115616749764855,-0.07373392927758873,0,0.0036528000000000003,1,Shared Control,0.01,Good Visuals,0.1464010991482682,0.030332104501136627,0.0,5.4156171408844465,0.9988434032530215,-1.0485591144983482,0.1799124822848,0.0420867817076365,-2.7827789010166515,0.001862104660143261,29.664000502598807,1.003391045984734,0.3294541666743755,-0.003324687106201135
7367,29.784621900000005,0.7527255998001144,0.10870576341283356,-0.05883607517637102,0.1824396926904223,-2.795923565600689,0.8112805913879325,-0.08697848426569688,0,0.0034982000000000004,1,Shared Control,0.01,Good Visuals,0.14922050854474284,0.029566464839008082,0.0,5.4168199835067865,0.9988686116330568,-1.0578728507389095,0.1705987460442387,0.05488315720721848,-2.692453816073456,0.001806322137673268,29.670545833325626,1.0033246871062012,0.3211866110062558,-0.003240765718135906
7368,29.788156200000003,0.7527255998001144,0.10472724297095812,-0.05855499158781807,0.191705727236655,-2.805112038304092,0.8109494427123328,-0.10042345741089814,0,0.0035343,1,Shared Control,0.01,Good Visuals,0.13655478272282054,0.02896397685758883,0.0,5.418340249196841,0.9989004521034737,-1.067595898582005,0.1608756982011431,0.044075202690454056,-2.8256459875314093,0.0017395747479674098,29.678813388993746,1.003240765718136,0.31471227512396566,-0.0031747273058196526
7369,29.7921537,0.7530397590654733,0.08930972247865065,-0.057909683646859555,0.1897331798895488,-2.8583863594545478,0.8105174804053333,-0.1157059584481189,0,0.0039975,1,Shared Control,0.01,Good Visuals,0.1258410311651427,0.028401650717058077,0.0,5.4195336726629995,0.9989253853179635,-1.0792514877325028,0.14922010905064545,0.0356438029091131,-2.911277138200038,0.0016959854212458712,29.685287724876034,1.0031747273058196,0.30865405860407275,-0.003113091013196687
7370,29.795573600000004,0.7533539183308323,0.07534803777931234,-0.05716356207450102,0.19105399622743124,-2.8942720553945613,0.8100993311315182,-0.12884234624766822,0,0.0034199,1,Shared Control,0.01,Good Visuals,0.12437435019740709,0.027785672991309,0.0,5.420648963395405,0.9989487160012449,-1.0895047187577147,0.13896687802543345,0.04407530743173485,-2.8613934153467486,0.001644730608073435,29.691345941395927,1.0031130910131967,0.3020048026187457,-0.003045573996616835
7371,29.799152300000003,0.7533539183308323,0.06637533811231108,-0.0567454128006859,0.1952176843599793,-2.916871641436187,0.8096135570611614,-0.14264845684698652,0,0.0035787,1,Shared Control,0.01,Good Visuals,0.11907547222343301,0.02716238143357579,0.0,5.421871861295115,0.9989743226962008,-1.0994579154896496,0.12901368129349866,0.04706942155143808,-2.8926143543650724,0.0015883280428204785,29.697995197381253,1.0030455739966169,0.29527969812608196,-0.00297725531449829
7372,29.802651000000004,0.7533539183308323,0.05067594450971241,-0.05625963873032913,0.19332440135669893,-2.9722419927487245,0.8090907767164833,-0.156203532929811,0,0.0034987000000000004,1,Shared Control,0.01,Good Visuals,0.11271404886977926,0.02653861029697638,0.0,5.423108996841003,0.9990002210017902,-1.1098312045814223,0.11864039220172588,0.04604270204386085,-2.9207368768365756,0.0015413405470979446,29.70472030187392,1.0029772553144982,0.2885478503668746,-0.002908884065975301
7373,29.807565700000005,0.7536680775961913,0.032823759668029764,-0.055422699120292074,0.1890272925978408,-3.0136064315941278,0.8082761072221943,-0.17533794198972757,0,0.0049147,1,Shared Control,0.01,Good Visuals,0.10817050747894502,0.025015734322663536,0.0,5.425824451841494,0.9990571012727378,-1.1299487031410511,0.09852289364209704,0.06037470142760939,-2.880049474944118,0.001429636877727764,29.719490901351655,1.002827393827379,0.2720877529010588,-0.002741962376913084
7374,29.8130089,0.7536680775961913,0.028440522198185655,-0.054608029626003085,0.20377846418791323,-3.0284906659987976,0.8072637551514601,-0.196652528339587,0,0.0054432000000000005,1,Shared Control,0.01,Good Visuals,0.11194444705114934,0.02416870101363791,0.0,5.427372552846794,0.9990895302129893,-1.1392262207621788,0.08924537602096937,0.06591181884497742,-2.6961690267735174,0.0013864395166381445,29.727912247098942,1.0027419623769132,0.26292921514744444,-0.0026491194711089436
7375,29.8165525,0.7533539183308323,0.01303613888781304,-0.05390983682062778,0.20968866722740004,-3.0781096955342293,0.80654220886258,-0.21059515875676701,0,0.0035436,1,Shared Control,0.01,Good Visuals,0.09286991049157264,0.02351876569152848,0.0,5.429055566423126,0.9991247972755826,-1.1497569261441258,0.07871467063902232,0.0496210032779407,-2.9423597043719023,0.0013198051409747497,29.737070784852556,1.002649119471109,0.2559225039256409,-0.002577880379037342
7376,29.8201503,0.7533539183308323,-0.008682486477485672,-0.05318829053174767,0.20191267227928134,-3.1337915020519493,0.8057589869848325,-0.22480270811461125,0,0.0035978000000000004,1,Shared Control,0.01,Good Visuals,0.08323821151300381,0.022908579895465762,0.0,5.430345059929171,0.9991517773360292,-1.1601224413922895,0.06834915539085856,0.049861361284324106,-3.053260846612199,0.0012678928206528795,29.744077496074357,1.0025778803790373,0.24932779036349736,-0.002510998213031328
7377,29.824460800000004,0.7533539183308323,-0.021226374743504063,-0.052405068654000186,0.2035763333711072,-3.1472147516563265,0.8047531713138676,-0.24189073449194906,0,0.0043105,1,Shared Control,0.01,Good Visuals,0.08714871008896205,0.021953297490085098,0.0,5.431557206290129,0.9991771708115155,-1.171941888240128,0.05652970854301992,0.066867236662625,-2.9516149355305767,0.0012184682031497866,29.7506722096365,1.0025109982130314,0.23896312963889363,-0.002406290176837173
7378,29.8276221,0.7530397590654733,-0.026569663789683128,-0.05171341224839432,0.21532107070226594,-3.1461240096835748,0.8039686129475099,-0.2544670852131809,0,0.0031613,1,Shared Control,0.01,Good Visuals,0.08132382072216421,0.021099985023545875,0.0,5.4334585859181495,0.9992170805568374,-1.1825964401570697,0.045875156626078266,0.06753799082733403,-2.962560315021036,0.0011504640621495996,29.761036870361107,1.0024062901768371,0.22973699894585325,-0.0023127590156558795
7379,29.831189600000002,0.7527255998001144,-0.03959166933516474,-0.05124301314739543,0.21487541587801617,-3.180390938832525,0.8030354226440014,-0.26870242905065966,0,0.0035675000000000004,1,Shared Control,0.01,Good Visuals,0.06591022177552477,0.02045678942077411,0.0,5.435154060603569,0.9992526049227829,-1.1932843831011615,0.03518721368198651,0.05453636337328088,-3.127141127067633,0.001091152223957574,29.770263001054147,1.002312759015656,0.222790084407871,-0.002242258660917209
7380,29.834597100000003,0.7527255998001144,-0.05257776576586597,-0.050309822843886964,0.21612466328479368,-3.2009679019023567,0.8020965946969951,-0.28234032026976363,0,0.0034075000000000004,1,Shared Control,0.01,Good Visuals,0.06385855772643334,0.01971624744389232,0.0,5.43643137104445,0.9992793527241214,-1.2043436024985004,0.0241279942846477,0.060412724308578934,-3.0856336032306046,0.0010482675292422276,29.777209915592127,1.0022422586609172,0.2147607826597711,-0.0021610882178295125
7381,29.8381964,0.752254360902076,-0.059193083801470175,-0.049842233794919144,0.22314723646829346,-3.198127611395463,0.8010543798227112,-0.2967875307660476,0,0.0035993,1,Shared Control,0.01,Good Visuals,0.05760443403421617,0.019009087917869354,0.0,5.437904841249749,0.9993102679187369,-1.2150655019917007,0.013406094791447356,0.06124857398839144,-3.116921856216851,0.0009919209160484618,29.78523921734023,1.0021610882178296,0.20710056785611702,-0.002083576808817066
7382,29.842153100000004,0.7520972812693965,-0.06709583092038142,-0.04895709855331476,0.22969169984566618,-3.2113136521628816,0.79984858352436,-0.31271643355597356,0,0.0039567000000000005,1,Shared Control,0.01,Good Visuals,0.04810751636422786,0.01828728809446384,0.0,5.439311237747103,0.9993397613175455,-1.2277179828595741,0.0007536139235740074,0.05468807822184287,-3.178456268463674,0.0009474554042306171,29.792899432143884,1.002083576808817,0.19927492818612186,-0.0020044606839848887
7383,29.845528,0.751626042371358,-0.07571278332296544,-0.04822254115300195,0.23700365023300812,-3.2269947637932317,0.7987702167269802,-0.32634021629015214,0,0.0033749,1,Shared Control,0.01,Good Visuals,0.03681623657162705,0.017733058881876373,0.0,5.440747379016543,0.9993698911228024,-1.2393488970417048,-0.010877300258556741,0.04774604965594408,-3.2543128657332816,0.0008952925655135258,29.80072507181388,1.0020044606839849,0.19327664864433788,-0.0019437118916648404
7384,29.849125700000002,0.7514689627386785,-0.08237333372943552,-0.04730125398830176,0.24396688256071664,-3.2311680166922248,0.7975699641326515,-0.3408990364848814,0,0.0035977,1,Shared Control,0.01,Good Visuals,0.02556000880712525,0.01727962233428004,0.0,5.4418491424164035,0.9993929847857257,-1.2508506586708519,-0.022379061887703843,0.0413620760684615,-3.345869684997411,0.0008551331616998902,29.80672335135566,1.0019437118916648,0.1883647813101777,-0.0018940109339479962
7385,29.852668200000004,0.75099772384064,-0.08690247538785335,-0.04657224029201146,0.25399656109702806,-3.222960678012376,0.796336887090058,-0.3552684776254635,0,0.0035425,1,Shared Control,0.01,Good Visuals,0.013625540338815662,0.0169171595932386,0.0,5.44275094571548,0.9994118955012715,-1.2630819032139289,-0.03461030643078085,0.03271409620805552,-3.4426087261327383,0.0008173478048557119,29.811635218689823,1.001894010933948,0.18443796303854135,-0.0018542815705741614
7386,29.857503100000002,0.750055246044563,-0.10784665323548437,-0.04628164104549504,0.24742182438997912,-3.2359510685358885,0.7945716888493691,-0.3749311345525789,0,0.0048349000000000005,1,Shared Control,0.01,Good Visuals,-0.0105889894088875,0.01653087404719852,0.0,5.443917808448368,0.999436355929524,-1.2896269338139998,-0.06115533703085181,0.014157493652282525,-3.610606401979802,0.0007647001184150848,29.81798867327499,1.001829680622963,0.18025870902628627,-0.0018119410012218701
7387,29.863486200000004,0.7491127682484862,-0.13244133644151163,-0.04545892060088297,0.2424897981110673,-3.247732323139361,0.7922554641185051,-0.3993375757689873,0,0.005983100000000001,1,Shared Control,0.01,Good Visuals,-0.00994930870407687,0.015962332536908003,0.0,5.444907458037573,0.9994571440210602,-1.3094524403410985,-0.0809808435579506,0.026962576366262914,-3.405589906932674,0.0007286188640481523,29.823388274700427,1.0017752316525663,0.17408164301579124,-0.0017496234449661818
7388,29.869418500000002,0.7487986089831272,-0.14085170715072529,-0.04345685513537789,0.25848586861826206,-3.2395790043764725,0.7898145147436261,-0.42360880225690684,0,0.005932300000000001,1,Shared Control,0.01,Good Visuals,0.0051802122808346784,0.015518407383777001,0.0,5.445372042233073,0.9994668844513551,-1.3188074544511867,-0.09033585766803878,0.0483825315355132,-3.058293540190323,0.0007256304074001917,29.825918356984207,1.001749623444966,0.169247824382934,-0.0017009650265343943
7389,29.874158,0.7473848922890117,-0.15652686897814502,-0.042429622454614346,0.26708193327876184,-3.2114204152412245,0.7877607770284033,-0.4430447720066104,0,0.004739500000000001,1,Shared Control,0.01,Good Visuals,-0.05046730165429428,0.01528420111113397,0.0,5.446778386515513,0.999496415013004,-1.344142285172314,-0.11567068838916598,-0.003171170654173635,-3.8401650594335717,0.000637728663833254,29.833588971254986,1.0016722235834716,0.16673291933816742,-0.0016752937917930485
7390,29.879381800000004,0.7469136533909733,-0.16964371346263674,-0.04084712363743004,0.2734010585439737,-3.201404589552454,0.7853903607817235,-0.4645064064768507,0,0.005223800000000001,1,Shared Control,0.01,Good Visuals,-0.03584478866198812,0.01514469663085211,0.0,5.44672098814541,0.9994951756096536,-1.3547362829359815,-0.12626468615283354,0.016469026836302563,-3.4614120641924973,0.0006485028826658114,29.833267080661834,1.001675293791793,0.1652072358327551,-0.001660002774091556
7391,29.882748300000003,0.7462853348602553,-0.1750684283797591,-0.03910502592146825,0.2894379780970916,-3.1569106610991895,0.7838032908651693,-0.4783563350222725,0,0.0033665,1,Shared Control,0.01,Good Visuals,-0.05077037201070436,0.015079613995051418,0.0,5.446999765574747,0.9995010492771619,-1.3676594793380497,-0.13918788255490167,0.006937683806123768,-3.659303545720958,0.0006186172957317863,29.834792764167243,1.0016600027740916,0.16450470255024524,-0.0016528690982836004
7392,29.886148900000002,0.7456570163295374,-0.17681246789569605,-0.03814627453563191,0.30154386712657644,-3.1065105062167393,0.7821527864103661,-0.4923593110518561,0,0.0034006,1,Shared Control,0.01,Good Visuals,-0.07628422576189905,0.015239816091657383,0.0,5.447128977061134,0.9995037538246351,-1.3813081709596766,-0.15283657417652866,-0.01851316788617293,-3.9781665515249647,0.0005896886961622211,29.835495297449754,1.0016528690982835,0.16625873967040652,-0.0016704287715648355
7393,29.890888000000004,0.7442432996354219,-0.18858252087865224,-0.03790948677494421,0.30377679017320386,-3.0244552799994513,0.7797731708373621,-0.5118916422018687,0,0.0047391,1,Shared Control,0.01,Good Visuals,-0.10588029368500751,0.016028538857528505,0.0,5.446072648870453,0.9994815211000474,-1.4125606234209827,-0.18408902663783486,-0.0493207954042428,-4.147026517217615,0.0005843651919439838,29.82972034328609,1.0017108701896489,0.17484208820459385,-0.00175688028731643
7394,29.896983900000002,0.7431437422066655,-0.1955482033598122,-0.036629428630696625,0.31634343884205646,-2.980194248191576,0.7765760947848684,-0.537038397247978,0,0.0060959000000000005,1,Shared Control,0.01,Good Visuals,-0.09718783494122435,0.016364676105765794,0.0,5.4452364085565215,0.999463956363261,-1.425693507903953,-0.19722191112080514,-0.04030143433054526,-3.82036434808305,0.0006076336818411562,29.825157911795404,1.0017568802873165,0.17848686291474836,-0.0017937241263282124
7395,29.9005675,0.7422012644105886,-0.21550896321429386,-0.0343748303742798,0.3215294340336841,-2.9892803286752296,0.7746250635194751,-0.5518288811932875,0,0.0035836,1,Shared Control,0.01,Good Visuals,-0.11673802700352992,0.016856005599092682,0.0,5.444567564794988,0.9994499244254923,-1.4401219596555577,-0.21165036287240985,-0.05901489645999872,-4.034463482259515,0.0005994287354806145,29.82151313708525,1.0017937241263282,0.1838314476384021,-0.0018475785112522466
7396,29.904128900000003,0.7415729458798707,-0.2351067503391287,-0.03305211763960447,0.31672213085415885,-2.9860225866742343,0.7726336017574555,-0.5665302815266046,0,0.0035614,1,Shared Control,0.01,Good Visuals,-0.13422352608672108,0.01735623981940489,0.0,5.443588360685237,0.9994293479800517,-1.454726420095002,-0.22625482331185431,-0.06705647514308867,-4.264823163019643,0.0005794223332567215,29.8161685523616,1.0018475785112522,0.18926168919301692,-0.0019024089389362293
7397,29.908174600000002,0.7403163088184347,-0.23928536017225227,-0.03231729293902086,0.3272449213543523,-2.9256777023646103,0.7703078067921495,-0.5832309168613888,0,0.0040457,1,Shared Control,0.01,Good Visuals,-0.1366455657329661,0.017995246517799005,0.0,5.442592436667188,0.9994084415902924,-1.475765564610501,-0.2472939678273533,-0.060988258431326686,-4.21812111862925,0.000573660480292158,29.810738310806983,1.0019024089389363,0.19620541408470524,-0.0019724501499193796
7398,29.912510000000005,0.7390596717569988,-0.24636089060369606,-0.03124813503515067,0.3368700262576928,-2.8887531480793007,0.7677404792323854,-0.6011236493083612,0,0.0043354000000000005,1,Shared Control,0.01,Good Visuals,-0.1511938694032248,0.01855974736003692,0.0,5.441319583642908,0.9993817077714415,-1.490954205686358,-0.2624826089032103,-0.07681701245504005,-4.219418583731141,0.0005815576532256055,29.803794585915295,1.0019724501499194,0.20232349777733571,-0.0020343248105304736
7399,29.9161924,0.7382742735936013,-0.2623204004429548,-0.029466205638784104,0.33880324886540636,-2.874880147795689,0.7654989287640797,-0.6163151082390075,0,0.0036824,1,Shared Control,0.01,Good Visuals,-0.16665780880252373,0.01917361380230118,0.0,5.440196609764239,0.9993581525257998,-1.5058393716128697,-0.2773677748297221,-0.09103592466676984,-4.332624847628296,0.0005799574917247147,29.797676502222664,1.0020343248105306,0.2089840850746552,-0.0021016104103624626
7400,29.919636500000003,0.7368605568994859,-0.2792757614734254,-0.028638371864593726,0.33703934676558206,-2.8551042802258464,0.7633518212320232,-0.6305157321862211,0,0.0034441000000000003,1,Shared Control,0.01,Good Visuals,-0.17831115203010306,0.01980919309239272,0.0,5.438974748269912,0.9993325080577432,-1.5216356227269037,-0.293164025943756,-0.09645839977985236,-4.432169223915246,0.0005649736471372357,29.791015914925346,1.0021016104103624,0.21587580615722524,-0.0021712759448016122
7401,29.924229000000004,0.734661442041973,-0.31157915875210046,-0.02869037919005013,0.3189365734341207,-2.8417395157809215,0.7604127248173803,-0.649435817228935,0,0.0045925,1,Shared Control,0.01,Good Visuals,-0.18183511197441427,0.020980340474013617,0.0,5.436384546965328,0.9992781644754286,-1.553487704435196,-0.32501610765204847,-0.08539287758995211,-4.2483478337326215,0.0005649343038638447,29.776901708512387,1.0022443032927097,0.22855457217240321,-0.002299644835228925
7402,29.930387500000002,0.7321481679191013,-0.32604455624733364,-0.028264556898279003,0.3233912609816013,-2.8180048589176296,0.7563351371307783,-0.6747708521703528,0,0.006158500000000001,1,Shared Control,0.01,Good Visuals,-0.1881241154691014,0.021832235681716283,0.0,5.434706557372467,0.9992430274958134,-1.579527134740497,-0.35105553795734945,-0.0861889922019267,-4.10944394432804,0.0005691226587199033,29.76777600968274,1.0023369227233125,0.2377802353579113,-0.0023930206513638544
7403,29.937072900000004,0.7310486104903448,-0.3445746560183911,-0.025286526640433515,0.3301961961519617,-2.8449694007920034,0.7517322563759433,-0.7022120330574947,0,0.0066854,1,Shared Control,0.01,Good Visuals,-0.169558772332348,0.02222020236470585,0.0,5.433687575588052,0.9992216332599432,-1.5920309548355938,-0.3635593580524461,-0.06290550618837093,-3.6288185550386443,0.0006170784676425069,29.76221976464209,1.0023930206513638,0.2419690124254373,-0.0024355454893131203
7404,29.941391200000005,0.7293207345308704,-0.35562461992914696,-0.02241152184507289,0.34658741312834773,-2.8313910022714706,0.7486617001190236,-0.7198954461059786,0,0.004318300000000001,1,Shared Control,0.01,Good Visuals,-0.1925542497805312,0.022831015690416435,0.0,5.43291725923676,0.9992055045953697,-1.6119499152601644,-0.3834783184770167,-0.07666797638113301,-3.988099232084764,0.0005618717390509583,29.758030987574564,1.002435545489313,0.24859929365819347,-0.0025024964385362354
7405,29.9454841,0.727592858571396,-0.365030539286042,-0.02106884154762756,0.35486490681993654,-2.8203271675094777,0.7456810002514221,-0.7366207226521917,0,0.0040929,1,Shared Control,0.01,Good Visuals,-0.22457051182867144,0.02335496291439135,0.0,5.431701224714737,0.9991799741268517,-1.6275597353875535,-0.3990881386044059,-0.10468641112209352,-4.366261119238398,0.0005116778068909698,29.751400706341805,1.0025024964385363,0.25425981562326616,-0.002559926036928065
7406,29.949133600000003,0.7261791418772807,-0.3867324168881099,-0.019501858374141423,0.3498883057640818,-2.8575192352515653,0.7429655386668883,-0.7515019912824417,0,0.0036495000000000004,1,Shared Control,0.01,Good Visuals,-0.24014844625071,0.023880051328741284,0.0,5.430660588829973,0.9991581778911329,-1.6429856133597598,-0.41451401657661213,-0.11679214142587611,-4.492494385708197,0.0004920620129940293,29.745740184376732,1.002559926036928,0.2599391640719276,-0.002617480720637512
7407,29.952671800000005,0.7246083455504857,-0.4091371116589978,-0.018357193116402604,0.34236487962344386,-2.8850036008499673,0.7402810971722495,-0.7658977715159907,0,0.0035382,1,Shared Control,0.01,Good Visuals,-0.24369848673854055,0.02435530977227139,0.0,5.429617092044445,0.9991363087428344,-1.658992772061176,-0.43052117527802813,-0.10937464132387298,-4.478905034112876,0.00046570537898034023,29.740060835928073,1.0026174807206376,0.265073193557227,-0.0026695735656710167
7408,29.957529,0.7213096732642165,-0.43542674971223716,-0.01897142390803308,0.33047102180375354,-2.9002038166153947,0.7365130913531763,-0.785604621323252,0,0.0048572,1,Shared Control,0.01,Good Visuals,-0.24748593446108352,0.025153240342645926,0.0,5.42787286070309,0.9990997840167123,-1.6913138093493,-0.4628422125661524,-0.09579741932775641,-4.348335686927916,0.00042692409122289845,29.730575589413487,1.002713765201292,0.2736898667289147,-0.002757034344360755
7409,29.9634061,0.7192676380393831,-0.4514851600324629,-0.017245453313793235,0.3341194612907891,-2.933675722670116,0.7318261700219683,-0.8093547905219245,0,0.0058771000000000006,1,Shared Control,0.01,Good Visuals,-0.22720849699885065,0.025455801196376006,0.0,5.4270887589426815,0.9990833587440535,-1.704992586566308,-0.4765209897831604,-0.07056801759798076,-3.818434306732541,0.00047719278520097513,29.726310133271085,1.0027570343443608,0.2769497828600132,-0.0027901978912290544
7410,29.9671126,0.7176968417125882,-0.47455704651382036,-0.014129328309380074,0.33479774400810414,-2.9877860156845393,0.7287986311589367,-0.8242749295789196,0,0.0037065,1,Shared Control,0.01,Good Visuals,-0.24022674282744721,0.02573695589280643,0.0,5.426488642298494,0.9990708056227716,-1.7186527244861143,-0.4901811277029666,-0.07525387342027846,-3.9694702350292697,0.0004389968310973044,29.72305021713999,1.002790197891229,0.279984988577931,-0.002821015119688593
7411,29.970581800000005,0.7156548064877548,-0.4945875941569451,-0.013143824671181914,0.3296873354219745,-3.024733159736678,0.7259148968157964,-0.8381957514347641,0,0.0034692000000000004,1,Shared Control,0.01,Good Visuals,-0.25781798612612195,0.025994166937102374,0.0,5.425930440630995,0.999059117607316,-1.7338622347281776,-0.5053906379450299,-0.08088914661699628,-4.253218747780578,0.0003636458994934962,29.72001501142207,1.0028210151196886,0.282760780040489,-0.002849207896174353
7412,29.974877900000003,0.7129844527322036,-0.5135219229776473,-0.012930444083592785,0.3246738284571168,-3.070170227846605,0.7222770034214884,-0.8553717852781303,0,0.004296100000000001,1,Shared Control,0.01,Good Visuals,-0.2580628469102116,0.026287607301624275,0.0,5.425419862163442,0.9990484284889586,-1.754607729653806,-0.5261361328706584,-0.0712424419924013,-4.1791049587293845,0.0003416627726947074,29.71723921995951,1.0028492078961744,0.2859336518636145,-0.0028813717506912186
7413,29.979019900000004,0.7114136564054085,-0.5245333834049644,-0.010863347016079827,0.33083840187316593,-3.0950186581623242,0.7186998783980779,-0.871861697618866,0,0.004142,1,Shared Control,0.01,Good Visuals,-0.2542153620894333,0.026450013595558042,0.0,5.42483680757225,0.9990362100750728,-1.7682495974658972,-0.5397780006827495,-0.05740445928677918,-3.9476423914376433,0.0003399104363050981,29.714066348136384,1.0028813717506913,0.2876736178471446,-0.0028991730249611023
7414,29.982795200000005,0.7092145415478958,-0.526872680001796,-0.009485336850182158,0.34498901761707,-3.0976934741376185,0.7153800678247517,-0.8868281919384596,0,0.0037753,1,Shared Control,0.01,Good Visuals,-0.2715889312579333,0.026618512938987753,0.0,5.424515587595855,0.9990295099020344,-1.7830117893327542,-0.5545401925496064,-0.0691362556713742,-4.151114073127751,0.0002873356762685763,29.712326382152856,1.002899173024961,0.28949362194340506,-0.00291764215539955
7415,29.986215300000005,0.7074866655884213,-0.5334552734252617,-0.007893402236330394,0.35337291851319796,-3.1202040575986794,0.7123239201705017,-0.9003314567601135,0,0.0034201,1,Shared Control,0.01,Good Visuals,-0.29320160770288034,0.026802040885769464,0.0,5.424180962668957,0.9990225012110281,-1.7980833658747775,-0.5696117690916297,-0.08940971921609274,-4.356324693477252,0.0002524855616772311,29.710506378056596,1.0029176421553996,0.291476589262174,-0.002937758563684701
7416,29.990843600000005,0.7034025951387547,-0.5617379041310872,-0.00892132503174703,0.33859355262902635,-3.1680803279439953,0.7081147918462564,-0.918517107816981,0,0.0046283,1,Shared Control,0.01,Good Visuals,-0.31342677275442576,0.027136700998219715,0.0,5.423442752883693,0.9990070394487899,-1.829239037133722,-0.6007674403505743,-0.09878558248248555,-4.418141445213135,0.00019839252560624893,29.706491324660046,1.002958386853064,0.2950850892729996,-0.0029744404945669274
7417,29.996433500000002,0.7007322413832032,-0.5776051779503278,-0.007382550463053139,0.3409119298666532,-3.17559362705579,0.7029193083607619,-0.9403385617865795,0,0.0055899,1,Shared Control,0.01,Good Visuals,-0.2898735818356515,0.02727368293870409,0.0,5.423152402459326,0.9990009688261666,-1.8431258302248905,-0.6146542334417429,-0.0685450764664517,-3.8929112724738166,0.00024209532989445215,29.704914910727002,1.0029744404945669,0.296562532086935,-0.002989455017917714
